0.000000000000000000e+00 0.000000000000000000e+00 0.000000000000000000e+00
0.000000000000000000e+00 0.000000000000000000e+00 0.000000000000000000e+00
0.000000000000000000e+00 0.000000000000000000e+00 0.000000000000000000e+00
0.000000000000000000e+00 0.000000000000000000e+00 0.000000000000000000e+00
-1.867442821499858496e+01 -1.887988295647591386e+01 -1.869208623850680340e+01
-1.874959163398236228e+01 -1.914665804938744387e+01 -1.877155259868129988e+01
-1.883124349125073138e+01 -1.880619671902408641e+01 -1.878175295263317324e+01
-1.888994034275948763e+01 -1.893527437540688751e+01 -1.885506487248720120e+01
-1.907962677208321978e+01 -1.881461325083156666e+01 -1.885414321927021319e+01
-1.914342945903718984e+01 -1.915035841679826945e+01 -1.875267633886774377e+01
-1.887371874955803719e+01 -1.884714652224818465e+01 -1.877728653151554994e+01
-1.870737450179647610e+01 -1.877182647585531683e+01 -1.875238158500083685e+01
-1.855223026020512833e+01 -1.855765203187160139e+01 -1.856751163866340804e+01
-1.469229371557626962e+01 0.000000000000000000e+00 -1.806190302010811521e+01
0.000000000000000000e+00 0.000000000000000000e+00 0.000000000000000000e+00
0.000000000000000000e+00 0.000000000000000000e+00 0.000000000000000000e+00
0.000000000000000000e+00 0.000000000000000000e+00 0.000000000000000000e+00
0.000000000000000000e+00 0.000000000000000000e+00 0.000000000000000000e+00
0.000000000000000000e+00 0.000000000000000000e+00 0.000000000000000000e+00
0.000000000000000000e+00 0.000000000000000000e+00 0.000000000000000000e+00
0.000000000000000000e+00 0.000000000000000000e+00 0.000000000000000000e+00
-1.299679008488584131e+01 0.000000000000000000e+00 0.000000000000000000e+00
-1.523197396214209576e+01 0.000000000000000000e+00 0.000000000000000000e+00
-1.746538172447890602e+01 -1.404380148955204177e+01 -1.721619294701723746e+01
-1.887170926802821214e+01 -1.888731381325835201e+01 -1.881751176112861046e+01
-1.892734530666496440e+01 -1.890232761004658002e+01 -1.893403827062394384e+01
-1.898561569996171272e+01 -1.897725538930217937e+01 -1.893958462101927864e+01
-1.889093850633667770e+01 -1.947760407318048692e+01 -1.907474988139273009e+01
-1.900862393368744918e+01 -1.886185446689489709e+01 -1.940258864331784494e+01
-1.884783981863922264e+01 -1.887398663078638705e+01 -1.876182443620973217e+01
-1.883500027497551699e+01 -1.872245421979804902e+01 -1.871717841967745954e+01
-1.861036850226622263e+01 -1.872640459450346384e+01 -1.866400811452144737e+01
-1.862340063114515232e+01 -1.865530424142056987e+01 -1.858159729260048110e+01
-1.852050996778018543e+01 -1.853233311167811692e+01 -1.848896316072007551e+01
-1.259130357812001400e+01 0.000000000000000000e+00 0.000000000000000000e+00
0.000000000000000000e+00 0.000000000000000000e+00 0.000000000000000000e+00
0.000000000000000000e+00 0.000000000000000000e+00 -1.274320031291464517e+01
-1.512304338088537747e+01 0.000000000000000000e+00 0.000000000000000000e+00
0.000000000000000000e+00 0.000000000000000000e+00 0.000000000000000000e+00
0.000000000000000000e+00 0.000000000000000000e+00 0.000000000000000000e+00
0.000000000000000000e+00 0.000000000000000000e+00 0.000000000000000000e+00
0.000000000000000000e+00 0.000000000000000000e+00 0.000000000000000000e+00
0.000000000000000000e+00 0.000000000000000000e+00 0.000000000000000000e+00
-1.882661381338289175e+01 -1.889748765231064453e+01 -1.886003076125631495e+01
-1.896092493836304982e+01 -1.891557824702973889e+01 -1.902094722371624158e+01
-1.900540062884940795e+01 -1.906198188466194665e+01 -1.904260493771647944e+01
-1.905886567778608409e+01 -1.897230005526441943e+01 -1.906236426269924777e+01
-1.911133784572190919e+01 -1.910476042053846157e+01 -1.898409057287929613e+01
-1.937050911985366852e+01 -1.916401042971530799e+01 -1.892955402200599835e+01
-1.909801075441319185e+01 -1.901280621751369182e+01 -1.909661658497487835e+01
-1.912310340853026602e+01 -1.908910766347756294e+01 -1.898402789226417298e+01
-1.901576261718138383e+01 -1.903894692502502650e+01 -1.856190212925523753e+01
-1.890861751862765772e+01 -1.868343189987920994e+01 -1.844744485288942215e+01
-1.848436806105558361e+01 -1.841833679324072648e+01 -1.845670525686108476e+01
-1.833157024361014820e+01 -1.836921981322193531e+01 -1.840346251147051149e+01
-1.787472502939580465e+01 -1.459344999214855854e+01 -1.356437375514573773e+01
0.000000000000000000e+00 0.000000000000000000e+00 0.000000000000000000e+00
0.000000000000000000e+00 0.000000000000000000e+00 0.000000000000000000e+00
-1.577865635700496583e+01 0.000000000000000000e+00 0.000000000000000000e+00
0.000000000000000000e+00 0.000000000000000000e+00 0.000000000000000000e+00
0.000000000000000000e+00 0.000000000000000000e+00 0.000000000000000000e+00
0.000000000000000000e+00 0.000000000000000000e+00 0.000000000000000000e+00
-1.400138592014707228e+01 -1.384156956735727384e+01 -1.175608913379501708e+01
-1.909602811375902931e+01 -1.888164316331848269e+01 -1.898566795088083126e+01
-1.911348483215257588e+01 -1.909572612193487018e+01 -1.908931667678977817e+01
-1.905718827432511375e+01 -1.909326180269711770e+01 -1.912600735779792416e+01
-1.918185003131571520e+01 -1.921397653742397083e+01 -1.907864938298900270e+01
-1.916687180478160712e+01 -1.918036639252480668e+01 -1.908299386623810889e+01
-1.909738586096818835e+01 -1.917242397688888289e+01 -1.912586920238983978e+01
-1.913363564695098873e+01 -1.914894212398434092e+01 -1.909223570657844249e+01
-1.907578675700687043e+01 -1.907284383093203672e+01 -1.912168844446300042e+01
-1.910726638720167259e+01 -1.911871800836801327e+01 -1.895824143788581395e+01
-1.886359758434240774e+01 -1.904428476940211112e+01 -1.891891428425473620e+01
-1.849473278513238128e+01 -1.885901369607785583e+01 -1.822876191458237471e+01
-1.830223137517376486e+01 -1.831306944108084522e+01 -1.819618968966278061e+01
-1.823162473664822869e+01 -1.824721750864283365e+01 -1.821969272424428254e+01
0.000000000000000000e+00 0.000000000000000000e+00 0.000000000000000000e+00
0.000000000000000000e+00 0.000000000000000000e+00 0.000000000000000000e+00
0.000000000000000000e+00 0.000000000000000000e+00 0.000000000000000000e+00
0.000000000000000000e+00 0.000000000000000000e+00 0.000000000000000000e+00
0.000000000000000000e+00 0.000000000000000000e+00 0.000000000000000000e+00
0.000000000000000000e+00 0.000000000000000000e+00 0.000000000000000000e+00
-1.889216890501891299e+01 -1.841494226930418066e+01 -1.893005877804549897e+01
-1.912115986139084711e+01 -1.908166801711862703e+01 -1.911297110739562655e+01
-1.917168007745675595e+01 -1.916446906349143120e+01 -1.912384565234551914e+01
-1.912114569064835123e+01 -1.923038794558447151e+01 -1.917132708785507234e+01
-1.925987542510364037e+01 -1.926354657421882521e+01 -1.916172006893226865e+01
-1.929456469374618166e+01 -1.922542714291438060e+01 -1.929978889155083621e+01
-1.930391214120630750e+01 -1.927917973918335193e+01 -1.930252319455212273e+01
-1.923296726898832176e+01 -1.927920054792905091e+01 -1.913555587268813696e+01
-1.930587891703961390e+01 -1.931224761723141725e+01 -1.918159823164538835e+01
-1.921521606490326661e+01 -1.916994647130741924e+01 -1.923059605449654796e+01
-1.915116028063045661e+01 -1.900014216717063320e+01 -1.914577734996320757e+01
-1.896248146083364006e+01 -1.903156145133493737e+01 -1.893613926336906417e+01
-1.854641572903486235e+01 -1.851231379355231965e+01 -1.817824611212072838e+01
-1.832092244051854735e+01 -1.829246903496698096e+01 -1.833127164685545907e+01
-1.799436236218705432e+01 -1.790537456292533136e+01 -1.806587964960881365e+01
0.000000000000000000e+00 0.000000000000000000e+00 0.000000000000000000e+00
0.000000000000000000e+00 0.000000000000000000e+00 0.000000000000000000e+00
0.000000000000000000e+00 0.000000000000000000e+00 0.000000000000000000e+00
0.000000000000000000e+00 0.000000000000000000e+00 0.000000000000000000e+00
0.000000000000000000e+00 0.000000000000000000e+00 0.000000000000000000e+00
-1.403892406026951001e+01 -1.876430941486585269e+01 -1.808183508284596286e+01
-1.918067467516416968e+01 -1.919868883893175138e+01 -1.921099113071096909e+01
-1.921681600504978604e+01 -1.917750416822102721e+01 -1.922254685228703508e+01
-1.929095230338417721e+01 -1.922601143807574786e+01 -1.916223087147658433e+01
-1.934802794053081598e+01 -1.933626567654343376e+01 -1.928978951187257351e+01
-1.935111081507592345e+01 -1.940033380554556786e+01 -1.929243775120841420e+01
-1.948757219523179529e+01 -1.959437469423931688e+01 -1.942714668670675593e+01
-1.948672342618897702e+01 -1.958958977816048730e+01 -1.936379047162306932e+01
-1.970418037946734913e+01 -1.935591230191667478e+01 -1.924423612350663504e+01
-1.918553806593408240e+01 -1.940201483367117419e+01 -1.910292328968850484e+01
-1.925627556942343688e+01 -1.914759937807938073e+01 -1.906724023842834725e+01
-1.916869011149689328e+01 -1.916607907446137204e+01 -1.856630215672909046e+01
-1.821848874857791856e+01 -1.887119182563508346e+01 -1.851992555089115555e+01
-1.825902027950494144e+01 -1.827398362863069536e+01 -1.822825576567881711e+01
-1.832679942807358842e+01 -1.833299495602355478e+01 -1.836347186543747156e+01
0.000000000000000000e+00 0.000000000000000000e+00 0.000000000000000000e+00
0.000000000000000000e+00 0.000000000000000000e+00 0.000000000000000000e+00
0.000000000000000000e+00 0.000000000000000000e+00 0.000000000000000000e+00
0.000000000000000000e+00 0.000000000000000000e+00 0.000000000000000000e+00
-1.726210984109475177e+01 0.000000000000000000e+00 0.000000000000000000e+00
-1.465078938398508690e+01 -1.888889654690821018e+01 -1.882515606301862476e+01
-1.924129624060982735e+01 -1.924069058187819437e+01 -1.923731025387900573e+01
-1.919393601107502079e+01 -1.926642244756073552e+01 -1.935614735190720381e+01
-1.926748828551806980e+01 -1.958855055665874900e+01 -1.936756837572710310e+01
-1.938054683358146946e+01 -1.938132340822416921e+01 -1.934527363462274252e+01
-1.946789751171359484e+01 -1.938207899454312155e+01 -1.948812224849325503e+01
-1.949760723799524698e+01 -1.949394509894670335e+01 -1.956253280010295725e+01
-1.988182980921232001e+01 -1.988840389690115629e+01 -1.988279031548022502e+01
-1.990391584020989413e+01 -1.990150316960475152e+01 -1.978976358905018174e+01
-1.973421009662090242e+01 -1.974739413097231377e+01 -1.962334225896490025e+01
-1.967217931829319610e+01 -1.941719867789747767e+01 -1.887430655625011511e+01
-1.908857346689696044e+01 -1.940474991404116167e+01 -1.904274030584990740e+01
-1.882621481995198209e+01 -1.882589564106449842e+01 -1.870284865305909605e+01
-1.825639006563753597e+01 -1.834894896315620016e+01 -1.832520362112756018e+01
-1.837793259412797653e+01 -1.840793854429260179e+01 -1.837309575382263915e+01
-1.675549978360189840e+01 -1.627397643672673411e+01 -1.634898815351272816e+01
0.000000000000000000e+00 0.000000000000000000e+00 0.000000000000000000e+00
0.000000000000000000e+00 0.000000000000000000e+00 0.000000000000000000e+00
0.000000000000000000e+00 0.000000000000000000e+00 0.000000000000000000e+00
-1.462681434459777563e+01 0.000000000000000000e+00 0.000000000000000000e+00
-1.648161870240461369e+01 -1.845027757754979447e+01 -1.875354267961478527e+01
-1.925896136155619587e+01 -1.926922859616679418e+01 -1.927106262069956344e+01
-1.926442345181846605e+01 -1.930142101765967055e+01 -1.930203590237750433e+01
-1.934431131217309030e+01 -1.935119109960118067e+01 -1.938242883708418418e+01
-1.943088150162217786e+01 -1.935424929765700597e+01 -1.942997817886214662e+01
-1.939948844573681797e+01 -1.947368091046022798e+01 -1.946250144986627717e+01
-1.950041657690866970e+01 -1.954537015488379836e+01 -1.954668381859503157e+01
-1.987402610691199811e+01 -1.987783523154359244e+01 -1.987196138584348049e+01
-1.988813766393931459e+01 -1.992518579867729400e+01 -1.992299200765739897e+01
-1.977636089869440639e+01 -1.973613278771138013e+01 -1.961020426151651819e+01
-1.962158066328449735e+01 -1.963505587444020151e+01 -1.960549911830198511e+01
-1.930248333165811303e+01 -1.941644259595073052e+01 -1.892687879527416683e+01
-1.946040176328160953e+01 -1.889621060068214220e+01 -1.848601260375104971e+01
-1.836482889592670276e+01 -1.836816205807019386e+01 -1.839625458594418816e+01
-1.840681995380521130e+01 -1.840167131873648287e+01 -1.843976912289243941e+01
-1.645871450837891459e+01 -1.465095296266837899e+01 -1.754409177561408129e+01
0.000000000000000000e+00 0.000000000000000000e+00 0.000000000000000000e+00
0.000000000000000000e+00 0.000000000000000000e+00 0.000000000000000000e+00
0.000000000000000000e+00 0.000000000000000000e+00 0.000000000000000000e+00
0.000000000000000000e+00 0.000000000000000000e+00 0.000000000000000000e+00
-1.795098796744847292e+01 -1.816311723744668782e+01 -1.830050976946818864e+01
-1.928555172901873149e+01 -1.929134633051295111e+01 -1.929977729504150474e+01
-1.941936410794005141e+01 -1.934371003539550671e+01 -1.931780260985299691e+01
-1.932163641775609975e+01 -1.934390875729749837e+01 -1.940028511273718337e+01
-1.943019795847307307e+01 -1.945142183058849383e+01 -1.944911453311568295e+01
-1.946962513059141386e+01 -1.944237190765476342e+01 -1.946471499193412313e+01
-1.951372983994724208e+01 -1.952593477705593017e+01 -1.957302209898029233e+01
-1.955120935863277509e+01 -1.959323242023472744e+01 -1.964328228368886542e+01
-1.958428582494044790e+01 -1.962854278628769222e+01 -1.963232760849034975e+01
-1.962099793656028623e+01 -1.969315219913880810e+01 -1.968986649012087042e+01
-1.967853344063609811e+01 -1.954766973482561809e+01 -1.967341662832349769e+01
-1.955098110117548771e+01 -1.955440129700180663e+01 -1.951202922651529548e+01
-1.934790966864628814e+01 -1.905943778354991380e+01 -1.891468169442861580e+01
-1.843330189503448580e+01 -1.864750559301415578e+01 -1.843100889679827858e+01
-1.842029148231034341e+01 -1.841173773014443782e+01 -1.841020941021907831e+01
-1.798125938946774127e+01 -1.777695781198869440e+01 -1.242706670462425933e+01
-1.424992983275291003e+01 0.000000000000000000e+00 0.000000000000000000e+00
0.000000000000000000e+00 0.000000000000000000e+00 0.000000000000000000e+00
0.000000000000000000e+00 0.000000000000000000e+00 0.000000000000000000e+00
0.000000000000000000e+00 0.000000000000000000e+00 0.000000000000000000e+00
-1.375392582635624450e+01 -1.491704376348515915e+01 -1.333714721078239407e+01
-1.914327746887106940e+01 -1.896893171401791989e+01 -1.925595278859688975e+01
-1.934007417894613923e+01 -1.930837032006500209e+01 -1.936043491051490761e+01
-1.935275399326982182e+01 -1.937734632804763280e+01 -1.937641064404217417e+01
-1.940233892502869395e+01 -1.944198031035315921e+01 -1.946221771359751784e+01
-1.946283776534366083e+01 -1.950141534465520721e+01 -1.942042827268948102e+01
-1.947820873656788976e+01 -1.954208531204914578e+01 -1.954316572424551879e+01
-1.961786008250084024e+01 -1.953580372025238177e+01 -1.961430018786513330e+01
-1.962434584379614222e+01 -1.963376551020477478e+01 -1.959262545745624706e+01
-1.962855942051860225e+01 -1.962029432569231702e+01 -1.963299075022333895e+01
-1.960519437983496616e+01 -1.958366132520755087e+01 -1.959074009484294265e+01
-1.953185990349371082e+01 -1.952408180195331866e+01 -1.931763307787974782e+01
-1.908749917767864446e+01 -1.902846256210931841e+01 -1.892904162351705111e+01
-1.876736115675975825e+01 -1.851287773994575403e+01 -1.846900195704131065e+01
-1.842956348886293938e+01 -1.844105738123252536e+01 -1.791263996694726401e+01
-1.795793920685160572e+01 -1.757356889198055683e+01 -5.588417651196605718e+00
-1.371825716297647446e+01 0.000000000000000000e+00 0.000000000000000000e+00
0.000000000000000000e+00 0.000000000000000000e+00 0.000000000000000000e+00
0.000000000000000000e+00 0.000000000000000000e+00 0.000000000000000000e+00
0.000000000000000000e+00 0.000000000000000000e+00 0.000000000000000000e+00
-1.716056514852254011e+01 0.000000000000000000e+00 0.000000000000000000e+00
-1.909232795670361327e+01 -1.917817486537239091e+01 -1.901052479668129891e+01
-1.905064217340357757e+01 -1.932310836344627702e+01 -1.933251961164980059e+01
-1.936618422167622811e+01 -1.938021416424972543e+01 -1.895042769805375471e+01
-1.938726993564199574e+01 -1.941717645459831232e+01 -1.940331466541896077e+01
-1.948886967057970310e+01 -1.940031344031732630e+01 -1.942409822872471992e+01
-1.953177197558043332e+01 -1.945016429166047089e+01 -1.953889757455102227e+01
-1.957268908826733522e+01 -1.953754330800173378e+01 -1.956607282706589146e+01
-1.958496624433791311e+01 -1.957078612729083744e+01 -1.958858578460791833e+01
-1.958762593005748442e+01 -1.960450317174607093e+01 -1.960492343081978817e+01
-1.958594584007165196e+01 -1.958923093496497714e+01 -1.959280124203114326e+01
-1.953235526034136527e+01 -1.932183398661962315e+01 -1.950864024340994263e+01
-1.906161461867186446e+01 -1.886717438555531956e+01 -1.922056786816599683e+01
-1.882565446506730922e+01 -1.861871824612818216e+01 -1.855549677276983189e+01
-1.795246370531929969e+01 -1.806307630939222619e+01 -1.715244628107109293e+01
-1.525911844354206082e+01 -9.472680651818969011e+00 -6.218850564650200141e-01
0.000000000000000000e+00 0.000000000000000000e+00 0.000000000000000000e+00
0.000000000000000000e+00 0.000000000000000000e+00 0.000000000000000000e+00
0.000000000000000000e+00 0.000000000000000000e+00 0.000000000000000000e+00
0.000000000000000000e+00 0.000000000000000000e+00 0.000000000000000000e+00
0.000000000000000000e+00 0.000000000000000000e+00 0.000000000000000000e+00
-1.632839392756507380e+01 -1.074785520328362765e+01 -1.620171106193527422e+01
-1.925346720976777348e+01 -1.919018213578194576e+01 -1.913408270931195077e+01
-1.923460519855615303e+01 -1.933955382877271134e+01 -1.915211533387682863e+01
-1.916237647910941178e+01 -1.936476761694117954e+01 -1.940030561272449106e+01
-1.937951138884792712e+01 -1.940470958604771923e+01 -1.940552569199267907e+01
-1.941109574891571654e+01 -1.952587178893389463e+01 -1.951094756361271010e+01
-1.945546427101606213e+01 -1.953428326425768091e+01 -1.954268919611364197e+01
-1.954930247573993896e+01 -1.956205259822129250e+01 -1.956472733434176448e+01
-1.949328952712867746e+01 -1.958841776660449696e+01 -1.959085321179472317e+01
-1.948248321884187817e+01 -1.954601248903400545e+01 -1.951263775638136977e+01
-1.826309801720297443e+01 -1.943664296319775531e+01 -1.943285672879265746e+01
-1.867961992021098538e+01 -1.871491592427854300e+01 -1.903034332115180050e+01
-1.866621665815163311e+01 -1.870563953339167540e+01 -1.799958973599536094e+01
-1.754116267727822276e+01 -1.797186325720518596e+01 -1.684161902045502046e+01
-1.008806414173066024e+01 0.000000000000000000e+00 0.000000000000000000e+00
0.000000000000000000e+00 0.000000000000000000e+00 0.000000000000000000e+00
0.000000000000000000e+00 0.000000000000000000e+00 0.000000000000000000e+00
0.000000000000000000e+00 0.000000000000000000e+00 0.000000000000000000e+00
0.000000000000000000e+00 0.000000000000000000e+00 0.000000000000000000e+00
-1.221861809534448717e+01 0.000000000000000000e+00 0.000000000000000000e+00
0.000000000000000000e+00 0.000000000000000000e+00 0.000000000000000000e+00
-1.866525743298504736e+01 -1.855886489952937879e+01 -1.903193888274466516e+01
-1.911534585390202778e+01 -1.924827409144711154e+01 -1.922771096898218346e+01
-1.929153637641673313e+01 -1.933070227789138684e+01 -1.929454961015931858e+01
-1.932267214692178570e+01 -1.934117489462729367e+01 -1.938203179235670248e+01
-1.932706994979266923e+01 -1.935097912960588573e+01 -1.936342303927212072e+01
-1.937112002462215798e+01 -1.943300590178779785e+01 -1.946935503432170123e+01
-1.942509391668464858e+01 -1.941878320964804061e+01 -1.943782069670435320e+01
-1.943839455511278302e+01 -1.947870559980796656e+01 -1.948485944999217523e+01
-1.940978684658236020e+01 -1.944501097949043000e+01 -1.940146359520124975e+01
-1.892412730919891928e+01 -1.875725041827476502e+01 -1.858003965797500001e+01
-1.883091919044407447e+01 -1.856683388403990875e+01 -1.901432806771787654e+01
-1.804877549581067697e+01 -1.848962453760509916e+01 -1.118116484594079907e+01
-1.737510905674315254e+01 -1.558362308918099259e+01 -1.422000204378575638e+01
0.000000000000000000e+00 0.000000000000000000e+00 0.000000000000000000e+00
0.000000000000000000e+00 0.000000000000000000e+00 0.000000000000000000e+00
0.000000000000000000e+00 0.000000000000000000e+00 0.000000000000000000e+00
0.000000000000000000e+00 0.000000000000000000e+00 0.000000000000000000e+00
0.000000000000000000e+00 0.000000000000000000e+00 0.000000000000000000e+00
0.000000000000000000e+00 0.000000000000000000e+00 0.000000000000000000e+00
0.000000000000000000e+00 -1.278019251204988294e+01 -1.444619568560232459e+01
0.000000000000000000e+00 0.000000000000000000e+00 0.000000000000000000e+00
-1.898779509840414903e+01 -1.884297693795769746e+01 -1.893581961438506767e+01
-1.921735489059997803e+01 -1.925457046701024666e+01 -1.922965137420007764e+01
-1.922907801445041898e+01 -1.926487862562711229e+01 -1.928984602542505300e+01
-1.928267776658393018e+01 -1.924887830038691661e+01 -1.932371082942776397e+01
-1.940910686031643095e+01 -1.933386267084018328e+01 -1.934565974549691703e+01
-1.939523234328219203e+01 -1.938597610444035269e+01 -1.935985968614251362e+01
-1.941858510821959172e+01 -1.943900707320424459e+01 -1.941836732218999373e+01
-1.938482208443666011e+01 -1.887034697046918197e+01 -1.939459785385823665e+01
-1.880563223885110702e+01 -1.840556022102447997e+01 -1.857241593132826907e+01
-1.853612948926090809e+01 -1.889096992304036604e+01 -1.596448567686085518e+01
-1.701299464446141130e+01 -1.851107265910232513e+01 -1.303093172211150730e+01
-1.752501348034133954e+01 0.000000000000000000e+00 0.000000000000000000e+00
-1.359660609172014922e+01 0.000000000000000000e+00 0.000000000000000000e+00
-1.463175058766889158e+01 0.000000000000000000e+00 0.000000000000000000e+00
0.000000000000000000e+00 0.000000000000000000e+00 0.000000000000000000e+00
0.000000000000000000e+00 0.000000000000000000e+00 0.000000000000000000e+00
0.000000000000000000e+00 0.000000000000000000e+00 0.000000000000000000e+00
0.000000000000000000e+00 0.000000000000000000e+00 0.000000000000000000e+00
0.000000000000000000e+00 0.000000000000000000e+00 0.000000000000000000e+00
0.000000000000000000e+00 0.000000000000000000e+00 0.000000000000000000e+00
-1.250197929484478010e+01 0.000000000000000000e+00 0.000000000000000000e+00
-1.910836269813895782e+01 -1.902201890336569789e+01 -1.909544458649909160e+01
-1.912736921800803103e+01 -1.917354849772050329e+01 -1.919622365525126284e+01
-1.930810370887087757e+01 -1.925623040816773823e+01 -1.932180507673192693e+01
-1.933640556234881203e+01 -1.926612166667838366e+01 -1.933935784114404299e+01
-1.937386042893900751e+01 -1.934999512836080271e+01 -1.937898151412212400e+01
-1.938470621197691912e+01 -1.943712781633669096e+01 -1.942251174481505060e+01
-1.890555319825454106e+01 -1.919850640525386964e+01 -1.905909408400606964e+01
-1.531317250456506152e+01 -1.530441883008984405e+01 -1.731283246235335938e+01
-1.618427387626586267e+01 -1.402517738165707684e+01 -1.702294746146598570e+01
-2.641866832448018787e+00 -5.003741488864951847e+00 -1.224433061757314700e+00
0.000000000000000000e+00 0.000000000000000000e+00 0.000000000000000000e+00
0.000000000000000000e+00 0.000000000000000000e+00 0.000000000000000000e+00
0.000000000000000000e+00 0.000000000000000000e+00 0.000000000000000000e+00
0.000000000000000000e+00 0.000000000000000000e+00 0.000000000000000000e+00
0.000000000000000000e+00 0.000000000000000000e+00 0.000000000000000000e+00
0.000000000000000000e+00 0.000000000000000000e+00 0.000000000000000000e+00
0.000000000000000000e+00 0.000000000000000000e+00 0.000000000000000000e+00
0.000000000000000000e+00 0.000000000000000000e+00 0.000000000000000000e+00
0.000000000000000000e+00 0.000000000000000000e+00 0.000000000000000000e+00
0.000000000000000000e+00 0.000000000000000000e+00 0.000000000000000000e+00
-1.367438269442248000e+01 0.000000000000000000e+00 0.000000000000000000e+00
-1.904546466731218146e+01 -1.907673688678994850e+01 -1.908065907103000924e+01
-1.911927063253093451e+01 -1.928300838720861776e+01 -1.927938560110299449e+01
-1.926722579015335413e+01 -1.933976609486359877e+01 -1.938770667829848549e+01
-1.936195536605476164e+01 -1.941628205624123282e+01 -1.943716813113469044e+01
-1.945356026256096627e+01 -1.937841352687033591e+01 -1.945544399224635868e+01
-1.906234819815839998e+01 -1.714469569142381289e+01 -1.515272484990197555e+01
-1.640443779435397431e+01 -9.686019464107738841e+00 -1.497545525997174742e+01
-6.535526863108480633e+00 -9.541251195369882865e+00 -1.244359115172539809e+01
-6.258768517925582309e+00 0.000000000000000000e+00 0.000000000000000000e+00
0.000000000000000000e+00 0.000000000000000000e+00 0.000000000000000000e+00
-1.291763153443721457e+01 0.000000000000000000e+00 0.000000000000000000e+00
-1.473859053835892574e+01 0.000000000000000000e+00 0.000000000000000000e+00
0.000000000000000000e+00 0.000000000000000000e+00 0.000000000000000000e+00
0.000000000000000000e+00 0.000000000000000000e+00 0.000000000000000000e+00
0.000000000000000000e+00 0.000000000000000000e+00 0.000000000000000000e+00
0.000000000000000000e+00 0.000000000000000000e+00 -1.372602004194611247e+01
-1.432135790328458569e+01 0.000000000000000000e+00 0.000000000000000000e+00
0.000000000000000000e+00 0.000000000000000000e+00 0.000000000000000000e+00
0.000000000000000000e+00 0.000000000000000000e+00 0.000000000000000000e+00
0.000000000000000000e+00 0.000000000000000000e+00 0.000000000000000000e+00
0.000000000000000000e+00 0.000000000000000000e+00 0.000000000000000000e+00
-1.835028139435376460e+01 -1.862526628356384251e+01 -1.832771749964225094e+01
-1.914406969274794790e+01 -1.906584723838548712e+01 -1.907323678417105839e+01
-1.901306049713713975e+01 -1.897189469124204919e+01 -1.797365711118788312e+01
-1.848383664709117724e+01 -1.651285401295537980e+01 -1.578084516739913568e+01
-1.503368698332683984e+01 -1.496121933622805855e+01 -1.373071392574617455e+01
-1.113514780852964137e+01 -1.265658291436044891e+01 -1.146060481313951662e+01
-1.538939955934586212e+00 -7.110555766868162486e+00 -9.464851479534838186e-01
0.000000000000000000e+00 0.000000000000000000e+00 0.000000000000000000e+00
0.000000000000000000e+00 0.000000000000000000e+00 0.000000000000000000e+00
-1.480636284266409142e+01 0.000000000000000000e+00 0.000000000000000000e+00
0.000000000000000000e+00 0.000000000000000000e+00 0.000000000000000000e+00
0.000000000000000000e+00 0.000000000000000000e+00 0.000000000000000000e+00
0.000000000000000000e+00 0.000000000000000000e+00 0.000000000000000000e+00
0.000000000000000000e+00 0.000000000000000000e+00 0.000000000000000000e+00
0.000000000000000000e+00 0.000000000000000000e+00 0.000000000000000000e+00
-1.000000000000000000e+00 0.000000000000000000e+00 0.000000000000000000e+00
0.000000000000000000e+00 0.000000000000000000e+00 0.000000000000000000e+00
0.000000000000000000e+00 0.000000000000000000e+00 0.000000000000000000e+00
0.000000000000000000e+00 0.000000000000000000e+00 0.000000000000000000e+00
0.000000000000000000e+00 0.000000000000000000e+00 0.000000000000000000e+00
0.000000000000000000e+00 0.000000000000000000e+00 0.000000000000000000e+00
-1.712100743890696108e+01 -1.786113476540083411e+01 -1.712130696715863465e+01
-1.727771118437218689e+01 -1.735910377598220222e+01 -1.736832616245214567e+01
-1.751481751030666345e+01 -1.745336832933490712e+01 -1.408020797722529593e+01
-1.317155046649279448e+01 -1.343052180219679492e+01 -1.319400279601996928e+01
-6.444596871394784543e+00 -3.904861361818948495e+00 -3.698003934695695882e+00
-1.797527576485185685e+00 0.000000000000000000e+00 0.000000000000000000e+00
0.000000000000000000e+00 0.000000000000000000e+00 -1.307233731255256437e+01
-1.523814952939947887e+01 0.000000000000000000e+00 0.000000000000000000e+00
0.000000000000000000e+00 0.000000000000000000e+00 0.000000000000000000e+00
0.000000000000000000e+00 0.000000000000000000e+00 0.000000000000000000e+00
0.000000000000000000e+00 0.000000000000000000e+00 0.000000000000000000e+00
0.000000000000000000e+00 0.000000000000000000e+00 0.000000000000000000e+00
0.000000000000000000e+00 0.000000000000000000e+00 0.000000000000000000e+00
0.000000000000000000e+00 0.000000000000000000e+00 0.000000000000000000e+00
0.000000000000000000e+00 0.000000000000000000e+00 0.000000000000000000e+00
0.000000000000000000e+00 0.000000000000000000e+00 0.000000000000000000e+00
0.000000000000000000e+00 0.000000000000000000e+00 0.000000000000000000e+00
0.000000000000000000e+00 0.000000000000000000e+00 0.000000000000000000e+00
0.000000000000000000e+00 0.000000000000000000e+00 0.000000000000000000e+00
0.000000000000000000e+00 0.000000000000000000e+00 0.000000000000000000e+00
0.000000000000000000e+00 0.000000000000000000e+00 0.000000000000000000e+00
0.000000000000000000e+00 0.000000000000000000e+00 0.000000000000000000e+00
0.000000000000000000e+00 0.000000000000000000e+00 0.000000000000000000e+00
0.000000000000000000e+00 0.000000000000000000e+00 0.000000000000000000e+00
0.000000000000000000e+00 -1.509319070403877205e+01 0.000000000000000000e+00
0.000000000000000000e+00 0.000000000000000000e+00 0.000000000000000000e+00
0.000000000000000000e+00 0.000000000000000000e+00 0.000000000000000000e+00
0.000000000000000000e+00 0.000000000000000000e+00 0.000000000000000000e+00
0.000000000000000000e+00 0.000000000000000000e+00 0.000000000000000000e+00
0.000000000000000000e+00 0.000000000000000000e+00 0.000000000000000000e+00
0.000000000000000000e+00 0.000000000000000000e+00 0.000000000000000000e+00
0.000000000000000000e+00 0.000000000000000000e+00 0.000000000000000000e+00
0.000000000000000000e+00 0.000000000000000000e+00 0.000000000000000000e+00
0.000000000000000000e+00 0.000000000000000000e+00 0.000000000000000000e+00
0.000000000000000000e+00 0.000000000000000000e+00 0.000000000000000000e+00
0.000000000000000000e+00 0.000000000000000000e+00 0.000000000000000000e+00
0.000000000000000000e+00 0.000000000000000000e+00 0.000000000000000000e+00
0.000000000000000000e+00 0.000000000000000000e+00 0.000000000000000000e+00
0.000000000000000000e+00 0.000000000000000000e+00 0.000000000000000000e+00
0.000000000000000000e+00 0.000000000000000000e+00 0.000000000000000000e+00
0.000000000000000000e+00 0.000000000000000000e+00 0.000000000000000000e+00
0.000000000000000000e+00 0.000000000000000000e+00 0.000000000000000000e+00
0.000000000000000000e+00 0.000000000000000000e+00 0.000000000000000000e+00
0.000000000000000000e+00 0.000000000000000000e+00 0.000000000000000000e+00
0.000000000000000000e+00 0.000000000000000000e+00 0.000000000000000000e+00
0.000000000000000000e+00 0.000000000000000000e+00 0.000000000000000000e+00
0.000000000000000000e+00 0.000000000000000000e+00 0.000000000000000000e+00
0.000000000000000000e+00 0.000000000000000000e+00 0.000000000000000000e+00
0.000000000000000000e+00 0.000000000000000000e+00 0.000000000000000000e+00
0.000000000000000000e+00 0.000000000000000000e+00 0.000000000000000000e+00
0.000000000000000000e+00 0.000000000000000000e+00 0.000000000000000000e+00
