0.000000000000000000e+00 0.000000000000000000e+00 0.000000000000000000e+00
0.000000000000000000e+00 0.000000000000000000e+00 0.000000000000000000e+00
-1.534288395406118832e+00 -9.959339020701185596e-02 -9.970934362592884237e-02
-1.529091724524239382e+01 -1.530094625655937257e+01 -1.529588042519467095e+01
-1.943239954719916085e+01 -1.943203004631265074e+01 -1.943167287965793122e+01
-1.944064118148271447e+01 -1.948231984394419669e+01 -1.947747132822842886e+01
-1.947445527102294349e+01 -1.950513220925115476e+01 -1.945540300667557787e+01
-1.940534461003806754e+01 -1.946135737118695630e+01 -1.946112132432632436e+01
-1.941020750078245172e+01 -1.946457313350632035e+01 -1.946474006642045040e+01
-1.948334100380738576e+01 -1.948467315606430716e+01 -1.940829958970144631e+01
-1.945851301673963718e+01 -1.945328707054287776e+01 -1.915429949841333013e+01
-1.935436591302792664e+01 -1.937343096655711960e+01 -1.890419397931507817e+01
-1.930457880806718407e+01 -1.928365647729776100e+01 -1.857170880378960121e+01
-1.469229371557626962e+01 -4.510114405834185769e-01 -1.806190302010811521e+01
0.000000000000000000e+00 0.000000000000000000e+00 0.000000000000000000e+00
-9.730226638825692831e+00 -4.436296275416394153e+00 -2.797131037899930561e+00
0.000000000000000000e+00 0.000000000000000000e+00 0.000000000000000000e+00
-2.360936879943192901e-01 0.000000000000000000e+00 0.000000000000000000e+00
-9.971728954574038406e-02 0.000000000000000000e+00 0.000000000000000000e+00
0.000000000000000000e+00 0.000000000000000000e+00 0.000000000000000000e+00
0.000000000000000000e+00 0.000000000000000000e+00 0.000000000000000000e+00
-1.299679008488584131e+01 -4.630257036722481345e+00 -2.342700011964401252e+00
-1.523197396214209576e+01 -1.062535915975029965e+01 -8.436064257871104033e+00
-1.804981090227589036e+01 -1.826618008086871114e+01 -1.883688100941454380e+01
-1.951306473193627511e+01 -1.951132889074635912e+01 -1.951270959688097051e+01
-1.954230442089669850e+01 -1.954391695858479139e+01 -1.954181958696270982e+01
-1.954598380981989791e+01 -1.954595344332587459e+01 -1.954603502983898622e+01
-1.953685860398304541e+01 -1.953741030131318368e+01 -1.953744990262476477e+01
-1.953053618609394704e+01 -1.953091443120492343e+01 -1.952884461959877527e+01
-1.950252221842237432e+01 -1.946615007697938537e+01 -1.950024847399213712e+01
-1.946682015625912499e+01 -1.947301091313428856e+01 -1.927015848963005595e+01
-1.937000391236740526e+01 -1.892612100310983791e+01 -1.935594995304061783e+01
-1.920590045408337687e+01 -1.923461269601743240e+01 -1.834893582843905691e+01
-1.910316259990148424e+01 -1.799480480242036151e+01 -1.904429328039464764e+01
-1.259130357812001400e+01 -1.047143785159629026e+01 -9.441982489594080707e-01
-2.483979997626793446e-01 -9.962681687549392040e-02 -9.971705154386624470e-02
-3.539641493600589772e+00 -3.619394159211174689e+00 -1.274320031291464517e+01
-1.512304338088537747e+01 -1.797632627672761663e+00 -1.244993382797299208e+00
-5.660822967645298132e-01 -5.444170110946714436e-01 -3.957264455835332040e-01
0.000000000000000000e+00 0.000000000000000000e+00 0.000000000000000000e+00
0.000000000000000000e+00 0.000000000000000000e+00 0.000000000000000000e+00
-5.172923412179052605e+00 -1.879068451843064258e+00 -1.989280486059507580e-01
-8.154531897312278232e+00 -8.489789335546268134e+00 -8.346198803565625823e+00
-1.914299166743608183e+01 -1.914423917088567961e+01 -1.914208797902330161e+01
-1.955121704566414209e+01 -1.955127924624523672e+01 -1.955124404391570536e+01
-1.957931726156443730e+01 -1.957847072219429307e+01 -1.957838684539048657e+01
-1.958592149996696463e+01 -1.958603724845735172e+01 -1.958589102884647914e+01
-1.960495180210913801e+01 -1.960291760702088837e+01 -1.960457801292162827e+01
-1.959431005527457614e+01 -1.959442583732727883e+01 -1.958279494535065979e+01
-1.955188867592897495e+01 -1.955273114989977756e+01 -1.952124725840648978e+01
-1.950364150100439176e+01 -1.950377504544943008e+01 -1.942885091449451807e+01
-1.944726296002121657e+01 -1.944775781256369385e+01 -1.920510253697081993e+01
-1.936050137020702877e+01 -1.935020145939471092e+01 -1.871288148829118825e+01
-1.917360483873002508e+01 -1.916964038499539669e+01 -1.810508840725676549e+01
-1.867446400638769788e+01 -1.874400830410518282e+01 -1.749839183292042222e+01
-1.809859526001888597e+01 -1.481011204257375802e+01 -1.620813308454609825e+01
-3.983820574765969180e+00 -8.010957219951897912e+00 -3.010698683153007482e-01
-8.469367604626038215e+00 -2.400672124876601199e+00 -2.975029063583362055e-01
-1.577865635700496583e+01 -6.176981925321332945e+00 -6.217234289080693088e+00
-9.971835868998166208e-02 0.000000000000000000e+00 0.000000000000000000e+00
0.000000000000000000e+00 0.000000000000000000e+00 0.000000000000000000e+00
-1.369268601215438974e-01 -1.227637812806084278e-01 0.000000000000000000e+00
-1.584554930986522692e+01 -1.842728209281547436e+01 -1.849884567484970077e+01
-1.936362510931637360e+01 -1.936296222254760835e+01 -1.936271514967000584e+01
-1.958368419778942027e+01 -1.958364639811284746e+01 -1.958363468548606434e+01
-1.961150481273329049e+01 -1.961147372676071399e+01 -1.961136487610944101e+01
-1.964547446438670519e+01 -1.963904883418388891e+01 -1.964487403621767569e+01
-1.965406807645789655e+01 -1.965657952199583747e+01 -1.965687871989526059e+01
-1.965059759467417067e+01 -1.964999670243259544e+01 -1.964602934268852508e+01
-1.962632015246573403e+01 -1.962360929385044628e+01 -1.960762009693966235e+01
-1.957628338634657084e+01 -1.956136108072828250e+01 -1.958106326436618261e+01
-1.952664675595708843e+01 -1.951744203947647094e+01 -1.944088829407901642e+01
-1.940941475920328685e+01 -1.941597421608002350e+01 -1.923242798974390411e+01
-1.931179157850013439e+01 -1.929443780640781725e+01 -1.870412609274279347e+01
-1.906563171805003520e+01 -1.900037760402878462e+01 -1.788729156725310077e+01
-1.874986136313459184e+01 -1.865574688880251841e+01 -1.716815623662226642e+01
-7.678633949400055947e+00 -2.561100404539371045e+00 -1.783684742360944098e+00
-3.943856027090784533e+00 -5.606355254768835561e-01 -1.989227609937072594e-01
-3.490924834997584991e+00 -5.746238877983379512e-01 -4.617974170614723151e-01
-9.958177496575200405e-02 -9.964694574523695614e-02 0.000000000000000000e+00
0.000000000000000000e+00 0.000000000000000000e+00 0.000000000000000000e+00
-3.367189705843715242e+00 -1.680243209007558081e-01 0.000000000000000000e+00
-1.750851665148961445e+01 -1.751015590832185609e+01 -1.829333862193418270e+01
-1.945867325987672203e+01 -1.945948044197573878e+01 -1.945739595702634617e+01
-1.961246100619152344e+01 -1.961263082720208928e+01 -1.961243890481630814e+01
-1.964471865194660438e+01 -1.964475344402132251e+01 -1.964462586256743037e+01
-1.969607429710159607e+01 -1.969691240530963938e+01 -1.969692741382400669e+01
-1.971740022180495799e+01 -1.971711820143352156e+01 -1.971721507213378999e+01
-1.974695009299205495e+01 -1.974697914139360222e+01 -1.974694475769634749e+01
-1.977376251465655699e+01 -1.977179280249267279e+01 -1.974280917777222299e+01
-1.978263825993586522e+01 -1.978646226437277633e+01 -1.970250977087231092e+01
-1.966306536469722133e+01 -1.969419492301726748e+01 -1.962897218984707948e+01
-1.953140315427215512e+01 -1.953291592928134435e+01 -1.953192497972925779e+01
-1.940491487150471528e+01 -1.939467047619245221e+01 -1.916996546718323557e+01
-1.919729123146375471e+01 -1.919813023012597242e+01 -1.853376626888459811e+01
-1.897500879401985685e+01 -1.771392908104800057e+01 -1.886346763993618936e+01
-1.809311262774766149e+01 -1.837236619341470956e+01 -1.660317959681025712e+01
-1.080708124802406900e+01 -7.569977351470049687e-01 -6.844090676420886421e-01
-6.144909392116587377e+00 -4.279786505837508415e+00 -2.993475895752477633e-01
-9.971561565198000521e-02 0.000000000000000000e+00 0.000000000000000000e+00
0.000000000000000000e+00 0.000000000000000000e+00 0.000000000000000000e+00
-5.226449788524213602e+00 -2.826337525177450294e-01 -2.973986756032709899e-01
-1.809852687562682760e+01 -1.861385142980196861e+01 -1.836826722004131796e+01
-1.947600150685563847e+01 -1.947449740910149885e+01 -1.947524600926562499e+01
-1.963730574507725635e+01 -1.963749319131225590e+01 -1.963734335178868662e+01
-1.969416370418413820e+01 -1.968613385799374171e+01 -1.969438401543416006e+01
-1.973628306509868224e+01 -1.973854708585137274e+01 -1.973800131111114098e+01
-1.977764650516786560e+01 -1.977790730830579236e+01 -1.977772424957860409e+01
-1.982205918703604652e+01 -1.986413583964619889e+01 -1.986817681100591315e+01
-1.984035746745008666e+01 -1.987951027439089202e+01 -1.987812371007365897e+01
-1.987288526733598815e+01 -1.987285671764614037e+01 -1.985674369380424409e+01
-1.985395372626727806e+01 -1.985303996266555515e+01 -1.973308720626556578e+01
-1.978545307229875405e+01 -1.977925141650742802e+01 -1.962486862481146233e+01
-1.952161694832524219e+01 -1.952165036590892910e+01 -1.952167343536596533e+01
-1.930758185828258888e+01 -1.926697692132012918e+01 -1.900868802562277793e+01
-1.901246994817378422e+01 -1.907169292921895831e+01 -1.797910083004203941e+01
-1.825247544762400764e+01 -1.711783403370758805e+01 -1.731802699989800587e+01
-1.443043100131778367e+01 -1.442092680780000080e+01 -1.442841340495378866e+01
-6.081749096787198994e+00 -4.878867676940078724e+00 -1.614082018700204957e+00
0.000000000000000000e+00 0.000000000000000000e+00 0.000000000000000000e+00
0.000000000000000000e+00 0.000000000000000000e+00 0.000000000000000000e+00
-1.726210984109475177e+01 -5.132345079937931764e+00 -4.119184731799572674e+00
-1.879159428138317978e+01 -1.862545686516279986e+01 -1.866213404252376051e+01
-1.945673744739890054e+01 -1.945439411456700185e+01 -1.945434066414147622e+01
-1.964871220872279167e+01 -1.964892232344848466e+01 -1.964871491930887260e+01
-1.971279937931355875e+01 -1.971779467683611031e+01 -1.971713743321985035e+01
-1.976677285066706347e+01 -1.976702150831789240e+01 -1.976697674440253039e+01
-1.979769220131860408e+01 -1.980232045968872612e+01 -1.979801300633073780e+01
-1.986223003353076777e+01 -1.990036359980561897e+01 -1.990064503111573657e+01
-1.990867165422053020e+01 -1.992523820565366677e+01 -1.992542591715857725e+01
-1.993087603716677947e+01 -1.993070870586977605e+01 -1.992861329285823757e+01
-1.989791344420492436e+01 -1.989785198510751130e+01 -1.989781868819639143e+01
-1.985529219759634856e+01 -1.985340565670820823e+01 -1.977339231055236368e+01
-1.976413961408645648e+01 -1.976394500381645614e+01 -1.951459435969291079e+01
-1.936923310805145348e+01 -1.932101628277884586e+01 -1.935357150880576071e+01
-1.908003457891846111e+01 -1.903799102428698831e+01 -1.856496547536466224e+01
-1.874513364473197186e+01 -1.821168030748746247e+01 -1.877725757265078244e+01
-1.832874212246958834e+01 -1.822985520864828146e+01 -1.832472742618708494e+01
-3.064100098446462361e+00 -3.371049271606898490e-01 -2.451058456861885670e-01
0.000000000000000000e+00 0.000000000000000000e+00 0.000000000000000000e+00
0.000000000000000000e+00 0.000000000000000000e+00 0.000000000000000000e+00
-1.465339331899012265e+01 -2.261861096246375435e+00 -2.643483282961041958e+00
-1.838699185212976417e+01 -1.840510840001006443e+01 -1.838397309540767210e+01
-1.940835800533753641e+01 -1.940798748854943412e+01 -1.940929307264113035e+01
-1.961335106593096711e+01 -1.961339457529274100e+01 -1.961343259857990162e+01
-1.968713131427657359e+01 -1.970989195096961666e+01 -1.971001620835217238e+01
-1.976957033732058022e+01 -1.976965480968864952e+01 -1.976984212872626046e+01
-1.980022180645980967e+01 -1.980019666439681103e+01 -1.980376033458342633e+01
-1.987907278661495170e+01 -1.991039427011267193e+01 -1.991020922151043848e+01
-1.991962716181168958e+01 -1.993323731427982537e+01 -1.993338532681157815e+01
-1.993634730542965272e+01 -1.995381770580886638e+01 -1.994847203878122599e+01
-1.990886452197014478e+01 -1.990872175001469202e+01 -1.990873059386477451e+01
-1.988467025762198404e+01 -1.988481059378208826e+01 -1.988457253420125070e+01
-1.983875403177087193e+01 -1.983895464384024976e+01 -1.952470262723286609e+01
-1.948383581151230715e+01 -1.941623305516849740e+01 -1.941634431609628919e+01
-1.908447930798060455e+01 -1.904983562405475794e+01 -1.855717672898024873e+01
-1.850892533285326991e+01 -1.850610176328833489e+01 -1.796685126766261931e+01
-1.802291182197567210e+01 -1.855154711897227315e+01 -1.851135739873066655e+01
-1.203586306373648940e+00 -1.161942266296108195e-01 0.000000000000000000e+00
-9.965528672238427310e-02 0.000000000000000000e+00 0.000000000000000000e+00
0.000000000000000000e+00 0.000000000000000000e+00 0.000000000000000000e+00
-9.970282225388012176e-02 -1.988141897300561567e-01 0.000000000000000000e+00
-1.878458190196694844e+01 -1.781710724629547471e+01 -1.904072633815945892e+01
-1.930056524114818117e+01 -1.930053958457444097e+01 -1.930038053847586355e+01
-1.953454126570557747e+01 -1.953453220186451489e+01 -1.953414517947857476e+01
-1.963022399324577094e+01 -1.962989259543228115e+01 -1.963030473886480820e+01
-1.975229336518338741e+01 -1.976148009780077430e+01 -1.976210323833808857e+01
-1.979850480485396957e+01 -1.979901748461934474e+01 -1.979898237501168978e+01
-1.983539878704818094e+01 -1.983535113902751235e+01 -1.983559144611806602e+01
-1.990180974093231470e+01 -1.991714971565607328e+01 -1.991748229171344065e+01
-1.991440575139003855e+01 -1.991473673902911301e+01 -1.991479093860350957e+01
-1.988716929978538062e+01 -1.988703515668366606e+01 -1.988704523949547465e+01
-1.988071945856382072e+01 -1.988062870076434052e+01 -1.988058944830616070e+01
-1.983989786914527542e+01 -1.983962606113497884e+01 -1.979569919900816544e+01
-1.945990085565806993e+01 -1.944358035856814482e+01 -1.944361024522814674e+01
-1.903465296530443851e+01 -1.906647201801982661e+01 -1.850405319131102644e+01
-1.831867389466401264e+01 -1.825001063733125051e+01 -1.765596723790781297e+01
-1.786004300279235579e+01 -1.826180673601617244e+01 -1.834244188231668105e+01
-1.424992983275291003e+01 -1.824541260366161710e+00 -3.955044809660847038e-01
0.000000000000000000e+00 0.000000000000000000e+00 0.000000000000000000e+00
0.000000000000000000e+00 0.000000000000000000e+00 0.000000000000000000e+00
-1.177735452074963085e+01 -1.107788014560504131e+01 -1.090580933544241837e+01
-1.508957326019922895e+01 -1.519837262650297305e+01 -1.511278405273091963e+01
-1.892801667407822563e+01 -1.903673328575941071e+01 -1.903622962596894652e+01
-1.943012980233088882e+01 -1.942809557745627558e+01 -1.942825607941919230e+01
-1.955443189288874706e+01 -1.955464329721119299e+01 -1.955486888087445863e+01
-1.966112204909732242e+01 -1.970984740581802797e+01 -1.970933293792080931e+01
-1.977153979337896317e+01 -1.977686172471847925e+01 -1.977650895010876653e+01
-1.981000913455407542e+01 -1.981009903738398492e+01 -1.980958455184628519e+01
-1.983473144341866856e+01 -1.983480221325016757e+01 -1.983447156013022550e+01
-1.984935476229109952e+01 -1.984945294350352896e+01 -1.984966476501878674e+01
-1.985969019302473981e+01 -1.985962550180769881e+01 -1.985968540662610593e+01
-1.984995127781756352e+01 -1.984975412109934112e+01 -1.984927837111663251e+01
-1.980975835383170036e+01 -1.973518027491359916e+01 -1.981070889189566842e+01
-1.944906641649708945e+01 -1.944915608457037237e+01 -1.944781572661374724e+01
-1.886126394863228839e+01 -1.880542836669641815e+01 -1.823432547127209702e+01
-1.810956788909156856e+01 -1.795859011709249486e+01 -1.735864725779526552e+01
-1.804026925751098531e+01 -1.779429854712981651e+01 -1.796535490426763459e+01
-1.371825716297647446e+01 -4.573567585128677226e-01 -4.492685196383299662e+00
0.000000000000000000e+00 0.000000000000000000e+00 0.000000000000000000e+00
0.000000000000000000e+00 0.000000000000000000e+00 0.000000000000000000e+00
-5.333145355415025435e-01 -2.179012556228381581e-01 -9.957586910886956355e-02
-1.716056514852254011e+01 -9.959234318830276211e-02 -9.966309964152891832e-02
-1.887245067691256040e+01 -1.917817486537239091e+01 -1.906413723791877146e+01
-1.930162553818146165e+01 -1.930470208988825220e+01 -1.930329505240190002e+01
-1.947292143847667489e+01 -1.947255961570701643e+01 -1.947255668916879756e+01
-1.955716796731755025e+01 -1.955717957471080126e+01 -1.955801736070715080e+01
-1.965514986001563358e+01 -1.969860350142387162e+01 -1.969862796001239147e+01
-1.974457315403820346e+01 -1.975749967867557189e+01 -1.975633450385746315e+01
-1.979047761515692372e+01 -1.979129538798539656e+01 -1.979167445746766063e+01
-1.980521125518967906e+01 -1.980574871707547757e+01 -1.980526020074745830e+01
-1.981234367532679741e+01 -1.981107541597153343e+01 -1.980250598678475171e+01
-1.979717668693561450e+01 -1.980770838893463193e+01 -1.980675688957777680e+01
-1.970336255330534314e+01 -1.969772885892842140e+01 -1.964824120332668400e+01
-1.940329872427598090e+01 -1.940370651937288571e+01 -1.940364522583234574e+01
-1.855018908771619834e+01 -1.861630383384757437e+01 -1.765701119702558941e+01
-1.775634740330090366e+01 -1.783073128745951763e+01 -1.701079653362460675e+01
-1.734760472776644491e+01 -1.735113145804946200e+01 -1.768599001074845134e+01
-1.061133117028297157e+01 -3.610275496759674851e+00 -2.975235834685231451e-01
0.000000000000000000e+00 0.000000000000000000e+00 0.000000000000000000e+00
0.000000000000000000e+00 0.000000000000000000e+00 0.000000000000000000e+00
-5.884309792054026822e+00 -7.661212707677057310e+00 -5.854360518340667952e+00
-7.232127231152028379e+00 -4.216029645522414881e+00 -1.300341232338305675e+00
-1.632839392756507380e+01 -1.456031419925784576e+01 -1.620171106193527422e+01
-1.918875699353838371e+01 -1.919565009430039382e+01 -1.919721814285443529e+01
-1.939014401858250736e+01 -1.938968465534449237e+01 -1.938981476004436999e+01
-1.948709866744803776e+01 -1.948527940302598083e+01 -1.948543157418642124e+01
-1.955271601749409882e+01 -1.955299151508243938e+01 -1.955337907286176247e+01
-1.961377747243495051e+01 -1.962039046693105959e+01 -1.962020799603667243e+01
-1.967465404237906412e+01 -1.968344535377457660e+01 -1.968415966961710595e+01
-1.970203712345878699e+01 -1.970192535214600937e+01 -1.970204260407786379e+01
-1.970708170507473156e+01 -1.970706435257210387e+01 -1.970704015212739790e+01
-1.970413227364974773e+01 -1.970616112677658549e+01 -1.971139879314655374e+01
-1.959113921205936393e+01 -1.959078559783444717e+01 -1.959108041124050814e+01
-1.912391637660210364e+01 -1.904187600692747040e+01 -1.874371431304343716e+01
-1.808966137963962240e+01 -1.687959434673000203e+01 -1.771375878986003016e+01
-1.760222696618982141e+01 -1.755430545758003902e+01 -1.656940690816784212e+01
-1.008806414173066024e+01 -3.775351953382658721e+00 -1.151050798317605928e+00
-8.343677333090944170e-01 -9.215733584516335730e-01 -1.917699349942255660e+00
0.000000000000000000e+00 0.000000000000000000e+00 0.000000000000000000e+00
0.000000000000000000e+00 0.000000000000000000e+00 0.000000000000000000e+00
-4.874301913408393139e-01 -9.962156576345113090e-02 -9.959239993459684248e-02
-1.543430612988035122e+01 -9.969644961104240366e-02 -9.958951066188712065e-02
-5.353704415335111655e+00 -1.222346266421120209e+00 -3.956762159604249041e-01
-1.918409848343015867e+01 -1.917527392490402249e+01 -1.925159087988526352e+01
-1.931662396863162456e+01 -1.931340156007496844e+01 -1.931380381649793776e+01
-1.943281795412286783e+01 -1.943298390267228015e+01 -1.943289517987319215e+01
-1.950064517406485010e+01 -1.950070086647640366e+01 -1.950033423806391397e+01
-1.955866103029530834e+01 -1.955743207081264146e+01 -1.955727483981650039e+01
-1.959720814157480362e+01 -1.959725084587774901e+01 -1.959709243598533490e+01
-1.962553091320293674e+01 -1.962545342123343062e+01 -1.962558232980575212e+01
-1.965492355629842436e+01 -1.965501613526795310e+01 -1.965515149654370219e+01
-1.963522153550331950e+01 -1.963512256308649739e+01 -1.963525161080957560e+01
-1.938156159927264000e+01 -1.937051879486223527e+01 -1.937147002991570943e+01
-1.807416590641467735e+01 -1.829946073265002937e+01 -1.697728423947143384e+01
-1.651106356780424989e+01 -1.661032186222250218e+01 -1.574306813176122333e+01
-1.609946273636293057e+01 -1.788901312740705052e+01 -1.747177181547638369e+01
-1.107331442422516465e+00 -7.812832950780806973e-01 -6.867663032377986365e-01
-9.971791325549361762e-02 -9.971442269619838761e-02 0.000000000000000000e+00
0.000000000000000000e+00 0.000000000000000000e+00 0.000000000000000000e+00
0.000000000000000000e+00 0.000000000000000000e+00 0.000000000000000000e+00
-3.909349580510671718e+00 -1.343302245421812202e+00 -3.923481672272934873e-01
-9.687387594815206171e+00 -7.909133231265386144e-01 -4.924017656696547673e-01
-8.794644570354213542e+00 -1.278019251204988294e+01 -1.444619568560232459e+01
-6.704755991703298612e+00 -5.708088180318320326e+00 -7.793029511402713716e-01
-1.915058404633593980e+01 -1.915180401832934365e+01 -1.915311764876330969e+01
-1.935556145057419286e+01 -1.935810298065276669e+01 -1.935590258692168319e+01
-1.945943779092894488e+01 -1.945769246883703474e+01 -1.945997997898499321e+01
-1.953410569394975127e+01 -1.953583626952407926e+01 -1.953407788208624396e+01
-1.958109899091893524e+01 -1.958087862858119621e+01 -1.958100701738543137e+01
-1.961971100780385768e+01 -1.961910963339471792e+01 -1.961924702122435704e+01
-1.964843416401931009e+01 -1.964855988627358130e+01 -1.964849577377463419e+01
-1.956255577716873262e+01 -1.956204991178532993e+01 -1.952668837610306340e+01
-1.860658900281308448e+01 -1.862875297699089217e+01 -1.786565105243538554e+01
-1.730113387979975315e+01 -1.677060005085729699e+01 -1.568775723507290110e+01
-1.631363123216215882e+01 -1.593367500236699286e+01 -1.515236178291177715e+01
-1.752501348034133954e+01 -5.152784508919979523e+00 -6.711449410152900086e+00
-1.359660609172014922e+01 -2.374178891993704799e+00 -1.191382839161847507e+00
-1.463175058766889158e+01 -1.259759414361411345e+01 -5.780580914449375385e+00
-9.968483564375488215e-02 0.000000000000000000e+00 0.000000000000000000e+00
0.000000000000000000e+00 0.000000000000000000e+00 0.000000000000000000e+00
-7.793792866656981566e+00 -2.184893113940419962e+00 -2.722197991584067722e+00
-9.967908631131757735e-01 -2.325319292498418955e-01 0.000000000000000000e+00
-2.801998034114592695e+00 -2.096223749648517654e+00 -6.801002794264415785e-01
-6.602005715929891494e+00 -1.416194412387608459e+00 -2.974004272049531883e-01
-1.250197929484478010e+01 -7.060980943643675900e+00 -4.517592398310062762e+00
-1.923766804298278998e+01 -1.924008936380341339e+01 -1.923759356137277976e+01
-1.941412926483728896e+01 -1.941446596352417941e+01 -1.941456187699991531e+01
-1.948462809938016349e+01 -1.948486871091264305e+01 -1.948461162516337808e+01
-1.955311600048061038e+01 -1.955183306342168592e+01 -1.955336307982253174e+01
-1.959441415319941626e+01 -1.959441159291985812e+01 -1.959422641099897078e+01
-1.948842957899796602e+01 -1.953472669335604195e+01 -1.954643020646006590e+01
-1.849967031929519479e+01 -1.869601866269594481e+01 -1.795494574996105541e+01
-1.734800305890779981e+01 -1.678957928486854101e+01 -1.746615345734782565e+01
-1.510066092413042149e+01 -1.481544935840133448e+01 -1.392116366520611237e+01
-1.544269583850866923e+01 -1.447031862038895511e+01 -1.551193895181272175e+01
-2.316842830308385892e+00 -1.387502521426764668e+00 -2.973521540115555695e-01
-9.968672792016457229e-02 -9.962759967495853075e-02 -6.176740390122080981e+00
-4.928604615151926716e+00 -2.065850804270259911e+00 -1.988563470076548656e-01
0.000000000000000000e+00 0.000000000000000000e+00 0.000000000000000000e+00
0.000000000000000000e+00 0.000000000000000000e+00 0.000000000000000000e+00
-2.759097010444548914e+00 -2.651516913510395757e+00 -2.050187786796204392e+00
-2.596166303650782048e-01 -3.276436648630730031e-01 -2.313428049845749068e-01
-9.154398425256209393e-01 -3.123345386067660212e-01 -2.526732088752433047e-01
-1.013555080783849327e+01 -5.471446036195094509e-01 -1.987858054907245264e-01
-1.167858530665682437e+01 -7.720915392885788542e+00 -7.706855001571979003e+00
-1.367438269442248000e+01 -1.179637251418047983e+00 -9.966072757662282344e-02
-1.929893404704062831e+01 -1.941270036914868058e+01 -1.932065420479479201e+01
-1.948616749764474321e+01 -1.947836154946913823e+01 -1.947960205986043292e+01
-1.955198094299781530e+01 -1.954789080232245979e+01 -1.954927620749835526e+01
-1.954603291862482806e+01 -1.954745219718678584e+01 -1.954594287165948074e+01
-1.904146425336162807e+01 -1.891001993521787838e+01 -1.815310272158633609e+01
-1.794434659769735774e+01 -1.766791068646967133e+01 -1.727014959343741296e+01
-1.638155783958940148e+01 -1.346692644127747229e+01 -1.508331942942457360e+01
-1.369066951625875461e+01 -1.286457064236412684e+01 -1.353968577341793100e+01
-9.565642721268721616e+00 -7.128035178275293759e+00 -7.092698046233083531e+00
-2.857254354135221330e+00 -1.988277856441832414e-01 -1.987994594726430475e-01
-1.291763153443721457e+01 -6.016145238065154777e-01 -6.480265457727125700e-01
-1.473859053835892574e+01 -3.903693934766621521e+00 -9.658905017771616253e-01
0.000000000000000000e+00 0.000000000000000000e+00 0.000000000000000000e+00
0.000000000000000000e+00 0.000000000000000000e+00 0.000000000000000000e+00
-1.987959465899200862e-01 -9.964501502090530871e-02 -1.987577649591739104e-01
-2.683250180315169597e+00 -5.433685288350308618e+00 -1.372602004194611247e+01
-1.432135790328458569e+01 -9.053598919413953894e+00 -1.483886827900656735e+00
-4.050352142319938231e+00 -8.484422475853796719e-01 -6.871889394599561829e-01
-1.723171052649997981e-01 -9.963678640946467546e-02 -9.971830485514469877e-02
-1.453473209504400065e-01 -9.971733315344988302e-02 0.000000000000000000e+00
-8.049897015287939439e+00 -1.469647074993455926e-01 -9.966097116889348351e-02
-1.945576126532937877e+01 -1.941767217819040781e+01 -1.943599725151541335e+01
-1.953371483602159842e+01 -1.953244413626585185e+01 -1.953412777067909545e+01
-1.914962084564973210e+01 -1.914570171576734126e+01 -1.914871731721187587e+01
-1.782137690567253685e+01 -1.783665711516778529e+01 -1.754281099524660092e+01
-1.641998015410803546e+01 -1.640645771801516162e+01 -1.620123186612032740e+01
-1.185291559775277825e+01 -1.249310893431873204e+01 -1.136529457025621248e+01
-1.111950432754739637e+01 -1.113223453244341066e+01 -1.064053630994451183e+01
-9.061922431411330026e-01 -4.258748901039427492e-01 -5.001454497488838635e-01
-1.138545919122755201e+01 -6.168375984103859899e-01 -6.883362085472923830e-01
-1.480636284266409142e+01 -2.544235838015795448e+00 -1.556901921623929708e+00
-4.142563924716081480e+00 -2.817494974822071785e-01 -2.974784182830013113e-01
0.000000000000000000e+00 0.000000000000000000e+00 0.000000000000000000e+00
0.000000000000000000e+00 0.000000000000000000e+00 0.000000000000000000e+00
-6.283252105250083375e+00 -2.214838754997790371e+00 -9.958024440272909839e-02
-9.971805150938101159e-02 -1.987408882803394228e-01 -9.971765570375401566e-02
-1.360214457950732481e+00 -4.300849916722619959e+00 -1.502872368207570863e+00
-3.282032438141676778e+00 -3.252817604072432811e+00 -3.606400889311185853e+00
-3.557200665460818811e+00 -3.456357834729879008e-01 -3.948507971944279493e-01
-9.672292469690558780e-01 -1.054882271345000122e+00 -2.460645708253876407e+00
-2.147056800899084517e-01 -2.052598987258625329e-01 -1.988211208787166173e-01
-7.566315153547249928e+00 -5.027973572965455773e+00 -1.584929412911133539e+00
-1.862595560816750506e+01 -1.834052535170137688e+01 -1.834433563801587397e+01
-1.816559988722474017e+01 -1.797289143960352220e+01 -1.787178938761397262e+01
-1.753260408898048439e+01 -1.734813883684176616e+01 -1.660610528650036244e+01
-1.593278625883808886e+01 -1.584153993149364759e+01 -1.535442940689040725e+01
-1.203514507403160394e+01 -1.129455842549423927e+01 -1.013032646402478498e+01
-8.600436571016768283e+00 -8.634859937024277343e+00 -8.600399194723074459e+00
-6.568995670879442805e+00 -9.006180294794986496e-01 -1.307233731255256437e+01
-1.550800258799841558e+01 -4.282889869394307936e-01 -9.970731733849996781e-02
-1.852114490821572756e+00 -6.387937507409945370e-01 -7.031582413576684676e-01
-9.629075780292144060e+00 -3.240920655846177389e+00 -3.174037254957729370e+00
0.000000000000000000e+00 0.000000000000000000e+00 0.000000000000000000e+00
0.000000000000000000e+00 0.000000000000000000e+00 0.000000000000000000e+00
-1.484350036046914623e+00 -9.965483671879270255e-02 0.000000000000000000e+00
-4.408651866297322641e+00 -2.732865020583785665e+00 -9.971752687590754172e-02
-4.480027901671856938e-01 -2.253431617008093690e-01 -1.691168817131394997e+00
-1.020145102430743300e+01 -5.800155135380949289e+00 -5.047915074991873308e-01
-9.964436001080675953e-02 0.000000000000000000e+00 0.000000000000000000e+00
-9.970816441211108327e-02 0.000000000000000000e+00 0.000000000000000000e+00
-5.541433101367828407e+00 -9.966324263561820995e-02 0.000000000000000000e+00
-1.727529592456910068e+00 -1.987438063894063078e-01 0.000000000000000000e+00
-9.971632710334243921e-02 -9.959431267525263587e-02 0.000000000000000000e+00
-3.486851815597676318e-01 -9.959349913354162420e-02 0.000000000000000000e+00
-1.111222124365252473e+00 0.000000000000000000e+00 0.000000000000000000e+00
-9.268954597874804691e+00 -1.191354551534730966e-01 -9.970685892248871973e-02
-1.752430844346652972e+00 -1.509319070403877205e+01 -1.669522069918224494e+00
-3.128503414317133746e+00 -9.965742079919102936e-02 0.000000000000000000e+00
-6.484526548568807502e-01 -3.369378829157874677e-01 -3.957242349003140536e-01
-1.171506550082089504e+01 -1.458790539002420505e+00 -9.959063348638493018e-02
-2.688079953243518450e-01 -9.958521155644532719e-02 0.000000000000000000e+00
-2.245854989037273930e-01 -9.959506244871590974e-02 0.000000000000000000e+00
0.000000000000000000e+00 0.000000000000000000e+00 0.000000000000000000e+00
0.000000000000000000e+00 0.000000000000000000e+00 0.000000000000000000e+00
0.000000000000000000e+00 0.000000000000000000e+00 0.000000000000000000e+00
0.000000000000000000e+00 0.000000000000000000e+00 0.000000000000000000e+00
0.000000000000000000e+00 0.000000000000000000e+00 0.000000000000000000e+00
0.000000000000000000e+00 0.000000000000000000e+00 0.000000000000000000e+00
0.000000000000000000e+00 0.000000000000000000e+00 0.000000000000000000e+00
0.000000000000000000e+00 0.000000000000000000e+00 0.000000000000000000e+00
0.000000000000000000e+00 0.000000000000000000e+00 0.000000000000000000e+00
0.000000000000000000e+00 0.000000000000000000e+00 0.000000000000000000e+00
0.000000000000000000e+00 0.000000000000000000e+00 0.000000000000000000e+00
0.000000000000000000e+00 0.000000000000000000e+00 0.000000000000000000e+00
0.000000000000000000e+00 0.000000000000000000e+00 0.000000000000000000e+00
0.000000000000000000e+00 0.000000000000000000e+00 0.000000000000000000e+00
0.000000000000000000e+00 0.000000000000000000e+00 0.000000000000000000e+00
0.000000000000000000e+00 0.000000000000000000e+00 0.000000000000000000e+00
0.000000000000000000e+00 0.000000000000000000e+00 0.000000000000000000e+00
0.000000000000000000e+00 0.000000000000000000e+00 0.000000000000000000e+00
0.000000000000000000e+00 0.000000000000000000e+00 0.000000000000000000e+00
0.000000000000000000e+00 0.000000000000000000e+00 0.000000000000000000e+00
0.000000000000000000e+00 0.000000000000000000e+00 0.000000000000000000e+00
