0.000000000000000000e+00 0.000000000000000000e+00 0.000000000000000000e+00
0.000000000000000000e+00 0.000000000000000000e+00 0.000000000000000000e+00
0.000000000000000000e+00 0.000000000000000000e+00 0.000000000000000000e+00
-7.914600357571583977e+00 0.000000000000000000e+00 -9.405189426178537815e+00
-1.888400084096792142e+01 -1.889887141196443210e+01 -1.884210333894019485e+01
-1.897644821373638635e+01 -1.899474999426724153e+01 -1.901247277392138102e+01
-1.901364441576981434e+01 -1.902186342480764125e+01 -1.900378019522074524e+01
-1.878571468602406114e+01 -1.885889079570812399e+01 -1.878958167213039943e+01
-1.925415786461500645e+01 -1.889061747170398675e+01 -1.888158718622981880e+01
-1.889930868108513096e+01 -1.888396494466638131e+01 -1.892952307578062587e+01
-1.907089495461467621e+01 -1.906483991162523139e+01 -1.904823109461204211e+01
-1.900907788919934660e+01 -1.897617773113208983e+01 -1.901707191746494630e+01
-1.888542048884514557e+01 -1.889651115152873473e+01 -1.889679390286722693e+01
-1.469229371557626962e+01 0.000000000000000000e+00 -1.806190302010811521e+01
0.000000000000000000e+00 0.000000000000000000e+00 0.000000000000000000e+00
-9.730226638825692831e+00 0.000000000000000000e+00 0.000000000000000000e+00
0.000000000000000000e+00 0.000000000000000000e+00 0.000000000000000000e+00
0.000000000000000000e+00 0.000000000000000000e+00 0.000000000000000000e+00
0.000000000000000000e+00 0.000000000000000000e+00 0.000000000000000000e+00
0.000000000000000000e+00 0.000000000000000000e+00 0.000000000000000000e+00
0.000000000000000000e+00 0.000000000000000000e+00 0.000000000000000000e+00
-1.299679008488584131e+01 0.000000000000000000e+00 0.000000000000000000e+00
-1.523197396214209576e+01 -1.062535915975029965e+01 0.000000000000000000e+00
-1.565752363799139957e+01 -1.866903190197534812e+01 -1.870921286907309167e+01
-1.892834628515733897e+01 -1.886829605671981724e+01 -1.896270328173144648e+01
-1.894604537599256844e+01 -1.896654787991949576e+01 -1.894021684537714734e+01
-1.888988539091586460e+01 -1.893913554100535634e+01 -1.890156634038075012e+01
-1.899279520257421439e+01 -1.901021648815269671e+01 -1.898869220183529904e+01
-1.900687722443872119e+01 -1.901727975236218171e+01 -1.900600591799103256e+01
-1.901062086946993901e+01 -1.901575958928586729e+01 -1.901305810812734265e+01
-1.901726763890826533e+01 -1.900334564066061205e+01 -1.900268456790264082e+01
-1.897772441397435017e+01 -1.894897822011111899e+01 -1.897702982118332571e+01
-1.892118548710519121e+01 -1.890754234079833651e+01 -1.887921735746541430e+01
-1.882094473711942584e+01 -1.885014497926403365e+01 -1.881169308218274239e+01
-1.259130357812001400e+01 -1.047143785159629026e+01 0.000000000000000000e+00
0.000000000000000000e+00 0.000000000000000000e+00 0.000000000000000000e+00
0.000000000000000000e+00 0.000000000000000000e+00 -1.274320031291464517e+01
-1.512304338088537747e+01 0.000000000000000000e+00 0.000000000000000000e+00
0.000000000000000000e+00 0.000000000000000000e+00 0.000000000000000000e+00
0.000000000000000000e+00 0.000000000000000000e+00 0.000000000000000000e+00
0.000000000000000000e+00 0.000000000000000000e+00 0.000000000000000000e+00
0.000000000000000000e+00 0.000000000000000000e+00 0.000000000000000000e+00
0.000000000000000000e+00 0.000000000000000000e+00 0.000000000000000000e+00
-1.862047191328920093e+01 -1.812264101581459030e+01 -1.871649701172676217e+01
-1.888034500150472894e+01 -1.891694270310988557e+01 -1.886618810932851886e+01
-1.896892363885570276e+01 -1.895512204950503232e+01 -1.902944653652204465e+01
-1.906671115315039700e+01 -1.906435476792810846e+01 -1.907221052743760126e+01
-1.909709053829966408e+01 -1.912425029201912707e+01 -1.906138359858785236e+01
-1.908438233714569776e+01 -1.904129667776280144e+01 -1.907261983667664040e+01
-1.904464219395055835e+01 -1.902116732872051941e+01 -1.910067299683819186e+01
-1.901088884932519818e+01 -1.920696813741432862e+01 -1.903666456793210315e+01
-1.896434740571198319e+01 -1.894714258867429990e+01 -1.889268447471249246e+01
-1.889251871150500151e+01 -1.884745133126640582e+01 -1.918706001572330422e+01
-1.873975226005911310e+01 -1.873385702012868848e+01 -1.873754954986820920e+01
-1.869342209084183182e+01 -1.873237070269266269e+01 -1.872191469652780071e+01
-1.787472502939580465e+01 -1.459344999214855854e+01 -1.620813308454609825e+01
0.000000000000000000e+00 -8.010957219951897912e+00 0.000000000000000000e+00
-8.469367604626038215e+00 0.000000000000000000e+00 0.000000000000000000e+00
-1.577865635700496583e+01 0.000000000000000000e+00 0.000000000000000000e+00
0.000000000000000000e+00 0.000000000000000000e+00 0.000000000000000000e+00
0.000000000000000000e+00 0.000000000000000000e+00 0.000000000000000000e+00
0.000000000000000000e+00 0.000000000000000000e+00 0.000000000000000000e+00
-1.836051470433800503e+01 -1.850718913169048818e+01 -1.837925242417964355e+01
-1.805272799377644688e+01 -1.844636548335897075e+01 -1.887117271597372437e+01
-1.889675595453642387e+01 -1.895305561045067222e+01 -1.889031429157471464e+01
-1.912544325371381859e+01 -1.912866132434603017e+01 -1.913764243277416810e+01
-1.912096266160158464e+01 -1.909111516652335894e+01 -1.914637551932730730e+01
-1.914418826266876650e+01 -1.915273465962770771e+01 -1.916432923721318815e+01
-1.919757269045567583e+01 -1.919679954807211075e+01 -1.919798425234799311e+01
-1.919027385415980902e+01 -1.919080378910739526e+01 -1.920460991024674513e+01
-1.930377860941112900e+01 -1.918195769060965361e+01 -1.926058891450028199e+01
-1.916569347190170802e+01 -1.912679171556982283e+01 -1.916376741386102367e+01
-1.914515063891474966e+01 -1.914068553754369262e+01 -1.908837603581897469e+01
-1.876516284471780693e+01 -1.874550625918289626e+01 -1.867608532834022839e+01
-1.864910183913167430e+01 -1.863506114438290950e+01 -1.865291835140770615e+01
-1.858809054107799952e+01 -1.859983752367001841e+01 -1.855847833651938217e+01
-7.678633949400055947e+00 0.000000000000000000e+00 0.000000000000000000e+00
0.000000000000000000e+00 0.000000000000000000e+00 0.000000000000000000e+00
0.000000000000000000e+00 0.000000000000000000e+00 0.000000000000000000e+00
0.000000000000000000e+00 0.000000000000000000e+00 0.000000000000000000e+00
0.000000000000000000e+00 0.000000000000000000e+00 0.000000000000000000e+00
0.000000000000000000e+00 0.000000000000000000e+00 0.000000000000000000e+00
-1.873902264974626775e+01 -1.890142061410638163e+01 -1.838772274289194186e+01
-1.889552711589512413e+01 -1.807825162122005835e+01 -1.889607135625704259e+01
-1.912745752652686093e+01 -1.909571351170856701e+01 -1.910282341017339292e+01
-1.917168849667636010e+01 -1.920024948092690309e+01 -1.924212688416597672e+01
-1.922010410969765815e+01 -1.937730219457500880e+01 -1.928676781434746701e+01
-1.937981814288552584e+01 -1.954458443911280341e+01 -1.933134549302342720e+01
-1.967296268561916506e+01 -1.967026411641526451e+01 -1.949166168391851883e+01
-1.956940746410929677e+01 -1.962402250278477922e+01 -1.945694431740282937e+01
-1.965753568230934079e+01 -1.965285309963422833e+01 -1.939064802205690441e+01
-1.959597038150103288e+01 -1.952922587739386273e+01 -1.944182762680485510e+01
-1.937997132682449930e+01 -1.937101362470671972e+01 -1.915829359816601141e+01
-1.893134496226269192e+01 -1.892041970660782368e+01 -1.893131161936908669e+01
-1.866351918840468826e+01 -1.866947141885737338e+01 -1.854134016346082348e+01
-1.857572823056617395e+01 -1.855606075263245103e+01 -1.852008758312091530e+01
-1.841008694086804454e+01 -1.841080999665687301e+01 -1.837577588710563248e+01
-1.080708124802406900e+01 0.000000000000000000e+00 0.000000000000000000e+00
0.000000000000000000e+00 0.000000000000000000e+00 0.000000000000000000e+00
0.000000000000000000e+00 0.000000000000000000e+00 0.000000000000000000e+00
0.000000000000000000e+00 0.000000000000000000e+00 0.000000000000000000e+00
0.000000000000000000e+00 0.000000000000000000e+00 0.000000000000000000e+00
-1.864844459234574359e+01 -1.876430941486585269e+01 -1.875623895986254652e+01
-1.904994236413811137e+01 -1.847501049791553385e+01 -1.905557869291560280e+01
-1.932378845358419639e+01 -1.929572529609746567e+01 -1.922177823939997765e+01
-1.922723052087774320e+01 -1.932589203138143574e+01 -1.928575369330759770e+01
-1.928343897651951622e+01 -1.940247837725502933e+01 -1.937367413629743851e+01
-1.937670074799387976e+01 -1.964754180553083884e+01 -1.961589174308698702e+01
-1.958781043006516498e+01 -1.973832618655033144e+01 -1.969612081733698972e+01
-1.975819901417768776e+01 -1.975923739469304508e+01 -1.974993759211838906e+01
-1.975388178417741969e+01 -1.976559126143177636e+01 -1.967140068795901087e+01
-1.975412630025990524e+01 -1.944333464991422744e+01 -1.962316972003649695e+01
-1.952871015121634812e+01 -1.952923328585550777e+01 -1.933508781582191460e+01
-1.952045861002362059e+01 -1.918667027189942687e+01 -1.916544239411238237e+01
-1.889820474685204132e+01 -1.887417068035829004e+01 -1.892794197197483541e+01
-1.852920411579268745e+01 -1.855744184347954828e+01 -1.855920384354444153e+01
-1.849379348223882857e+01 -1.829785713458356611e+01 -1.849478399866528733e+01
-7.813900142908270396e+00 0.000000000000000000e+00 0.000000000000000000e+00
0.000000000000000000e+00 0.000000000000000000e+00 0.000000000000000000e+00
0.000000000000000000e+00 0.000000000000000000e+00 0.000000000000000000e+00
0.000000000000000000e+00 0.000000000000000000e+00 0.000000000000000000e+00
-1.726210984109475177e+01 0.000000000000000000e+00 0.000000000000000000e+00
-1.877510153838412776e+01 -1.879038888095161397e+01 -1.903758368128133682e+01
-1.904774599861261919e+01 -1.898420213458708616e+01 -1.905476135570406981e+01
-1.919020264975642576e+01 -1.920227328163436198e+01 -1.929014235239295161e+01
-1.926142512185760935e+01 -1.932178527021727632e+01 -1.936380970573428684e+01
-1.935038377689230060e+01 -1.948966679006118596e+01 -1.942068254800890159e+01
-1.968637019446040526e+01 -1.962015255550858228e+01 -1.966978632159111839e+01
-1.966578134939615552e+01 -1.977985437732069229e+01 -1.978530552417783639e+01
-1.992758425363595975e+01 -1.990568991698317092e+01 -1.992852327970558690e+01
-1.990236482124152317e+01 -1.991266912486462815e+01 -1.987008490518589809e+01
-1.983842414435348900e+01 -1.984025744740561947e+01 -1.981311624316235509e+01
-1.974185679262768645e+01 -1.974257164216897920e+01 -1.973347174844285590e+01
-1.971027344795317759e+01 -1.970666632840004695e+01 -1.918543663885323269e+01
-1.906808878114634354e+01 -1.901611705206604697e+01 -1.903977675658394020e+01
-1.852822071222416511e+01 -1.847526410980051637e+01 -1.850319890882438045e+01
-1.848209523199153281e+01 -1.848188054175214390e+01 -1.805907623845020282e+01
-1.713234941253998400e+01 -1.738779491764517715e+01 -1.721580649957910936e+01
0.000000000000000000e+00 0.000000000000000000e+00 0.000000000000000000e+00
0.000000000000000000e+00 0.000000000000000000e+00 0.000000000000000000e+00
0.000000000000000000e+00 0.000000000000000000e+00 0.000000000000000000e+00
-1.462681434459777563e+01 0.000000000000000000e+00 0.000000000000000000e+00
-1.878028386481458156e+01 -1.878940234868349535e+01 -1.884100306914347556e+01
-1.887760121991217943e+01 -1.901019391246164858e+01 -1.899513418151470745e+01
-1.941510935972482343e+01 -1.921651716080702954e+01 -1.933914087478563459e+01
-1.935999475039848505e+01 -1.946130136933998500e+01 -1.939646277702088994e+01
-1.937615290112553268e+01 -1.947846936962508835e+01 -1.949730813254135242e+01
-1.959026474008375374e+01 -1.972913696962298147e+01 -1.968172254861274340e+01
-1.981213934144254551e+01 -1.974986449053621484e+01 -1.983613174313990868e+01
-1.982165288479051668e+01 -1.991941785079280791e+01 -1.991830045575898467e+01
-1.988498504495991526e+01 -1.990697059175248640e+01 -1.985464924825653554e+01
-1.989774795682823338e+01 -1.986874052092992926e+01 -1.983387209375977633e+01
-1.979291430372760274e+01 -1.977445940451351802e+01 -1.974707697186045507e+01
-1.973057203865007736e+01 -1.968535859041777414e+01 -1.971178852720217023e+01
-1.922895334716514526e+01 -1.913349034531331583e+01 -1.924554286199327180e+01
-1.858612876695102756e+01 -1.854005639533573557e+01 -1.841041550925949011e+01
-1.840398402319008753e+01 -1.841385687393659509e+01 -1.818376203936273328e+01
-1.823359177414045718e+01 -1.873124755265777353e+01 -1.812602009133411585e+01
0.000000000000000000e+00 0.000000000000000000e+00 0.000000000000000000e+00
0.000000000000000000e+00 0.000000000000000000e+00 0.000000000000000000e+00
0.000000000000000000e+00 0.000000000000000000e+00 0.000000000000000000e+00
0.000000000000000000e+00 0.000000000000000000e+00 0.000000000000000000e+00
-1.862193018582206250e+01 -1.853009578201384855e+01 -1.863741281138233319e+01
-1.894745455763008479e+01 -1.861024012198023669e+01 -1.892174932701788848e+01
-1.928522922879401946e+01 -1.927890594220594878e+01 -1.919460170163955581e+01
-1.945147709090124977e+01 -1.941827022559082394e+01 -1.945199213393124538e+01
-1.946410698159149888e+01 -1.960028583501582133e+01 -1.949783720693237399e+01
-1.967998250541225858e+01 -1.963632240748970403e+01 -1.970207810449707964e+01
-1.965125376680393288e+01 -1.975581134326220578e+01 -1.975667312308640433e+01
-1.988912161844081439e+01 -1.981890442101482819e+01 -1.988234962582572507e+01
-1.987771624129621273e+01 -1.980752248399812032e+01 -1.987794954393713809e+01
-1.982817204016045665e+01 -1.982553649030478837e+01 -1.980617769899183855e+01
-1.977127284341350943e+01 -1.977011067695204005e+01 -1.975622643237482734e+01
-1.971671213953571566e+01 -1.974534949750049506e+01 -1.959093432089041542e+01
-1.929466692458942134e+01 -1.930767916883287327e+01 -1.912194134761420372e+01
-1.869626858107992717e+01 -1.852599314645704709e+01 -1.845651987952232531e+01
-1.832871054158684032e+01 -1.828686766095739102e+01 -1.821476269865386399e+01
-1.801228627675405036e+01 -1.808009767142136681e+01 -1.777503617230825839e+01
-1.424992983275291003e+01 0.000000000000000000e+00 0.000000000000000000e+00
0.000000000000000000e+00 0.000000000000000000e+00 0.000000000000000000e+00
0.000000000000000000e+00 0.000000000000000000e+00 0.000000000000000000e+00
-1.177735452074963085e+01 -1.107788014560504131e+01 0.000000000000000000e+00
-1.375392582635624450e+01 -1.491704376348515915e+01 -1.333714721078239407e+01
-1.876908544269490520e+01 -1.886917298415540500e+01 -1.886436195410251671e+01
-1.929411968665963784e+01 -1.912415204741644459e+01 -1.914284725366919204e+01
-1.937688497647511454e+01 -1.941332639707806251e+01 -1.941395041267295341e+01
-1.945255863270206831e+01 -1.951379761023681780e+01 -1.950442145097621349e+01
-1.963914513077867952e+01 -1.952745267010468311e+01 -1.959310052248787315e+01
-1.965586921775058116e+01 -1.964643424366533608e+01 -1.967390361582697977e+01
-1.978852320634112871e+01 -1.981475897239675987e+01 -1.979061675371822560e+01
-1.978205909653267014e+01 -1.978548495410117880e+01 -1.978349182760376479e+01
-1.977494627327177668e+01 -1.977673338447070606e+01 -1.977206697811246983e+01
-1.973766764273095120e+01 -1.974091120804771649e+01 -1.969917389225846449e+01
-1.968367905400772955e+01 -1.962418334358112304e+01 -1.956706861480183690e+01
-1.930453929058927898e+01 -1.924821993098472461e+01 -1.911139486635975260e+01
-1.845001341350929636e+01 -1.859186283383825611e+01 -1.824420728260691860e+01
-1.815041536447546022e+01 -1.821679989837884861e+01 -1.814466345879177211e+01
-1.783182880244838842e+01 -1.776693249924895213e+01 -1.756815446263860281e+01
-1.371825716297647446e+01 0.000000000000000000e+00 0.000000000000000000e+00
0.000000000000000000e+00 0.000000000000000000e+00 0.000000000000000000e+00
0.000000000000000000e+00 0.000000000000000000e+00 0.000000000000000000e+00
0.000000000000000000e+00 0.000000000000000000e+00 0.000000000000000000e+00
-1.716056514852254011e+01 0.000000000000000000e+00 0.000000000000000000e+00
-1.911944468598300872e+01 -1.917817486537239091e+01 -1.883951531726705753e+01
-1.883305498210546247e+01 -1.912206041322427197e+01 -1.893648800109068020e+01
-1.920025713169895809e+01 -1.926538170114325865e+01 -1.920819030097016622e+01
-1.949961580708979270e+01 -1.940835879536122022e+01 -1.944244415409791671e+01
-1.954981800559690086e+01 -1.948457863427755399e+01 -1.957083290150339749e+01
-1.955026199501320150e+01 -1.961494621125361348e+01 -1.961177334316220211e+01
-1.962240175583965041e+01 -1.966814180466150930e+01 -1.963619317093740690e+01
-1.963740851844516300e+01 -1.964375352745581793e+01 -1.964007675747627601e+01
-1.966106167533802207e+01 -1.967526243088021687e+01 -1.967421896873413800e+01
-1.966974546549953118e+01 -1.966228455194958613e+01 -1.962241068150037648e+01
-1.952159310835499895e+01 -1.951822997014484429e+01 -1.952019829446722454e+01
-1.925509957302799791e+01 -1.908313239430677299e+01 -1.907982715622022951e+01
-1.816565285396983498e+01 -1.824827937486108098e+01 -1.799940691058139919e+01
-1.787633023722237624e+01 -1.802489621124716734e+01 -1.803650519679194986e+01
-1.642114855886797997e+01 -1.729888874225675011e+01 -1.661942168971744493e+01
-1.056456315255256762e+01 0.000000000000000000e+00 0.000000000000000000e+00
0.000000000000000000e+00 0.000000000000000000e+00 0.000000000000000000e+00
0.000000000000000000e+00 0.000000000000000000e+00 0.000000000000000000e+00
0.000000000000000000e+00 -7.661212707677057310e+00 0.000000000000000000e+00
0.000000000000000000e+00 0.000000000000000000e+00 0.000000000000000000e+00
-1.632839392756507380e+01 -1.074785520328362765e+01 -1.620171106193527422e+01
-1.909872148632246081e+01 -1.885711761043560841e+01 -1.898994210214551615e+01
-1.892960777729622279e+01 -1.907502052835236839e+01 -1.904284135263732836e+01
-1.925581166078226403e+01 -1.933226738899200470e+01 -1.930285227310167784e+01
-1.945260088902784901e+01 -1.945383602184820759e+01 -1.945885909578751694e+01
-1.951982820618127334e+01 -1.951923408461360054e+01 -1.952835612549094435e+01
-1.951472136429498150e+01 -1.952352118670677328e+01 -1.953994647775910920e+01
-1.955701280564451849e+01 -1.957500046553840534e+01 -1.957435272386265623e+01
-1.957972074590504263e+01 -1.957497252400791155e+01 -1.958664276718269548e+01
-1.954372128405367803e+01 -1.957222716430660014e+01 -1.957499704424136056e+01
-1.934000999466437420e+01 -1.933708130444081519e+01 -1.936892723430868557e+01
-1.870580460645549792e+01 -1.869960553636647660e+01 -1.808949380456330758e+01
-1.789160903018236226e+01 -1.805709115086301253e+01 -1.802469938190150600e+01
-1.781963900226834241e+01 -1.772924449862341589e+01 -1.784614452213789448e+01
-1.008806414173066024e+01 0.000000000000000000e+00 0.000000000000000000e+00
0.000000000000000000e+00 0.000000000000000000e+00 0.000000000000000000e+00
0.000000000000000000e+00 0.000000000000000000e+00 0.000000000000000000e+00
0.000000000000000000e+00 0.000000000000000000e+00 0.000000000000000000e+00
0.000000000000000000e+00 0.000000000000000000e+00 0.000000000000000000e+00
-1.543430612988035122e+01 0.000000000000000000e+00 0.000000000000000000e+00
0.000000000000000000e+00 0.000000000000000000e+00 0.000000000000000000e+00
-1.896380578012749396e+01 -1.911069901839187679e+01 -1.886234959731971372e+01
-1.894552598178413660e+01 -1.907089390608667756e+01 -1.909356061251985182e+01
-1.903197848053405394e+01 -1.917831884832572698e+01 -1.915122757904890705e+01
-1.925026965449161054e+01 -1.926916919293076447e+01 -1.927072413323373823e+01
-1.934872518261251884e+01 -1.942048368295653660e+01 -1.941827128635178568e+01
-1.941822015670000212e+01 -1.947181740219804524e+01 -1.944834546372770134e+01
-1.955437528736836228e+01 -1.948607033827784107e+01 -1.946404097444151660e+01
-1.950077894729301775e+01 -1.950102044345681307e+01 -1.947969346764471510e+01
-1.945969208413038487e+01 -1.949879165345879528e+01 -1.943176403374014782e+01
-1.922965017167945234e+01 -1.900808185136627770e+01 -1.806193847508737704e+01
-1.812741545138051436e+01 -1.817369680505716900e+01 -1.829098495566590188e+01
-1.787976863316373866e+01 -1.786479805091270023e+01 -1.754475689320485898e+01
-1.737510905674315254e+01 -1.803213903466669166e+01 -1.693383842874382594e+01
0.000000000000000000e+00 0.000000000000000000e+00 0.000000000000000000e+00
0.000000000000000000e+00 0.000000000000000000e+00 0.000000000000000000e+00
0.000000000000000000e+00 0.000000000000000000e+00 0.000000000000000000e+00
0.000000000000000000e+00 0.000000000000000000e+00 0.000000000000000000e+00
0.000000000000000000e+00 0.000000000000000000e+00 0.000000000000000000e+00
-9.687387594815206171e+00 0.000000000000000000e+00 0.000000000000000000e+00
0.000000000000000000e+00 -1.278019251204988294e+01 -1.444619568560232459e+01
0.000000000000000000e+00 0.000000000000000000e+00 0.000000000000000000e+00
-1.903278819237294428e+01 -1.905414568462396119e+01 -1.904653830599901099e+01
-1.921640871272321505e+01 -1.917327313737509442e+01 -1.914001236433525577e+01
-1.921274583641238465e+01 -1.927137541393191356e+01 -1.926666464994833916e+01
-1.928822170125053503e+01 -1.929975432676111780e+01 -1.931239734083941073e+01
-1.938544444779705600e+01 -1.939129145435644119e+01 -1.939227623517647103e+01
-1.940248508967444963e+01 -1.942192526598434910e+01 -1.942517116321710802e+01
-1.941960864447779400e+01 -1.942755932444529066e+01 -1.942297219826404131e+01
-1.941612091696496734e+01 -1.795087472914035942e+01 -1.900940682596781173e+01
-1.863769918611228249e+01 -1.818503793565182391e+01 -1.808662945010173928e+01
-1.775697134819450085e+01 -1.773679383224962081e+01 -1.691766222580824319e+01
-1.717520513014535410e+01 -1.711346541173292835e+01 -1.742773994430067575e+01
-1.752501348034133954e+01 0.000000000000000000e+00 0.000000000000000000e+00
-1.359660609172014922e+01 0.000000000000000000e+00 0.000000000000000000e+00
-1.463175058766889158e+01 -1.028403565368428296e+01 0.000000000000000000e+00
0.000000000000000000e+00 0.000000000000000000e+00 0.000000000000000000e+00
0.000000000000000000e+00 0.000000000000000000e+00 0.000000000000000000e+00
-7.793792866656981566e+00 0.000000000000000000e+00 0.000000000000000000e+00
0.000000000000000000e+00 0.000000000000000000e+00 0.000000000000000000e+00
0.000000000000000000e+00 0.000000000000000000e+00 0.000000000000000000e+00
0.000000000000000000e+00 0.000000000000000000e+00 0.000000000000000000e+00
-1.250197929484478010e+01 0.000000000000000000e+00 0.000000000000000000e+00
-1.917994419276373108e+01 -1.920356487587252658e+01 -1.917508292056688290e+01
-1.929425107082793645e+01 -1.924599058194872825e+01 -1.928909481701535000e+01
-1.932128959211034314e+01 -1.933623399477821536e+01 -1.933331614729111791e+01
-1.945507460581911729e+01 -1.935499528485048160e+01 -1.941932034303225052e+01
-1.942826306699805627e+01 -1.944480889686171921e+01 -1.944662815489817120e+01
-1.939568756684331063e+01 -1.938142672080376272e+01 -1.883369122749703095e+01
-1.855984510067556670e+01 -1.842271801565168232e+01 -1.862226881203519468e+01
-1.763928777922380320e+01 -1.788508950985394819e+01 -1.695239911498103780e+01
-1.707396251732974690e+01 -1.703163325534460881e+01 -1.671698604163712432e+01
-1.360489889714726353e+01 -1.009142949628329688e+01 -1.302886676433225688e+01
0.000000000000000000e+00 0.000000000000000000e+00 0.000000000000000000e+00
0.000000000000000000e+00 0.000000000000000000e+00 0.000000000000000000e+00
0.000000000000000000e+00 0.000000000000000000e+00 0.000000000000000000e+00
0.000000000000000000e+00 0.000000000000000000e+00 0.000000000000000000e+00
0.000000000000000000e+00 0.000000000000000000e+00 0.000000000000000000e+00
0.000000000000000000e+00 0.000000000000000000e+00 0.000000000000000000e+00
0.000000000000000000e+00 0.000000000000000000e+00 0.000000000000000000e+00
0.000000000000000000e+00 0.000000000000000000e+00 0.000000000000000000e+00
-1.013555080783849327e+01 0.000000000000000000e+00 0.000000000000000000e+00
-1.167858530665682437e+01 0.000000000000000000e+00 0.000000000000000000e+00
-1.367438269442248000e+01 0.000000000000000000e+00 0.000000000000000000e+00
-1.928746504135385820e+01 -1.941270036914868058e+01 -1.928169789823158453e+01
-1.938639579465022678e+01 -1.934902674316897020e+01 -1.939059152152412580e+01
-1.940449995167728403e+01 -1.943766685180438003e+01 -1.944460046285676924e+01
-1.948076267021533781e+01 -1.947634638275324903e+01 -1.946283782749499025e+01
-1.916161304489478212e+01 -1.898525999720985169e+01 -1.911294086082402544e+01
-1.799867109719072999e+01 -1.792486046846403980e+01 -1.806228085579460441e+01
-1.644539549847615589e+01 -1.657527229712493622e+01 -1.449351267450325764e+01
-1.490649723118329995e+01 -1.438978817491404705e+01 -1.602224332525548078e+01
-6.258768517925582309e+00 -6.999049912008136864e+00 0.000000000000000000e+00
0.000000000000000000e+00 0.000000000000000000e+00 0.000000000000000000e+00
-1.291763153443721457e+01 0.000000000000000000e+00 0.000000000000000000e+00
-1.473859053835892574e+01 0.000000000000000000e+00 0.000000000000000000e+00
0.000000000000000000e+00 0.000000000000000000e+00 0.000000000000000000e+00
0.000000000000000000e+00 0.000000000000000000e+00 0.000000000000000000e+00
0.000000000000000000e+00 0.000000000000000000e+00 0.000000000000000000e+00
0.000000000000000000e+00 0.000000000000000000e+00 -1.372602004194611247e+01
-1.432135790328458569e+01 -9.053598919413953894e+00 0.000000000000000000e+00
0.000000000000000000e+00 0.000000000000000000e+00 0.000000000000000000e+00
0.000000000000000000e+00 0.000000000000000000e+00 0.000000000000000000e+00
0.000000000000000000e+00 0.000000000000000000e+00 0.000000000000000000e+00
-8.049897015287939439e+00 0.000000000000000000e+00 0.000000000000000000e+00
-1.948208110066718035e+01 -1.933285210387369091e+01 -1.934476392454435256e+01
-1.938093783749154042e+01 -1.941867916285608686e+01 -1.942244775511251476e+01
-1.948089923977581961e+01 -1.944544146719405475e+01 -1.947542038679798893e+01
-1.900849925065489288e+01 -1.876659028249516226e+01 -1.836244709647812456e+01
-1.685195632565918444e+01 -1.665705706540672182e+01 -1.580213367544187797e+01
-1.481939149639273978e+01 -1.189501625227687498e+01 -1.218350631240402393e+01
-7.784105647832129549e+00 -5.986575092568537038e+00 -1.137130082217159455e+01
0.000000000000000000e+00 0.000000000000000000e+00 0.000000000000000000e+00
-1.134245645686774040e+01 0.000000000000000000e+00 0.000000000000000000e+00
-1.480636284266409142e+01 0.000000000000000000e+00 0.000000000000000000e+00
0.000000000000000000e+00 0.000000000000000000e+00 0.000000000000000000e+00
0.000000000000000000e+00 0.000000000000000000e+00 0.000000000000000000e+00
0.000000000000000000e+00 0.000000000000000000e+00 0.000000000000000000e+00
0.000000000000000000e+00 0.000000000000000000e+00 0.000000000000000000e+00
0.000000000000000000e+00 0.000000000000000000e+00 0.000000000000000000e+00
-1.000000000000000000e+00 0.000000000000000000e+00 0.000000000000000000e+00
0.000000000000000000e+00 0.000000000000000000e+00 0.000000000000000000e+00
0.000000000000000000e+00 0.000000000000000000e+00 0.000000000000000000e+00
0.000000000000000000e+00 0.000000000000000000e+00 0.000000000000000000e+00
0.000000000000000000e+00 0.000000000000000000e+00 0.000000000000000000e+00
-7.566315153547249928e+00 0.000000000000000000e+00 0.000000000000000000e+00
-1.822549499400578199e+01 -1.750491823608526687e+01 -1.831107877700223341e+01
-1.729011265344013637e+01 -1.730269217878609211e+01 -1.728538843385734580e+01
-1.779670174071554811e+01 -1.807176519820127680e+01 -1.809531548315986527e+01
-1.602825530171117663e+01 -1.506726844575335278e+01 -1.511918865035890747e+01
-8.079033517219993854e+00 -6.649470260758633344e+00 -6.770659394473651282e+00
-1.797527576485185685e+00 -7.722384785156108045e+00 0.000000000000000000e+00
0.000000000000000000e+00 0.000000000000000000e+00 -1.307233731255256437e+01
-1.523814952939947887e+01 0.000000000000000000e+00 0.000000000000000000e+00
0.000000000000000000e+00 0.000000000000000000e+00 0.000000000000000000e+00
-9.577244506993288553e+00 0.000000000000000000e+00 0.000000000000000000e+00
0.000000000000000000e+00 0.000000000000000000e+00 0.000000000000000000e+00
0.000000000000000000e+00 0.000000000000000000e+00 0.000000000000000000e+00
0.000000000000000000e+00 0.000000000000000000e+00 0.000000000000000000e+00
0.000000000000000000e+00 0.000000000000000000e+00 0.000000000000000000e+00
0.000000000000000000e+00 0.000000000000000000e+00 0.000000000000000000e+00
-1.020145102430743300e+01 0.000000000000000000e+00 0.000000000000000000e+00
0.000000000000000000e+00 0.000000000000000000e+00 0.000000000000000000e+00
0.000000000000000000e+00 0.000000000000000000e+00 0.000000000000000000e+00
0.000000000000000000e+00 0.000000000000000000e+00 0.000000000000000000e+00
0.000000000000000000e+00 0.000000000000000000e+00 0.000000000000000000e+00
0.000000000000000000e+00 0.000000000000000000e+00 0.000000000000000000e+00
0.000000000000000000e+00 0.000000000000000000e+00 0.000000000000000000e+00
0.000000000000000000e+00 0.000000000000000000e+00 0.000000000000000000e+00
-9.268954597874804691e+00 0.000000000000000000e+00 0.000000000000000000e+00
0.000000000000000000e+00 -1.509319070403877205e+01 0.000000000000000000e+00
0.000000000000000000e+00 0.000000000000000000e+00 0.000000000000000000e+00
0.000000000000000000e+00 0.000000000000000000e+00 0.000000000000000000e+00
-1.171506550082089504e+01 0.000000000000000000e+00 0.000000000000000000e+00
0.000000000000000000e+00 0.000000000000000000e+00 0.000000000000000000e+00
0.000000000000000000e+00 0.000000000000000000e+00 0.000000000000000000e+00
0.000000000000000000e+00 0.000000000000000000e+00 0.000000000000000000e+00
0.000000000000000000e+00 0.000000000000000000e+00 0.000000000000000000e+00
0.000000000000000000e+00 0.000000000000000000e+00 0.000000000000000000e+00
0.000000000000000000e+00 0.000000000000000000e+00 0.000000000000000000e+00
0.000000000000000000e+00 0.000000000000000000e+00 0.000000000000000000e+00
0.000000000000000000e+00 0.000000000000000000e+00 0.000000000000000000e+00
0.000000000000000000e+00 0.000000000000000000e+00 0.000000000000000000e+00
0.000000000000000000e+00 0.000000000000000000e+00 0.000000000000000000e+00
0.000000000000000000e+00 0.000000000000000000e+00 0.000000000000000000e+00
0.000000000000000000e+00 0.000000000000000000e+00 0.000000000000000000e+00
0.000000000000000000e+00 0.000000000000000000e+00 0.000000000000000000e+00
0.000000000000000000e+00 0.000000000000000000e+00 0.000000000000000000e+00
0.000000000000000000e+00 0.000000000000000000e+00 0.000000000000000000e+00
0.000000000000000000e+00 0.000000000000000000e+00 0.000000000000000000e+00
0.000000000000000000e+00 0.000000000000000000e+00 0.000000000000000000e+00
0.000000000000000000e+00 0.000000000000000000e+00 0.000000000000000000e+00
0.000000000000000000e+00 0.000000000000000000e+00 0.000000000000000000e+00
0.000000000000000000e+00 0.000000000000000000e+00 0.000000000000000000e+00
0.000000000000000000e+00 0.000000000000000000e+00 0.000000000000000000e+00
0.000000000000000000e+00 0.000000000000000000e+00 0.000000000000000000e+00
0.000000000000000000e+00 0.000000000000000000e+00 0.000000000000000000e+00
