0.000000000000000000e+00 0.000000000000000000e+00 0.000000000000000000e+00
0.000000000000000000e+00 0.000000000000000000e+00 0.000000000000000000e+00
0.000000000000000000e+00 0.000000000000000000e+00 0.000000000000000000e+00
0.000000000000000000e+00 0.000000000000000000e+00 0.000000000000000000e+00
0.000000000000000000e+00 0.000000000000000000e+00 0.000000000000000000e+00
-1.289068969010570065e+01 -1.294409161923176299e+01 -1.384045606954925134e+01
-1.390185262797185928e+01 -1.387971570212214445e+01 -1.354186079075167193e+01
-1.443693176863592598e+01 -1.490778760386132085e+01 -1.437631590696755346e+01
-1.422764332723806469e+01 -1.452826288722722481e+01 -1.418159697816686382e+01
-1.479785154061986496e+01 -1.470224837530239981e+01 -1.463767987980193297e+01
-1.497200353268863893e+01 -1.413107246652053917e+01 -1.491520378540637815e+01
-1.470889130053535432e+01 -1.457682474286519891e+01 -8.127160759232648246e+00
-9.081647162100505710e+00 -1.342822088174092343e+01 -1.342357021160470687e+01
0.000000000000000000e+00 0.000000000000000000e+00 0.000000000000000000e+00
0.000000000000000000e+00 0.000000000000000000e+00 0.000000000000000000e+00
0.000000000000000000e+00 0.000000000000000000e+00 0.000000000000000000e+00
0.000000000000000000e+00 0.000000000000000000e+00 0.000000000000000000e+00
0.000000000000000000e+00 0.000000000000000000e+00 0.000000000000000000e+00
0.000000000000000000e+00 0.000000000000000000e+00 0.000000000000000000e+00
0.000000000000000000e+00 0.000000000000000000e+00 0.000000000000000000e+00
0.000000000000000000e+00 0.000000000000000000e+00 0.000000000000000000e+00
0.000000000000000000e+00 0.000000000000000000e+00 0.000000000000000000e+00
0.000000000000000000e+00 0.000000000000000000e+00 0.000000000000000000e+00
0.000000000000000000e+00 0.000000000000000000e+00 0.000000000000000000e+00
-1.294325781984941059e+01 -1.289037480637709976e+01 -1.109047031588970178e+01
-1.437478886429849467e+01 -1.375278007250487455e+01 -1.252010425045170017e+01
-1.473438236701246673e+01 -1.693057264978133247e+01 -1.319005878096350770e+01
-1.383484541342041041e+01 -1.435035052240078457e+01 -1.441111360723291845e+01
-1.443141663253398121e+01 -1.317982780030494006e+01 -1.284595400987007352e+01
-1.439540105001974979e+01 -1.402995387164501118e+01 -1.427436675799866173e+01
-1.441656545240680387e+01 -1.451036087925721318e+01 -1.382998717174643488e+01
-1.478297779012023305e+01 -1.346636909739282295e+01 -8.873524720661404075e+00
-1.377332439334612246e+01 -7.964665361804002863e+00 -1.459044732787709897e+01
-1.371004138994258703e+01 -1.310387790133881047e+01 -1.259405073780364148e+01
0.000000000000000000e+00 0.000000000000000000e+00 0.000000000000000000e+00
0.000000000000000000e+00 0.000000000000000000e+00 0.000000000000000000e+00
0.000000000000000000e+00 0.000000000000000000e+00 0.000000000000000000e+00
0.000000000000000000e+00 0.000000000000000000e+00 0.000000000000000000e+00
0.000000000000000000e+00 0.000000000000000000e+00 0.000000000000000000e+00
0.000000000000000000e+00 0.000000000000000000e+00 0.000000000000000000e+00
0.000000000000000000e+00 0.000000000000000000e+00 0.000000000000000000e+00
0.000000000000000000e+00 0.000000000000000000e+00 0.000000000000000000e+00
0.000000000000000000e+00 0.000000000000000000e+00 0.000000000000000000e+00
-1.218911083879546808e+01 -1.257953774801604574e+01 -1.288512618773876106e+01
-1.359171724936823900e+01 -1.388834486489208508e+01 -1.348561134923646065e+01
-1.314759922973388484e+01 -1.457252663996443687e+01 -1.359665457002764910e+01
-1.408721864992804385e+01 -1.351182089288693966e+01 -1.408675034770359069e+01
-1.321671025513454722e+01 -1.406135826912652753e+01 -1.346098328008683254e+01
-1.382751273799935277e+01 -1.351540253246235501e+01 -1.383869765849269839e+01
-1.462432483869891797e+01 -1.458633173435752006e+01 -1.487474571693263670e+01
-1.513102488926161193e+01 -1.450376514460751842e+01 -1.515494327920406015e+01
-1.459093606838319879e+01 -1.448956224826517314e+01 -1.443783962335709603e+01
-1.448188764045266375e+01 -1.258032346242868549e+01 -1.462212366911339423e+01
-9.494779310337722933e+00 -1.293357090870972215e+01 -1.305399316840321866e+01
-1.340745455692059629e+01 -8.490217561513411226e+00 -1.233951310341594620e+01
0.000000000000000000e+00 0.000000000000000000e+00 0.000000000000000000e+00
0.000000000000000000e+00 0.000000000000000000e+00 0.000000000000000000e+00
0.000000000000000000e+00 0.000000000000000000e+00 0.000000000000000000e+00
0.000000000000000000e+00 0.000000000000000000e+00 0.000000000000000000e+00
0.000000000000000000e+00 0.000000000000000000e+00 0.000000000000000000e+00
0.000000000000000000e+00 0.000000000000000000e+00 0.000000000000000000e+00
0.000000000000000000e+00 0.000000000000000000e+00 0.000000000000000000e+00
0.000000000000000000e+00 0.000000000000000000e+00 0.000000000000000000e+00
-1.298120068364575985e+01 -1.220077095469349615e+01 -1.313816226394364151e+01
-1.356293925546641432e+01 -1.359818139039838769e+01 -1.408598063834955916e+01
-1.408776117280156903e+01 -1.412658088648686316e+01 -1.411547533472239735e+01
-1.286640796565027678e+01 -1.381898288786972095e+01 -1.436579788413116887e+01
-1.440348017501234068e+01 -1.438817221535666491e+01 -1.437828882869462888e+01
-1.353389193718735939e+01 -1.414082138612340955e+01 -1.535490437943168729e+01
-1.531921905384333904e+01 -1.514823227669852557e+01 -1.379288723954152651e+01
-1.539810395231621243e+01 -1.522024044225824824e+01 -1.534113771830449480e+01
-1.532800376780736329e+01 -1.643516163952571318e+01 -1.437228225880677002e+01
-1.553900786451587201e+01 -6.654112556580069615e+00 -1.462618716618150749e+01
-7.041511658437224597e+00 -6.655989432502460446e+00 -1.453011416659868438e+01
-1.009144867670026358e+01 -9.604184516721636200e+00 -1.215414559635062552e+01
-1.187236543515647824e+01 -1.249540753504816415e+01 -1.131960068834627720e+01
0.000000000000000000e+00 0.000000000000000000e+00 0.000000000000000000e+00
0.000000000000000000e+00 0.000000000000000000e+00 0.000000000000000000e+00
0.000000000000000000e+00 0.000000000000000000e+00 0.000000000000000000e+00
0.000000000000000000e+00 0.000000000000000000e+00 0.000000000000000000e+00
0.000000000000000000e+00 0.000000000000000000e+00 0.000000000000000000e+00
0.000000000000000000e+00 0.000000000000000000e+00 0.000000000000000000e+00
-1.350658837181839189e+01 -1.206386181606249863e+01 0.000000000000000000e+00
-1.387148882790435245e+01 -1.437208141598653732e+01 -1.355370499659720451e+01
-1.356671723228251736e+01 -1.412019085066463653e+01 -1.412266989242632675e+01
-1.382394555471816666e+01 -1.349186216188160259e+01 -1.351600770679287322e+01
-1.378478270853788246e+01 -1.408742269451496121e+01 -1.384487875260731116e+01
-1.409576991804247115e+01 -1.517095895144971429e+01 -1.623639663023188362e+01
-1.514769404800932406e+01 -1.617598951248305994e+01 -1.659538581676788382e+01
-1.661765714294253726e+01 -1.662798673736266508e+01 -1.662462368284801073e+01
-1.662357730005904344e+01 -1.678273222176444435e+01 -1.559498506909088889e+01
-1.642984537495092923e+01 -1.540211404352186797e+01 -1.559349878459052974e+01
-1.554282051128573450e+01 -1.446927227435949881e+01 -1.532365791276490796e+01
-1.454681745334757181e+01 -1.442812270246402484e+01 -1.212551970222942899e+01
-1.373614494316228374e+01 -1.352409676989177356e+01 -9.059773951599012776e+00
-1.137858613973589250e+01 -1.175529004353810514e+01 -1.170647844384649794e+01
-1.169773629887662203e+01 -1.247282019629432526e+01 -1.381811642781266869e+01
0.000000000000000000e+00 0.000000000000000000e+00 0.000000000000000000e+00
0.000000000000000000e+00 0.000000000000000000e+00 0.000000000000000000e+00
0.000000000000000000e+00 0.000000000000000000e+00 0.000000000000000000e+00
0.000000000000000000e+00 0.000000000000000000e+00 0.000000000000000000e+00
0.000000000000000000e+00 0.000000000000000000e+00 0.000000000000000000e+00
-1.018691593376311655e+00 -2.972315301288448453e+00 -1.250254668530582336e+01
-1.365333406555850537e+01 -1.446558101800660801e+01 -1.439402836978071853e+01
-1.466830465264933636e+01 -1.445290000757698579e+01 -1.413195364742932725e+01
-1.409482161468640449e+01 -1.411988428303079601e+01 -1.378971399790337848e+01
-1.380158126247747674e+01 -1.515306736564418522e+01 -1.515609542578028268e+01
-1.633342056745344451e+01 -1.632969433077120769e+01 -1.467557555481901055e+01
-1.688360837815990223e+01 -1.688389927390718626e+01 -1.628443589346500886e+01
-1.658787748789976035e+01 -1.658184005974710118e+01 -1.645830296287430272e+01
-1.662845583767578361e+01 -1.666544899134021662e+01 -1.620452641666319948e+01
-1.662438423096165963e+01 -1.669188440409455865e+01 -1.654891356144526426e+01
-1.675714941320524076e+01 -1.671787635424115948e+01 -1.652807616506857258e+01
-1.514941476627432770e+01 -1.619469505649052365e+01 -1.539088787091975696e+01
-1.053575796357466388e+01 -1.455495339512889075e+01 -1.480379993678798201e+01
-1.175967492019965910e+01 -1.215125618620265868e+01 -1.140950194084964053e+01
-1.191711019037213859e+01 -1.384651978293618590e+01 -1.176348851145561447e+01
0.000000000000000000e+00 0.000000000000000000e+00 0.000000000000000000e+00
0.000000000000000000e+00 0.000000000000000000e+00 0.000000000000000000e+00
0.000000000000000000e+00 0.000000000000000000e+00 0.000000000000000000e+00
0.000000000000000000e+00 0.000000000000000000e+00 0.000000000000000000e+00
0.000000000000000000e+00 0.000000000000000000e+00 0.000000000000000000e+00
-9.737787210598959575e+00 -2.918527813860898323e+00 -1.203909515846756939e+01
-1.467162852450860377e+01 -1.454188808733548655e+01 -1.447100381566554539e+01
-1.441849853199356879e+01 -1.467936449555697287e+01 -1.467568805082483330e+01
-1.410667428491767339e+01 -1.439084361703183212e+01 -1.490094380991286371e+01
-1.524128478518552399e+01 -1.538637117454232239e+01 -1.386180113459008645e+01
-1.651576444590556036e+01 -1.651486614459077629e+01 -1.614737864240846221e+01
-1.639371025545039728e+01 -1.707600560827161829e+01 -1.849240966015380039e+01
-1.896046681981556503e+01 -1.733746422912172491e+01 -1.896126131787280755e+01
-1.822198951087632324e+01 -1.829329886453764331e+01 -1.743044717196574211e+01
-1.744546844488819204e+01 -1.741650938009010119e+01 -1.771133365347730049e+01
-1.654774152644538532e+01 -1.488890472919756824e+01 -1.640367639386985843e+01
-1.621374948538482386e+01 -1.620750766491002892e+01 -1.648043960876971070e+01
-1.455099923948525209e+01 -1.447314693708918654e+01 -1.366890584816658460e+01
-1.396739001499488175e+01 -1.415825605920745467e+01 -1.224401299689342792e+01
-1.413214177759683210e+01 -1.186394418924537497e+01 -1.190630623162906154e+01
0.000000000000000000e+00 0.000000000000000000e+00 0.000000000000000000e+00
0.000000000000000000e+00 0.000000000000000000e+00 0.000000000000000000e+00
0.000000000000000000e+00 0.000000000000000000e+00 0.000000000000000000e+00
0.000000000000000000e+00 0.000000000000000000e+00 0.000000000000000000e+00
0.000000000000000000e+00 0.000000000000000000e+00 0.000000000000000000e+00
-5.999859545498929414e+00 -5.417720472173059854e+00 -8.618175399019140315e+00
-1.474799419493698949e+01 -1.467447915002407832e+01 -1.469492570722154845e+01
-1.494182793737749826e+01 -1.450112636525467735e+01 -1.494501875016849191e+01
-1.465954088743889194e+01 -1.467165593812597812e+01 -1.411255067660998819e+01
-1.537261749615746176e+01 -1.514940645439016365e+01 -1.468342205057459715e+01
-1.634157692956040009e+01 -1.652406067842973059e+01 -1.663633822089187220e+01
-1.721904639732158770e+01 -1.728674448132515096e+01 -1.673919676613207486e+01
-1.662491770562002813e+01 -1.877287287021979267e+01 -1.768948686645921953e+01
-1.689577289738297949e+01 -1.935838877680220804e+01 -1.935843377215836014e+01
-1.827238152918414116e+01 -1.606799629318409472e+01 -1.809015169384949928e+01
-1.634824660639740657e+01 -1.635928696724458931e+01 -1.598437834314542805e+01
-1.652272375148202244e+01 -1.599659590753918437e+01 -1.651683336301761074e+01
-1.480695842385062200e+01 -1.482908062094173651e+01 -1.425332580772164448e+01
-9.940317497491292897e+00 -1.097190883714208276e+01 -1.282365186306199689e+01
-1.283689523017925715e+01 -1.386451302282552689e+01 -2.146525157344518320e+00
-1.050558321565175035e+00 -9.950124791926823198e-01 -9.999009941915808497e-01
0.000000000000000000e+00 0.000000000000000000e+00 0.000000000000000000e+00
0.000000000000000000e+00 0.000000000000000000e+00 0.000000000000000000e+00
0.000000000000000000e+00 0.000000000000000000e+00 0.000000000000000000e+00
0.000000000000000000e+00 0.000000000000000000e+00 0.000000000000000000e+00
0.000000000000000000e+00 0.000000000000000000e+00 0.000000000000000000e+00
-1.474666642658526605e+01 -1.441821960813700443e+01 -1.468019747164724187e+01
-1.505283014150578147e+01 -1.469485449737410576e+01 -1.507901091336126775e+01
-1.476463721632754655e+01 -1.416386235829596707e+01 -1.493642997064799083e+01
-1.467493157559804828e+01 -1.538535428111399028e+01 -1.523606860250352568e+01
-1.475806598527135272e+01 -1.663292018684071039e+01 -1.663127658261672792e+01
-1.695882030448631639e+01 -1.628577154632233004e+01 -1.691007360180833530e+01
-1.778678962777593853e+01 -1.715843167506601219e+01 -1.699536797216104844e+01
-1.667167387696184733e+01 -1.702608987178349409e+01 -1.700690532435824665e+01
-1.678734327918543201e+01 -1.704366877828759996e+01 -1.689233653536965818e+01
-1.652330448268888929e+01 -1.652885211719682346e+01 -1.535175648541965288e+01
-1.413644379394391137e+01 -1.599288689455054957e+01 -1.617906593781886571e+01
-1.528027284047741041e+01 -1.374664291538962146e+01 -1.451914951920232255e+01
-1.191483887960411536e+01 -1.206256871777454975e+01 -1.384571335056893204e+01
-1.359260140770299152e+01 -1.282435897614390896e+01 -1.203593454788276240e+01
-5.429661779915893938e+00 -1.113366242824479535e+01 -1.018436908081699510e+00
0.000000000000000000e+00 0.000000000000000000e+00 0.000000000000000000e+00
0.000000000000000000e+00 0.000000000000000000e+00 0.000000000000000000e+00
0.000000000000000000e+00 0.000000000000000000e+00 0.000000000000000000e+00
0.000000000000000000e+00 0.000000000000000000e+00 0.000000000000000000e+00
0.000000000000000000e+00 0.000000000000000000e+00 0.000000000000000000e+00
-1.217013459478631709e+01 -1.238838699323706116e+01 -1.392028984711861916e+01
-1.519583534872538877e+01 -1.507602375380115234e+01 -1.501860602381756138e+01
-1.285654377520827296e+01 -1.488490752716799648e+01 -1.487904111427848086e+01
-1.486479021224082864e+01 -1.537545693140559067e+01 -1.473506166471439727e+01
-1.563958066322611273e+01 -1.651174142104258635e+01 -1.563636801960380573e+01
-1.523369979791937645e+01 -1.655996256348979756e+01 -1.663824068067936324e+01
-1.615932035771458075e+01 -1.659879032564470691e+01 -1.638004982644893914e+01
-1.667919765586955094e+01 -1.668044900485142890e+01 -1.544173109682174427e+01
-1.659243144418358540e+01 -1.509764612112035387e+01 -1.652273310875651191e+01
-1.650323115607621105e+01 -1.618359782917881518e+01 -1.482686271315606241e+01
-1.631239129329915016e+01 -1.574497009482066723e+01 -1.576705513459677377e+01
-1.396633511707454822e+01 -1.337472114859349581e+01 -1.403689905705595287e+01
-1.336088746466194976e+01 -1.252635097257542185e+01 -1.246767101582188531e+01
-1.329783564195394696e+01 -1.234840988052539856e+01 -1.350463599039893658e+01
-9.769324043038091432e+00 -1.262531846354090170e+01 0.000000000000000000e+00
0.000000000000000000e+00 0.000000000000000000e+00 0.000000000000000000e+00
0.000000000000000000e+00 0.000000000000000000e+00 0.000000000000000000e+00
0.000000000000000000e+00 0.000000000000000000e+00 0.000000000000000000e+00
0.000000000000000000e+00 0.000000000000000000e+00 0.000000000000000000e+00
0.000000000000000000e+00 0.000000000000000000e+00 0.000000000000000000e+00
-3.820965410504651327e+00 -4.493332720513873113e+00 0.000000000000000000e+00
-1.416559334530297676e+01 -1.499579771406019901e+01 -1.464255325002938868e+01
-1.383456610197214864e+01 -1.384721884224181032e+01 -1.484638734567917595e+01
-1.423925546656014163e+01 -1.356703886547975202e+01 -1.499052359872232643e+01
-1.505839039524529532e+01 -1.496236934029708365e+01 -1.561611465556973499e+01
-1.658237436458712466e+01 -1.435495047767274457e+01 -1.437549283984894899e+01
-1.410271089822119706e+01 -1.603330162064159126e+01 -1.581994706917941329e+01
-1.600651909841212372e+01 -1.608756319547205038e+01 -1.594787187058109090e+01
-1.587801933055183667e+01 -1.581263230713093826e+01 -1.551656795942036915e+01
-1.526426099310602424e+01 -1.555132654686708094e+01 -1.554721529127946056e+01
-1.163754769877595763e+01 -1.406453841279567563e+01 -1.368208812239407202e+01
-1.260312931875057885e+01 -1.405181900820604746e+01 -1.363875651395916933e+01
-1.297096191206111904e+01 -1.245873403604980467e+01 -1.258309373992762126e+01
-1.358376582942222299e+01 -1.218950795324481362e+00 -1.233725582694906286e+01
0.000000000000000000e+00 0.000000000000000000e+00 0.000000000000000000e+00
0.000000000000000000e+00 0.000000000000000000e+00 0.000000000000000000e+00
0.000000000000000000e+00 0.000000000000000000e+00 0.000000000000000000e+00
0.000000000000000000e+00 0.000000000000000000e+00 0.000000000000000000e+00
0.000000000000000000e+00 0.000000000000000000e+00 0.000000000000000000e+00
0.000000000000000000e+00 0.000000000000000000e+00 0.000000000000000000e+00
0.000000000000000000e+00 0.000000000000000000e+00 0.000000000000000000e+00
-1.346995228096787400e+01 -1.293887426725034118e+01 -1.256640732389993786e+01
-1.418076790772397011e+01 -9.674890406416846389e+00 -1.366732498825458642e+01
-1.386674851926191998e+01 -1.478981546405367276e+01 -1.468939372175318603e+01
-1.399633728671354582e+01 -1.494954434606813720e+01 -1.460408079792949820e+01
-1.399098417034341324e+01 -1.495020801249449427e+01 -1.472552610719602306e+01
-1.369152107439414046e+01 -1.486372606646331462e+01 -1.511415882185699822e+01
-1.511268332368197420e+01 -1.480250879684943577e+01 -1.505266687115042146e+01
-1.479317357403799349e+01 -1.480063388455128504e+01 -1.479022107002529118e+01
-1.452167644005570679e+01 -1.474792173306409815e+01 -1.105898501428730540e+01
-1.397211847162183851e+01 -1.474734634829743030e+01 -1.366726774065865690e+01
-1.240654581262987932e+01 -1.366078632830736694e+01 -1.371268512282946439e+01
-1.242387152582359455e+01 -1.167790585585935403e+01 -1.245070401450908726e+01
-1.161176559260240460e+01 -1.240168886215031208e+01 -9.900498337491681067e-01
0.000000000000000000e+00 0.000000000000000000e+00 0.000000000000000000e+00
0.000000000000000000e+00 0.000000000000000000e+00 0.000000000000000000e+00
0.000000000000000000e+00 0.000000000000000000e+00 0.000000000000000000e+00
0.000000000000000000e+00 0.000000000000000000e+00 0.000000000000000000e+00
0.000000000000000000e+00 0.000000000000000000e+00 0.000000000000000000e+00
0.000000000000000000e+00 0.000000000000000000e+00 0.000000000000000000e+00
0.000000000000000000e+00 0.000000000000000000e+00 0.000000000000000000e+00
0.000000000000000000e+00 0.000000000000000000e+00 0.000000000000000000e+00
-1.301607773095195419e+01 -1.302397265854411046e+01 -1.285851015682580289e+01
-9.128943015244573189e+00 -1.395461235708266301e+01 -1.466611623761400018e+01
-1.484002507966396855e+01 -1.395325255442052814e+01 -1.365658640933853185e+01
-1.354575697848382809e+01 -1.455392598471666155e+01 -1.485101090530032053e+01
-1.324470205631298647e+01 -1.258287810283350794e+01 -1.259457379227741924e+01
-1.258878470011641859e+01 -1.258679383683774411e+01 -1.251268813963114646e+01
-1.251369026189539824e+01 -1.252168715568006441e+01 -1.303142754076100651e+01
-1.249878910711250946e+01 -1.318114837344423407e+01 -1.288592197001312023e+01
-1.287912443838617449e+01 -8.072969310280544875e+00 -1.290607676338135512e+01
-1.315312444458882979e+01 -1.288379609921272184e+01 -1.230321757887484146e+01
-7.748466399863982446e+00 -1.252497740618027322e+01 -1.169810946282665576e+01
0.000000000000000000e+00 0.000000000000000000e+00 0.000000000000000000e+00
0.000000000000000000e+00 0.000000000000000000e+00 0.000000000000000000e+00
0.000000000000000000e+00 0.000000000000000000e+00 0.000000000000000000e+00
0.000000000000000000e+00 0.000000000000000000e+00 0.000000000000000000e+00
0.000000000000000000e+00 0.000000000000000000e+00 0.000000000000000000e+00
0.000000000000000000e+00 0.000000000000000000e+00 0.000000000000000000e+00
0.000000000000000000e+00 0.000000000000000000e+00 0.000000000000000000e+00
0.000000000000000000e+00 0.000000000000000000e+00 0.000000000000000000e+00
0.000000000000000000e+00 0.000000000000000000e+00 0.000000000000000000e+00
0.000000000000000000e+00 0.000000000000000000e+00 0.000000000000000000e+00
-1.318019548311268885e+01 -1.299057753309299912e+01 -1.210762003673268339e+01
-1.388880022621333588e+01 -1.384446327239022878e+01 -1.386718419825423432e+01
-1.389613331131021035e+01 -1.356134689649345404e+01 -1.385150999688898388e+01
-1.212662881100320078e+01 -1.213413833335549086e+01 -1.172624744525226248e+01
-1.170312842329118830e+01 -1.217817509444826740e+01 -1.257397222973469653e+01
-1.096102282830317698e+01 -9.479965096651657319e+00 -1.049943000569590446e+01
-1.146460397394139719e+01 -8.944466032550547396e+00 -8.256971258553839732e+00
-8.244788282763995113e+00 -1.279566427737529821e+01 -1.187728210489139791e+01
-1.204055467694362491e+01 -1.282309788233391856e+01 -1.143789271852172718e+00
0.000000000000000000e+00 0.000000000000000000e+00 0.000000000000000000e+00
0.000000000000000000e+00 0.000000000000000000e+00 0.000000000000000000e+00
0.000000000000000000e+00 0.000000000000000000e+00 0.000000000000000000e+00
0.000000000000000000e+00 0.000000000000000000e+00 0.000000000000000000e+00
0.000000000000000000e+00 0.000000000000000000e+00 0.000000000000000000e+00
0.000000000000000000e+00 0.000000000000000000e+00 0.000000000000000000e+00
0.000000000000000000e+00 0.000000000000000000e+00 0.000000000000000000e+00
0.000000000000000000e+00 0.000000000000000000e+00 0.000000000000000000e+00
0.000000000000000000e+00 0.000000000000000000e+00 0.000000000000000000e+00
0.000000000000000000e+00 0.000000000000000000e+00 0.000000000000000000e+00
0.000000000000000000e+00 0.000000000000000000e+00 0.000000000000000000e+00
-1.195761238270071658e+01 -1.266781250924979751e+01 0.000000000000000000e+00
-1.207309100181240069e+01 -1.281737435075497800e+01 -1.183417242118608925e+01
-1.331113607076141925e+01 -1.384033550188005890e+01 -1.129173701397589547e+01
-1.355130643193603035e+01 -1.176417093886841059e+01 -1.331908043259316443e+01
-1.326504143989951601e+01 -1.284951833901869733e+01 -1.315080037748741582e+01
-1.157402402023835108e+01 -1.054341937168221754e+01 -1.278404068673205529e+01
-1.253473696486829780e+01 -1.319933358573692139e+01 -1.332429526198563252e+01
-1.249504778807788696e+01 -1.241044517997146102e+00 -2.959565239701646533e+00
-2.058446130485049874e+00 0.000000000000000000e+00 0.000000000000000000e+00
0.000000000000000000e+00 0.000000000000000000e+00 0.000000000000000000e+00
0.000000000000000000e+00 0.000000000000000000e+00 0.000000000000000000e+00
0.000000000000000000e+00 0.000000000000000000e+00 0.000000000000000000e+00
0.000000000000000000e+00 0.000000000000000000e+00 0.000000000000000000e+00
0.000000000000000000e+00 0.000000000000000000e+00 0.000000000000000000e+00
0.000000000000000000e+00 0.000000000000000000e+00 0.000000000000000000e+00
0.000000000000000000e+00 0.000000000000000000e+00 0.000000000000000000e+00
0.000000000000000000e+00 0.000000000000000000e+00 0.000000000000000000e+00
0.000000000000000000e+00 0.000000000000000000e+00 0.000000000000000000e+00
0.000000000000000000e+00 0.000000000000000000e+00 0.000000000000000000e+00
0.000000000000000000e+00 0.000000000000000000e+00 0.000000000000000000e+00
0.000000000000000000e+00 0.000000000000000000e+00 0.000000000000000000e+00
0.000000000000000000e+00 0.000000000000000000e+00 0.000000000000000000e+00
-1.202084927146563942e+01 -1.088481816802650926e+01 -1.086228623378542046e+01
-1.291309761035714487e+01 -8.360015059601131782e+00 -1.254991008281368359e+01
-1.223466833695817257e+01 -1.133786995915155593e+01 -1.280369649104264340e+01
-1.183819540757789746e+01 -1.219816107849206333e+01 -1.243277383426666738e+01
-1.196049329422372054e+01 -2.178692317931496980e+00 -1.937714783998506940e+00
-2.007857997431893970e+00 -6.589407987128533151e+00 -9.801986733067552526e-01
0.000000000000000000e+00 0.000000000000000000e+00 0.000000000000000000e+00
0.000000000000000000e+00 0.000000000000000000e+00 0.000000000000000000e+00
0.000000000000000000e+00 0.000000000000000000e+00 0.000000000000000000e+00
0.000000000000000000e+00 0.000000000000000000e+00 0.000000000000000000e+00
0.000000000000000000e+00 0.000000000000000000e+00 0.000000000000000000e+00
0.000000000000000000e+00 0.000000000000000000e+00 0.000000000000000000e+00
0.000000000000000000e+00 0.000000000000000000e+00 0.000000000000000000e+00
0.000000000000000000e+00 0.000000000000000000e+00 0.000000000000000000e+00
0.000000000000000000e+00 0.000000000000000000e+00 0.000000000000000000e+00
0.000000000000000000e+00 0.000000000000000000e+00 0.000000000000000000e+00
0.000000000000000000e+00 0.000000000000000000e+00 0.000000000000000000e+00
0.000000000000000000e+00 0.000000000000000000e+00 0.000000000000000000e+00
0.000000000000000000e+00 0.000000000000000000e+00 0.000000000000000000e+00
0.000000000000000000e+00 0.000000000000000000e+00 0.000000000000000000e+00
0.000000000000000000e+00 0.000000000000000000e+00 0.000000000000000000e+00
-9.950124791926823198e-01 -1.114767690931837230e+01 -9.950124791926823198e-01
-1.940522466697906179e+00 -1.004690875372405534e+00 -1.940522466697906179e+00
-9.999751246361965329e-01 -9.999257454889897145e-01 -1.931114485130407399e+00
-2.807717807770949925e+00 -2.821086756047546995e+00 -1.035707247006366183e+00
0.000000000000000000e+00 0.000000000000000000e+00 0.000000000000000000e+00
0.000000000000000000e+00 0.000000000000000000e+00 0.000000000000000000e+00
0.000000000000000000e+00 0.000000000000000000e+00 0.000000000000000000e+00
0.000000000000000000e+00 0.000000000000000000e+00 0.000000000000000000e+00
0.000000000000000000e+00 0.000000000000000000e+00 0.000000000000000000e+00
0.000000000000000000e+00 0.000000000000000000e+00 0.000000000000000000e+00
0.000000000000000000e+00 0.000000000000000000e+00 0.000000000000000000e+00
0.000000000000000000e+00 0.000000000000000000e+00 0.000000000000000000e+00
0.000000000000000000e+00 0.000000000000000000e+00 0.000000000000000000e+00
0.000000000000000000e+00 0.000000000000000000e+00 0.000000000000000000e+00
-1.000000000000000000e+00 0.000000000000000000e+00 0.000000000000000000e+00
0.000000000000000000e+00 0.000000000000000000e+00 0.000000000000000000e+00
0.000000000000000000e+00 0.000000000000000000e+00 0.000000000000000000e+00
0.000000000000000000e+00 0.000000000000000000e+00 0.000000000000000000e+00
0.000000000000000000e+00 0.000000000000000000e+00 0.000000000000000000e+00
0.000000000000000000e+00 0.000000000000000000e+00 0.000000000000000000e+00
0.000000000000000000e+00 0.000000000000000000e+00 0.000000000000000000e+00
-1.305753704522546421e+01 0.000000000000000000e+00 0.000000000000000000e+00
-9.851119396030626474e-01 -9.851119396030626474e-01 -1.921701602528699926e+00
-9.801986733067552526e-01 -9.801986733067552526e-01 -9.801986733067552526e-01
0.000000000000000000e+00 0.000000000000000000e+00 0.000000000000000000e+00
0.000000000000000000e+00 0.000000000000000000e+00 0.000000000000000000e+00
0.000000000000000000e+00 0.000000000000000000e+00 0.000000000000000000e+00
0.000000000000000000e+00 0.000000000000000000e+00 0.000000000000000000e+00
0.000000000000000000e+00 0.000000000000000000e+00 0.000000000000000000e+00
0.000000000000000000e+00 0.000000000000000000e+00 0.000000000000000000e+00
0.000000000000000000e+00 0.000000000000000000e+00 0.000000000000000000e+00
0.000000000000000000e+00 0.000000000000000000e+00 0.000000000000000000e+00
0.000000000000000000e+00 0.000000000000000000e+00 0.000000000000000000e+00
0.000000000000000000e+00 0.000000000000000000e+00 0.000000000000000000e+00
0.000000000000000000e+00 0.000000000000000000e+00 0.000000000000000000e+00
0.000000000000000000e+00 0.000000000000000000e+00 0.000000000000000000e+00
0.000000000000000000e+00 0.000000000000000000e+00 0.000000000000000000e+00
0.000000000000000000e+00 0.000000000000000000e+00 0.000000000000000000e+00
0.000000000000000000e+00 0.000000000000000000e+00 0.000000000000000000e+00
0.000000000000000000e+00 0.000000000000000000e+00 0.000000000000000000e+00
0.000000000000000000e+00 0.000000000000000000e+00 0.000000000000000000e+00
0.000000000000000000e+00 0.000000000000000000e+00 0.000000000000000000e+00
0.000000000000000000e+00 0.000000000000000000e+00 0.000000000000000000e+00
0.000000000000000000e+00 0.000000000000000000e+00 0.000000000000000000e+00
0.000000000000000000e+00 0.000000000000000000e+00 0.000000000000000000e+00
0.000000000000000000e+00 0.000000000000000000e+00 0.000000000000000000e+00
0.000000000000000000e+00 0.000000000000000000e+00 0.000000000000000000e+00
0.000000000000000000e+00 0.000000000000000000e+00 0.000000000000000000e+00
0.000000000000000000e+00 0.000000000000000000e+00 0.000000000000000000e+00
0.000000000000000000e+00 0.000000000000000000e+00 0.000000000000000000e+00
0.000000000000000000e+00 0.000000000000000000e+00 0.000000000000000000e+00
0.000000000000000000e+00 0.000000000000000000e+00 0.000000000000000000e+00
0.000000000000000000e+00 0.000000000000000000e+00 0.000000000000000000e+00
0.000000000000000000e+00 0.000000000000000000e+00 0.000000000000000000e+00
0.000000000000000000e+00 0.000000000000000000e+00 0.000000000000000000e+00
0.000000000000000000e+00 0.000000000000000000e+00 0.000000000000000000e+00
0.000000000000000000e+00 0.000000000000000000e+00 0.000000000000000000e+00
0.000000000000000000e+00 0.000000000000000000e+00 0.000000000000000000e+00
0.000000000000000000e+00 0.000000000000000000e+00 0.000000000000000000e+00
0.000000000000000000e+00 0.000000000000000000e+00 0.000000000000000000e+00
0.000000000000000000e+00 0.000000000000000000e+00 0.000000000000000000e+00
0.000000000000000000e+00 0.000000000000000000e+00 0.000000000000000000e+00
0.000000000000000000e+00 0.000000000000000000e+00 0.000000000000000000e+00
0.000000000000000000e+00 0.000000000000000000e+00 0.000000000000000000e+00
0.000000000000000000e+00 0.000000000000000000e+00 0.000000000000000000e+00
0.000000000000000000e+00 0.000000000000000000e+00 0.000000000000000000e+00
0.000000000000000000e+00 0.000000000000000000e+00 0.000000000000000000e+00
0.000000000000000000e+00 0.000000000000000000e+00 0.000000000000000000e+00
0.000000000000000000e+00 0.000000000000000000e+00 0.000000000000000000e+00
0.000000000000000000e+00 0.000000000000000000e+00 0.000000000000000000e+00
0.000000000000000000e+00 0.000000000000000000e+00 0.000000000000000000e+00
