0.000000000000000000e+00 0.000000000000000000e+00 0.000000000000000000e+00
0.000000000000000000e+00 0.000000000000000000e+00 0.000000000000000000e+00
0.000000000000000000e+00 0.000000000000000000e+00 0.000000000000000000e+00
0.000000000000000000e+00 0.000000000000000000e+00 0.000000000000000000e+00
-1.768749549503530361e+01 -1.818120543230386588e+01 -1.758549924233635053e+01
-1.828599055988979316e+01 -1.781842083916983199e+01 -1.830520217238734304e+01
-1.815087587307774442e+01 -1.789093397376008809e+01 -1.819889177739103658e+01
-1.832601962408153895e+01 -1.832933486016564117e+01 -1.837013088711476883e+01
-1.839016277072129668e+01 -1.792791719439524201e+01 -1.839491563063081259e+01
-1.784793191676731539e+01 -1.823825107728821848e+01 -1.839112682340152105e+01
-1.838349731015880550e+01 -1.792909212804405428e+01 -1.757090169011097913e+01
-1.761294890470525587e+01 -1.782918818249514814e+01 -1.736577984234478578e+01
-1.715655797479854172e+01 -1.792241733349980137e+01 -1.789424636894406717e+01
0.000000000000000000e+00 0.000000000000000000e+00 -1.530467480677289416e+01
0.000000000000000000e+00 0.000000000000000000e+00 0.000000000000000000e+00
0.000000000000000000e+00 0.000000000000000000e+00 0.000000000000000000e+00
0.000000000000000000e+00 0.000000000000000000e+00 0.000000000000000000e+00
0.000000000000000000e+00 0.000000000000000000e+00 0.000000000000000000e+00
0.000000000000000000e+00 0.000000000000000000e+00 0.000000000000000000e+00
0.000000000000000000e+00 0.000000000000000000e+00 0.000000000000000000e+00
0.000000000000000000e+00 0.000000000000000000e+00 0.000000000000000000e+00
0.000000000000000000e+00 0.000000000000000000e+00 0.000000000000000000e+00
-1.523197396214209576e+01 0.000000000000000000e+00 0.000000000000000000e+00
-9.370674633774034312e-01 -9.370674633774034312e-01 0.000000000000000000e+00
-1.802259132749254888e+01 -1.794958561996350355e+01 -1.751176727617576034e+01
-1.834947784488039702e+01 -1.838736067871595736e+01 -1.843370363881563989e+01
-1.845696187838044011e+01 -1.835871434956583315e+01 -1.850289177051590528e+01
-1.813411469709944157e+01 -1.842102233485036678e+01 -1.837092172811379243e+01
-1.836349379634272339e+01 -1.836802712551732242e+01 -1.832272961775209197e+01
-1.831842602170601353e+01 -1.836325425486775131e+01 -1.793425727873193054e+01
-1.826597997219986169e+01 -1.762781146290672751e+01 -1.827454347574516902e+01
-1.725103842392653775e+01 -1.817401798098006438e+01 -1.769473015139851668e+01
-1.738124334131683923e+01 -1.729167835450136792e+01 -1.758822284192466157e+01
-1.722798803940237278e+01 -1.716974042983847681e+01 -1.791362932464647528e+01
0.000000000000000000e+00 0.000000000000000000e+00 0.000000000000000000e+00
0.000000000000000000e+00 0.000000000000000000e+00 0.000000000000000000e+00
0.000000000000000000e+00 0.000000000000000000e+00 0.000000000000000000e+00
-1.512304338088537747e+01 0.000000000000000000e+00 0.000000000000000000e+00
0.000000000000000000e+00 0.000000000000000000e+00 0.000000000000000000e+00
0.000000000000000000e+00 0.000000000000000000e+00 0.000000000000000000e+00
0.000000000000000000e+00 0.000000000000000000e+00 0.000000000000000000e+00
0.000000000000000000e+00 0.000000000000000000e+00 0.000000000000000000e+00
0.000000000000000000e+00 0.000000000000000000e+00 0.000000000000000000e+00
-1.758695521574678722e+01 -1.792732352649361971e+01 -1.801304039186667083e+01
-1.823071963482972890e+01 -1.840724261463791933e+01 -1.823033064292003047e+01
-1.837860456450064106e+01 -1.852737781185683019e+01 -1.840693164843325036e+01
-1.816479653314731024e+01 -1.846816466870648554e+01 -1.847844001021712046e+01
-1.834286758263337802e+01 -1.825331402289833349e+01 -1.840270232683127460e+01
-1.827590831153606388e+01 -1.832663339463820762e+01 -1.828593875346497910e+01
-1.825524574501313779e+01 -1.824671429253398358e+01 -1.825472330171160351e+01
-1.803077706188267371e+01 -1.829254520101644843e+01 -1.822485310973382155e+01
-1.786772219554083563e+01 -1.809849754567848024e+01 -1.756567150372372055e+01
-1.810928882797473349e+01 -1.808740098823632536e+01 -1.690321865546899716e+01
-1.729946058544413745e+01 -1.721000901214098633e+01 -1.726315324408614060e+01
-1.711486006722179454e+01 -1.777564916332297074e+01 -1.717140171911293578e+01
-1.787472502939580465e+01 -1.459344999214855854e+01 0.000000000000000000e+00
0.000000000000000000e+00 0.000000000000000000e+00 0.000000000000000000e+00
0.000000000000000000e+00 0.000000000000000000e+00 0.000000000000000000e+00
-1.577865635700496583e+01 0.000000000000000000e+00 0.000000000000000000e+00
0.000000000000000000e+00 0.000000000000000000e+00 0.000000000000000000e+00
0.000000000000000000e+00 0.000000000000000000e+00 0.000000000000000000e+00
0.000000000000000000e+00 0.000000000000000000e+00 0.000000000000000000e+00
-1.400138592014707228e+01 0.000000000000000000e+00 0.000000000000000000e+00
-1.898633336282601647e+01 -1.828999974321828148e+01 -1.846521745181573948e+01
-1.854925535709868001e+01 -1.850415452571371944e+01 -1.825095211540149265e+01
-1.845156663475197689e+01 -1.854104817754217649e+01 -1.852490632187321395e+01
-1.835105968282975653e+01 -1.836668714250570034e+01 -1.838334206777886237e+01
-1.842132256050382466e+01 -1.838047090420169383e+01 -1.837493570996173631e+01
-1.833126681539916092e+01 -1.829041027777722661e+01 -1.830355975667989910e+01
-1.833856012762894494e+01 -1.834131313925606577e+01 -1.825014946119669546e+01
-1.791117148252471836e+01 -1.823018402931154114e+01 -1.824367853288728725e+01
-1.816575738873580192e+01 -1.789875613054424974e+01 -1.790943769448199063e+01
-1.806734869802733101e+01 -1.675064050653935155e+01 -1.811103411575351529e+01
-1.769829709826576902e+01 -1.797491173503739503e+01 -1.716742732818400086e+01
-1.720518005245406101e+01 -1.748390978911895388e+01 -1.720606356516363888e+01
-1.714124061632949036e+01 -1.724011355336569551e+01 -1.732095648930252452e+01
0.000000000000000000e+00 0.000000000000000000e+00 0.000000000000000000e+00
0.000000000000000000e+00 0.000000000000000000e+00 0.000000000000000000e+00
0.000000000000000000e+00 0.000000000000000000e+00 0.000000000000000000e+00
0.000000000000000000e+00 0.000000000000000000e+00 0.000000000000000000e+00
0.000000000000000000e+00 0.000000000000000000e+00 0.000000000000000000e+00
0.000000000000000000e+00 0.000000000000000000e+00 0.000000000000000000e+00
-1.783165961655543086e+01 -1.811146593894836698e+01 -1.773940511810931753e+01
-1.836152908634498360e+01 -1.824452001453686734e+01 -1.840741869991061819e+01
-1.834689316493808420e+01 -1.854761299469847913e+01 -1.854742665529722601e+01
-1.851312822696990423e+01 -1.844662718797363254e+01 -1.846783071814294175e+01
-1.850626429738620615e+01 -1.847717195247510702e+01 -1.839293956803535579e+01
-1.845923067368604009e+01 -1.838061483982610511e+01 -1.842443247122175265e+01
-1.853953675429169223e+01 -1.836303208197782411e+01 -1.834020371845425856e+01
-1.862444160432055895e+01 -1.865365664351612907e+01 -1.862114206507120784e+01
-1.861342835248780148e+01 -1.864664800732007421e+01 -1.862456935524437540e+01
-1.869986196010659185e+01 -1.881867896106298943e+01 -1.874291347758797599e+01
-1.816832408483463368e+01 -1.794377161661849485e+01 -1.766818128535449617e+01
-1.781197791655114671e+01 -1.805456242740736883e+01 -1.645776608751377168e+01
-1.737512802006006396e+01 -1.691162613075408316e+01 -1.781807569145167847e+01
-1.766969782880880047e+01 -1.757755871038238737e+01 -1.736471569562409911e+01
-1.549647759702065741e+01 -1.692513101752628302e+01 -1.553375085592202964e+01
0.000000000000000000e+00 0.000000000000000000e+00 0.000000000000000000e+00
0.000000000000000000e+00 0.000000000000000000e+00 0.000000000000000000e+00
0.000000000000000000e+00 0.000000000000000000e+00 0.000000000000000000e+00
0.000000000000000000e+00 0.000000000000000000e+00 0.000000000000000000e+00
0.000000000000000000e+00 0.000000000000000000e+00 0.000000000000000000e+00
-1.774824611072559222e+01 -1.790284760746058623e+01 -1.821687966920770307e+01
-1.835071152526707294e+01 -1.853601970687652312e+01 -1.850905030066478574e+01
-1.856328647019456923e+01 -1.855388564271715524e+01 -1.853959859459011028e+01
-1.851745375505082691e+01 -1.849931507303017142e+01 -1.850051028703917311e+01
-1.848157711526628688e+01 -1.849458139492313791e+01 -1.845384359408505048e+01
-1.870558240605370770e+01 -1.862106150279497285e+01 -1.866586140095082058e+01
-1.886724285827218139e+01 -1.865174920862357766e+01 -1.843025808447175962e+01
-1.898100803107388046e+01 -1.897337869184616821e+01 -1.833257564366973114e+01
-1.912588555995414552e+01 -1.883204198475468871e+01 -1.843507229788129820e+01
-1.884529173370982136e+01 -1.884050247301330216e+01 -1.882317791147590214e+01
-1.883369210952849926e+01 -1.886621814550947107e+01 -1.750518068821606832e+01
-1.732973627152637519e+01 -1.851300634686039714e+01 -1.696765026598713888e+01
-1.806713016359556789e+01 -1.794722176494581944e+01 -1.710743360431941085e+01
-1.753400108542099645e+01 -1.704995193402332632e+01 -1.770265454650784775e+01
-1.724779153538520760e+01 -1.671566172022751928e+01 -1.702219775704776339e+01
0.000000000000000000e+00 0.000000000000000000e+00 0.000000000000000000e+00
0.000000000000000000e+00 0.000000000000000000e+00 0.000000000000000000e+00
0.000000000000000000e+00 0.000000000000000000e+00 0.000000000000000000e+00
0.000000000000000000e+00 0.000000000000000000e+00 0.000000000000000000e+00
-1.726210984109475177e+01 0.000000000000000000e+00 0.000000000000000000e+00
-1.780273423764035101e+01 -1.781556969032369508e+01 -1.790297069073487890e+01
-1.853800518702808375e+01 -1.825962363886674922e+01 -1.856135501290333067e+01
-1.857416028831954691e+01 -1.858940868406683933e+01 -1.855830797044971092e+01
-1.854351974085451005e+01 -1.860203342212903621e+01 -1.857540468328832617e+01
-1.854974513860699048e+01 -1.848386420380724715e+01 -1.851425307621455474e+01
-1.864598167626891723e+01 -1.867672058326862228e+01 -1.868071226715725075e+01
-1.863786749176793833e+01 -1.892722170277399485e+01 -1.913570298145327797e+01
-1.936665036996173228e+01 -1.934693155658207431e+01 -1.927871508073508622e+01
-1.937471169868618759e+01 -1.923141952919963771e+01 -1.931099512969376875e+01
-1.931792166966478064e+01 -1.929318755221198600e+01 -1.929534303863385247e+01
-1.891523757708221254e+01 -1.887443453767794210e+01 -1.872526703948869553e+01
-1.892759557922194347e+01 -1.881051272380844352e+01 -1.885482382594279116e+01
-1.796857152969375093e+01 -1.802874975138146851e+01 -1.768146474241736854e+01
-1.787542808344144518e+01 -1.779335391798162291e+01 -1.698252572135900706e+01
-1.787387452229140550e+01 -1.746842019749399100e+01 -1.674019320452514847e+01
-1.197783562137050239e+01 -1.283259361840215718e+01 -7.801516543834257078e+00
0.000000000000000000e+00 0.000000000000000000e+00 0.000000000000000000e+00
0.000000000000000000e+00 0.000000000000000000e+00 0.000000000000000000e+00
0.000000000000000000e+00 0.000000000000000000e+00 0.000000000000000000e+00
0.000000000000000000e+00 0.000000000000000000e+00 0.000000000000000000e+00
-1.780952856999148537e+01 -1.787391204040126524e+01 -1.782623369849033423e+01
-1.805752854709835731e+01 -1.852399913280721222e+01 -1.858845662868561988e+01
-1.860556847120487589e+01 -1.859345550464983177e+01 -1.862525647677703944e+01
-1.866286154682923382e+01 -1.867857472258673468e+01 -1.860050951124158303e+01
-1.864603671077448155e+01 -1.854412358524559323e+01 -1.857931971111271707e+01
-1.870082610548314506e+01 -1.882529180021824899e+01 -1.882006576483468763e+01
-1.882955567045012657e+01 -1.904173119184486751e+01 -1.907112401219333009e+01
-1.890133719977586679e+01 -1.917156691556239778e+01 -1.952047539529683817e+01
-1.918766048899450638e+01 -1.943008076654922078e+01 -1.941235694777396148e+01
-1.914741859163320470e+01 -1.939763456162921429e+01 -1.939965145426955573e+01
-1.901587858653886087e+01 -1.905329824157104923e+01 -1.900582787758751024e+01
-1.887056306162737584e+01 -1.889952676347124694e+01 -1.835285888165296342e+01
-1.836458945764151096e+01 -1.835229031632877650e+01 -1.816993322274535316e+01
-1.821274940568800105e+01 -1.801728204714853021e+01 -1.747282397440340418e+01
-1.736329419715318068e+01 -1.681244112174741900e+01 -1.673227081327091170e+01
-1.449838362728213781e+01 -1.428046854839282176e+01 -1.467637202972693444e+01
0.000000000000000000e+00 0.000000000000000000e+00 0.000000000000000000e+00
0.000000000000000000e+00 0.000000000000000000e+00 0.000000000000000000e+00
0.000000000000000000e+00 0.000000000000000000e+00 0.000000000000000000e+00
0.000000000000000000e+00 0.000000000000000000e+00 0.000000000000000000e+00
-1.764144786689130129e+01 -1.747072985638417464e+01 -1.714967221277573728e+01
-1.858696904126164640e+01 -1.862124630548310833e+01 -1.859770495218305797e+01
-1.867121530631633419e+01 -1.864048427856626233e+01 -1.867658503118632751e+01
-1.873219460632463296e+01 -1.871003602692641721e+01 -1.865895995465196222e+01
-1.860965482142658445e+01 -1.866905061360113649e+01 -1.868219520845637405e+01
-1.879863850651990376e+01 -1.874381233579109463e+01 -1.874073764548204934e+01
-1.881594047779697121e+01 -1.892482713677125616e+01 -1.894110014251553054e+01
-1.908683148014335274e+01 -1.927497141962446037e+01 -1.922667788716562143e+01
-1.910850114805717936e+01 -1.918168481926684521e+01 -1.918040442615174257e+01
-1.892457883914928374e+01 -1.913099262667791223e+01 -1.912985474242746164e+01
-1.893361511786340756e+01 -1.913005226351016219e+01 -1.910990771230487084e+01
-1.896912814952493420e+01 -1.891527299294257602e+01 -1.861038224969331978e+01
-1.862878414705252084e+01 -1.813917707844992222e+01 -1.830232282157488299e+01
-1.688681261458808081e+01 -1.822040862146912232e+01 -1.800649384847115897e+01
-1.762472379756588481e+01 -1.691664591121085692e+01 -1.713910154484391413e+01
-1.499754940747443399e+01 -1.493360705248051268e+01 -1.474006597143822006e+01
-1.424992983275291003e+01 0.000000000000000000e+00 0.000000000000000000e+00
0.000000000000000000e+00 0.000000000000000000e+00 0.000000000000000000e+00
0.000000000000000000e+00 0.000000000000000000e+00 0.000000000000000000e+00
0.000000000000000000e+00 0.000000000000000000e+00 0.000000000000000000e+00
-8.105842459701870784e-01 -4.327391768174145170e+00 -1.333714721078239407e+01
-1.860444780283215138e+01 -1.852477157945753561e+01 -1.856469239236029622e+01
-1.873742165081818456e+01 -1.864319200852229841e+01 -1.872727743611037354e+01
-1.864445007349214833e+01 -1.869765969834201513e+01 -1.853342716523157563e+01
-1.868442103350303540e+01 -1.861871702140434692e+01 -1.865295165171333736e+01
-1.878515541460155092e+01 -1.870002694197211213e+01 -1.868593041146431943e+01
-1.883861641365891160e+01 -1.882629487591698947e+01 -1.879254293828923750e+01
-1.880631331093541192e+01 -1.893271840991011956e+01 -1.893449242619478667e+01
-1.891185122655327078e+01 -1.888277610544708551e+01 -1.889578206239260894e+01
-1.895995504698722200e+01 -1.892056593449292734e+01 -1.888970675189710136e+01
-1.884445916996417125e+01 -1.897636206299387496e+01 -1.897477128262073265e+01
-1.880287233210062681e+01 -1.887651418040053031e+01 -1.857857959596205788e+01
-1.827252645914271056e+01 -1.862006019465844631e+01 -1.860847597355577676e+01
-1.676149979461740358e+01 -1.739780912383105971e+01 -1.827924880306713717e+01
-1.723463151562780737e+01 -1.719370660868888123e+01 -1.742245279951236725e+01
-1.478732554047709691e+01 -1.667063529594043914e+01 -1.624885722381725373e+01
0.000000000000000000e+00 0.000000000000000000e+00 0.000000000000000000e+00
0.000000000000000000e+00 0.000000000000000000e+00 0.000000000000000000e+00
0.000000000000000000e+00 0.000000000000000000e+00 0.000000000000000000e+00
0.000000000000000000e+00 0.000000000000000000e+00 0.000000000000000000e+00
-1.716056514852254011e+01 0.000000000000000000e+00 0.000000000000000000e+00
-1.805486083162309541e+01 -1.819495615176117198e+01 -1.623195071996039118e+01
-1.852001615991024508e+01 -1.875907737136128262e+01 -1.870394515407040359e+01
-1.866279015740590452e+01 -1.865883314303549056e+01 -1.862110536778071435e+01
-1.768213540593055200e+01 -1.872926215733145128e+01 -1.843446288595004035e+01
-1.538872770843612869e+01 -1.875502932684843316e+01 -1.872073175502146114e+01
-1.853874576141273067e+01 -1.879019271222008669e+01 -1.879139742278159275e+01
-1.889462538891477550e+01 -1.882122606307351376e+01 -1.889441399816979583e+01
-1.896127112304143481e+01 -1.888094634081759438e+01 -1.899172974702585392e+01
-1.895725992159742646e+01 -1.894098656714820450e+01 -1.892840501326146807e+01
-1.890942397214130111e+01 -1.889779464724400881e+01 -1.885453930197995120e+01
-1.874615911085692588e+01 -1.876781146138426593e+01 -1.873140772897179573e+01
-1.857121841432411102e+01 -1.853084417861028399e+01 -1.752639765422499352e+01
-1.812357527218173914e+01 -1.725485599009560289e+01 -1.776972593842553749e+01
-1.742040775507608430e+01 -1.747392852006461439e+01 -1.753937801670493002e+01
-1.480141797493173872e+00 -9.472680651818969011e+00 0.000000000000000000e+00
0.000000000000000000e+00 0.000000000000000000e+00 0.000000000000000000e+00
0.000000000000000000e+00 0.000000000000000000e+00 0.000000000000000000e+00
0.000000000000000000e+00 0.000000000000000000e+00 0.000000000000000000e+00
0.000000000000000000e+00 0.000000000000000000e+00 0.000000000000000000e+00
0.000000000000000000e+00 0.000000000000000000e+00 0.000000000000000000e+00
-1.632839392756507380e+01 -1.368734581993784616e+01 -1.373834571453471476e+01
-1.837872544001185204e+01 -1.838252517981822365e+01 -1.748606716478489886e+01
-1.857749537763366021e+01 -1.849607412686943064e+01 -1.853148904639329331e+01
-1.833463116671754278e+01 -1.837969508133223329e+01 -1.835330569594776762e+01
-1.799219753833433799e+01 -1.881222701364231042e+01 -1.880725867779388949e+01
-1.827488683036417427e+01 -1.878867907383707347e+01 -1.872406062203637589e+01
-1.881828105349921643e+01 -1.869116695038712450e+01 -1.884019320886534388e+01
-1.874860993752040628e+01 -1.892493531423331632e+01 -1.889497553860811507e+01
-1.891735629567203958e+01 -1.881602420775426054e+01 -1.871493469270031440e+01
-1.878665672617135840e+01 -1.861206575430172805e+01 -1.886365384862903483e+01
-1.870766799443565631e+01 -1.858033424180093718e+01 -1.749292664781116713e+01
-1.813676712721774464e+01 -1.735505574124774597e+01 -1.754472523294237618e+01
-1.733972176969069778e+01 -1.763833621339709978e+01 -1.522185377331075706e+01
-1.743930722550442525e+01 -1.751870249894011167e+01 -1.719005494439121051e+01
-1.008806414173066024e+01 0.000000000000000000e+00 0.000000000000000000e+00
0.000000000000000000e+00 0.000000000000000000e+00 0.000000000000000000e+00
0.000000000000000000e+00 0.000000000000000000e+00 0.000000000000000000e+00
0.000000000000000000e+00 0.000000000000000000e+00 0.000000000000000000e+00
0.000000000000000000e+00 0.000000000000000000e+00 0.000000000000000000e+00
0.000000000000000000e+00 0.000000000000000000e+00 0.000000000000000000e+00
0.000000000000000000e+00 0.000000000000000000e+00 0.000000000000000000e+00
-1.606167641970205651e+01 -1.786079486171761843e+01 -1.796592660872222069e+01
-1.830172556299827136e+01 -1.772309669604425508e+01 -1.863715827091212063e+01
-1.736780665948466051e+01 -1.739324090749833118e+01 -1.738634151469761235e+01
-1.863969757912188641e+01 -1.807269989537783061e+01 -1.766818224169802676e+01
-1.856706369971129789e+01 -1.766236478097124163e+01 -1.826893655665505989e+01
-1.880984485722763466e+01 -1.765815510348216932e+01 -1.881441619340260019e+01
-1.877681883546071973e+01 -1.865772306082317300e+01 -1.857786722155928061e+01
-1.887571453349244521e+01 -1.794881074898606599e+01 -1.887603661934951660e+01
-1.808305241823762088e+01 -1.870126921262400543e+01 -1.869430390676041398e+01
-1.846420159361660396e+01 -1.747280518258467552e+01 -1.845089759677992802e+01
-1.755852029215400023e+01 -1.434844504282499678e+01 -1.740573723604148171e+01
-1.781311707656163890e+01 -1.515907801360232199e+01 -1.675702063950471654e+01
-1.235595202334840614e+01 -1.249248322635533270e+01 -8.447484860578772015e+00
0.000000000000000000e+00 0.000000000000000000e+00 0.000000000000000000e+00
0.000000000000000000e+00 0.000000000000000000e+00 0.000000000000000000e+00
0.000000000000000000e+00 0.000000000000000000e+00 0.000000000000000000e+00
0.000000000000000000e+00 0.000000000000000000e+00 0.000000000000000000e+00
0.000000000000000000e+00 0.000000000000000000e+00 0.000000000000000000e+00
0.000000000000000000e+00 0.000000000000000000e+00 0.000000000000000000e+00
0.000000000000000000e+00 0.000000000000000000e+00 0.000000000000000000e+00
0.000000000000000000e+00 0.000000000000000000e+00 0.000000000000000000e+00
-1.820414846636515804e+01 -1.807045590768339594e+01 -1.793276178159950263e+01
-1.841920632801516078e+01 -1.557897379362438883e+01 -1.851924760506646450e+01
-1.761404479762266817e+01 -1.667269342881377625e+01 -1.591719636571970575e+01
-1.852799217022282363e+01 -1.755535369008934055e+01 -1.846118886683225568e+01
-1.861631925876834615e+01 -1.753254110965576373e+01 -1.826844743651686187e+01
-1.764080686065326731e+01 -1.862051857214201078e+01 -1.863814665421044481e+01
-1.838785874666702469e+01 -1.850141733268656807e+01 -1.832790768707856799e+01
-1.850222879630551631e+01 -1.816368637515714468e+01 -1.812168002993146843e+01
-1.764350623021151421e+01 -1.753755289691617136e+01 -1.796306578884921379e+01
-1.737734119343721773e+01 -1.657670948595774263e+01 -1.233694588355956512e+01
-1.255266521058328522e+01 -1.374867763358205330e+01 -1.301714920239334106e+01
-1.393592696267847053e+01 0.000000000000000000e+00 0.000000000000000000e+00
0.000000000000000000e+00 0.000000000000000000e+00 0.000000000000000000e+00
-1.463175058766889158e+01 0.000000000000000000e+00 0.000000000000000000e+00
0.000000000000000000e+00 0.000000000000000000e+00 0.000000000000000000e+00
0.000000000000000000e+00 0.000000000000000000e+00 0.000000000000000000e+00
0.000000000000000000e+00 0.000000000000000000e+00 0.000000000000000000e+00
0.000000000000000000e+00 0.000000000000000000e+00 0.000000000000000000e+00
0.000000000000000000e+00 0.000000000000000000e+00 0.000000000000000000e+00
0.000000000000000000e+00 0.000000000000000000e+00 0.000000000000000000e+00
-1.250197929484478010e+01 0.000000000000000000e+00 0.000000000000000000e+00
-1.822726877444208426e+01 -1.805533470061138601e+01 -1.825712740245598908e+01
-1.786533713190195627e+01 -1.807410680127564362e+01 -1.830645615478235300e+01
-1.761507480552991822e+01 -1.600192532386207844e+01 -1.797165626822980045e+01
-1.766727475004254089e+01 -1.814248241070747270e+01 -1.816452146079443253e+01
-1.820405485511908239e+01 -1.812037972349211046e+01 -1.821237912167363859e+01
-1.834085542278963032e+01 -1.818704215818184622e+01 -1.848340630629256864e+01
-1.819322750154156765e+01 -1.818665767495592789e+01 -1.825360671910079446e+01
-1.798679344748714826e+01 -1.658297500953938552e+01 -1.120343916051338873e+01
-1.622048638525068043e+01 -1.608061052987566342e+01 -1.148579240617041997e+01
-2.641866832448018787e+00 0.000000000000000000e+00 0.000000000000000000e+00
0.000000000000000000e+00 0.000000000000000000e+00 0.000000000000000000e+00
0.000000000000000000e+00 0.000000000000000000e+00 0.000000000000000000e+00
0.000000000000000000e+00 0.000000000000000000e+00 0.000000000000000000e+00
0.000000000000000000e+00 0.000000000000000000e+00 0.000000000000000000e+00
0.000000000000000000e+00 0.000000000000000000e+00 0.000000000000000000e+00
0.000000000000000000e+00 0.000000000000000000e+00 0.000000000000000000e+00
0.000000000000000000e+00 0.000000000000000000e+00 0.000000000000000000e+00
0.000000000000000000e+00 0.000000000000000000e+00 0.000000000000000000e+00
0.000000000000000000e+00 0.000000000000000000e+00 0.000000000000000000e+00
0.000000000000000000e+00 0.000000000000000000e+00 0.000000000000000000e+00
-1.367438269442248000e+01 0.000000000000000000e+00 0.000000000000000000e+00
-1.788341139889295306e+01 -1.742212207539696678e+01 -1.790313726112375647e+01
-1.773719176205020887e+01 -1.786109209291162614e+01 -1.827360489141687339e+01
-1.774420135954511579e+01 -1.759340656220502552e+01 -1.762677499250516178e+01
-1.729106814686449667e+01 -1.719808464010708704e+01 -1.737713982086710018e+01
-1.573417310442424188e+01 -1.712033096662867493e+01 -1.677627361909010872e+01
-1.308374899291183979e+01 -1.142148297209785923e+01 -1.731373219818829412e+01
-1.095542769804417205e+01 -1.264401583923821981e+01 -1.164913028301688946e+01
-1.960829199875712803e+00 -4.385387275591737577e+00 -8.141303306088218505e+00
0.000000000000000000e+00 0.000000000000000000e+00 0.000000000000000000e+00
0.000000000000000000e+00 0.000000000000000000e+00 0.000000000000000000e+00
0.000000000000000000e+00 0.000000000000000000e+00 0.000000000000000000e+00
-1.473859053835892574e+01 0.000000000000000000e+00 0.000000000000000000e+00
0.000000000000000000e+00 0.000000000000000000e+00 0.000000000000000000e+00
0.000000000000000000e+00 0.000000000000000000e+00 0.000000000000000000e+00
0.000000000000000000e+00 0.000000000000000000e+00 0.000000000000000000e+00
0.000000000000000000e+00 0.000000000000000000e+00 0.000000000000000000e+00
-1.432135790328458569e+01 0.000000000000000000e+00 0.000000000000000000e+00
0.000000000000000000e+00 0.000000000000000000e+00 0.000000000000000000e+00
0.000000000000000000e+00 0.000000000000000000e+00 0.000000000000000000e+00
0.000000000000000000e+00 0.000000000000000000e+00 0.000000000000000000e+00
0.000000000000000000e+00 0.000000000000000000e+00 0.000000000000000000e+00
-1.714651833027902939e+01 -1.738183803014290518e+01 -1.590051491375269066e+01
-1.601950147201154095e+01 -1.702043041838820869e+01 -1.656261717315618753e+01
-1.635590823904419366e+01 -1.669727594042079488e+01 -1.666878163895547260e+01
-1.336201235157038703e+01 -1.616677340218219427e+01 -1.434603035701155704e+01
-1.316824109706689860e+01 -1.470104915292894709e+01 -1.140209273404236612e+01
-1.007467692010934002e+01 -1.046912720496725058e+01 -1.055095413310141339e+01
-9.464851479534838186e-01 -9.464851479534838186e-01 -9.464851479534838186e-01
0.000000000000000000e+00 0.000000000000000000e+00 0.000000000000000000e+00
0.000000000000000000e+00 0.000000000000000000e+00 0.000000000000000000e+00
0.000000000000000000e+00 0.000000000000000000e+00 0.000000000000000000e+00
0.000000000000000000e+00 0.000000000000000000e+00 0.000000000000000000e+00
0.000000000000000000e+00 0.000000000000000000e+00 0.000000000000000000e+00
0.000000000000000000e+00 0.000000000000000000e+00 0.000000000000000000e+00
0.000000000000000000e+00 0.000000000000000000e+00 0.000000000000000000e+00
0.000000000000000000e+00 0.000000000000000000e+00 0.000000000000000000e+00
-1.000000000000000000e+00 0.000000000000000000e+00 0.000000000000000000e+00
0.000000000000000000e+00 0.000000000000000000e+00 0.000000000000000000e+00
0.000000000000000000e+00 0.000000000000000000e+00 0.000000000000000000e+00
0.000000000000000000e+00 0.000000000000000000e+00 0.000000000000000000e+00
0.000000000000000000e+00 0.000000000000000000e+00 0.000000000000000000e+00
0.000000000000000000e+00 0.000000000000000000e+00 0.000000000000000000e+00
-1.485669890513442404e+01 -1.319695851574240741e+01 -1.299157554818995308e+01
-1.293851063004454005e+01 -1.451259516640341651e+01 -1.454565620822137006e+01
-1.310605402166962286e+01 -1.336719568945891545e+01 -1.332582269434006683e+01
-9.905800883099741938e+00 -9.587152375846805796e+00 -9.984682205838426583e+00
-6.444596871394784543e+00 -2.841290199300393837e+00 -2.620763576826492081e+00
-1.797527576485185685e+00 0.000000000000000000e+00 0.000000000000000000e+00
0.000000000000000000e+00 0.000000000000000000e+00 0.000000000000000000e+00
-1.523814952939947887e+01 0.000000000000000000e+00 0.000000000000000000e+00
0.000000000000000000e+00 0.000000000000000000e+00 0.000000000000000000e+00
0.000000000000000000e+00 0.000000000000000000e+00 0.000000000000000000e+00
0.000000000000000000e+00 0.000000000000000000e+00 0.000000000000000000e+00
0.000000000000000000e+00 0.000000000000000000e+00 0.000000000000000000e+00
0.000000000000000000e+00 0.000000000000000000e+00 0.000000000000000000e+00
0.000000000000000000e+00 0.000000000000000000e+00 0.000000000000000000e+00
0.000000000000000000e+00 0.000000000000000000e+00 0.000000000000000000e+00
0.000000000000000000e+00 0.000000000000000000e+00 0.000000000000000000e+00
0.000000000000000000e+00 0.000000000000000000e+00 0.000000000000000000e+00
0.000000000000000000e+00 0.000000000000000000e+00 0.000000000000000000e+00
0.000000000000000000e+00 0.000000000000000000e+00 0.000000000000000000e+00
0.000000000000000000e+00 0.000000000000000000e+00 0.000000000000000000e+00
0.000000000000000000e+00 0.000000000000000000e+00 0.000000000000000000e+00
0.000000000000000000e+00 0.000000000000000000e+00 0.000000000000000000e+00
0.000000000000000000e+00 0.000000000000000000e+00 0.000000000000000000e+00
0.000000000000000000e+00 0.000000000000000000e+00 0.000000000000000000e+00
0.000000000000000000e+00 -1.509319070403877205e+01 0.000000000000000000e+00
0.000000000000000000e+00 0.000000000000000000e+00 0.000000000000000000e+00
0.000000000000000000e+00 0.000000000000000000e+00 0.000000000000000000e+00
0.000000000000000000e+00 0.000000000000000000e+00 0.000000000000000000e+00
0.000000000000000000e+00 0.000000000000000000e+00 0.000000000000000000e+00
0.000000000000000000e+00 0.000000000000000000e+00 0.000000000000000000e+00
0.000000000000000000e+00 0.000000000000000000e+00 0.000000000000000000e+00
0.000000000000000000e+00 0.000000000000000000e+00 0.000000000000000000e+00
0.000000000000000000e+00 0.000000000000000000e+00 0.000000000000000000e+00
0.000000000000000000e+00 0.000000000000000000e+00 0.000000000000000000e+00
0.000000000000000000e+00 0.000000000000000000e+00 0.000000000000000000e+00
0.000000000000000000e+00 0.000000000000000000e+00 0.000000000000000000e+00
0.000000000000000000e+00 0.000000000000000000e+00 0.000000000000000000e+00
0.000000000000000000e+00 0.000000000000000000e+00 0.000000000000000000e+00
0.000000000000000000e+00 0.000000000000000000e+00 0.000000000000000000e+00
0.000000000000000000e+00 0.000000000000000000e+00 0.000000000000000000e+00
0.000000000000000000e+00 0.000000000000000000e+00 0.000000000000000000e+00
0.000000000000000000e+00 0.000000000000000000e+00 0.000000000000000000e+00
0.000000000000000000e+00 0.000000000000000000e+00 0.000000000000000000e+00
0.000000000000000000e+00 0.000000000000000000e+00 0.000000000000000000e+00
0.000000000000000000e+00 0.000000000000000000e+00 0.000000000000000000e+00
0.000000000000000000e+00 0.000000000000000000e+00 0.000000000000000000e+00
0.000000000000000000e+00 0.000000000000000000e+00 0.000000000000000000e+00
0.000000000000000000e+00 0.000000000000000000e+00 0.000000000000000000e+00
0.000000000000000000e+00 0.000000000000000000e+00 0.000000000000000000e+00
0.000000000000000000e+00 0.000000000000000000e+00 0.000000000000000000e+00
0.000000000000000000e+00 0.000000000000000000e+00 0.000000000000000000e+00
