0.000000000000000000e+00 0.000000000000000000e+00 0.000000000000000000e+00
0.000000000000000000e+00 0.000000000000000000e+00 0.000000000000000000e+00
0.000000000000000000e+00 0.000000000000000000e+00 0.000000000000000000e+00
-1.493572568377151200e+01 -1.501638346778183930e+01 -1.524931758304022189e+01
-1.942781591483851145e+01 -1.942808037427980139e+01 -1.943167287965793122e+01
-1.945663495112270525e+01 -1.948298200806905811e+01 -1.948385714446282790e+01
-1.945830014288016940e+01 -1.950519151009135044e+01 -1.947299293484819316e+01
-1.945255619555207360e+01 -1.944995533956798894e+01 -1.944707358057550550e+01
-1.944651415999326360e+01 -1.945180975531140533e+01 -1.944695008149231796e+01
-1.948516823981971058e+01 -1.948241188346424124e+01 -1.948507566975554539e+01
-1.947899468147378244e+01 -1.947943538964933197e+01 -1.938220423818824401e+01
-1.939541562368973970e+01 -1.942786394120395599e+01 -1.929727376005790163e+01
-1.935188978623348532e+01 -1.935192056547603201e+01 -1.918673856871997074e+01
-1.469229371557626962e+01 0.000000000000000000e+00 -1.806190302010811521e+01
0.000000000000000000e+00 0.000000000000000000e+00 0.000000000000000000e+00
-9.730226638825692831e+00 -4.436296275416394153e+00 -2.340378610160276818e+00
0.000000000000000000e+00 0.000000000000000000e+00 0.000000000000000000e+00
0.000000000000000000e+00 0.000000000000000000e+00 0.000000000000000000e+00
0.000000000000000000e+00 0.000000000000000000e+00 0.000000000000000000e+00
0.000000000000000000e+00 0.000000000000000000e+00 0.000000000000000000e+00
0.000000000000000000e+00 0.000000000000000000e+00 0.000000000000000000e+00
-1.299679008488584131e+01 -4.630257036722481345e+00 -2.076042699524766721e+00
-1.523197396214209576e+01 -1.062535915975029965e+01 -8.378268989897804886e+00
-1.818374035583012827e+01 -1.817027355971923797e+01 -1.883688100941454380e+01
-1.949635440627323391e+01 -1.949545125561803260e+01 -1.949676977717656001e+01
-1.952741208081318902e+01 -1.950903382292145238e+01 -1.950616242944828826e+01
-1.951234913377397717e+01 -1.950663694420867600e+01 -1.952156509462202649e+01
-1.949861794184299768e+01 -1.949574787161710887e+01 -1.949868955304340190e+01
-1.949308814710296645e+01 -1.949083555002102486e+01 -1.952013375934485850e+01
-1.945840740152130621e+01 -1.946328458354371804e+01 -1.946112049213633810e+01
-1.942938146836315383e+01 -1.943475036673823553e+01 -1.946448647784417219e+01
-1.937459784349155711e+01 -1.937627604028495654e+01 -1.929615231817278342e+01
-1.931368344614341126e+01 -1.931219704605676313e+01 -1.915704986940031063e+01
-1.925699937924756711e+01 -1.914564573399336211e+01 -1.926011021433738790e+01
-1.259130357812001400e+01 -1.047143785159629026e+01 0.000000000000000000e+00
0.000000000000000000e+00 0.000000000000000000e+00 0.000000000000000000e+00
-3.539641493600589772e+00 -3.455000782710729634e+00 -1.274320031291464517e+01
-1.512304338088537747e+01 -1.797632627672761663e+00 0.000000000000000000e+00
0.000000000000000000e+00 0.000000000000000000e+00 0.000000000000000000e+00
0.000000000000000000e+00 0.000000000000000000e+00 0.000000000000000000e+00
0.000000000000000000e+00 0.000000000000000000e+00 0.000000000000000000e+00
-5.172923412179052605e+00 -1.879068451843064258e+00 0.000000000000000000e+00
-7.201017296697510339e+00 -8.015545550185208867e+00 -7.340630478795297620e+00
-1.897850477443112638e+01 -1.901950687692257347e+01 -1.898808262641549760e+01
-1.951734208236979384e+01 -1.951578326911113592e+01 -1.951659036670952929e+01
-1.951113511903596986e+01 -1.953822899959640225e+01 -1.950768506513058753e+01
-1.952663903419675862e+01 -1.952815244273637418e+01 -1.952897123875178309e+01
-1.952258650411838303e+01 -1.952423060099284768e+01 -1.952306872972998875e+01
-1.953564048876220127e+01 -1.953304352297545066e+01 -1.953406563051046518e+01
-1.951342625234667949e+01 -1.951064498213128218e+01 -1.950961182944410410e+01
-1.948020760735357015e+01 -1.947931648761489853e+01 -1.947564731945085725e+01
-1.943001760242200149e+01 -1.943075093650948659e+01 -1.942047160397163452e+01
-1.933327460422092514e+01 -1.937666244444374897e+01 -1.933673306472807241e+01
-1.923764851595172587e+01 -1.929436816073588545e+01 -1.905688400634584667e+01
-1.919806464994214323e+01 -1.906225166307832808e+01 -1.912746137933998369e+01
-1.809859526001888597e+01 -1.459344999214855854e+01 -1.620813308454609825e+01
-3.983820574765969180e+00 -8.010957219951897912e+00 0.000000000000000000e+00
-8.469367604626038215e+00 -2.400672124876601199e+00 0.000000000000000000e+00
-1.577865635700496583e+01 -5.898388701492825348e+00 -5.639681513158073756e+00
0.000000000000000000e+00 0.000000000000000000e+00 0.000000000000000000e+00
0.000000000000000000e+00 0.000000000000000000e+00 0.000000000000000000e+00
0.000000000000000000e+00 0.000000000000000000e+00 0.000000000000000000e+00
-1.593398763983613264e+01 -1.842728209281547436e+01 -1.849884567484970077e+01
-1.920956899149644315e+01 -1.920471435835158758e+01 -1.922054900470794792e+01
-1.953973702568869797e+01 -1.950813920421125403e+01 -1.951001588623080707e+01
-1.955179363647779667e+01 -1.954839844968573814e+01 -1.955101151400388915e+01
-1.957897714237916986e+01 -1.957991350128020969e+01 -1.957998176104088017e+01
-1.961046696098981101e+01 -1.960939407639433796e+01 -1.960976969622430133e+01
-1.960523589761216101e+01 -1.959800749905453188e+01 -1.959644210279395082e+01
-1.958149347226472514e+01 -1.959204792789816096e+01 -1.958490548278754773e+01
-1.954304546392122077e+01 -1.953710831973303641e+01 -1.955252660431329303e+01
-1.950780088321956995e+01 -1.950262583082710677e+01 -1.946939230030284662e+01
-1.943186217953147477e+01 -1.944178433670263573e+01 -1.938515787396767820e+01
-1.929105638874015582e+01 -1.929100526393165183e+01 -1.928762219102071640e+01
-1.913294851177897371e+01 -1.909199406081934569e+01 -1.898756761758845357e+01
-1.908964024415958960e+01 -1.901527236531985210e+01 -1.896863205810403841e+01
-7.678633949400055947e+00 -2.561100404539371045e+00 0.000000000000000000e+00
-3.943856027090784533e+00 0.000000000000000000e+00 0.000000000000000000e+00
-3.490924834997584991e+00 0.000000000000000000e+00 0.000000000000000000e+00
0.000000000000000000e+00 0.000000000000000000e+00 0.000000000000000000e+00
0.000000000000000000e+00 0.000000000000000000e+00 0.000000000000000000e+00
-3.367189705843715242e+00 0.000000000000000000e+00 0.000000000000000000e+00
-1.729523888407062771e+01 -1.738774067445119087e+01 -1.828304659197705817e+01
-1.922929135550645441e+01 -1.934203106397129801e+01 -1.941554998538045496e+01
-1.953599303576689294e+01 -1.954295819158843983e+01 -1.954138493370155416e+01
-1.957812535646080576e+01 -1.958248560152350848e+01 -1.957953291618185077e+01
-1.964076583011917521e+01 -1.964326282884766783e+01 -1.964231937302931641e+01
-1.966767095156377820e+01 -1.967690869390957786e+01 -1.967659214517228250e+01
-1.970853377556846198e+01 -1.971404837323764170e+01 -1.971098888671289373e+01
-1.973091495449274291e+01 -1.970418300757258478e+01 -1.970876259263916097e+01
-1.972232292846228674e+01 -1.971382862108992740e+01 -1.965114962895901485e+01
-1.967526216618071899e+01 -1.970472367254233603e+01 -1.959283810308080831e+01
-1.951858523429143233e+01 -1.952923820405779054e+01 -1.945739747754911164e+01
-1.936447583232945391e+01 -1.935996712184651258e+01 -1.935655179162931816e+01
-1.927315400023946879e+01 -1.922766998190736842e+01 -1.922493767791531383e+01
-1.907602205584193911e+01 -1.885544847063773943e+01 -1.903274331799681818e+01
-1.904053127754229990e+01 -1.897392195960908268e+01 -1.875164215747638252e+01
-1.080708124802406900e+01 0.000000000000000000e+00 0.000000000000000000e+00
-6.144909392116587377e+00 -4.279786505837508415e+00 0.000000000000000000e+00
0.000000000000000000e+00 0.000000000000000000e+00 0.000000000000000000e+00
0.000000000000000000e+00 0.000000000000000000e+00 0.000000000000000000e+00
-5.226449788524213602e+00 0.000000000000000000e+00 0.000000000000000000e+00
-1.812429199360284926e+01 -1.863059015550720332e+01 -1.820437291343625574e+01
-1.923530801340420737e+01 -1.924034931311357255e+01 -1.936141231960651510e+01
-1.956941170017897846e+01 -1.956863012128740920e+01 -1.956915026569651772e+01
-1.963347673592799936e+01 -1.963542648938722479e+01 -1.963478138056428435e+01
-1.969520182689047871e+01 -1.969269567268758436e+01 -1.969417304107688338e+01
-1.974529996681800981e+01 -1.976115441552778051e+01 -1.976124585834038072e+01
-1.984539382404155816e+01 -1.980762236354540207e+01 -1.984560003940622863e+01
-1.986228269320508844e+01 -1.985583887171393869e+01 -1.986488979907133157e+01
-1.985194228062040978e+01 -1.982756852438528838e+01 -1.985541600706752519e+01
-1.983877410551180631e+01 -1.981631374728181783e+01 -1.979845834432796181e+01
-1.967122418206544765e+01 -1.970553324167076426e+01 -1.961659421269693482e+01
-1.953202880426401222e+01 -1.946418846307788897e+01 -1.951659900423640082e+01
-1.926778610878386289e+01 -1.926837145111334593e+01 -1.922150050229942764e+01
-1.911488436163302040e+01 -1.911893675273045190e+01 -1.912044170330312198e+01
-1.891374259191942642e+01 -1.865853439598480534e+01 -1.889879994843824562e+01
-7.813900142908270396e+00 -5.488021222158228518e+00 -2.301278530358630725e+00
-6.081749096787198994e+00 -4.878867676940078724e+00 0.000000000000000000e+00
0.000000000000000000e+00 0.000000000000000000e+00 0.000000000000000000e+00
0.000000000000000000e+00 0.000000000000000000e+00 0.000000000000000000e+00
-1.726210984109475177e+01 -5.132345079937931764e+00 -3.679919783153945190e+00
-1.875853769122776527e+01 -1.861601178382487731e+01 -1.855090100049919144e+01
-1.915154490868659209e+01 -1.935497740491592111e+01 -1.932737770379098663e+01
-1.958589955301690466e+01 -1.961323443037497682e+01 -1.958685067886302633e+01
-1.964304442307094334e+01 -1.964306288867818751e+01 -1.964270509181811875e+01
-1.971125606549411913e+01 -1.971335978054462501e+01 -1.971384779837309154e+01
-1.978119916174409454e+01 -1.978504125745286757e+01 -1.978532269095773799e+01
-1.984335137392373127e+01 -1.987714024842574290e+01 -1.987341441610785253e+01
-1.991892999078690707e+01 -1.991867291919922422e+01 -1.991831727014906761e+01
-1.992068237644627970e+01 -1.992052943576079826e+01 -1.990946809825697983e+01
-1.987926250484531820e+01 -1.987739949380111781e+01 -1.987626891597481915e+01
-1.985647445319525417e+01 -1.984317418615729878e+01 -1.979403725929720537e+01
-1.969133081303848343e+01 -1.969449136225402697e+01 -1.962945415832109575e+01
-1.931733340207071237e+01 -1.930914236531201311e+01 -1.929165949467137509e+01
-1.916005930754560893e+01 -1.916030039519556638e+01 -1.916149536611808912e+01
-1.888528186719832291e+01 -1.847328446235810873e+01 -1.881826050858920141e+01
-1.823069600281362312e+01 -1.820158074402558412e+01 -1.820290490470920020e+01
-3.064100098446462361e+00 0.000000000000000000e+00 0.000000000000000000e+00
0.000000000000000000e+00 0.000000000000000000e+00 0.000000000000000000e+00
0.000000000000000000e+00 0.000000000000000000e+00 0.000000000000000000e+00
-1.462681434459777563e+01 -2.173090529209474653e+00 -1.898619802381402932e+00
-1.818807343746024330e+01 -1.840510840001006443e+01 -1.825110455042231905e+01
-1.912081979215931682e+01 -1.927056064013955705e+01 -1.937169412351429898e+01
-1.949086495063421154e+01 -1.952820214445243963e+01 -1.953340819314962573e+01
-1.962511086373049096e+01 -1.962785602590158973e+01 -1.962574904817635613e+01
-1.972806404235092614e+01 -1.972777389641307266e+01 -1.973088341138713986e+01
-1.977335734298710790e+01 -1.977602043412438704e+01 -1.978315134946319986e+01
-1.983482680416582511e+01 -1.987933581524361770e+01 -1.987532875645624131e+01
-1.992495992156015205e+01 -1.992539496650714526e+01 -1.992544794095323724e+01
-1.992880513898062489e+01 -1.993009195022553470e+01 -1.992974984077326894e+01
-1.989823353735485156e+01 -1.989862530892407477e+01 -1.988504343344164482e+01
-1.986870722235841313e+01 -1.986981120005618351e+01 -1.985089296346787435e+01
-1.975973710606489320e+01 -1.975475824526495927e+01 -1.969197679009006308e+01
-1.945330722332243667e+01 -1.946180549260885684e+01 -1.931243997089731934e+01
-1.914497752216015769e+01 -1.915561354162677787e+01 -1.911684352184471436e+01
-1.822600879074937907e+01 -1.869024147446820194e+01 -1.868972714201732188e+01
-1.840708811490182839e+01 -1.865190602392213393e+01 -1.859044737914475220e+01
0.000000000000000000e+00 0.000000000000000000e+00 0.000000000000000000e+00
0.000000000000000000e+00 0.000000000000000000e+00 0.000000000000000000e+00
0.000000000000000000e+00 0.000000000000000000e+00 0.000000000000000000e+00
0.000000000000000000e+00 0.000000000000000000e+00 0.000000000000000000e+00
-1.878458190196694844e+01 -1.744018961206182183e+01 -1.904072633815945892e+01
-1.920283402283644847e+01 -1.919625468260897705e+01 -1.918456086864692267e+01
-1.941011437944123941e+01 -1.940415032314690791e+01 -1.941944277393895035e+01
-1.956589791245313492e+01 -1.956416393392565212e+01 -1.956853377461424159e+01
-1.967370461669002779e+01 -1.969866704739292018e+01 -1.969873915697738198e+01
-1.976232316570692760e+01 -1.976238581613043266e+01 -1.976350127881722329e+01
-1.980700500099178285e+01 -1.982376211494406348e+01 -1.982613110072927753e+01
-1.985901747052817967e+01 -1.988869975242265298e+01 -1.989245399910924661e+01
-1.988053322701276215e+01 -1.988918515515995722e+01 -1.989057825053138373e+01
-1.988183785306000217e+01 -1.988249835315470904e+01 -1.987747003833349879e+01
-1.985818046337235998e+01 -1.986049642396009318e+01 -1.985809778006127502e+01
-1.977906859722072141e+01 -1.976952405652968636e+01 -1.976723578222584266e+01
-1.951980820698668850e+01 -1.948460840466662702e+01 -1.936504750643750938e+01
-1.909031387842797756e+01 -1.912852205897270608e+01 -1.900109654347333787e+01
-1.859321866052097860e+01 -1.856312793566190678e+01 -1.794491390837561795e+01
-1.822031131580417807e+01 -1.825713273348125654e+01 -1.836968743602320586e+01
-1.424992983275291003e+01 -1.824541260366161710e+00 0.000000000000000000e+00
0.000000000000000000e+00 0.000000000000000000e+00 0.000000000000000000e+00
0.000000000000000000e+00 0.000000000000000000e+00 0.000000000000000000e+00
-1.177735452074963085e+01 -1.107788014560504131e+01 -9.992154786927331500e+00
-1.508957326019922895e+01 -1.491704376348515915e+01 -1.503043594551224515e+01
-1.874615909012445059e+01 -1.903306762517883755e+01 -1.903622962596894652e+01
-1.913297996265545109e+01 -1.929889690159404836e+01 -1.928732222373857752e+01
-1.949846880372423996e+01 -1.947480306143979689e+01 -1.950455690516658080e+01
-1.959341746599350387e+01 -1.957413679422244712e+01 -1.959068938944871618e+01
-1.971976569841836735e+01 -1.971873160733307273e+01 -1.971795550825744314e+01
-1.977173450088513107e+01 -1.977065949793717081e+01 -1.976814866900136991e+01
-1.978637385961080497e+01 -1.980226348151159854e+01 -1.979886233128114270e+01
-1.982710318093600321e+01 -1.982414672895746577e+01 -1.982681524619758306e+01
-1.982356036430084956e+01 -1.982230247027341363e+01 -1.982236499821528852e+01
-1.982070177172203174e+01 -1.982096840281185379e+01 -1.982081020737783561e+01
-1.974767767957488118e+01 -1.974498577230589547e+01 -1.973694351655169044e+01
-1.947748679411960282e+01 -1.947327292160039391e+01 -1.926351287878662077e+01
-1.903443296214756586e+01 -1.889257290679753254e+01 -1.902290109110446181e+01
-1.839642988154258418e+01 -1.834743771364054155e+01 -1.763127826488586436e+01
-1.804026925751098531e+01 -1.770927933261041431e+01 -1.796535490426763459e+01
-1.371825716297647446e+01 0.000000000000000000e+00 -4.492685196383299662e+00
0.000000000000000000e+00 0.000000000000000000e+00 0.000000000000000000e+00
0.000000000000000000e+00 0.000000000000000000e+00 0.000000000000000000e+00
0.000000000000000000e+00 0.000000000000000000e+00 0.000000000000000000e+00
-1.716056514852254011e+01 0.000000000000000000e+00 0.000000000000000000e+00
-1.879837637765098890e+01 -1.917817486537239091e+01 -1.907382595154275862e+01
-1.912052636346817991e+01 -1.923078929620641375e+01 -1.922439826859479695e+01
-1.928644418458749854e+01 -1.936777167984495662e+01 -1.936794298494630695e+01
-1.950220776922569499e+01 -1.950907853921247082e+01 -1.951004163785103884e+01
-1.959600647930701101e+01 -1.960954929256858392e+01 -1.961629534311570566e+01
-1.969669748142431231e+01 -1.969233069852326423e+01 -1.969151054276881396e+01
-1.974994486211584999e+01 -1.975105471142691727e+01 -1.975312262043554057e+01
-1.976781593614712307e+01 -1.976650669358424395e+01 -1.976803722966964472e+01
-1.976660192632922275e+01 -1.976688060652769963e+01 -1.976722045072530776e+01
-1.975030216485195567e+01 -1.975563243796491619e+01 -1.975479285922990158e+01
-1.968691701391564308e+01 -1.968646755640065393e+01 -1.969350215021565731e+01
-1.927998550810409384e+01 -1.925113113944490451e+01 -1.890622241836891249e+01
-1.889782994600893673e+01 -1.884997245088645457e+01 -1.849369135648005269e+01
-1.816145019582413411e+01 -1.816663613064070404e+01 -1.729108893213562581e+01
-1.720516082589067963e+01 -1.729888874225675011e+01 -1.768599001074845134e+01
-1.056456315255256762e+01 -3.610275496759674851e+00 0.000000000000000000e+00
0.000000000000000000e+00 0.000000000000000000e+00 0.000000000000000000e+00
0.000000000000000000e+00 0.000000000000000000e+00 0.000000000000000000e+00
-4.751027541697304457e+00 -7.661212707677057310e+00 -5.665853764909739354e+00
-7.168266621444670861e+00 -4.216029645522414881e+00 0.000000000000000000e+00
-1.632839392756507380e+01 -1.364379520292549763e+01 -1.620171106193527422e+01
-1.913948968746770163e+01 -1.919565009430039382e+01 -1.919511442322333750e+01
-1.931215868625582743e+01 -1.928164037186567015e+01 -1.932502932789790151e+01
-1.936600070471489587e+01 -1.939949645205212647e+01 -1.939885512914495180e+01
-1.952033778415021814e+01 -1.953618544973900839e+01 -1.953395517094141809e+01
-1.956250433796299859e+01 -1.956968293399193826e+01 -1.957730002491013366e+01
-1.963015866652111541e+01 -1.963236525413963918e+01 -1.965225459771956906e+01
-1.966500768564500490e+01 -1.966239554201443696e+01 -1.966414275247185728e+01
-1.968221824964392042e+01 -1.968674334956253347e+01 -1.968659131916997396e+01
-1.969798398639289161e+01 -1.969352088290314029e+01 -1.969406365412469384e+01
-1.958392337096620039e+01 -1.954675892256880232e+01 -1.942152842702793336e+01
-1.925789503012932613e+01 -1.922461453666594267e+01 -1.861914399362287398e+01
-1.837323539144576756e+01 -1.739173119171348603e+01 -1.806952404178639071e+01
-1.842733180799679005e+01 -1.797512271044376320e+01 -1.687027558094616708e+01
-1.008806414173066024e+01 -3.775351953382658721e+00 0.000000000000000000e+00
0.000000000000000000e+00 0.000000000000000000e+00 -1.917699349942255660e+00
0.000000000000000000e+00 0.000000000000000000e+00 0.000000000000000000e+00
0.000000000000000000e+00 0.000000000000000000e+00 0.000000000000000000e+00
0.000000000000000000e+00 0.000000000000000000e+00 0.000000000000000000e+00
-1.543430612988035122e+01 0.000000000000000000e+00 0.000000000000000000e+00
-5.353704415335111655e+00 0.000000000000000000e+00 0.000000000000000000e+00
-1.918409848343015867e+01 -1.911069901839187679e+01 -1.925159087988526352e+01
-1.928003932263631626e+01 -1.928552907541565631e+01 -1.929130612221796426e+01
-1.935883154747704538e+01 -1.937198602355732646e+01 -1.937148859042638449e+01
-1.944054129348768356e+01 -1.942499711325056921e+01 -1.946666000291049414e+01
-1.953867864090673123e+01 -1.948189024730007191e+01 -1.952310358342812791e+01
-1.954092065487479601e+01 -1.956840910103288778e+01 -1.955725386877482563e+01
-1.958475961439158652e+01 -1.960221723918292014e+01 -1.960390945331484147e+01
-1.962286452501381007e+01 -1.962714967912055286e+01 -1.962785067257093630e+01
-1.958138734835414851e+01 -1.959727492846466035e+01 -1.946914600243808735e+01
-1.943017738986279852e+01 -1.914084580962419224e+01 -1.932898465707692282e+01
-1.871868941669848496e+01 -1.859338503410852894e+01 -1.831092891984551585e+01
-1.719777521801709597e+01 -1.711277172727489670e+01 -1.612522749204848793e+01
-1.682475493012749368e+01 -1.803213903466669166e+01 -1.756358325515495977e+01
0.000000000000000000e+00 0.000000000000000000e+00 0.000000000000000000e+00
0.000000000000000000e+00 0.000000000000000000e+00 0.000000000000000000e+00
0.000000000000000000e+00 0.000000000000000000e+00 0.000000000000000000e+00
0.000000000000000000e+00 0.000000000000000000e+00 0.000000000000000000e+00
-3.909349580510671718e+00 0.000000000000000000e+00 0.000000000000000000e+00
-9.687387594815206171e+00 0.000000000000000000e+00 0.000000000000000000e+00
-8.316147875760123043e+00 -1.278019251204988294e+01 -1.444619568560232459e+01
-6.704755991703298612e+00 -5.708088180318320326e+00 0.000000000000000000e+00
-1.913826747986924204e+01 -1.914270799034572690e+01 -1.915311764876330969e+01
-1.933768308211919162e+01 -1.933695840101855268e+01 -1.934045003975697696e+01
-1.940904396831486523e+01 -1.941829849402518349e+01 -1.941840022044292624e+01
-1.946960629009029020e+01 -1.947245796808696383e+01 -1.947303434866025640e+01
-1.954770324932702508e+01 -1.953195119072515951e+01 -1.952570736584057798e+01
-1.957378494582516026e+01 -1.957985079539502138e+01 -1.958152188499471436e+01
-1.962153645287138204e+01 -1.962099695583359349e+01 -1.959021765827410633e+01
-1.952105644499247461e+01 -1.954909286047274364e+01 -1.914776812645381554e+01
-1.894792523344371205e+01 -1.878006694744103910e+01 -1.830677120745401254e+01
-1.754777416338851737e+01 -1.709149643050517398e+01 -1.553791603489901796e+01
-1.707308853792488534e+01 -1.671704705268025393e+01 -1.538958701810479113e+01
-1.752501348034133954e+01 -5.003817453331528498e+00 -6.711449410152900086e+00
-1.359660609172014922e+01 -2.374178891993704799e+00 0.000000000000000000e+00
-1.463175058766889158e+01 -1.259759414361411345e+01 -5.566233206431313363e+00
0.000000000000000000e+00 0.000000000000000000e+00 0.000000000000000000e+00
0.000000000000000000e+00 0.000000000000000000e+00 0.000000000000000000e+00
-7.793792866656981566e+00 -2.006003837735968798e+00 0.000000000000000000e+00
0.000000000000000000e+00 0.000000000000000000e+00 0.000000000000000000e+00
-2.801998034114592695e+00 -2.096223749648517654e+00 0.000000000000000000e+00
-6.602005715929891494e+00 0.000000000000000000e+00 0.000000000000000000e+00
-1.250197929484478010e+01 -7.060980943643675900e+00 -4.362234458931655290e+00
-1.922031530075583206e+01 -1.924008936380341339e+01 -1.923056046013822851e+01
-1.941184291541572193e+01 -1.939875287316939989e+01 -1.941082654978909261e+01
-1.946724954233571836e+01 -1.947589722149342251e+01 -1.947830275769807429e+01
-1.953573637896021253e+01 -1.953571817127873445e+01 -1.953132815486094032e+01
-1.958488279778236674e+01 -1.958179976086045215e+01 -1.958573239385455977e+01
-1.952608902968194471e+01 -1.946510640999808928e+01 -1.954410372789678618e+01
-1.896979833058159315e+01 -1.885943320083477559e+01 -1.843171620783163789e+01
-1.732910033961493568e+01 -1.637123548086889713e+01 -1.761703195359075380e+01
-1.582613882570112018e+01 -1.539164876517671487e+01 -1.401146542194427624e+01
-1.547919611289306907e+01 -1.488757859263751726e+01 -1.551916109953432077e+01
-2.316842830308385892e+00 0.000000000000000000e+00 0.000000000000000000e+00
0.000000000000000000e+00 0.000000000000000000e+00 -6.176740390122080981e+00
-4.928604615151926716e+00 -2.065850804270259911e+00 0.000000000000000000e+00
0.000000000000000000e+00 0.000000000000000000e+00 0.000000000000000000e+00
0.000000000000000000e+00 0.000000000000000000e+00 0.000000000000000000e+00
-2.759097010444548914e+00 -2.651516913510395757e+00 -1.779318583109362972e+00
0.000000000000000000e+00 0.000000000000000000e+00 0.000000000000000000e+00
0.000000000000000000e+00 0.000000000000000000e+00 0.000000000000000000e+00
-1.013555080783849327e+01 0.000000000000000000e+00 0.000000000000000000e+00
-1.167858530665682437e+01 -6.661703935143611588e+00 -7.475557486964817144e+00
-1.367438269442248000e+01 0.000000000000000000e+00 0.000000000000000000e+00
-1.929584127527969528e+01 -1.941270036914868058e+01 -1.932065420479479201e+01
-1.945973710347800179e+01 -1.946394524165058826e+01 -1.946159073530768779e+01
-1.955191670178208696e+01 -1.953078751892544318e+01 -1.952532705999327334e+01
-1.950760274249791237e+01 -1.954714918347153585e+01 -1.953745564043598648e+01
-1.914597315009543976e+01 -1.903331386182344787e+01 -1.879458654129058459e+01
-1.826825724319103728e+01 -1.772590032384467307e+01 -1.724950324490341202e+01
-1.652127369504085408e+01 -1.383171079558270655e+01 -1.573938367275348504e+01
-1.412987994983111939e+01 -1.240832823876698576e+01 -1.457866411745168200e+01
-9.565642721268721616e+00 -6.999049912008136864e+00 -6.725187965371172361e+00
-2.857254354135221330e+00 0.000000000000000000e+00 0.000000000000000000e+00
-1.291763153443721457e+01 0.000000000000000000e+00 0.000000000000000000e+00
-1.473859053835892574e+01 -3.903693934766621521e+00 0.000000000000000000e+00
0.000000000000000000e+00 0.000000000000000000e+00 0.000000000000000000e+00
0.000000000000000000e+00 0.000000000000000000e+00 0.000000000000000000e+00
0.000000000000000000e+00 0.000000000000000000e+00 0.000000000000000000e+00
0.000000000000000000e+00 -5.433685288350308618e+00 -1.372602004194611247e+01
-1.432135790328458569e+01 -9.053598919413953894e+00 0.000000000000000000e+00
-4.050352142319938231e+00 0.000000000000000000e+00 0.000000000000000000e+00
0.000000000000000000e+00 0.000000000000000000e+00 0.000000000000000000e+00
0.000000000000000000e+00 0.000000000000000000e+00 0.000000000000000000e+00
-8.049897015287939439e+00 0.000000000000000000e+00 0.000000000000000000e+00
-1.945576126532937877e+01 -1.940981313345564629e+01 -1.940262410914202817e+01
-1.952248200304777370e+01 -1.951608736426304347e+01 -1.951691433664552733e+01
-1.909812584417042913e+01 -1.913345383505948405e+01 -1.909677791872994490e+01
-1.819542915712143838e+01 -1.808536373003512665e+01 -1.748026202497951687e+01
-1.634558167617616675e+01 -1.636327374750557340e+01 -1.509062676010876380e+01
-1.251380701583510380e+01 -1.351795040616071120e+01 -1.032430423889570648e+01
-1.026553044846605012e+01 -1.029933936930565430e+01 -1.108797116064452837e+01
0.000000000000000000e+00 0.000000000000000000e+00 0.000000000000000000e+00
-1.134245645686774040e+01 0.000000000000000000e+00 0.000000000000000000e+00
-1.480636284266409142e+01 -2.544235838015795448e+00 0.000000000000000000e+00
-4.142563924716081480e+00 0.000000000000000000e+00 0.000000000000000000e+00
0.000000000000000000e+00 0.000000000000000000e+00 0.000000000000000000e+00
0.000000000000000000e+00 0.000000000000000000e+00 0.000000000000000000e+00
-6.283252105250083375e+00 -2.214838754997790371e+00 0.000000000000000000e+00
0.000000000000000000e+00 0.000000000000000000e+00 0.000000000000000000e+00
-1.000000000000000000e+00 -4.300849916722619959e+00 0.000000000000000000e+00
-3.005748425012940928e+00 -1.744875505481948919e+00 -3.606400889311185853e+00
-3.557200665460818811e+00 0.000000000000000000e+00 0.000000000000000000e+00
0.000000000000000000e+00 0.000000000000000000e+00 -2.460645708253876407e+00
0.000000000000000000e+00 0.000000000000000000e+00 0.000000000000000000e+00
-7.566315153547249928e+00 -5.027973572965455773e+00 0.000000000000000000e+00
-1.861858051083495269e+01 -1.827475481818817826e+01 -1.831107877700223341e+01
-1.816559988722474017e+01 -1.797289143960352220e+01 -1.780843354034499626e+01
-1.769573027380833707e+01 -1.741708167623824011e+01 -1.676991836502897470e+01
-1.604709900552688495e+01 -1.597729888839601564e+01 -1.371491540164407752e+01
-1.295557698580896044e+01 -1.162584560261212729e+01 -8.621098517617312496e+00
-6.502714959309421339e+00 -7.722384785156108045e+00 -6.241870912131462390e+00
-6.568995670879442805e+00 0.000000000000000000e+00 -1.307233731255256437e+01
-1.523814952939947887e+01 0.000000000000000000e+00 0.000000000000000000e+00
-1.852114490821572756e+00 0.000000000000000000e+00 0.000000000000000000e+00
-9.577244506993288553e+00 -2.958520430281696534e+00 -2.535323934298448822e+00
0.000000000000000000e+00 0.000000000000000000e+00 0.000000000000000000e+00
0.000000000000000000e+00 0.000000000000000000e+00 0.000000000000000000e+00
0.000000000000000000e+00 0.000000000000000000e+00 0.000000000000000000e+00
-4.408651866297322641e+00 -2.732865020583785665e+00 0.000000000000000000e+00
0.000000000000000000e+00 0.000000000000000000e+00 -1.691168817131394997e+00
-1.020145102430743300e+01 -5.800155135380949289e+00 0.000000000000000000e+00
0.000000000000000000e+00 0.000000000000000000e+00 0.000000000000000000e+00
0.000000000000000000e+00 0.000000000000000000e+00 0.000000000000000000e+00
-5.541433101367828407e+00 0.000000000000000000e+00 0.000000000000000000e+00
-1.727529592456910068e+00 0.000000000000000000e+00 0.000000000000000000e+00
0.000000000000000000e+00 0.000000000000000000e+00 0.000000000000000000e+00
0.000000000000000000e+00 0.000000000000000000e+00 0.000000000000000000e+00
0.000000000000000000e+00 0.000000000000000000e+00 0.000000000000000000e+00
-9.268954597874804691e+00 0.000000000000000000e+00 0.000000000000000000e+00
-1.752430844346652972e+00 -1.509319070403877205e+01 0.000000000000000000e+00
-3.128503414317133746e+00 0.000000000000000000e+00 0.000000000000000000e+00
0.000000000000000000e+00 0.000000000000000000e+00 0.000000000000000000e+00
-1.171506550082089504e+01 0.000000000000000000e+00 0.000000000000000000e+00
0.000000000000000000e+00 0.000000000000000000e+00 0.000000000000000000e+00
0.000000000000000000e+00 0.000000000000000000e+00 0.000000000000000000e+00
0.000000000000000000e+00 0.000000000000000000e+00 0.000000000000000000e+00
0.000000000000000000e+00 0.000000000000000000e+00 0.000000000000000000e+00
0.000000000000000000e+00 0.000000000000000000e+00 0.000000000000000000e+00
0.000000000000000000e+00 0.000000000000000000e+00 0.000000000000000000e+00
0.000000000000000000e+00 0.000000000000000000e+00 0.000000000000000000e+00
0.000000000000000000e+00 0.000000000000000000e+00 0.000000000000000000e+00
0.000000000000000000e+00 0.000000000000000000e+00 0.000000000000000000e+00
0.000000000000000000e+00 0.000000000000000000e+00 0.000000000000000000e+00
0.000000000000000000e+00 0.000000000000000000e+00 0.000000000000000000e+00
0.000000000000000000e+00 0.000000000000000000e+00 0.000000000000000000e+00
0.000000000000000000e+00 0.000000000000000000e+00 0.000000000000000000e+00
0.000000000000000000e+00 0.000000000000000000e+00 0.000000000000000000e+00
0.000000000000000000e+00 0.000000000000000000e+00 0.000000000000000000e+00
0.000000000000000000e+00 0.000000000000000000e+00 0.000000000000000000e+00
0.000000000000000000e+00 0.000000000000000000e+00 0.000000000000000000e+00
0.000000000000000000e+00 0.000000000000000000e+00 0.000000000000000000e+00
0.000000000000000000e+00 0.000000000000000000e+00 0.000000000000000000e+00
0.000000000000000000e+00 0.000000000000000000e+00 0.000000000000000000e+00
0.000000000000000000e+00 0.000000000000000000e+00 0.000000000000000000e+00
0.000000000000000000e+00 0.000000000000000000e+00 0.000000000000000000e+00
0.000000000000000000e+00 0.000000000000000000e+00 0.000000000000000000e+00
