-2.401707056584721613e+03
-8.379325305048249675e+02
-2.893933632286995703e+02
-3.620257133897773656e+02
-3.792743554114559288e+02
-2.354837654753562219e+02
-1.951855995410212188e+02
-1.534315395095367762e+02
-1.886518497275594939e+02
-1.348185240963855449e+02
-1.521016079370509715e+02
-1.506640437906260672e+02
-1.771901408450704309e+02
-1.789677615571776244e+02
-1.749722222222222285e+02
-2.150116336633663252e+02
-1.758241112828438872e+02
-2.078602232369355534e+02
-1.653834779813564637e+02
-2.441710085117358915e+02
-9.226481767955800706e+02
-4.812571552471812879e+02
-2.287273421588594715e+02
-7.075208378554373212e+02
-1.491287584011319325e+02
-2.819470635237714760e+02
-9.096361992209237997e+02
-1.533796423658872072e+02
-1.893752260397830014e+02
-2.399044048734770342e+02
-1.818101341281669079e+02
-1.926092572658772895e+02
-1.768178016726403712e+02
-1.571965506020175667e+02
-1.646806431273644478e+02
-1.690662353666050421e+02
-1.468252697528715487e+02
-1.700598057073466975e+02
-1.665514195583596120e+02
-1.627500788892395178e+02
-1.833343082772740615e+02
-1.894891048292108451e+02
-2.231485854858548521e+02
-1.524331859911594620e+02
-1.548438127090300895e+02
-1.354168627450980296e+02
-1.893663780232905367e+02
-1.463430079155672843e+02
-1.352017792155276936e+02
-1.516271245230662430e+02
-1.506416666666666799e+02
-1.188020493712156451e+02
-1.075694310511089640e+02
-1.234402407566637976e+02
-1.204555935098206731e+02
-1.110574003795066460e+02
-1.283889782783588203e+02
-1.234858709405314272e+02
-1.397903345724907069e+02
-1.295842125830402551e+02
-1.114009478672985836e+02
-1.236774056803730417e+02
-1.200649704679691041e+02
-1.115288596902862537e+02
-1.385976925939709758e+02
-1.346503358356380886e+02
-1.189428697962798935e+02
-1.296864026133115431e+02
-1.279030694668820729e+02
-1.079753086419753032e+02
-1.274426433915212016e+02
-1.156470066518846949e+02
-9.745391949152542566e+01
-1.095334268349696174e+02
-1.121272051996285910e+02
-1.085606429615197328e+02
-1.045878278080158310e+02
-1.233508771929824519e+02
-1.484102376599634283e+02
-1.388116385911179123e+02
-1.219866108786610823e+02
-1.075558794946550023e+02
-1.019078085642317433e+02
-9.295851769911504903e+01
-1.108132183908045931e+02
-1.069733727810650947e+02
-1.056674840608141182e+02
-9.344969763606377455e+01
-1.060787789266371277e+02
-9.887586574320724253e+01
-1.261138775510204084e+02
-1.115542965061378595e+02
-8.204987684729063346e+01
-9.025398633257402992e+01
-9.331628162816281247e+01
-8.942439862542954643e+01
-9.361657458563536238e+01
-1.028463855421686759e+02
-9.937839248434238471e+01
-1.125665137614678883e+02
