-4.767619642350269714e+03
-4.424048296595625288e+03
-4.504460643665116550e+03
-4.612691203807854436e+03
-4.055228980766141376e+03
-3.750098154149192851e+03
-2.333698119571633470e+03
-3.031106801989514679e+03
-1.345391721597518426e+03
-1.017662995942884208e+03
-8.277065257285472626e+02
-8.966885405001866047e+02
-3.420873417721518877e+02
-4.571122076023391969e+02
-2.734911264711377044e+02
-2.809018147086915178e+02
-2.557138068300859004e+02
-2.547494885201182058e+02
-2.250353960992053999e+02
-1.988589177250138107e+02
-1.612792821158690231e+02
-1.460466786355475790e+02
-1.508002099370189057e+02
-1.195185670598514633e+02
-1.670078482668410800e+02
-1.469114765570328984e+02
-1.299420289855072497e+02
-1.269519580137262835e+02
-1.409711934156378561e+02
-1.196086206896551687e+02
-1.288506916192025926e+02
-1.151340026189436969e+02
-1.163421166306695511e+02
-1.222021407986825920e+02
-1.189382402707275759e+02
-1.360641956438670093e+02
-1.064526159921026647e+02
-1.030041131105398478e+02
-1.031219143576826127e+02
-1.094374707259953112e+02
-9.748118706942236145e+01
-1.091523584905660442e+02
-1.118037255792821441e+02
-1.113430127041742281e+02
-1.142651884700665192e+02
-1.144690539345711784e+02
-1.097923748277446094e+02
-1.093566820276497680e+02
-1.088668528864059653e+02
-1.118373033707865147e+02
-1.095525345622119886e+02
-1.073579839849269888e+02
-1.068102710413694751e+02
-1.061041465766634531e+02
-1.097713891444342238e+02
-1.071543560606060623e+02
-1.132602247191011173e+02
-1.133739946380697035e+02
-1.079118755890669235e+02
-1.074840375586854435e+02
-1.119230076542098118e+02
-1.041720430107526880e+02
-1.079201877934272318e+02
-1.059823557463042505e+02
-1.039557522123893847e+02
-1.233022575250836184e+02
-1.174516129032258078e+02
-1.075869980879541146e+02
-1.278045474420638357e+02
-1.631079652699131657e+02
-1.117552941176470540e+02
-1.054314314314314345e+02
-1.588924441017733216e+02
-3.260954843157531968e+02
-8.697559558396281432e+01
-8.928022598870056470e+01
-9.126382743362832173e+01
-8.745838150289017676e+01
-8.469534050179211704e+01
-9.109955752212388802e+01
-8.893185689948892048e+01
-8.817572982255295244e+01
-8.796270797475617087e+01
-8.759193083573487115e+01
-8.723130434782608233e+01
-8.813153360137852133e+01
-8.520582986317667462e+01
-8.648011695906433260e+01
-8.921225879682179993e+01
-9.299508196721311037e+01
-8.815949512335053839e+01
-8.625709219858156018e+01
-9.156949152542372872e+01
-8.817109826589594945e+01
-8.752502910360884414e+01
-8.542806183115338570e+01
-8.958399545970488020e+01
-8.740277777777777146e+01
-8.495232419547079417e+01
-8.753267784846731558e+01
