-3.959228599221789864e+03
-3.799677500287720250e+03
-2.387819025039514145e+03
-1.194213876040703099e+03
-9.916313474884902917e+02
-7.855324915824916161e+02
-2.224706183782286644e+03
-3.755834472285497441e+02
-3.319166392092257070e+02
-3.452963098953552503e+02
-2.198997354497354593e+02
-1.663004399748585911e+02
-1.802259204712812846e+02
-1.958174577891048216e+02
-1.104047393364928951e+02
-1.862564668769716150e+02
-1.370504825538233149e+02
-2.251264398607018506e+02
-1.324318289786223204e+02
-1.135583218072844573e+02
-9.925000000000000000e+01
-1.158942263279445797e+02
-1.329807615230460840e+02
-1.577986965966690889e+02
-1.863789117564138849e+02
-1.797261709793645537e+02
-1.274701195219123520e+02
-1.395819144911085914e+02
-9.254550561797752550e+01
-1.062237093690248599e+02
-1.044290589956118964e+02
-1.019792079207920779e+02
-1.034874569601574024e+02
-1.322148453608247394e+02
-1.103912213740457986e+02
-1.093077281191806378e+02
-1.112501149425287394e+02
-1.076552868658131814e+02
-1.161497137824746773e+02
-1.100527289546715934e+02
-1.067012224938875278e+02
-9.063245956497490852e+01
-9.544019396551723844e+01
-8.963796033994334778e+01
-8.958001122964626006e+01
-8.641203974284044875e+01
-8.737529002320185612e+01
-8.735052143684819725e+01
-8.615439010017678356e+01
-8.719605568445476251e+01
-8.474700956937799390e+01
-9.163891951488423615e+01
-8.393446601941747076e+01
-8.688733216579100826e+01
-9.161364887176664240e+01
-9.000561797752808957e+01
-8.804260218767990409e+01
-8.908783008036739659e+01
-9.092089136490250212e+01
-8.579905715969357516e+01
-8.825114416475972234e+01
-8.953116066323613609e+01
-9.137839335180055400e+01
-8.348849878934625224e+01
-8.472551390568318652e+01
-8.519916765755053234e+01
-8.791086831512363631e+01
-8.489601901366607706e+01
-9.061891279728199322e+01
-8.437627934978928579e+01
-8.349365558912386120e+01
-8.683420593368236950e+01
-8.536982248520709504e+01
-8.603218256290227828e+01
-8.598592375366568774e+01
-8.297872340425531945e+01
-8.557767277023036456e+01
-8.510077059869591665e+01
-8.492394533571004445e+01
-8.543086053412463343e+01
-9.025865921787709567e+01
-9.172046589018302143e+01
-8.449342891278375589e+01
-8.540094618568893736e+01
-8.808247422680412342e+01
-8.680487804878049474e+01
-8.646907817969660925e+01
-8.776662844036697209e+01
-8.656726849155504055e+01
-8.339406779661017310e+01
-8.145415117719950615e+01
-8.316737416616130929e+01
-8.284053560559951279e+01
-8.580377136122569937e+01
-8.231430325352977206e+01
-8.462925373134328311e+01
-8.669262056943637162e+01
-9.058158044343376503e+01
-8.632857991681521526e+01
-8.667466354593329925e+01
