-2.865929131609016167e+03
-1.870769466100858608e+03
-6.016253650864973679e+02
-6.675492358078602138e+02
-7.303900730816078521e+02
-3.628024966562639406e+02
-3.128077525450274265e+02
-3.046415168100078290e+02
-2.349328993490235291e+02
-3.114153672740935690e+02
-1.752273561811505544e+02
-1.711312024353120194e+02
-2.004267373709182323e+02
-1.308327330932372945e+02
-1.270586358197048327e+02
-1.559809254680324955e+02
-2.195324222936763192e+02
-1.335325998370008165e+02
-1.577066439522998280e+02
-1.606477746870653789e+02
-1.171422300263388934e+02
-1.773912488022995717e+02
-1.161256038647343019e+02
-1.112014652014651972e+02
-1.115896614821592010e+02
-1.231970464135021075e+02
-1.090732959850606960e+02
-1.309440587995100032e+02
-1.981186820217530453e+02
-1.427133227597145151e+02
-1.195412587412587442e+02
-1.044300151591713046e+02
-1.116362795002313675e+02
-1.126766055045871582e+02
-8.728258293838862869e+01
-8.218765903307888721e+01
-7.613572854291416547e+01
-7.495160190865712480e+01
-7.763897972531066216e+01
-8.066315789473684106e+01
-8.585410334346504158e+01
-8.679589296826384270e+01
-8.666951740989614450e+01
-9.057683352735739390e+01
-1.087059113300492612e+02
-1.325563409563409607e+02
-1.393929539295392885e+02
-1.051987019470793854e+02
-8.583049853372433802e+01
-8.365309842041311583e+01
-8.537945368171021698e+01
-9.061782729805014469e+01
-8.159874213836478418e+01
-8.316071428571429180e+01
-8.348602673147023268e+01
-8.639627039627039551e+01
-8.489745109662122502e+01
-8.063331222292590894e+01
-8.199570288520564532e+01
-8.006513409961685568e+01
-8.079169329073482686e+01
-8.038398486759142259e+01
-8.150528935905413164e+01
-8.276283618581906865e+01
-7.989024390243902474e+01
-7.956157317859445754e+01
-8.229020332717190911e+01
-8.174938118811881793e+01
-7.749036544850498842e+01
-7.555888359428182355e+01
-7.940683430045132241e+01
-8.401437986818454817e+01
-8.364560770156438707e+01
-8.398981426003595629e+01
-8.141750629722922383e+01
-8.245504926108374377e+01
-8.290384615384616041e+01
-7.780704041720990460e+01
-7.825810635538262261e+01
-7.405314009661836394e+01
-9.529994308480364396e+01
-1.108720194647201964e+02
-1.121629422718808229e+02
-9.896080566140446422e+01
-1.002668759811616894e+02
-1.261957324579400961e+02
-1.250790322580645153e+02
-1.191867007672634315e+02
-1.256484751203852284e+02
-1.171753130590339822e+02
-1.096404819277108373e+02
-1.126039651837524218e+02
-9.459621802002224911e+01
-9.004582366589326625e+01
-9.017416378316032421e+01
-8.614454976303316869e+01
-9.111248593925759565e+01
-9.085826771653543688e+01
-7.937157425111536213e+01
-8.588776722090261728e+01
