-2.832251872507376447e+03
-4.807718287586129122e+02
-3.815464076472401871e+02
-3.972278727247464190e+02
-2.881561522898657586e+02
-2.430038257173220018e+02
-1.690199414835637754e+03
-3.203246626564786084e+02
-7.139668089647811939e+02
-3.139014769115722743e+02
-2.188414435389988455e+02
-3.794251550044286887e+02
-2.301987031032885511e+02
-2.210207766510017393e+02
-1.627413461538461661e+02
-1.633198328511732598e+02
-2.305313883823912420e+02
-1.651785118451785195e+02
-1.769515113350125830e+02
-1.269147659063625468e+02
-1.276072727272727292e+02
-1.309953143303397098e+02
-1.703182973316391440e+02
-1.475966630395357413e+02
-2.666360938764499338e+02
-1.491080500894454417e+02
-1.591533961650958702e+02
-2.484185850645704647e+02
-1.734254019292604596e+02
-2.865980508676016143e+02
-3.932142405729934467e+02
-4.951113511390416306e+02
-1.544049897470950157e+02
-1.555761853058270106e+02
-1.256326356258009440e+02
-1.204357446808510588e+02
-1.300797275641025692e+02
-1.909993247805536782e+02
-1.299835552075176111e+02
-1.315119191919191906e+02
-1.212035398230088532e+02
-1.189716821639898541e+02
-1.242408013082583835e+02
-1.353949068795134849e+02
-1.878344636251541431e+02
-1.400007648183556341e+02
-1.328430474604496112e+02
-1.691375449820071992e+02
-2.158526130358191324e+02
-2.094686891177289283e+02
-1.799267685744756591e+02
-1.075290199809705030e+02
-2.764315858885591979e+02
-8.559723058398554940e+01
-1.456804904435629169e+02
-1.998721311475409834e+02
-1.310984219269103050e+02
-2.469459701492537249e+02
-1.949183428399879858e+02
-1.946372520839321680e+02
-1.996738519212746041e+02
-1.843614381164492499e+02
-1.921710014947683192e+02
-1.612861965491372871e+02
-1.439513064133016655e+02
-1.377195172700790806e+02
-1.381724659606656473e+02
-1.216858369098712416e+02
-1.846528208307501586e+02
-2.067973727422003378e+02
-1.175577933450087613e+02
-1.021335667833917000e+02
-1.640890642615558193e+02
-1.361477749790092275e+02
-1.115786778398510251e+02
-1.679602874432677879e+02
-1.480657259561826891e+02
-1.067605973025048200e+02
-1.109280442804428048e+02
-1.144718341595313262e+02
-9.963767370046319627e+01
-1.010989236289082527e+02
-1.203598949211909002e+02
-1.151970310391363057e+02
-1.221931205967675140e+02
-1.239353518821603899e+02
-1.188306695464362832e+02
-8.400000000000000000e+01
-1.127419962335216610e+02
-2.703647097408986610e+02
-2.758994764397905897e+02
-1.820986601705237433e+02
-1.546049625836943733e+02
-1.712506631299734750e+02
-9.571951219512195053e+01
-9.818263631551084814e+01
-1.148235294117647101e+02
-9.536266094420601291e+01
-8.574690994702766034e+01
-9.045944412932500711e+01
