-3.758464440754596126e+03
-1.003401387146757202e+03
-4.333894469167196348e+02
-3.548260999700688672e+02
-5.619724389502482609e+02
-4.064265590376701311e+02
-5.550766419434590944e+02
-3.457886639676113418e+02
-2.718523564887201474e+02
-2.384325206791467053e+02
-2.120554584061953562e+02
-2.356666666666666572e+02
-1.662461155997513913e+02
-1.974668666484865014e+02
-1.555739219712525596e+02
-1.624982263785875602e+02
-1.404805383775918415e+02
-1.262884692647649700e+02
-1.311599684791174241e+02
-1.239798283261802538e+02
-1.211866554054054035e+02
-1.156645851917930372e+02
-1.064681884409907724e+02
-1.203616636528028891e+02
-1.159448784722222285e+02
-1.143667570009033483e+02
-1.253729032258064535e+02
-1.115052970981114697e+02
-1.151597285067873315e+02
-1.455293033542204171e+02
-1.175424922941435426e+02
-1.318061513557264277e+02
-1.218644880174291956e+02
-1.055551823416506778e+02
-1.219264013692768458e+02
-1.062706730769230745e+02
-9.849790794979080033e+01
-1.110298229263746492e+02
-1.196141843971631147e+02
-1.052271604938271565e+02
-1.039410000000000025e+02
-8.891671486408328917e+01
-9.911071060762101581e+01
-9.093363584798638044e+01
-9.612225201072385516e+01
-9.885038560411311437e+01
-1.069529058116232534e+02
-9.561431623931623847e+01
-1.105613117870722419e+02
-1.090292825768667626e+02
-9.667657142857143526e+01
-8.324061107574793539e+01
-1.038112617309697612e+02
-8.349164086687306963e+01
-8.237858032378579765e+01
-8.906568047337277960e+01
-9.575209848908785659e+01
-9.854089422028353340e+01
-1.097947242206235074e+02
-9.102102272727272236e+01
-7.759600000000000364e+01
-8.163062499999999488e+01
-7.678805774278215779e+01
-7.646322067594432781e+01
-7.802593085106383342e+01
-8.297641216635629746e+01
-7.652929558920342856e+01
-7.620639147802928903e+01
-7.798901098901099260e+01
-7.591373589913736453e+01
-7.324843858431644605e+01
-8.208090614886731373e+01
-8.333796588755527068e+01
-9.055761436016213395e+01
-7.529284750337382093e+01
-1.144029583146570985e+02
-9.295270655270655880e+01
-1.059964157706093175e+02
-9.603010399562123212e+01
-1.148881932021466952e+02
-7.980239898989898961e+01
-7.645304232804232925e+01
-7.781040157998683071e+01
-7.733093053735255751e+01
-7.602338009352037318e+01
-1.038171166581762606e+02
-1.162987307343608308e+02
-1.040552712384851617e+02
-1.178968982088248083e+02
-9.610039705048212966e+01
-9.073192942515652248e+01
-9.102714932126697533e+01
-1.042113821138211449e+02
-9.231154064809551585e+01
-8.427913927077106848e+01
-7.848443579766536971e+01
-8.786837294332724468e+01
-1.199860869565217456e+02
-9.431696428571429180e+01
-9.044357743097238256e+01
