-2.960305944197330973e+03
-2.490763262738519472e+02
-3.255528483786152378e+02
-2.644007330637007271e+03
-4.563362581375601508e+02
-7.794166666666666288e+02
-2.707796098934244924e+02
-2.068234817813765289e+02
-2.361483402489626542e+02
-1.617780261897157459e+02
-1.646142947103274423e+02
-1.612307692307692264e+02
-1.706003836317135551e+02
-1.703241182078169800e+02
-1.843347381095725552e+02
-1.750225611693676626e+02
-1.727296320630748880e+02
-1.371545704197724547e+02
-1.732726972598217117e+02
-1.372805970149253767e+02
-1.143009575923392589e+02
-1.858009113214160664e+02
-1.445382680560546191e+02
-1.391020485584218420e+02
-1.245572768039135809e+02
-1.822755648038049969e+02
-9.365790761700825442e+02
-9.624167561761547063e+01
-3.032357086922474423e+02
-1.179382940108892939e+02
-1.279282029234737763e+02
-1.905743760399334406e+02
-1.649116294349539942e+02
-1.223196824070204798e+02
-9.617328326180258102e+01
-1.482581058020477940e+02
-1.186218951241950350e+02
-1.084537775692163279e+02
-1.367620758483033967e+02
-1.406024049650892209e+02
-1.131508007117437700e+02
-1.146245059288537504e+02
-1.058343886994641991e+02
-1.144104707435107855e+02
-1.078648130393096807e+02
-1.153582024432809732e+02
-1.135883658969804628e+02
-1.094556377079482417e+02
-1.143971880492091344e+02
-1.088226485727655586e+02
-1.137403462050599217e+02
-1.018049898167006120e+02
-1.068534816247582171e+02
-9.677705627705627478e+01
-9.791479099678456066e+01
-9.788126649076517083e+01
-8.569175627240143456e+01
-9.344854155200880541e+01
-1.038269999999999982e+02
-9.762386302835740537e+01
-9.538461538461538680e+01
-8.930817972350230605e+01
-8.910829899941141719e+01
-1.033703890853966669e+02
-1.103638059701492580e+02
-1.092432687765706163e+02
-1.187340110122829344e+02
-1.140044150110375227e+02
-1.077395195478097065e+02
-1.047702970297029736e+02
-8.723221634332745111e+01
-7.532746955345061224e+01
-9.729849946409431993e+01
-9.841901221455124471e+01
-9.592880613362541453e+01
-1.047704757233938153e+02
-1.110165137614678912e+02
-9.782728272827283433e+01
-1.148248562582927974e+02
-9.885065274151436654e+01
-1.179138609532138133e+02
-1.069709020368574244e+02
-9.365173572228442822e+01
-1.111606978879706134e+02
-8.531731909845788664e+01
-8.452675886951293194e+01
-8.937045720984760067e+01
-8.325650332728372405e+01
-8.382175226586102212e+01
-8.211289327575570951e+01
-8.260611620795107513e+01
-8.039597737272156053e+01
-7.938402061855670411e+01
-8.054874999999999829e+01
-7.729407894736841911e+01
-8.497443519619500307e+01
-7.642343541944075014e+01
-7.912645161290322449e+01
-7.912676056338028729e+01
-7.681332453825856987e+01
