-4.656201391834722926e+03
-4.025092870399010280e+03
-3.906764100491262980e+03
-2.003958423819865175e+03
-1.390679536857643598e+03
-1.784362536231883951e+03
-7.635132187965796220e+02
-8.272569367369588917e+02
-4.770559556132687931e+02
-4.110293040293040576e+02
-3.990702921608331053e+02
-3.794773705297521929e+02
-3.608978554408260493e+02
-3.303778972742443898e+02
-3.726923324742268164e+02
-2.216062681063997957e+02
-2.125808119989656007e+02
-1.511889319703912520e+02
-1.460333684580259899e+02
-1.439014033825116883e+02
-1.376121460506706455e+02
-1.260709598031173044e+02
-1.258411642411642362e+02
-1.293632393807066308e+02
-1.304379161770466169e+02
-1.380621072088724475e+02
-1.360111196319018347e+02
-1.243209718670076711e+02
-1.275360951599671893e+02
-1.140330275229357824e+02
-1.620810518731988452e+02
-1.206405648267008957e+02
-1.134853881278538807e+02
-1.069197501201345517e+02
-9.154253521126760518e+01
-9.807843137254901933e+01
-8.925131810193322224e+01
-9.094603709949409165e+01
-9.809744408945687155e+01
-1.167809062912450457e+02
-1.062308853118712335e+02
-1.096856481481481467e+02
-1.118220720720720749e+02
-1.156688567674112988e+02
-1.094829678021465185e+02
-1.086915843911612569e+02
-1.042303120356612141e+02
-1.062677804295942678e+02
-1.065426770126091185e+02
-1.170299823633156961e+02
-1.055090180360721490e+02
-1.020814185814185748e+02
-3.460476190476190368e+02
-9.556951154052603670e+01
-1.025231316725978701e+02
-9.335862844294547358e+01
-8.970984455958549120e+01
-9.202974186307520199e+01
-9.022892938496583781e+01
-9.334050772626932257e+01
-8.522490931076178811e+01
-8.692599171107164580e+01
-8.206281094527362541e+01
-8.094427050720099714e+01
-8.658362989323843806e+01
-8.490102595051297385e+01
-8.230074719800747118e+01
-8.521347644603459059e+01
-8.110721003134796092e+01
-8.356917475728155864e+01
-8.685697399527187201e+01
-8.470491803278687826e+01
-7.997650793650794299e+01
-8.522582582582582233e+01
-8.850236966824644469e+01
-7.629860650298606117e+01
-7.940802036919160400e+01
-8.448554216867469790e+01
-7.942702358189930578e+01
-9.097168141592919710e+01
-8.436418632788868877e+01
-8.274431468961277858e+01
-7.847195357833655294e+01
-8.185643564356435320e+01
-7.855196901226597106e+01
-7.896600384862091460e+01
-8.141489361702127781e+01
-8.154856787048568378e+01
-8.118898623279099525e+01
-8.802282036278525368e+01
-7.959655831739961229e+01
-8.280147965474722582e+01
-8.956959064327485009e+01
-8.485542891421715694e+01
-7.938927887683472306e+01
-8.290842040565458149e+01
-7.936811779769526254e+01
-8.071419518377693691e+01
-8.043157224697644381e+01
-8.010316455696202809e+01
