-2.931852085767518020e+03
-1.243397067261714938e+03
-1.544683250999764823e+03
-3.544263416084435789e+02
-3.883984789783326050e+02
-3.188389751262390064e+02
-2.764904109589041354e+02
-3.476236176194939276e+02
-2.825323943661971953e+02
-4.182464624753716862e+02
-2.077687093275488053e+02
-2.787268208755496062e+02
-3.366662208635842717e+02
-2.640281228029060117e+02
-2.452472766884531552e+02
-3.371609764424718492e+02
-2.486836508639787269e+02
-2.462030042918455024e+02
-2.144282945736433987e+02
-1.792200467562828692e+02
-1.640967741935483843e+02
-2.138838825952626053e+02
-1.983556263269639146e+02
-2.524667295894289794e+02
-1.783812335958005235e+02
-1.949367128463476035e+02
-1.386903796535200968e+02
-1.303062848050914795e+02
-1.233812341504649197e+02
-1.236224576271186493e+02
-2.077330827067669077e+02
-2.228498473494310304e+02
-2.997864259028642664e+02
-2.258619141173168714e+02
-3.826391200951248379e+02
-2.515821767713659654e+02
-1.625981719702098758e+02
-1.481219158200290167e+02
-1.302360890302066707e+02
-1.134459338695263568e+02
-1.166740164288802362e+02
-1.162318777292576470e+02
-1.181278643446379419e+02
-1.365171892708726773e+02
-1.067361516034985414e+02
-1.130301484230055706e+02
-1.287034068136272538e+02
-1.685451030927835063e+02
-1.266226804123711389e+02
-1.146180297397769579e+02
-1.239111870196413321e+02
-1.237195071868583227e+02
-1.266455493183640755e+02
-1.064688243693479279e+02
-1.106733551096593544e+02
-1.278095039599833314e+02
-1.065655000000000001e+02
-1.480743140243902474e+02
-1.726361873990306890e+02
-2.548101207056638771e+02
-2.411858548258441886e+02
-7.072701662773121143e+02
-2.799815487838970967e+02
-1.202554709800190267e+02
-1.151085201793721922e+02
-1.079784069097888732e+02
-9.908747300215982534e+01
-1.169509500662836956e+02
-1.193166104553119737e+02
-1.164840848806366012e+02
-1.187626903553299513e+02
-1.929352578475336202e+02
-1.893418467583497034e+02
-1.060048007681229052e+02
-1.059023668639053284e+02
-9.604008551576697528e+01
-1.449201814058957041e+02
-8.543399638336347834e+01
-9.590765888104290582e+01
-9.405166666666666231e+01
-1.005750256937307228e+02
-1.051112745098039198e+02
-1.077743614001892212e+02
-1.101464416058394136e+02
-1.084406381980290917e+02
-9.533568712656165189e+01
-8.866202090592334173e+01
-8.636763831052944340e+01
-8.054670846394984096e+01
-8.405609167671893545e+01
-9.699610244988863883e+01
-8.762742789876398319e+01
-9.432117191818684887e+01
-9.477290394225430248e+01
-9.173329493087557296e+01
-1.272101708382995611e+02
-1.260536214485794346e+02
-1.300566653077863748e+02
-1.120178735105407952e+02
-1.074188991719434938e+02
