-2.982704599887292261e+03
-2.138210619678334751e+03
-4.152240658114891403e+02
-2.487083687340696656e+02
-2.318037447988904205e+02
-2.208475401850949709e+02
-1.997810143042912898e+02
-2.065040396142819930e+02
-1.850540540540540633e+02
-1.617660725652450537e+02
-1.417344448962993226e+02
-1.879064600993861518e+02
-2.674262931034483017e+02
-1.359906578435188749e+02
-1.722584814216478151e+02
-2.229278376346780135e+02
-2.287278243282288486e+02
-2.073579872688693513e+02
-1.323672583826430014e+02
-1.311318417898521886e+02
-1.970243975007438166e+02
-1.370280078895463589e+02
-1.360003746721618541e+02
-1.524336283185840841e+02
-2.202102071753410826e+02
-1.799044347282948024e+02
-1.261004623791508976e+02
-1.640640409862311913e+02
-2.036764536557282668e+02
-1.134661223030158453e+03
-8.113388990628029660e+02
-4.679561488673139138e+02
-1.967879156374691320e+03
-1.438025316455696156e+02
-1.455560488346282000e+02
-1.127490825688073386e+02
-1.380410802586534942e+02
-1.482888651725364753e+02
-1.264245129870129887e+02
-1.265060341240116486e+02
-1.631821992905514378e+02
-1.649335197266231887e+02
-1.475139082058414601e+02
-1.462177042101475308e+02
-1.656577574967405440e+02
-1.771455257607713065e+02
-1.682468138016785701e+02
-1.342347206599175138e+02
-1.435681233933161991e+02
-1.464958972529432799e+02
-1.362575301204819311e+02
-1.341560390097524476e+02
-1.383181148748159046e+02
-1.506906601123595522e+02
-1.419501970619849658e+02
-1.316911256242796640e+02
-1.401484893146647153e+02
-1.185984522785898605e+02
-1.173957771787960525e+02
-1.306505922165820550e+02
-1.273812654067378816e+02
-1.228781725888324843e+02
-1.134678651685393191e+02
-1.115326842837274057e+02
-1.130067537145429952e+02
-1.453495527728085790e+02
-1.275480885311871191e+02
-1.028130653266331649e+02
-1.068613766730401551e+02
-1.345550295857988203e+02
-1.986567937800814434e+02
-1.105318456531845612e+02
-1.119898430286241933e+02
-1.115365736284889380e+02
-1.156903137789904434e+02
-1.173004041311180998e+02
-1.061196540124939958e+02
-9.515792291220556365e+01
-9.408230231307153701e+01
-9.172680705748435059e+01
-1.055004878048780483e+02
-1.045839160839160797e+02
-9.580137348124669927e+01
-1.038214107053526760e+02
-9.540232927474853852e+01
-9.647373949579831276e+01
-9.479006410256410220e+01
-1.171501103752759434e+02
-1.089003338102050549e+02
-1.203861087144089765e+02
-1.340093059325319871e+02
-1.204227534307215564e+02
-1.084161849710982608e+02
-1.137093285263632225e+02
-1.162094408799266745e+02
-1.199995646495428758e+02
-1.255680131904369290e+02
-1.295000000000000000e+02
-1.374369589762890485e+02
-1.240552325581395365e+02
