-4.440443495070559038e+03
-4.176198053198207162e+03
-1.856948072338198472e+03
-3.925755377777777994e+03
-2.667570877015829865e+03
-2.126048850867366127e+03
-1.085892247882093443e+03
-7.282120891708520958e+02
-5.362513049151805262e+02
-6.127954733360893442e+02
-2.744501866771468030e+02
-5.619386846311942918e+02
-4.025313469057570614e+02
-5.665938680772967473e+02
-2.823555724033358842e+02
-3.299180217937971520e+02
-3.073026362664766680e+02
-3.327593414724380523e+02
-1.913955307262569931e+02
-2.335121951219512084e+02
-2.021455373894398235e+02
-1.721565551938443264e+02
-3.080066959131840463e+02
-1.997663335895464911e+02
-2.060348967057509810e+02
-2.246787090558766806e+02
-2.453732569721115624e+02
-2.119151515151515071e+02
-2.180968586387434414e+02
-2.180997236875157057e+02
-1.830457831325301186e+02
-1.324179389312976980e+02
-1.372488805970149315e+02
-1.502341379310344962e+02
-1.341979734996102991e+02
-1.269628099173553721e+02
-1.583959508795220756e+02
-1.567801980198019862e+02
-1.423470543806646447e+02
-1.735098634294385533e+02
-1.288987921699292087e+02
-1.703878892733563930e+02
-1.300446392985253112e+02
-1.581250808015513769e+02
-1.089531548757170185e+02
-1.172290008841733027e+02
-1.605089319650323034e+02
-9.888829787234043067e+01
-1.035012431626056753e+02
-1.148158958239784511e+02
-1.106563213144682862e+02
-1.207070145423438845e+02
-1.057402597402597451e+02
-1.722998313659359155e+02
-8.810507880910682843e+01
-1.110492587278813943e+02
-1.131192660550458697e+02
-1.279006060606060657e+02
-1.253422953451043327e+02
-1.071070201276386911e+02
-1.060389027431421454e+02
-1.170314748201438846e+02
-8.070830730793254304e+01
-1.115284974093264196e+02
-1.209905862216516965e+02
-1.160467642890883297e+02
-1.059953149401353443e+02
-1.150564705882352996e+02
-1.102164142647777254e+02
-1.185384615384615330e+02
-1.273139393939393926e+02
-1.246484823625922900e+02
-1.271049206994713359e+02
-1.415517912772585589e+02
-9.151161504424779025e+01
-1.205544509715318640e+02
-1.042286570144782871e+02
-9.520776380535811256e+01
-1.105938095238095258e+02
-1.257979753521126725e+02
-8.264853300733496155e+01
-1.007792482795129700e+02
-1.354650571791613629e+02
-1.884561994609164515e+02
-2.335883270911360796e+02
-1.558277680140597568e+02
-1.474504310344827616e+02
-1.203735801430374437e+02
-1.463941109852774503e+02
-1.260297397769516721e+02
-1.065685158843053557e+02
-1.108149999999999977e+02
-1.108018518518518505e+02
-1.006322077922077938e+02
-1.239139307897071802e+02
-1.036327885597548573e+02
-1.068929254302103260e+02
-9.903093864708966976e+01
-8.754416123295791863e+01
-9.136045845272205668e+01
