-4.392203752867490039e+03
-4.422968269230768783e+03
-3.781697055405424180e+03
-3.292598818937043234e+03
-3.599133551090842047e+03
-1.591380641677541234e+03
-1.031965125980310404e+03
-2.591280138768430334e+03
-8.740884955752212591e+02
-8.206971791368640652e+02
-5.858140468227425117e+02
-3.476264023359458974e+02
-2.661102502979737778e+02
-2.835469387755102275e+02
-1.887706611570247901e+02
-1.811106395019807564e+02
-1.900041604754829052e+02
-1.966097097911581102e+02
-2.069949083503055078e+02
-1.914340413638904295e+02
-1.771533914125700164e+02
-1.268598469593234057e+02
-1.386796903796535219e+02
-1.684320404721753732e+02
-1.232559899117276103e+02
-1.028851554663991976e+02
-1.368994435612082725e+02
-1.110866574965612159e+02
-1.078765978367748346e+02
-1.177999100719424490e+02
-1.031422155688622695e+02
-8.969095182138660505e+01
-1.011643410852713174e+02
-1.036712468193384211e+02
-9.639155982905982967e+01
-8.976098418277679514e+01
-8.670718562874252200e+01
-1.047281697089294568e+02
-1.066822612085770032e+02
-9.419414743950478908e+01
-1.051400894187779471e+02
-9.198598654708520428e+01
-7.789459986987638729e+01
-9.685251989389919913e+01
-9.758928571428570820e+01
-1.018842805939580103e+02
-1.055111223458038410e+02
-9.936230366492146970e+01
-9.312793296089385819e+01
-8.892289855072463922e+01
-8.989217391304347871e+01
-8.416097560975609326e+01
-9.588864628820961400e+01
-8.748573127229488477e+01
-9.338863892013498003e+01
-8.138850718301061704e+01
-1.025508345978755642e+02
-1.008062137967351219e+02
-9.758820316766794178e+01
-8.627764705882353269e+01
-1.017705583756345220e+02
-8.909228090539755840e+01
-9.841481481481481808e+01
-8.906848520023214633e+01
-8.187068965517241281e+01
-8.682973621103117523e+01
-1.010036420395421430e+02
-9.673584905660376876e+01
-1.127157894736842110e+02
-1.071073891625615744e+02
-1.044599303135888562e+02
-9.796333687566418291e+01
-1.058414031620553430e+02
-9.980885416666666288e+01
-9.813822894168465893e+01
-1.032697137117026642e+02
-9.342872747132715006e+01
-9.975155601659750459e+01
-9.666157090142330333e+01
-1.036779911373707534e+02
-9.473140043763676488e+01
-9.089682997118156038e+01
-1.023703512396694180e+02
-8.488633615477630201e+01
-7.908413615928067486e+01
-7.291298342541436739e+01
-9.913722397476340120e+01
-8.219416873449131344e+01
-1.082303262955854137e+02
-9.242529378847230248e+01
-1.096736499068901338e+02
-8.318673965936739023e+01
-7.652569169960474937e+01
-7.648909451421017991e+01
-7.737940026075619926e+01
-8.004716981132075659e+01
-7.626772697150430247e+01
-7.870486555697823405e+01
-7.397656788421778629e+01
-8.716416184971097891e+01
