-3.785598340035937326e+03
-3.290041892886721143e+03
-2.621866592571346700e+03
-1.251827931069853321e+03
-1.334581003084884060e+03
-5.769966466822477287e+02
-2.370868619372990452e+03
-5.286216838412628931e+02
-3.141283031988873518e+02
-6.534097732003943975e+02
-3.637148282409804665e+02
-6.523227390180878729e+02
-5.543002251985302564e+02
-4.558714537586151891e+02
-1.950794223826714813e+02
-1.825728374189912699e+02
-1.742830075187969783e+02
-2.456805293005671160e+02
-1.356498113207547078e+02
-1.141702127659574444e+02
-1.333137931034482619e+02
-1.299647385103011175e+02
-1.291152129817444347e+02
-1.783059163059162984e+02
-1.668449270444519925e+02
-1.430611764705882365e+02
-1.075721062618595880e+02
-1.935584930601453948e+02
-1.608295248458469473e+02
-1.913579046424090393e+02
-1.006663223140495802e+02
-9.270005534034311268e+01
-1.102038277511961724e+02
-1.059171539961013622e+02
-1.122853080568720401e+02
-1.149291044776119435e+02
-1.099560131024801137e+02
-8.869013271783035179e+01
-1.009642666666666599e+02
-9.624295587453482881e+01
-1.579489326077856788e+02
-7.927058072750479312e+01
-1.005870672097759666e+02
-1.415010326311441418e+02
-9.007951945080091605e+01
-9.961334056399132919e+01
-1.371372369624885721e+02
-9.794944119212347289e+01
-9.110645526613816969e+01
-8.943380614657210970e+01
-1.155224299065420581e+02
-1.208861340679522556e+02
-1.612595893064703603e+02
-1.022942958101968713e+02
-2.141730013106160015e+02
-1.067868771583621168e+02
-8.586352657004830746e+01
-8.986448880822746332e+01
-1.501499427699351372e+02
-1.040793319415448792e+02
-1.041841191066997538e+02
-7.720772303595205699e+01
-9.139763779527558540e+01
-9.424859075535512432e+01
-7.732684563758388663e+01
-8.794944150499705415e+01
-8.261707470182047075e+01
-8.714345487148834479e+01
-8.003758911211924953e+01
-8.656820877817318660e+01
-8.231073446327683030e+01
-7.537414030261348330e+01
-7.176906158357770948e+01
-7.151267197682838628e+01
-8.174382314694408080e+01
-7.664539959704499950e+01
-7.093531976744185386e+01
-7.282269503546099543e+01
-6.939290989660266007e+01
-6.757261724659606728e+01
-7.771630727762803303e+01
-8.109611712285168039e+01
-8.099108280254776560e+01
-7.135573411249086462e+01
-8.319678217821781629e+01
-8.488902219556088369e+01
-8.467643540669855895e+01
-8.610947616244850167e+01
-8.932542372881356130e+01
-7.424036440084093158e+01
-8.408578431372548323e+01
-8.693239271017048964e+01
-8.990347923681257214e+01
-8.732087781731910070e+01
-8.402295285359801369e+01
-8.202862476664591895e+01
-8.914957507082152688e+01
-8.688701223063482360e+01
-8.530047789725209384e+01
-8.655620608899297963e+01
