-3.572142675412442713e+03
-3.287315049940748395e+02
-1.613862783024234886e+03
-5.743604816639299315e+02
-2.538653888521700708e+02
-2.981896745230078523e+02
-1.265540407288317283e+03
-5.174123736751294018e+02
-1.781210172464191714e+02
-2.475986013986014029e+02
-1.740759225650332667e+02
-2.328453253895508794e+02
-1.687089052026811373e+02
-1.727972721636701863e+02
-1.870279638799883344e+02
-1.878612078977932640e+02
-2.323195901439375461e+02
-1.917764932562620288e+02
-1.272632450331125824e+02
-1.030060210737581485e+02
-1.287473601877199769e+02
-1.470983957219251295e+02
-9.473286180631120601e+01
-9.805007991475758899e+01
-1.116533461723639817e+02
-9.444298245614035636e+01
-9.558122941822173857e+01
-1.194185646755479127e+02
-1.236368308351177774e+02
-1.302365981459089141e+02
-1.761784731774415320e+02
-1.117266255339345093e+02
-9.742887931034482563e+01
-1.033018292682926784e+02
-9.415316804407713391e+01
-1.212943157894736856e+02
-1.258687928946306016e+02
-1.128504007123775637e+02
-1.107955373406193047e+02
-1.096335632183908046e+02
-1.329375490966221491e+02
-1.389563770794824507e+02
-1.166612046058458816e+02
-1.022626518218623488e+02
-1.060839433870180528e+02
-1.135325688073394446e+02
-1.099327058823529342e+02
-1.198089171974522316e+02
-8.459556620730977272e+01
-8.535752528256989535e+01
-1.059906639004149440e+02
-8.925158318940702884e+01
-9.914285714285713880e+01
-1.149022346368715120e+02
-1.749611730689797469e+02
-8.757092614302462152e+01
-9.735861321776815203e+01
-1.147267891682785290e+02
-9.390889132821075691e+01
-2.080833053409472484e+02
-1.159574954296160882e+02
-1.016144942123804782e+02
-9.818220115850446916e+01
-1.436804338756779202e+02
-3.429295195954488236e+02
-1.206679518072289170e+02
-9.353352272727272521e+01
-9.328354584092288349e+01
-8.698615291992776122e+01
-7.380377094972067198e+01
-7.155341880341880767e+01
-7.110522548317824487e+01
-7.605129913391073160e+01
-7.549160510409670621e+01
-7.453632043448743616e+01
-7.718692206076617879e+01
-7.636552649228706002e+01
-7.465967523680649265e+01
-7.441734417344173380e+01
-7.553547523427042165e+01
-7.416358658453114572e+01
-7.690635232481990613e+01
-8.114499999999999602e+01
-7.865472312703583668e+01
-7.273952513966480637e+01
-7.150499999999999545e+01
-7.237561317449194576e+01
-7.111836441893831307e+01
-6.973772893772893156e+01
-7.232180663373324592e+01
-7.610205434062292795e+01
-7.482301480484521505e+01
-7.485936443542934171e+01
-7.293338008415146589e+01
-6.925386313465783417e+01
-7.338551724137930421e+01
-7.480826558265582094e+01
-7.064430014430014637e+01
-7.600799467021985834e+01
-7.503438975050573845e+01
