-2.829862163764756588e+03
-9.665871220206332737e+02
-6.756138494623655788e+02
-2.893346604215456864e+03
-4.323768719885401879e+02
-3.903057344372891748e+02
-4.274393595730487050e+02
-3.335902048085485490e+02
-3.234807370184254864e+02
-2.676190885640584725e+02
-1.750838212634822924e+02
-1.628915387128389511e+02
-2.386031164069660804e+02
-2.300365913555992279e+02
-1.717897499228156732e+02
-1.781212922173274649e+02
-3.124257028112450030e+02
-2.427570821529745047e+02
-3.519929411764705947e+02
-1.685095623987033946e+02
-2.146026625704045045e+02
-1.498666433321666034e+02
-1.548859923531456388e+02
-1.153118089340999575e+02
-1.248136419001218087e+02
-1.238563696919233905e+02
-1.227635810517166419e+02
-1.211633767324653519e+02
-1.302201761409127414e+02
-1.196274157303370771e+02
-1.138200986989681525e+02
-1.252503288031565063e+02
-1.514061930783242360e+02
-1.334002408671216244e+02
-9.906652587117211795e+01
-8.698042704626334398e+01
-1.681999259533506006e+02
-1.983412322274881490e+02
-1.086864890580399674e+02
-1.273167155425219903e+02
-1.106193208990913490e+02
-1.243143322475570045e+02
-1.567878684030157501e+02
-1.317317880794701921e+02
-9.680151433207139178e+01
-1.343168921868179950e+02
-1.200334249084249052e+02
-1.008131811105345150e+02
-9.818994114499732007e+01
-8.901958525345622775e+01
-9.636561479869423863e+01
-1.085757575757575779e+02
-1.044909800097513397e+02
-8.680461811722912557e+01
-8.298578491965389503e+01
-7.838586251621271117e+01
-7.716327868852458494e+01
-7.733029315960912697e+01
-8.032849936948296943e+01
-7.706926121372030991e+01
-9.189573991031390676e+01
-8.321901840490797042e+01
-7.973868706182281585e+01
-8.026372924648786977e+01
-8.331108389467237885e+01
-7.624108322324967446e+01
-7.882349165596919249e+01
-8.177750155376010355e+01
-7.715339425587467304e+01
-8.259172328597900048e+01
-8.260928792569659151e+01
-7.532486631016043077e+01
-7.453993174061433535e+01
-7.611178045515394786e+01
-7.944755700325733017e+01
-7.789335088874258872e+01
-7.908274984086568793e+01
-7.992632241813602434e+01
-8.182828906732551388e+01
-7.300762829403606702e+01
-7.346763085399449267e+01
-7.028095582910934525e+01
-7.169405099150141325e+01
-7.209725158562368108e+01
-7.501954177897573572e+01
-7.219747013352072429e+01
-7.146666666666666856e+01
-7.111023622047244430e+01
-7.724640522875816373e+01
-6.940738007380073782e+01
-7.411896668932698162e+01
-7.264771151178918274e+01
-7.283183391003460372e+01
-7.086590584878744892e+01
-7.196431070678796971e+01
-7.154635527246992410e+01
-6.997969543147208071e+01
-7.398353909465021161e+01
-6.700456621004566671e+01
-7.315840220385675252e+01
