-3.367296301823717386e+03
-9.342909270216962341e+02
-3.483176706208596443e+02
-2.735341602677692663e+02
-2.406627720504009176e+02
-2.414256990986826850e+02
-2.737186212876653144e+02
-3.240335331584863070e+02
-1.549972527472527418e+03
-3.707220465651049039e+02
-2.536383668178872313e+02
-2.729150852980640138e+02
-2.271198830409356617e+02
-1.590944123314065450e+02
-2.079964448958862420e+02
-1.605495552731893270e+02
-1.752607240644965145e+02
-1.479706198495163108e+02
-1.845347962382445246e+02
-1.975208913649024964e+02
-1.378994038748137143e+02
-1.518986739204352148e+02
-1.615156407669021235e+02
-1.194798939460892626e+02
-3.683020066040132292e+02
-1.754463431305536574e+02
-2.675112244897958931e+02
-3.490774806298425119e+02
-1.806206244087038897e+02
-1.559206510681586906e+02
-1.456092544987146482e+02
-1.529810344827586164e+02
-1.793000000000000114e+02
-3.281061776061775959e+02
-1.225505756578947398e+02
-1.228863070539419056e+02
-2.376308466548253477e+02
-1.282185725871857187e+02
-1.179623376623376600e+02
-1.341721091048789845e+02
-1.688797448165869355e+02
-2.831377442900871415e+02
-1.823147251495300623e+02
-1.667547657512116359e+02
-1.456611570247933969e+02
-1.689603305785123837e+02
-1.449746172441579404e+02
-1.275321357285429116e+02
-1.326814671814671840e+02
-1.430508040935672511e+02
-1.303819115323854589e+02
-1.229783873649210335e+02
-1.325013435700575712e+02
-1.298648215002005486e+02
-1.197470562581770537e+02
-1.513812660080497494e+02
-1.652092945503176225e+02
-1.993579410768709863e+02
-1.346278354479046584e+02
-1.325753368721927359e+02
-1.466702522255192775e+02
-1.136912483340737481e+02
-1.072553091080698380e+02
-1.332764940239043767e+02
-1.046447700859019676e+02
-1.134106904231625776e+02
-1.157446714031971595e+02
-1.217958047945205493e+02
-1.000588848358520124e+02
-1.354989049496276721e+02
-1.227545159796201943e+02
-1.913536708012068459e+02
-1.460084647941515925e+02
-1.549963651050080671e+02
-9.261357101782633094e+01
-1.123888384754990994e+02
-1.415830546265328849e+02
-1.114770350159163286e+02
-1.048278529980657652e+02
-1.107005933363760874e+02
-1.191807741386644039e+02
-1.243336052202283781e+02
-1.185244845360824684e+02
-1.182138256762559081e+02
-1.464401805869074451e+02
-1.352768987341772231e+02
-1.207193877551020478e+02
-1.266997830802603033e+02
-1.243838557320738545e+02
-1.327504927079227457e+02
-1.692727578098757135e+02
-1.030311526479750768e+02
-1.724605664488017567e+02
-8.287553386211104112e+01
-1.001017770597738235e+02
-8.194523076923077554e+01
-7.772564612326043232e+01
-8.154079696394687460e+01
-8.020999367488930432e+01
-9.023690205011389764e+01
