-3.201049760841415264e+03
-8.603597097140858523e+02
-7.230543789353176862e+02
-3.968858746492048795e+02
-4.032472947626604878e+02
-1.787965369793591208e+03
-5.298358516483516496e+02
-4.829984478622830579e+02
-2.277214695752009277e+02
-2.274806707033069415e+02
-2.292651091924834930e+02
-2.355308707124010539e+02
-1.816978461538461431e+02
-2.060501960784313837e+02
-1.520419161676646809e+02
-1.591458333333333428e+02
-1.646794829300629885e+02
-1.752278803309993691e+02
-1.612893267651888323e+02
-2.324912710566615601e+02
-1.872250615763546762e+02
-2.104608514438821203e+02
-1.599044982698961803e+02
-1.823539325842696712e+02
-9.016484778862722749e+01
-1.074843975036005759e+02
-1.154409691629956001e+02
-1.020284531815830320e+02
-1.118212135247799921e+02
-1.159255319148936110e+02
-1.091772272510719404e+02
-1.056784835056622285e+02
-1.322488852857721895e+02
-1.178213058419243993e+02
-1.161487314085739229e+02
-1.285560396039603859e+02
-1.274174428450465655e+02
-9.567394778902503560e+01
-1.456639209225700142e+02
-9.519073569482289088e+01
-7.767648984937785883e+01
-9.816964285714286120e+01
-9.838713080168776060e+01
-1.007742099898063231e+02
-9.347101049144119145e+01
-8.490357142857142492e+01
-9.759323824617010246e+01
-8.641779611078374046e+01
-8.819838987924094909e+01
-8.009860050890584660e+01
-7.941761723700886932e+01
-7.882414016872161255e+01
-8.162133499688084726e+01
-7.847851562500000000e+01
-8.120414572864321201e+01
-7.765758754863813351e+01
-8.017777777777777715e+01
-7.613720136518770687e+01
-8.191831683168317113e+01
-7.682634338138925045e+01
-7.389124487004103514e+01
-7.533756684491979172e+01
-7.067536231884058395e+01
-7.495830485304169599e+01
-7.558255033557047398e+01
-7.177282377919320311e+01
-7.706241787122208109e+01
-7.569143239625167041e+01
-7.301878914405010335e+01
-7.422739726027397467e+01
-7.517146684527796197e+01
-7.490540540540540349e+01
-7.393840830449826740e+01
-7.505664194200943484e+01
-7.627164573694646776e+01
-7.423045267489712273e+01
-7.578710543989254234e+01
-7.478950953678473468e+01
-7.595358090185676758e+01
-7.228100911002101725e+01
-7.234526315789473472e+01
-7.601657824933687380e+01
-7.364629120879121160e+01
-7.341775636613901668e+01
-7.374378453038673342e+01
-7.805889967637540394e+01
-7.088705035971223367e+01
-7.445839112343966804e+01
-7.297841225626740425e+01
-7.066570605187320098e+01
-7.699215173315893423e+01
-7.609953239812959680e+01
-7.814581983149707867e+01
-7.272529782761037609e+01
-7.742550422901756235e+01
-7.295938375350139893e+01
-7.318365921787709283e+01
-7.388137931034482619e+01
-7.916910362364907883e+01
-7.465913757700205622e+01
