-2.822650735861281646e+03
-1.352634119264115043e+03
-8.967480324875652968e+02
-4.513874478046311651e+02
-2.622154405820533611e+02
-2.544499252615844682e+02
-2.316238060249816328e+02
-2.471336308125880805e+02
-2.586738100609068169e+02
-2.386151103186984699e+02
-2.088101746393318194e+02
-2.227579896203223200e+02
-1.843639966034531597e+02
-1.527921025987175199e+02
-1.707511643379906729e+02
-1.519820874956941168e+02
-1.382665190107050535e+02
-1.510657404269739175e+02
-2.173866963717377416e+02
-1.386421252371916637e+02
-1.768459896309850592e+02
-1.225501889962200721e+02
-1.370659630606860162e+02
-1.400561711883836438e+02
-1.348607021517553903e+02
-1.228647260273972535e+02
-1.186426101987899671e+02
-1.184910985670864108e+02
-1.203012605042016787e+02
-1.226038126813095772e+02
-1.167766781411359744e+02
-1.064353172651254340e+02
-1.122233896756509779e+02
-1.090760869565217348e+02
-1.092955182072829103e+02
-1.135954403218596269e+02
-1.116113895216400920e+02
-1.249805463576158928e+02
-1.119752697841726672e+02
-1.162868352223190982e+02
-1.096441379310344786e+02
-1.108722382324687743e+02
-1.048494152046783654e+02
-1.074983277591973234e+02
-8.455762304921968564e+01
-9.559641499185225655e+01
-8.945438996579247259e+01
-1.117960984672549927e+02
-9.049430523917995117e+01
-8.881388730791121588e+01
-8.961237230419976640e+01
-8.463952095808383547e+01
-9.074367622259696020e+01
-8.324557116676848523e+01
-7.847966429954809087e+01
-8.201615910503417695e+01
-8.364329268292682684e+01
-8.525432835820895150e+01
-8.239728562615668750e+01
-7.463157894736842479e+01
-8.091354100445009578e+01
-7.939105431309904759e+01
-7.703279785809905889e+01
-8.351690227412414913e+01
-7.858306606799230565e+01
-7.610259826782144899e+01
-8.048929471032745653e+01
-8.560415430267062220e+01
-7.880998080614203616e+01
-7.976664552948636810e+01
-8.570174346201743276e+01
-9.614396456256920942e+01
-1.175203446625179566e+02
-9.811585691404164322e+01
-1.265452946350043959e+02
-1.316641758241758282e+02
-9.816499206768905594e+01
-8.134207240948813933e+01
-1.034169014084506983e+02
-1.326110889509373862e+02
-1.767717696629213435e+02
-9.654380341880342087e+01
-2.138794033640114378e+02
-1.030212660731948517e+02
-1.060399415489527541e+02
-9.655436529191216266e+01
-9.450809935205182910e+01
-1.013061224489795933e+02
-1.159631147540983562e+02
-1.008086513994910973e+02
-1.173371665133394686e+02
-1.396115475255302556e+02
-1.122757335817419602e+02
-1.229256521739130505e+02
-9.997759249609171661e+01
-9.301986754966887361e+01
-9.288704318936876803e+01
-8.684084259801053918e+01
-1.024634146341463463e+02
-9.475545851528384844e+01
