-2.867685607431535573e+03
-2.086057696693272646e+03
-2.557674319727891259e+02
-2.618908671973188120e+02
-2.579609756097560762e+02
-2.137587859424920111e+02
-2.903303245218139068e+02
-2.425112716130444426e+02
-2.315080173072028629e+02
-1.870127482952860873e+02
-1.521197443659603152e+02
-1.219722222222222285e+02
-1.121467093235831811e+02
-1.434932381667918833e+02
-1.349966101694915324e+02
-1.244947240259740227e+02
-1.184978050921861268e+02
-1.651265421219598295e+02
-1.611290204678362556e+02
-1.993936170212765830e+02
-1.683272357723577102e+02
-1.035877938969484688e+02
-7.825080801551389698e+01
-9.646310160427808000e+01
-9.444946357989836372e+01
-8.349328449328449153e+01
-1.152141843971631232e+02
-1.210748936170212744e+02
-9.014358108108108070e+01
-8.113057124921532193e+01
-8.914768174012593249e+01
-8.334957369062119881e+01
-8.319612590799032148e+01
-7.714503311258278018e+01
-1.435020096463022412e+02
-9.579819616685456651e+01
-1.234201463624623329e+02
-1.264987775061124751e+02
-1.034682622268470311e+02
-8.949537037037036669e+01
-1.145912339209147177e+02
-1.389318468657972119e+02
-1.203903281519861821e+02
-1.232849040139616079e+02
-1.160072137060414832e+02
-1.155371219065077923e+02
-1.284719681908548807e+02
-1.155107623318385635e+02
-1.196268334771354631e+02
-1.255489240763296834e+02
-1.339718524153670671e+02
-1.310121046466224186e+02
-1.211295293627655099e+02
-1.207035472972972912e+02
-1.000291467938526750e+02
-1.228922528940338310e+02
-8.745820805772700623e+01
-7.888845905867182751e+01
-7.853559974342526573e+01
-8.040416141235813541e+01
-9.313196814562002146e+01
-7.687293183322303491e+01
-8.184492307692308088e+01
-7.594645247657295783e+01
-8.118465377417342665e+01
-7.364058171745152492e+01
-7.506621621621621898e+01
-7.611957247828991058e+01
-8.010307982401005233e+01
-8.095309568480300300e+01
-7.688719309887193276e+01
-7.725774555042848135e+01
-7.965861411315957241e+01
-7.859935483870967232e+01
-7.941534559289790707e+01
-7.828137128072445705e+01
-7.656906807666887005e+01
-7.696423841059602466e+01
-7.816948051948051557e+01
-7.543155765340526386e+01
-7.366251728907330687e+01
-7.407359009628611091e+01
-7.768945312500000000e+01
-8.913388625592416759e+01
-7.695342648037258471e+01
-8.517159763313608778e+01
-7.508146639511201670e+01
-8.530503335354759997e+01
-8.065299684542586078e+01
-7.792459016393442539e+01
-9.279622209502002761e+01
-8.115090795241077615e+01
-9.346895787139689560e+01
-8.545724681625227959e+01
-8.029463722397476033e+01
-8.809415971394517442e+01
-7.996890862944162848e+01
-7.841267787839585424e+01
-8.089595015576324499e+01
-8.051989892608970933e+01
