0.000000000000000000e+00 0.000000000000000000e+00 0.000000000000000000e+00
-4.035768713683927977e+00 -3.202153559587967990e+00 -2.163676998137564755e+00
0.000000000000000000e+00 0.000000000000000000e+00 0.000000000000000000e+00
-1.728655719913104960e+01 -1.734249502823763933e+01 -1.735547783239242747e+01
-1.874459248652511434e+01 -1.873309632084972876e+01 -1.876893630303360894e+01
-1.884603782053945054e+01 -1.884969000928569471e+01 -1.885399214852105843e+01
-1.881733714089468990e+01 -1.881932227668703916e+01 -1.881627842731489508e+01
-1.888105712080384890e+01 -1.887996681687556944e+01 -1.887795265157097901e+01
-1.894519961167233291e+01 -1.894216152279230414e+01 -1.894915762219543254e+01
-1.898301437012204218e+01 -1.898469090232779166e+01 -1.896905859263807770e+01
-1.894356887210440021e+01 -1.893955940178302910e+01 -1.886474791509136395e+01
-1.879947336788542245e+01 -1.880300571618916550e+01 -1.870794649334109394e+01
-1.857778916940921121e+01 -1.849668778908435840e+01 -1.857743732931086456e+01
-2.286691032185564687e+00 0.000000000000000000e+00 0.000000000000000000e+00
-3.367405627512576771e+00 0.000000000000000000e+00 0.000000000000000000e+00
-4.001109541789624302e+00 -3.441023564419688707e+00 0.000000000000000000e+00
-4.119116083243035575e+00 -1.928401425532517255e+00 0.000000000000000000e+00
0.000000000000000000e+00 0.000000000000000000e+00 0.000000000000000000e+00
-2.242985450697527749e+00 0.000000000000000000e+00 0.000000000000000000e+00
0.000000000000000000e+00 0.000000000000000000e+00 0.000000000000000000e+00
0.000000000000000000e+00 0.000000000000000000e+00 0.000000000000000000e+00
-3.135336371752661222e+00 -2.776143862434479193e+00 0.000000000000000000e+00
-4.508649578440397931e+00 -4.295003326932764764e+00 -4.275340628752414496e+00
-1.815248425296847401e+01 -1.811196796954498112e+01 -1.817188709067075081e+01
-1.876873176811459842e+01 -1.877576757989953293e+01 -1.876966466798442568e+01
-1.883789727215058818e+01 -1.883723825446871913e+01 -1.884335340674762804e+01
-1.903190555171649834e+01 -1.902477255168460601e+01 -1.902439521772706144e+01
-1.907377031878590401e+01 -1.906127257282647491e+01 -1.907626711985448154e+01
-1.906148799739318633e+01 -1.913248147915891550e+01 -1.906196060733887876e+01
-1.904043998993079256e+01 -1.903094542928789679e+01 -1.905449968446023234e+01
-1.896561157781357920e+01 -1.894394015012921528e+01 -1.900550541850240549e+01
-1.886656375682240849e+01 -1.879634496131053467e+01 -1.867734565342544073e+01
-1.862957722194357757e+01 -1.864164885121569881e+01 -1.840838967456456032e+01
-1.846150033946605973e+01 -1.844074754787585491e+01 -1.829168646826165556e+01
-1.484813603910365387e+01 -1.484005912585907083e+01 -1.479035232349604101e+01
-6.768367785143311721e+00 -4.223525762726019650e+00 -5.992921742784806938e+00
-4.205160725928261733e+00 -3.070663291231721992e+00 -2.516290879475375775e+00
-3.637396767699279110e+00 -3.393966459230149280e+00 0.000000000000000000e+00
-3.807645266919836402e+00 -3.010856998619823255e+00 0.000000000000000000e+00
-1.835430832546878666e+00 0.000000000000000000e+00 0.000000000000000000e+00
0.000000000000000000e+00 0.000000000000000000e+00 0.000000000000000000e+00
0.000000000000000000e+00 0.000000000000000000e+00 0.000000000000000000e+00
-1.524707142360937695e+01 -1.536676059609110290e+01 -1.551088286058536880e+01
-1.833660890748393157e+01 -1.829253543852048836e+01 -1.834498024445571218e+01
-1.881477794194813313e+01 -1.881890331133804040e+01 -1.882029952356522173e+01
-1.907757827728500644e+01 -1.903146599443306997e+01 -1.903135647507644634e+01
-1.914669568721450688e+01 -1.913833244009356704e+01 -1.915126676950652751e+01
-1.919441753326124100e+01 -1.919674371650500788e+01 -1.918598849890347680e+01
-1.919609086248652474e+01 -1.919867101471866633e+01 -1.919159642360294882e+01
-1.914152050851529552e+01 -1.913640780811774178e+01 -1.912627580470834943e+01
-1.904478273849035830e+01 -1.904787538260795188e+01 -1.902772878877511076e+01
-1.892293467892034542e+01 -1.892505650456284982e+01 -1.886436742388352528e+01
-1.879344609461388060e+01 -1.882727194919527491e+01 -1.872062685373117930e+01
-1.839700101324866921e+01 -1.847137188321695334e+01 -1.854451165783320121e+01
-1.821000032845186922e+01 -1.796141255251303193e+01 -1.820234777199736342e+01
-1.499970340285412362e+01 -1.468508749073927433e+01 -1.475815945008290520e+01
-7.147248272364120858e+00 -4.773246654526649202e+00 -5.805899191714100738e+00
-3.825111696463971978e+00 -3.661967594675004545e+00 -4.937711902716859669e+00
-4.133612994791297623e+00 -3.160896293022019687e+00 -3.828714616796208947e+00
0.000000000000000000e+00 0.000000000000000000e+00 0.000000000000000000e+00
0.000000000000000000e+00 0.000000000000000000e+00 0.000000000000000000e+00
-3.132133566013060477e+00 -2.930486063907278727e+00 -2.238352571832643356e+00
-1.664459623251360298e+01 -1.677099263843221877e+01 -1.687789468746414556e+01
-1.859123806236390308e+01 -1.854337938118176865e+01 -1.855742698241521538e+01
-1.891264494477305647e+01 -1.892920835266125223e+01 -1.893902790170772832e+01
-1.918926287774997519e+01 -1.919079358201709695e+01 -1.916030941477404781e+01
-1.926586742810850339e+01 -1.925621186009973940e+01 -1.926748605765838462e+01
-1.929354283932537228e+01 -1.929509868682174201e+01 -1.929567300338055347e+01
-1.930618424519336429e+01 -1.938155755452961415e+01 -1.938047465928639568e+01
-1.939156841527562491e+01 -1.937051164020755323e+01 -1.933321901924379915e+01
-1.934226256792747733e+01 -1.933440727252983748e+01 -1.934296685038054875e+01
-1.931030924391466286e+01 -1.916240083021548202e+01 -1.934071875584964673e+01
-1.900622402867130489e+01 -1.902030334306192927e+01 -1.866788539690205795e+01
-1.869811631788810047e+01 -1.872814423672015494e+01 -1.847457716588011323e+01
-1.827002109356140735e+01 -1.820735845574892764e+01 -1.787939399569182086e+01
-1.806901675848521549e+01 -1.796180805574083195e+01 -1.736038520458246381e+01
-5.243385482185352942e+00 -5.601750282976793116e+00 -4.299926185408918577e+00
-3.813710430454180234e+00 0.000000000000000000e+00 0.000000000000000000e+00
-4.365854883406505849e+00 0.000000000000000000e+00 0.000000000000000000e+00
0.000000000000000000e+00 0.000000000000000000e+00 0.000000000000000000e+00
0.000000000000000000e+00 0.000000000000000000e+00 0.000000000000000000e+00
-2.500000000000000000e-01 -4.070283518638539988e+00 -2.577179692682015411e+00
-1.746381575845352785e+01 -1.766182449865567605e+01 -1.766227642738597581e+01
-1.872944915692571399e+01 -1.873452933149936683e+01 -1.867480815515601833e+01
-1.905790867244106579e+01 -1.908947691374052980e+01 -1.909730376897068993e+01
-1.930549777186916316e+01 -1.926279519642763560e+01 -1.925648433163199869e+01
-1.934114600976862874e+01 -1.934782472056313907e+01 -1.934026385304016316e+01
-1.939794807409142763e+01 -1.948575224620924118e+01 -1.948578769009524336e+01
-1.954316208418218181e+01 -1.954106117316764113e+01 -1.953737952400275546e+01
-1.960285508279097044e+01 -1.959474533521603590e+01 -1.960422605392363593e+01
-1.957370937867902327e+01 -1.957144023361829355e+01 -1.948978245214533800e+01
-1.942807116070538953e+01 -1.942596866480329965e+01 -1.938579291541846672e+01
-1.928805777257348808e+01 -1.928048052954864033e+01 -1.929526586307120084e+01
-1.919533707230311848e+01 -1.880197273459935658e+01 -1.916432109620366475e+01
-1.865777856694909431e+01 -1.864450584993053539e+01 -1.821428076161343768e+01
-1.792860042882154659e+01 -1.788917203009378909e+01 -1.784798988137415421e+01
-1.763923148169878985e+01 -1.782086447959213160e+01 -1.782471545093822485e+01
-3.691891880629366796e+00 -2.771366729830500031e+00 -2.588427448516544160e+00
-4.080850491861934159e+00 0.000000000000000000e+00 0.000000000000000000e+00
0.000000000000000000e+00 0.000000000000000000e+00 0.000000000000000000e+00
0.000000000000000000e+00 0.000000000000000000e+00 0.000000000000000000e+00
-3.892415917908047973e+00 -3.954965127269417291e+00 -4.640855989582532537e+00
-1.771814380856749693e+01 -1.782476577359517478e+01 -1.776101278796591032e+01
-1.887138153195709478e+01 -1.880940394947941741e+01 -1.877335843514045166e+01
-1.916294477524274598e+01 -1.919076289333501251e+01 -1.919043670724196815e+01
-1.933745385953088558e+01 -1.937210087197493991e+01 -1.934471653606372854e+01
-1.941304266194593708e+01 -1.945344479856988329e+01 -1.944477468848128154e+01
-1.957383327032375675e+01 -1.958778430291618378e+01 -1.959380867746444466e+01
-1.968104576466598843e+01 -1.972928610522785320e+01 -1.972790307175838009e+01
-1.975362925957816529e+01 -1.974688663443267700e+01 -1.975398964520713818e+01
-1.973818623628341840e+01 -1.973783948441444736e+01 -1.973255460994241162e+01
-1.972723858603647429e+01 -1.972734585812509067e+01 -1.966614119672396654e+01
-1.956595886487132319e+01 -1.956223795584029546e+01 -1.947501210485688006e+01
-1.931610606556082388e+01 -1.931352284741294767e+01 -1.933388995043408443e+01
-1.909604985461864146e+01 -1.908809862931526524e+01 -1.862784606492582995e+01
-1.838615402869163162e+01 -1.828678650600209110e+01 -1.803793239235116985e+01
-1.760487670246663683e+01 -1.748391628677086018e+01 -1.749081706134679592e+01
-6.964796315086302592e+00 -6.366225485073613299e+00 -6.358680311972907617e+00
-3.781944277682918187e+00 -3.355379284950270158e+00 -2.258397579049109538e+00
0.000000000000000000e+00 0.000000000000000000e+00 0.000000000000000000e+00
0.000000000000000000e+00 0.000000000000000000e+00 0.000000000000000000e+00
-3.181482330043401419e-01 0.000000000000000000e+00 0.000000000000000000e+00
-1.761451715962081366e+01 -1.760517924500522113e+01 -1.760481760811228114e+01
-1.883454713061542662e+01 -1.877945509791445744e+01 -1.877568344526733313e+01
-1.923267534364333287e+01 -1.923863451435327576e+01 -1.923650207056291705e+01
-1.938806277080687579e+01 -1.938466601212201823e+01 -1.938868414632101889e+01
-1.948919436516701253e+01 -1.947642412312005433e+01 -1.949197167945512277e+01
-1.961434175294007076e+01 -1.963137261428412828e+01 -1.963105579382288823e+01
-1.976486703475494977e+01 -1.978799899918279692e+01 -1.979118121754136439e+01
-1.980441306783919231e+01 -1.990166971089848502e+01 -1.988392036049281941e+01
-1.993799813226500817e+01 -1.992083462082366196e+01 -1.982973419121501379e+01
-1.982476273841524161e+01 -1.979086051370418886e+01 -1.982718567242510233e+01
-1.968554228452750721e+01 -1.967006360706167101e+01 -1.961529782202224226e+01
-1.954458677782498199e+01 -1.947558018682347125e+01 -1.940957487924582381e+01
-1.932280231476462617e+01 -1.932769327714471785e+01 -1.922413097874396115e+01
-1.857063683738966375e+01 -1.861462410996126593e+01 -1.789643729710234865e+01
-1.752110154943652631e+01 -1.739882496883368290e+01 -1.731288022354411638e+01
-1.707424426510310411e+01 -1.697763102127538559e+01 -1.698467328949169897e+01
0.000000000000000000e+00 0.000000000000000000e+00 0.000000000000000000e+00
0.000000000000000000e+00 0.000000000000000000e+00 0.000000000000000000e+00
0.000000000000000000e+00 0.000000000000000000e+00 0.000000000000000000e+00
-3.196533598786445829e+00 -3.293151230668090790e+00 -2.678296770252793557e+00
-1.635489309337381414e+01 -1.769279463627368543e+01 -1.761722957021725122e+01
-1.856412967517200485e+01 -1.869507570664035612e+01 -1.870268261593459869e+01
-1.925800301709450224e+01 -1.925957720620647606e+01 -1.925779560669622725e+01
-1.937650087157829404e+01 -1.937771948760860496e+01 -1.938786846723592561e+01
-1.943632186331377909e+01 -1.951407874096548412e+01 -1.950998506996543824e+01
-1.959779041821989054e+01 -1.964343308694045831e+01 -1.965845569758473488e+01
-1.979303676904376275e+01 -1.979150107429072847e+01 -1.979391343610782172e+01
-1.982810566623137660e+01 -1.990428745619861317e+01 -1.987459623792313224e+01
-1.983769073966596608e+01 -1.989909303443806010e+01 -1.993927937619259794e+01
-1.984387873676925906e+01 -1.983215243529430794e+01 -1.979983024327180630e+01
-1.976597286408336629e+01 -1.976410881522525287e+01 -1.974446009815427061e+01
-1.954250586516072019e+01 -1.954434228580770849e+01 -1.954532404136512369e+01
-1.937660781918625474e+01 -1.937839846826286205e+01 -1.937832257000650316e+01
-1.886403977711161062e+01 -1.891852088620055738e+01 -1.883630475188937581e+01
-1.804775569499477683e+01 -1.796157510356410469e+01 -1.753072259166075852e+01
-1.703841195273485454e+01 -1.702621432166887772e+01 -1.701699978872440511e+01
-4.029463312192152813e+00 -5.062242562217744712e+00 -5.100008179642470552e+00
0.000000000000000000e+00 0.000000000000000000e+00 0.000000000000000000e+00
0.000000000000000000e+00 0.000000000000000000e+00 0.000000000000000000e+00
-2.092961167692840352e+00 0.000000000000000000e+00 0.000000000000000000e+00
-1.739443314275655439e+01 -1.739866276495672182e+01 -1.728506039250050463e+01
-1.803860591106133171e+01 -1.855400517839442998e+01 -1.855916166869421602e+01
-1.915426255053043647e+01 -1.915470530358636836e+01 -1.915001892772141545e+01
-1.938135461279236083e+01 -1.932124751443095079e+01 -1.935290238980453026e+01
-1.947896332768004513e+01 -1.948267043979193502e+01 -1.948354539256958873e+01
-1.952564582919691816e+01 -1.963208229363865698e+01 -1.963493709141252097e+01
-1.966698195769174617e+01 -1.970805607543181992e+01 -1.970805600824450110e+01
-1.981400419227584564e+01 -1.981600340587231912e+01 -1.981432389520118420e+01
-1.980762230657065359e+01 -1.980695186593924717e+01 -1.980850096281073647e+01
-1.980847235925295635e+01 -1.980810448157710013e+01 -1.977846605993113371e+01
-1.978453187167287552e+01 -1.978433994626245962e+01 -1.972904996707962866e+01
-1.957836622711177554e+01 -1.956450466017968992e+01 -1.956011152666652464e+01
-1.937224509194318500e+01 -1.937003556526605408e+01 -1.934538455138206814e+01
-1.886536028095692075e+01 -1.879964790502510752e+01 -1.881856888207656198e+01
-1.795910827150368050e+01 -1.805768185216284394e+01 -1.742462213287486605e+01
-1.690815514667158581e+01 -1.690958845493092610e+01 -1.686016627832445636e+01
-3.817747678519788135e+00 -3.768968667921972493e+00 -4.635993758482269023e+00
0.000000000000000000e+00 0.000000000000000000e+00 0.000000000000000000e+00
0.000000000000000000e+00 0.000000000000000000e+00 0.000000000000000000e+00
-3.384907230448761961e+00 -2.278816826655198025e+00 0.000000000000000000e+00
-1.614087657650253860e+01 -1.603629542661538565e+01 -1.612346642083802450e+01
-1.803941235568156287e+01 -1.804097945077079856e+01 -1.804972183251209117e+01
-1.884423484506743662e+01 -1.882537455414809102e+01 -1.881725676241110179e+01
-1.908883363986321413e+01 -1.930003597855352382e+01 -1.930308372216786950e+01
-1.942787430847671715e+01 -1.942929356450747491e+01 -1.943272465367795121e+01
-1.952412840570566033e+01 -1.952910974551593171e+01 -1.952843431703766797e+01
-1.957880369660620445e+01 -1.965132674242899213e+01 -1.965267375564670616e+01
-1.967167904035382620e+01 -1.972520938490574594e+01 -1.972135171901429018e+01
-1.973682175977873499e+01 -1.974114600204374881e+01 -1.974036113865668440e+01
-1.974889912353523869e+01 -1.975036793748414965e+01 -1.970906153110603398e+01
-1.968240847789483894e+01 -1.968432009849619391e+01 -1.966493612811623848e+01
-1.952678573267720452e+01 -1.952658095098599134e+01 -1.951231036072244152e+01
-1.929914834116918243e+01 -1.929454869110280768e+01 -1.918610923863988660e+01
-1.880870784910674587e+01 -1.880277652629716556e+01 -1.863128740158003893e+01
-1.738358965491508812e+01 -1.732162639787201286e+01 -1.731627075154938922e+01
-1.674089188718679466e+01 -1.672586808459593044e+01 -1.647579975197951185e+01
-2.322952793833587215e+00 -1.947878070545886242e+00 -1.940629191793947550e+00
0.000000000000000000e+00 0.000000000000000000e+00 0.000000000000000000e+00
0.000000000000000000e+00 0.000000000000000000e+00 0.000000000000000000e+00
0.000000000000000000e+00 0.000000000000000000e+00 0.000000000000000000e+00
0.000000000000000000e+00 0.000000000000000000e+00 0.000000000000000000e+00
-1.711883301637024601e+01 -1.719541384890089120e+01 -1.724334057639093132e+01
-1.794921659851553741e+01 -1.819493447599341707e+01 -1.832046059925720627e+01
-1.897988325266227250e+01 -1.896925184812450027e+01 -1.897799432168156386e+01
-1.914392988929937900e+01 -1.930016575070590790e+01 -1.930823513164589755e+01
-1.943826013276478193e+01 -1.943619004689495711e+01 -1.944276549099312845e+01
-1.953198590700331749e+01 -1.953272189175709528e+01 -1.954437153664686733e+01
-1.960132128403223462e+01 -1.960102672373089661e+01 -1.960079972717673158e+01
-1.964032170856070536e+01 -1.965601179165315671e+01 -1.964340868391447970e+01
-1.964156574587238779e+01 -1.964053145278821688e+01 -1.964145349376812177e+01
-1.954617384374429889e+01 -1.954550268420952364e+01 -1.956372600562717068e+01
-1.938413918374862277e+01 -1.941591539900916530e+01 -1.941296978479025981e+01
-1.905225517784402811e+01 -1.903215696118311584e+01 -1.906024767028509004e+01
-1.847246926870653638e+01 -1.801842781203034960e+01 -1.844016969749117507e+01
-1.724428661518411943e+01 -1.733225743127095342e+01 -1.713743150524091519e+01
-1.628050846599413504e+01 -1.627028871571506130e+01 -1.631898633661435483e+01
-3.894350438616931864e+00 -4.540924734133444218e+00 -4.575809296267905779e+00
0.000000000000000000e+00 0.000000000000000000e+00 0.000000000000000000e+00
0.000000000000000000e+00 0.000000000000000000e+00 0.000000000000000000e+00
-5.174995563811534360e+00 -4.955226254222864668e+00 -3.915836530263874682e+00
-1.871441122929928813e+00 -1.914448815471353704e+00 0.000000000000000000e+00
-1.291293601340176878e+01 -1.328663345411778174e+01 -1.333252268521544437e+01
-1.722016500931954752e+01 -1.759765760568226867e+01 -1.757320636756148247e+01
-1.842092073451587808e+01 -1.815042736612961249e+01 -1.834617277880736097e+01
-1.898975823016773035e+01 -1.900768677241637761e+01 -1.900067974275941296e+01
-1.916609774144628631e+01 -1.923056537200861627e+01 -1.925981400674359634e+01
-1.929023474573691388e+01 -1.936491616928035597e+01 -1.935122796768476405e+01
-1.939574142032413917e+01 -1.942049153601040956e+01 -1.942423702488513726e+01
-1.940735445810468818e+01 -1.942698201326167151e+01 -1.940541617290583432e+01
-1.939302361794411667e+01 -1.938690285934598379e+01 -1.938944269408448662e+01
-1.935591370157421309e+01 -1.935878432915544778e+01 -1.931674942203434497e+01
-1.924386418020041134e+01 -1.920602297192829511e+01 -1.920021329427861190e+01
-1.875182179945203842e+01 -1.869880136907400825e+01 -1.854749057610460383e+01
-1.782142537344394384e+01 -1.779257457938883036e+01 -1.733737518244976528e+01
-1.687750972170172403e+01 -1.686624847353393619e+01 -1.681110450940232326e+01
-1.367792516072765707e+01 -1.367676004883363383e+01 -1.358150892143738275e+01
-3.902599227227061984e+00 -3.767963578491000387e+00 -2.430247450281503685e+00
0.000000000000000000e+00 0.000000000000000000e+00 0.000000000000000000e+00
0.000000000000000000e+00 0.000000000000000000e+00 0.000000000000000000e+00
-4.097531355269818043e+00 0.000000000000000000e+00 0.000000000000000000e+00
-4.236910010030558560e+00 -4.127595741903959059e+00 -5.580932234077025988e+00
-4.256046672991880442e+00 -3.065777193500234699e+00 0.000000000000000000e+00
-1.664608211685665040e+01 -1.666479675332167787e+01 -1.673597179532508861e+01
-1.760421443107885153e+01 -1.772025404852412223e+01 -1.773629116974847619e+01
-1.802440744934924766e+01 -1.817769039926138674e+01 -1.819796137083838161e+01
-1.873990855861673666e+01 -1.873568580234517000e+01 -1.873089216554827630e+01
-1.907177112358471049e+01 -1.905322216968787430e+01 -1.910643058711658782e+01
-1.921400257424237523e+01 -1.918647544292518248e+01 -1.920853413744197624e+01
-1.924097699662889482e+01 -1.923865780402132586e+01 -1.924016631530889754e+01
-1.923837249924491744e+01 -1.923875285306289484e+01 -1.923642480390056519e+01
-1.912440686784690769e+01 -1.907826622625720248e+01 -1.911747515202145564e+01
-1.869083420345592117e+01 -1.868836041086985489e+01 -1.869672216188444835e+01
-1.819884534365501949e+01 -1.733529171308702743e+01 -1.810753245935642752e+01
-1.717080948877581292e+01 -1.753496201175861557e+01 -1.729803730582225541e+01
-1.650651912588640613e+01 -1.644489754148539618e+01 -1.645843803993829013e+01
-2.011830349067539103e+00 0.000000000000000000e+00 0.000000000000000000e+00
-5.619148204734155883e+00 -4.908870296051425441e+00 -4.153674312047601624e+00
0.000000000000000000e+00 0.000000000000000000e+00 0.000000000000000000e+00
0.000000000000000000e+00 0.000000000000000000e+00 0.000000000000000000e+00
-6.488363740308844996e+00 -3.514037129704318918e+00 -2.248685645761869800e+00
-3.958918747464660992e+00 0.000000000000000000e+00 0.000000000000000000e+00
-3.954950850601754553e+00 -3.388229397642788410e+00 -2.560143936741362314e+00
-2.231985531691556002e+00 0.000000000000000000e+00 0.000000000000000000e+00
-1.679084359660050652e+01 -1.674990962318335264e+01 -1.677031527526242627e+01
-1.755383920637778772e+01 -1.773342664202450436e+01 -1.775006910180476183e+01
-1.791833721809143043e+01 -1.803512630189135990e+01 -1.805908322697429469e+01
-1.849072535088267344e+01 -1.845143296087223916e+01 -1.851353097856884489e+01
-1.861334198036541920e+01 -1.855185460746136172e+01 -1.863781278228092120e+01
-1.862795275676694828e+01 -1.859069778974509290e+01 -1.859163632747623041e+01
-1.854480915300344179e+01 -1.866277182451257133e+01 -1.865923036284951664e+01
-1.861256887851210351e+01 -1.848482719318727163e+01 -1.857648708013852001e+01
-1.793353922899101605e+01 -1.824202784110046238e+01 -1.820763091204135620e+01
-1.734419391506900610e+01 -1.765015715372655691e+01 -1.714824643153718853e+01
-1.649794676737512589e+01 -1.609518483552202994e+01 -1.640626053197253853e+01
-1.475984714179706714e+01 -1.437799979554025853e+01 -1.472226150128137334e+01
-1.880766366171609638e+00 0.000000000000000000e+00 0.000000000000000000e+00
-2.672661016298358838e+00 0.000000000000000000e+00 0.000000000000000000e+00
0.000000000000000000e+00 0.000000000000000000e+00 0.000000000000000000e+00
0.000000000000000000e+00 0.000000000000000000e+00 0.000000000000000000e+00
-2.242410369184929309e+00 0.000000000000000000e+00 0.000000000000000000e+00
-2.175063806477981476e+00 0.000000000000000000e+00 0.000000000000000000e+00
0.000000000000000000e+00 0.000000000000000000e+00 0.000000000000000000e+00
-4.075554465231943091e+00 -3.644155874048462529e+00 0.000000000000000000e+00
-4.366842132150937417e+00 -4.188401460177816560e+00 -4.069038253530380622e+00
-1.697151654779344909e+01 -1.716891648100879664e+01 -1.702350935149772582e+01
-1.751361178299287502e+01 -1.768406927140533114e+01 -1.768337382667273161e+01
-1.785920240924413349e+01 -1.783069895013015937e+01 -1.786540588452342604e+01
-1.820414541674670872e+01 -1.805364780295559868e+01 -1.807187250991879779e+01
-1.829857135525723777e+01 -1.831442310961476494e+01 -1.831790776076205773e+01
-1.828360594081156165e+01 -1.829059929732194334e+01 -1.828230265972955237e+01
-1.808583501984127651e+01 -1.808893482870034930e+01 -1.799184316448899779e+01
-1.745231305501825148e+01 -1.750160928084777368e+01 -1.757783258190949383e+01
-1.664992317321760851e+01 -1.663424850917118292e+01 -1.603331784803674154e+01
-1.475809332896779580e+01 -1.484955937201707776e+01 -1.478631385383078545e+01
-3.857150821241452920e+00 -5.194442417790894773e+00 -4.870707223836155286e+00
-3.468639709548977823e+00 -3.007203576516397359e+00 -4.630074570568014636e+00
-6.624881538261357505e+00 -6.181541457667654171e+00 -5.398502347005941004e+00
0.000000000000000000e+00 0.000000000000000000e+00 0.000000000000000000e+00
0.000000000000000000e+00 0.000000000000000000e+00 0.000000000000000000e+00
0.000000000000000000e+00 0.000000000000000000e+00 0.000000000000000000e+00
-5.848314290112221592e+00 -5.507849340604581201e+00 -6.857244840413004638e+00
-6.406988747393753236e+00 -5.857279968100851164e+00 -6.513556706714156874e+00
-7.912501418983132417e+00 -7.734639901344635859e+00 -7.723439160358629429e+00
-3.172442128824706664e+00 -3.127583377937115827e+00 -2.743371913406237539e+00
-3.792715928421105609e+00 -3.583505918009258107e+00 -3.324173991323439825e+00
-1.728314159784612869e+01 -1.731920149908915718e+01 -1.735985748858464106e+01
-1.774057448522384917e+01 -1.783290982279589088e+01 -1.783313086270097259e+01
-1.799567613107877406e+01 -1.805529090765072553e+01 -1.804914995454436877e+01
-1.810518874142028878e+01 -1.809237936117438394e+01 -1.809419536791408589e+01
-1.803501024083681514e+01 -1.794271560802731358e+01 -1.803498535010571047e+01
-1.783536904571292681e+01 -1.763334584703551755e+01 -1.750565389316989950e+01
-1.645511684569956401e+01 -1.677979436618598541e+01 -1.615863974181171514e+01
-1.503312050505333275e+01 -1.500241969457170832e+01 -1.481951108732871347e+01
-1.321525789936973361e+01 -1.323455882530694616e+01 -1.330119573040960468e+01
-4.394401640829694422e+00 -4.035203275241295628e+00 0.000000000000000000e+00
0.000000000000000000e+00 0.000000000000000000e+00 0.000000000000000000e+00
-4.014902831793945026e+00 -3.930675989980272345e+00 -2.529716526765274143e+00
0.000000000000000000e+00 0.000000000000000000e+00 0.000000000000000000e+00
0.000000000000000000e+00 0.000000000000000000e+00 0.000000000000000000e+00
-4.075525869967302484e+00 -3.848082948301329242e+00 -5.372688685818960863e+00
-4.119235958406576970e+00 -3.362874716050085588e+00 -3.835333527644107399e+00
0.000000000000000000e+00 0.000000000000000000e+00 0.000000000000000000e+00
-3.870394913405927895e+00 0.000000000000000000e+00 -3.219944260593463614e+00
-2.300742039908494796e+00 0.000000000000000000e+00 0.000000000000000000e+00
-3.251602668843368793e+00 -4.748005801191897746e+00 -4.891502642162083525e+00
-2.627916975256455068e+00 0.000000000000000000e+00 0.000000000000000000e+00
-1.766842001188830480e+01 -1.768164640091514883e+01 -1.746430552424230598e+01
-1.799259301027113267e+01 -1.804983683561253116e+01 -1.803372499411741714e+01
-1.817585286975645786e+01 -1.818889375202450154e+01 -1.818534045370158836e+01
-1.767258368047316708e+01 -1.763100694476087327e+01 -1.751755471440316114e+01
-1.695357459861038762e+01 -1.697775793212050388e+01 -1.689371127457535593e+01
-1.505256569747803574e+01 -1.509754430400379022e+01 -1.506641237649754039e+01
-1.368217473497230152e+01 -1.368143893942295897e+01 -1.362939196082283999e+01
-1.077927688410203722e+01 -1.082885966143861367e+01 -1.076111810413619452e+01
-3.943322712849496980e+00 -2.933475236618692694e+00 -2.651154090974310318e+00
-3.975325247320570465e+00 -4.762589069517355611e+00 -6.614332935121198354e+00
-3.551182325821176100e+00 -3.522466873865844228e+00 0.000000000000000000e+00
0.000000000000000000e+00 0.000000000000000000e+00 0.000000000000000000e+00
0.000000000000000000e+00 0.000000000000000000e+00 0.000000000000000000e+00
-3.171630326256472454e+00 0.000000000000000000e+00 0.000000000000000000e+00
-3.550014715544171917e+00 0.000000000000000000e+00 0.000000000000000000e+00
0.000000000000000000e+00 0.000000000000000000e+00 0.000000000000000000e+00
-2.711507754765551059e+00 0.000000000000000000e+00 0.000000000000000000e+00
-3.806630853822768223e+00 -6.102151345585294706e+00 -4.240561362309031246e+00
-2.449281086444913047e+00 0.000000000000000000e+00 0.000000000000000000e+00
-4.055106743813808201e+00 0.000000000000000000e+00 0.000000000000000000e+00
-6.329206478194427277e+00 -4.206732532181710837e+00 -4.395976215737398718e+00
-1.612970453406014926e+01 -1.604307188595042533e+01 -1.628595464428179085e+01
-1.661757745081676063e+01 -1.614914466972153306e+01 -1.598340466280109595e+01
-1.645501873496834477e+01 -1.628407419607950501e+01 -1.627845703601224514e+01
-1.620203776172868260e+01 -1.620788225739342181e+01 -1.621462066728409823e+01
-1.462525439548548434e+01 -1.445317478613179496e+01 -1.444325207165220881e+01
-1.339349727493348929e+01 -1.350217651578519273e+01 -1.298943581775440137e+01
-9.740926035027497321e+00 -9.668463531554174040e+00 -9.645279854932809371e+00
-2.188217291569725997e+00 -1.908677521658197263e+00 0.000000000000000000e+00
-2.899104611143096033e+00 -1.935850106547493565e+00 0.000000000000000000e+00
-3.922030593656237407e+00 0.000000000000000000e+00 0.000000000000000000e+00
0.000000000000000000e+00 0.000000000000000000e+00 0.000000000000000000e+00
0.000000000000000000e+00 0.000000000000000000e+00 0.000000000000000000e+00
-2.240189089030765857e+00 0.000000000000000000e+00 0.000000000000000000e+00
-3.663410287713265046e+00 0.000000000000000000e+00 0.000000000000000000e+00
-5.820579540640673954e+00 0.000000000000000000e+00 0.000000000000000000e+00
-5.617521410696844519e+00 -3.749178624178152841e+00 -3.729180411665975914e+00
-2.307163978232374735e+00 -2.158906243687465309e+00 0.000000000000000000e+00
-2.119841294459138492e+00 0.000000000000000000e+00 0.000000000000000000e+00
-3.812077097434808604e+00 -3.382237473353948864e+00 -2.085881211199467788e+00
-1.951718869252183186e+00 0.000000000000000000e+00 0.000000000000000000e+00
-4.099505740572515045e+00 -3.419776999198671952e+00 -4.882756513543508703e+00
-3.343879439448012914e+00 0.000000000000000000e+00 0.000000000000000000e+00
-3.909065353582882540e+00 -1.928803985827651557e+00 0.000000000000000000e+00
-2.684269301899882443e+00 0.000000000000000000e+00 0.000000000000000000e+00
-2.179776458964312713e+00 -1.965154920309749587e+00 0.000000000000000000e+00
0.000000000000000000e+00 0.000000000000000000e+00 -4.083761623513218808e+00
-3.110146103793777872e+00 0.000000000000000000e+00 0.000000000000000000e+00
-3.212421139150562155e+00 -4.698788675510627399e+00 -4.698225758114533690e+00
-4.127753330856963387e+00 -1.996695325881526983e+00 0.000000000000000000e+00
-3.834823868958627369e+00 0.000000000000000000e+00 0.000000000000000000e+00
0.000000000000000000e+00 0.000000000000000000e+00 0.000000000000000000e+00
0.000000000000000000e+00 0.000000000000000000e+00 0.000000000000000000e+00
0.000000000000000000e+00 0.000000000000000000e+00 0.000000000000000000e+00
0.000000000000000000e+00 0.000000000000000000e+00 0.000000000000000000e+00
0.000000000000000000e+00 0.000000000000000000e+00 0.000000000000000000e+00
0.000000000000000000e+00 0.000000000000000000e+00 0.000000000000000000e+00
0.000000000000000000e+00 0.000000000000000000e+00 0.000000000000000000e+00
0.000000000000000000e+00 0.000000000000000000e+00 0.000000000000000000e+00
0.000000000000000000e+00 0.000000000000000000e+00 0.000000000000000000e+00
0.000000000000000000e+00 0.000000000000000000e+00 0.000000000000000000e+00
0.000000000000000000e+00 0.000000000000000000e+00 0.000000000000000000e+00
0.000000000000000000e+00 0.000000000000000000e+00 0.000000000000000000e+00
0.000000000000000000e+00 0.000000000000000000e+00 0.000000000000000000e+00
0.000000000000000000e+00 0.000000000000000000e+00 0.000000000000000000e+00
0.000000000000000000e+00 0.000000000000000000e+00 0.000000000000000000e+00
0.000000000000000000e+00 0.000000000000000000e+00 0.000000000000000000e+00
0.000000000000000000e+00 0.000000000000000000e+00 0.000000000000000000e+00
0.000000000000000000e+00 0.000000000000000000e+00 0.000000000000000000e+00
0.000000000000000000e+00 0.000000000000000000e+00 0.000000000000000000e+00
0.000000000000000000e+00 0.000000000000000000e+00 0.000000000000000000e+00
0.000000000000000000e+00 0.000000000000000000e+00 0.000000000000000000e+00
