0.000000000000000000e+00 0.000000000000000000e+00 0.000000000000000000e+00
-9.616448547621551934e-02 -9.437310415564198474e-02 0.000000000000000000e+00
-1.016756041547629996e+00 0.000000000000000000e+00 0.000000000000000000e+00
-6.748770328093319115e+00 -6.772255187488302575e+00 -6.770324207912700842e+00
-1.568839847727419468e+01 -1.569474402655441025e+01 -1.569449470415441361e+01
-1.609317186189879578e+01 -1.608972987585574899e+01 -1.608962281503740854e+01
-1.626349126908987586e+01 -1.626328860579063829e+01 -1.626828004037729158e+01
-1.616094775605445832e+01 -1.616101609240177339e+01 -1.615956872695344515e+01
-1.631478484036908583e+01 -1.631376347209829802e+01 -1.631699475531587851e+01
-1.659967932412294189e+01 -1.660060054437141019e+01 -1.659775526729701411e+01
-1.718499502248750588e+01 -1.718515229445434045e+01 -1.718492312979670089e+01
-1.706858887841589123e+01 -1.706839597559212862e+01 -1.706804384573270283e+01
-1.614755960292491821e+01 -1.615558832794170030e+01 -1.615662467513563172e+01
-1.899790276411398304e-01 0.000000000000000000e+00 0.000000000000000000e+00
-1.479017766453816662e+00 -8.189040339347539721e-01 -9.535368506519811826e-02
-1.427216716144937558e-01 -9.538416472377073130e-02 0.000000000000000000e+00
0.000000000000000000e+00 0.000000000000000000e+00 0.000000000000000000e+00
-3.216906268276950698e+00 -1.075182667554659632e+00 -5.472832512234502289e-01
-3.128251264737266446e+00 -1.877974434911603874e+00 0.000000000000000000e+00
0.000000000000000000e+00 0.000000000000000000e+00 0.000000000000000000e+00
0.000000000000000000e+00 0.000000000000000000e+00 0.000000000000000000e+00
-3.479898478994698507e-01 0.000000000000000000e+00 0.000000000000000000e+00
-2.862428323444131895e+00 -2.742126944530455024e+00 -1.374653014035649157e-01
-1.129340017179552902e+01 -1.199168032132662276e+01 -1.214646116018009536e+01
-1.553516431574884926e+01 -1.553337798403098802e+01 -1.554714327797950268e+01
-1.600531184356890790e+01 -1.600682082911993831e+01 -1.600500700972835944e+01
-1.625874388677625859e+01 -1.625955023207425754e+01 -1.625713264571341199e+01
-1.660898674787969398e+01 -1.660998512801615945e+01 -1.660999826074847974e+01
-1.676484645823289554e+01 -1.676462151094377973e+01 -1.676541321740968726e+01
-1.682620242450494530e+01 -1.682648093181189353e+01 -1.682702066508948491e+01
-1.688868968357298783e+01 -1.688920675906945945e+01 -1.688816463879440022e+01
-1.697858218629180271e+01 -1.697902404392987208e+01 -1.697945543701832705e+01
-1.701159058127858970e+01 -1.701176249278003993e+01 -1.701164719145208082e+01
-1.672290698090397854e+01 -1.672608244731187099e+01 -1.672253725228857135e+01
-2.839686021458597498e+00 -3.985923455969578200e+00 -3.916908024867631788e+00
-3.049126595667711381e+00 -2.405230518750008706e+00 -9.965758979815164675e-01
-2.087247216655177540e-01 -2.044748965214193248e+00 -3.504249951765503024e+00
-2.866139185975324466e+00 -6.731799407392072832e-01 -2.203784979249449716e+00
-2.720287085675555883e+00 -4.274541738650418643e-01 -1.275401479291418116e-01
0.000000000000000000e+00 0.000000000000000000e+00 0.000000000000000000e+00
0.000000000000000000e+00 0.000000000000000000e+00 0.000000000000000000e+00
-4.588776504179495896e-01 -1.694060462649701615e-01 0.000000000000000000e+00
-3.832910095704371578e+00 -3.854095382625689403e+00 -3.797740261854098964e+00
-1.323672355140963397e+01 -1.324036785521272463e+01 -1.323984050890576114e+01
-1.581611647485691030e+01 -1.582724996456070343e+01 -1.581427055756523536e+01
-1.629151374298845667e+01 -1.629131785150055123e+01 -1.628902291611732878e+01
-1.672366490829151431e+01 -1.672304865290777798e+01 -1.672439731868599111e+01
-1.684874610901238157e+01 -1.684837067710811098e+01 -1.684841284540287987e+01
-1.699653071528726400e+01 -1.700061327247870580e+01 -1.699725880185285831e+01
-1.706544271240830923e+01 -1.705772450039935251e+01 -1.705856552984587182e+01
-1.710040904587392063e+01 -1.710060746351430083e+01 -1.710048790534968077e+01
-1.701132966937797519e+01 -1.701125651706534470e+01 -1.701142833926389741e+01
-1.690550834459498830e+01 -1.690587165573134953e+01 -1.690510774535496452e+01
-1.669932203279384098e+01 -1.669716329285130740e+01 -1.667848394968228831e+01
-1.644545142463014997e+01 -1.644546432545566716e+01 -1.635321661322873510e+01
-5.083680604710520079e+00 -4.874046927281708186e+00 -4.891690771673711247e+00
-1.552524723017815855e+00 0.000000000000000000e+00 0.000000000000000000e+00
-2.213212232944649915e-01 0.000000000000000000e+00 -1.177946896554618261e+00
0.000000000000000000e+00 0.000000000000000000e+00 0.000000000000000000e+00
0.000000000000000000e+00 0.000000000000000000e+00 0.000000000000000000e+00
0.000000000000000000e+00 0.000000000000000000e+00 0.000000000000000000e+00
-9.520634530877167823e-01 -1.581557452411238296e-01 0.000000000000000000e+00
-9.228346820327253397e+00 -9.247811809021841967e+00 -9.249129096530268157e+00
-1.432637740405127147e+01 -1.436210933139216728e+01 -1.437855029506505922e+01
-1.610743234069455809e+01 -1.610579418218274839e+01 -1.610682951835632082e+01
-1.674098519976334742e+01 -1.673983401063570753e+01 -1.674121887240240625e+01
-1.704661364036312321e+01 -1.704332059946213818e+01 -1.704379530598482972e+01
-1.732262756618671773e+01 -1.732627952057579890e+01 -1.731837944323439160e+01
-1.749062057366888112e+01 -1.749004141824180181e+01 -1.749346312054941777e+01
-1.755257898903641589e+01 -1.755229715039453708e+01 -1.755300567523888589e+01
-1.758435140412525755e+01 -1.758163691830592157e+01 -1.758181513866190571e+01
-1.751562066905148640e+01 -1.751379795949455698e+01 -1.751309759302182911e+01
-1.726485320308480098e+01 -1.726511233108223919e+01 -1.726591055795737262e+01
-1.683650012230480897e+01 -1.683527824234592885e+01 -1.674422392664211756e+01
-1.634892323190911156e+01 -1.634042692616793246e+01 -1.609120587860017082e+01
-1.604409848035436070e+01 -1.603481087788525983e+01 -1.567469393848022641e+01
-6.371116526594200913e+00 -6.223174713588605300e+00 -6.370730642580327618e+00
-1.261989418102398286e+00 -2.147160837526107535e+00 -3.341113597776944388e+00
-7.071170583814470056e-01 -1.903546194832675953e-01 -1.801221600369385112e-01
-4.353634688153716348e-01 0.000000000000000000e+00 0.000000000000000000e+00
0.000000000000000000e+00 0.000000000000000000e+00 0.000000000000000000e+00
-2.144153727814136712e+00 -6.008307764677716101e-01 -2.297953890495461615e-01
-1.086739014835340456e+01 -1.086682013026488569e+01 -1.085881793577882348e+01
-1.518742900875010626e+01 -1.515516909650683530e+01 -1.516970825261454259e+01
-1.642781090759054408e+01 -1.641936803078450069e+01 -1.641968555441495070e+01
-1.702500915201194687e+01 -1.702658557890338287e+01 -1.702748655908027331e+01
-1.742405651675089473e+01 -1.743936329122916717e+01 -1.743703673665266507e+01
-1.780794241520373689e+01 -1.780788611307262315e+01 -1.780771878446969581e+01
-1.808890840500861685e+01 -1.808844409268511910e+01 -1.808854908582920373e+01
-1.814729575602417810e+01 -1.814763253939975840e+01 -1.814737738374085652e+01
-1.810022035140915264e+01 -1.810028750828112010e+01 -1.809991116483109153e+01
-1.799110847848519157e+01 -1.799136714555410421e+01 -1.798989492194341366e+01
-1.770563781848938234e+01 -1.770381750899905882e+01 -1.770359624162454892e+01
-1.727196437519998184e+01 -1.727207865072259452e+01 -1.726556903952451094e+01
-1.660265964286652718e+01 -1.657125297333259795e+01 -1.640229893141129480e+01
-1.598992321915662984e+01 -1.589020045341086984e+01 -1.535971258286894248e+01
-1.483520882356417125e+01 -1.483504208766913557e+01 -1.483526135008016666e+01
-2.266027041101565054e+00 -2.252299092722566343e+00 -2.027865171045268866e+00
-3.310174583567579987e+00 -2.990838896119100365e+00 -9.435179716626980462e-02
0.000000000000000000e+00 0.000000000000000000e+00 0.000000000000000000e+00
0.000000000000000000e+00 0.000000000000000000e+00 0.000000000000000000e+00
-8.218544373577446605e-02 -1.333129491020461077e-01 -1.327437390423986951e-01
-1.184480180076700684e+01 -1.181484255534471473e+01 -1.183399552021443313e+01
-1.534847755964328009e+01 -1.533473741025630233e+01 -1.535189621070214194e+01
-1.669844375765967115e+01 -1.670025927446005198e+01 -1.670143844609813755e+01
-1.728772602177591367e+01 -1.728796099530936914e+01 -1.728583629439959424e+01
-1.777252257661443480e+01 -1.776949460703953676e+01 -1.776921579413415486e+01
-1.815431329826774132e+01 -1.815455867145145064e+01 -1.815423831208673988e+01
-1.852355314492355731e+01 -1.852363343220612535e+01 -1.852444563326036331e+01
-1.865126912895916789e+01 -1.864685473264058757e+01 -1.864294862795960483e+01
-1.849028395247433210e+01 -1.849289640825847059e+01 -1.848241278863631720e+01
-1.828589086251724893e+01 -1.828617146792882764e+01 -1.828492006427830319e+01
-1.803140428207522916e+01 -1.803163081168124648e+01 -1.802976772850287190e+01
-1.768013689473332661e+01 -1.768049342496265908e+01 -1.767956326693439806e+01
-1.700982360220607248e+01 -1.700889747687396181e+01 -1.699908448898179003e+01
-1.610906550894567957e+01 -1.606658363528201861e+01 -1.552335903238529724e+01
-1.543729513941078757e+01 -1.464723671407007899e+01 -1.560501942598579106e+01
-9.192877812338624111e+00 -9.239434030765034223e+00 -9.151370468502745936e+00
-6.666378007757408630e-01 -2.734379606093066961e-01 -9.618555007572249238e-02
0.000000000000000000e+00 0.000000000000000000e+00 0.000000000000000000e+00
0.000000000000000000e+00 0.000000000000000000e+00 0.000000000000000000e+00
-7.720474492200496419e-02 -7.529597070144453119e-02 -1.122921868571273990e-01
-1.161066767343543304e+01 -1.161012821210893442e+01 -1.162378310353867938e+01
-1.534049424486555502e+01 -1.540469717812862527e+01 -1.540061415163667391e+01
-1.669014371263077479e+01 -1.669261686320666271e+01 -1.669067024872782667e+01
-1.733299780259017808e+01 -1.735214931622768475e+01 -1.735222264980723850e+01
-1.789831820404268470e+01 -1.789812963357679365e+01 -1.790029531684808717e+01
-1.828096027492820852e+01 -1.828063957283393393e+01 -1.828317185918308496e+01
-1.869867572756213292e+01 -1.870320516128299815e+01 -1.872713725335755086e+01
-1.903891792506267322e+01 -1.913631702141880098e+01 -1.912420415262214490e+01
-1.916212543267820934e+01 -1.916082149304807913e+01 -1.901515025507536905e+01
-1.853761228617463885e+01 -1.853688938984024759e+01 -1.851117022651829203e+01
-1.825828055598652711e+01 -1.825839506569204573e+01 -1.825854603085333494e+01
-1.800860416370195338e+01 -1.800475683436248531e+01 -1.800501984495838670e+01
-1.730925568288852290e+01 -1.731011365492703291e+01 -1.730675032823111437e+01
-1.648261931574135986e+01 -1.647889023035316214e+01 -1.624007588348533559e+01
-1.530351589064645346e+01 -1.524213874668303959e+01 -1.427441621775036751e+01
-1.172871421100893841e+01 -1.174438412869266557e+01 -1.173233123774033082e+01
-1.991101297672152493e+00 -1.332062598224532435e+00 -9.617611373339411684e-02
-1.461164958580915219e+00 0.000000000000000000e+00 0.000000000000000000e+00
0.000000000000000000e+00 0.000000000000000000e+00 0.000000000000000000e+00
-6.876521071424002152e-01 -1.711037594990839628e-01 -1.385139662637504099e+00
-1.134912054189009822e+01 -1.146401084824683281e+01 -1.143880882890268857e+01
-1.512415065682913351e+01 -1.530048128593810830e+01 -1.529694329791168705e+01
-1.642661111936341811e+01 -1.642635027469857434e+01 -1.643119076481753638e+01
-1.723117767147686763e+01 -1.730066210394631199e+01 -1.729917775087120546e+01
-1.786053261736841336e+01 -1.786011791036511553e+01 -1.786282925357969731e+01
-1.823131835897089204e+01 -1.823070124257936087e+01 -1.823094500747842517e+01
-1.873655735157977986e+01 -1.874198029252150732e+01 -1.874970426114974131e+01
-1.906601717828069553e+01 -1.912646416150094808e+01 -1.913659473361389018e+01
-1.919146872637200474e+01 -1.930747673015846289e+01 -1.931411514549125741e+01
-1.861648283813702065e+01 -1.861508389485513959e+01 -1.857740489351825275e+01
-1.827975813090829860e+01 -1.827990840735885314e+01 -1.827981290490701127e+01
-1.806613333650261666e+01 -1.806568012613935181e+01 -1.802869824092143958e+01
-1.747877394488314806e+01 -1.747872468600937168e+01 -1.747895070723978250e+01
-1.671050920357909675e+01 -1.670109577378428511e+01 -1.670085510227989545e+01
-1.534324148110120234e+01 -1.534524135531065170e+01 -1.442492771693232179e+01
-1.337733198524839118e+01 -1.337859687133688702e+01 -1.337803535734494353e+01
-1.536317935930825440e+00 -4.483854737766040377e-01 0.000000000000000000e+00
0.000000000000000000e+00 0.000000000000000000e+00 0.000000000000000000e+00
0.000000000000000000e+00 0.000000000000000000e+00 0.000000000000000000e+00
0.000000000000000000e+00 0.000000000000000000e+00 0.000000000000000000e+00
-1.047547337633426601e+01 -1.043558667895508840e+01 -1.043848608441613734e+01
-1.414182060359192228e+01 -1.445505690583419600e+01 -1.446598032910627474e+01
-1.589408162343612396e+01 -1.589722585620210182e+01 -1.589686330869213116e+01
-1.708543465790345550e+01 -1.715482467600827832e+01 -1.715502309714537787e+01
-1.766494189449151264e+01 -1.768009990297333189e+01 -1.768361932902175582e+01
-1.803346592481388910e+01 -1.803452161395433251e+01 -1.803358902004336173e+01
-1.816396940961898565e+01 -1.816195700218598219e+01 -1.816539412153548128e+01
-1.882330465232140781e+01 -1.883965763254834158e+01 -1.883977451453792185e+01
-1.881622584926130415e+01 -1.881600168198721690e+01 -1.881598257934382445e+01
-1.832040051663851798e+01 -1.832103021629741946e+01 -1.832106188720225148e+01
-1.823312492539176688e+01 -1.823181597160107970e+01 -1.823289590855956988e+01
-1.799626743721661981e+01 -1.799553393961526382e+01 -1.796879295462512971e+01
-1.744543276619113925e+01 -1.744304931182625040e+01 -1.744421705440402093e+01
-1.659844445068250707e+01 -1.659626786905735329e+01 -1.659753450677537856e+01
-1.511471376941849698e+01 -1.524826632768755807e+01 -1.455414283504422635e+01
-1.334961509105621680e+01 -1.334246310422948767e+01 -1.334133230514156843e+01
0.000000000000000000e+00 0.000000000000000000e+00 0.000000000000000000e+00
0.000000000000000000e+00 0.000000000000000000e+00 0.000000000000000000e+00
0.000000000000000000e+00 0.000000000000000000e+00 0.000000000000000000e+00
-1.284833310708155540e-01 0.000000000000000000e+00 0.000000000000000000e+00
-4.432510303415464925e+00 -4.371920103233593480e+00 -4.391425822624432485e+00
-1.261651753449806534e+01 -1.295805929481031349e+01 -1.301029604905902914e+01
-1.498498594913588811e+01 -1.522416755639302544e+01 -1.524064894192267694e+01
-1.658235067344631375e+01 -1.658555727255366108e+01 -1.658451274816021837e+01
-1.717733964653899648e+01 -1.722051916684568340e+01 -1.724062702219632470e+01
-1.771254108456850673e+01 -1.769025284795732134e+01 -1.771381413006409034e+01
-1.795063584737634343e+01 -1.795161494232936050e+01 -1.795221710383108160e+01
-1.804149108209974628e+01 -1.804189814984906803e+01 -1.804159481590542313e+01
-1.808356751097175064e+01 -1.808367212211702224e+01 -1.808379762975880922e+01
-1.811730911177854253e+01 -1.811720647294122344e+01 -1.811716081427563552e+01
-1.798167914312528737e+01 -1.798067275651177610e+01 -1.798075883353060789e+01
-1.771777866277913205e+01 -1.772048556315875345e+01 -1.770519202637029110e+01
-1.718884162483116285e+01 -1.718950482857401951e+01 -1.718690078293920465e+01
-1.632983479247760172e+01 -1.633457720868272389e+01 -1.632250021957406716e+01
-1.465048645424684004e+01 -1.471192198448964739e+01 -1.413321345267868168e+01
-1.284693253929413892e+01 -1.284631411152957270e+01 -1.283603581901116364e+01
-8.984033973658732686e-01 -3.788023273199856433e-01 -1.571706985880153840e-01
0.000000000000000000e+00 0.000000000000000000e+00 0.000000000000000000e+00
0.000000000000000000e+00 0.000000000000000000e+00 0.000000000000000000e+00
0.000000000000000000e+00 0.000000000000000000e+00 0.000000000000000000e+00
-3.224399290070101731e+00 -4.106527789163235131e-01 -1.792058914993552188e+00
-1.144203951205646064e+01 -1.147226596509845287e+01 -1.147817810931095828e+01
-1.410245265959397543e+01 -1.417278131833991672e+01 -1.416968628372936756e+01
-1.548848896847618484e+01 -1.548426226119815929e+01 -1.548612563577225210e+01
-1.663390730466761269e+01 -1.663635846624896075e+01 -1.663719194718532535e+01
-1.716901155420250191e+01 -1.719607109079956331e+01 -1.720153890987868905e+01
-1.752046749617441534e+01 -1.751823727890516835e+01 -1.752079768886919098e+01
-1.768788755887247532e+01 -1.769000463705613058e+01 -1.768807691333734056e+01
-1.776648923246419542e+01 -1.776640023696832316e+01 -1.776636504313302822e+01
-1.774187679442029619e+01 -1.774293300945961604e+01 -1.772791750124065402e+01
-1.758288615448434911e+01 -1.756303674416700744e+01 -1.758472079684849376e+01
-1.730267442646382392e+01 -1.730191159717060501e+01 -1.730285687569676512e+01
-1.668255228151337022e+01 -1.667604519240202521e+01 -1.667988833120219283e+01
-1.578316497201069879e+01 -1.579336036075712890e+01 -1.579316140341255448e+01
-1.395816818095905987e+01 -1.402781986761716837e+01 -1.332119408280823336e+01
-1.104557380618925677e+01 -1.104105986059706446e+01 -1.103431149752224094e+01
-9.615840550894262651e-02 0.000000000000000000e+00 0.000000000000000000e+00
-9.618236849730424365e-02 0.000000000000000000e+00 0.000000000000000000e+00
0.000000000000000000e+00 0.000000000000000000e+00 0.000000000000000000e+00
-3.523060018258920234e+00 -1.920164293329799987e+00 -1.557723515713771878e+00
-3.727211971854430761e+00 0.000000000000000000e+00 0.000000000000000000e+00
-5.519474550946177338e+00 -5.481176837075544483e+00 -5.501270488118326085e+00
-1.234755135389484337e+01 -1.274161611120797666e+01 -1.268345947999405254e+01
-1.433954426540239169e+01 -1.434877243148879522e+01 -1.435346299019730054e+01
-1.552121294372857463e+01 -1.551739195183498943e+01 -1.552292637480082682e+01
-1.636215075351494264e+01 -1.635954980007585746e+01 -1.635810474719118801e+01
-1.684828059614940088e+01 -1.686211310971021859e+01 -1.686353962139971685e+01
-1.710900819401559403e+01 -1.710598550802980711e+01 -1.710657996067158138e+01
-1.718830909816248109e+01 -1.718817284459875694e+01 -1.718825958986734648e+01
-1.716667957815137413e+01 -1.716327276167219296e+01 -1.716642417536532150e+01
-1.701511145983605999e+01 -1.701553467623191551e+01 -1.701638529188380033e+01
-1.666785645487443546e+01 -1.666960223235605554e+01 -1.667016657209478936e+01
-1.611333994077710230e+01 -1.609063073957881684e+01 -1.600126367388748605e+01
-1.473586472049251839e+01 -1.384195803701179983e+01 -1.467349926386773085e+01
-1.319422671396713476e+01 -1.304724277994946924e+01 -1.240150137350267912e+01
-5.797870551898332891e+00 -5.133428365918758729e+00 -5.119615106200520849e+00
-3.634333659971739627e-01 -9.615981273128909601e-02 0.000000000000000000e+00
-9.953676114246652606e-02 0.000000000000000000e+00 0.000000000000000000e+00
0.000000000000000000e+00 0.000000000000000000e+00 0.000000000000000000e+00
-2.496523518937056596e-01 -1.919002114831606931e-01 -9.531981077435812411e-02
-2.849362671543432590e+00 -1.623291201097994518e+00 -9.617698788110549957e-02
-1.897522935466578131e+00 -4.473357289773542966e-01 -5.389862912435663400e-01
-8.944050293180676903e+00 -8.934508280839281724e+00 -8.994680714692853130e+00
-1.267849602781805629e+01 -1.290411503840848795e+01 -1.292519543408327465e+01
-1.440427186648994073e+01 -1.440647706936506367e+01 -1.440456807477512591e+01
-1.520273587422774675e+01 -1.520150726879630554e+01 -1.521263770460626041e+01
-1.586354854420343052e+01 -1.585674166810414398e+01 -1.586249823404233616e+01
-1.617375576314873342e+01 -1.617329921672026316e+01 -1.617700440384101057e+01
-1.628736727537527429e+01 -1.628398685598271456e+01 -1.628273042106017598e+01
-1.630148085498283450e+01 -1.630142576159662227e+01 -1.630080722610851041e+01
-1.623389567877100603e+01 -1.623505884218054973e+01 -1.623451421836856312e+01
-1.590351174340123031e+01 -1.590496633457006048e+01 -1.590395552842428373e+01
-1.513891329387664442e+01 -1.508707602868598840e+01 -1.513524932812725865e+01
-1.368990608618973326e+01 -1.349934252357320474e+01 -1.158140865110310358e+01
-1.206771108245352053e+01 -1.206105282180048199e+01 -1.125099095926006321e+01
-1.159488077138164153e+00 -6.040017541790581035e-01 -1.060558403382935611e+00
-3.122510267945965534e+00 -2.873785201058784100e+00 -2.394318447027144803e+00
0.000000000000000000e+00 0.000000000000000000e+00 0.000000000000000000e+00
0.000000000000000000e+00 0.000000000000000000e+00 0.000000000000000000e+00
0.000000000000000000e+00 0.000000000000000000e+00 0.000000000000000000e+00
-2.235936064844737281e+00 0.000000000000000000e+00 -6.188198948760418316e-01
-2.957994969048360456e+00 0.000000000000000000e+00 0.000000000000000000e+00
-1.609154363896210027e+00 -1.431685728905732535e+00 -1.123164116706157900e+00
-1.031534891814610155e+01 -1.032231932200818036e+01 -1.034801601269387206e+01
-1.320763282930106897e+01 -1.334421326739603408e+01 -1.331099026832680465e+01
-1.401320850587709188e+01 -1.400742926240639896e+01 -1.400671897194137117e+01
-1.478716189360837241e+01 -1.476650999960190624e+01 -1.477712401358422944e+01
-1.520853129009497984e+01 -1.524673910992735237e+01 -1.521735621421108853e+01
-1.546342391252186843e+01 -1.546324739729030817e+01 -1.546271267672449667e+01
-1.559531135149175363e+01 -1.559516689515532484e+01 -1.559525850885584397e+01
-1.559599578046590018e+01 -1.559940772157741584e+01 -1.559899047667543570e+01
-1.498107937866311445e+01 -1.499010920668819757e+01 -1.498828741228902928e+01
-1.392136848931511750e+01 -1.303677097801019436e+01 -1.390013551878439202e+01
-1.146900966379191367e+01 -1.137053612565750882e+01 -1.011486259484113859e+01
-4.747719608290987381e+00 -4.761081615723835370e+00 -4.747635383070921478e+00
-2.409647931977172697e-01 -1.281813602557065335e-01 -1.900019110901933761e-01
-2.776350748588703787e+00 -2.637197042509575873e-01 -1.964261964574795516e-01
0.000000000000000000e+00 0.000000000000000000e+00 0.000000000000000000e+00
0.000000000000000000e+00 0.000000000000000000e+00 0.000000000000000000e+00
-9.616854999220557365e-02 0.000000000000000000e+00 0.000000000000000000e+00
0.000000000000000000e+00 0.000000000000000000e+00 0.000000000000000000e+00
-2.161845522590975843e+00 -1.207141615244572697e-01 0.000000000000000000e+00
-7.321282706903046167e-01 -9.537359365642933406e-02 -9.616313689621167060e-02
-3.079197503160413962e+00 -1.828367568882396599e+00 -1.785479311965123994e+00
-1.130990336172798472e+01 -1.127769565515036199e+01 -1.127501370557033944e+01
-1.316722625326986318e+01 -1.317553485313746364e+01 -1.317559551326739076e+01
-1.400445697065826955e+01 -1.400909980616337691e+01 -1.400809914371398079e+01
-1.453568818976128796e+01 -1.451521539657459670e+01 -1.451686960325426767e+01
-1.497170888436707870e+01 -1.499164955082920692e+01 -1.497198595592556458e+01
-1.510658300672122323e+01 -1.511992302974390512e+01 -1.512525576574645925e+01
-1.474567508127948656e+01 -1.474748421349197258e+01 -1.474470117907902811e+01
-1.350057725911394790e+01 -1.350277785515959827e+01 -1.339162600479324539e+01
-1.155842542827192965e+01 -1.052593055713168546e+01 -1.156721331618179072e+01
-1.009633159932259439e+01 -1.002068012650041240e+01 -8.205890680011092897e+00
-2.017248409888623972e-01 -1.259513504205835022e-01 0.000000000000000000e+00
-3.075580959956082605e+00 -1.926065696491876977e+00 -1.596084494530441766e+00
-2.116508945013175769e+00 -2.093646128349201663e-01 0.000000000000000000e+00
0.000000000000000000e+00 0.000000000000000000e+00 0.000000000000000000e+00
0.000000000000000000e+00 0.000000000000000000e+00 0.000000000000000000e+00
-9.616024537530890037e-02 -9.529703525760940819e-02 0.000000000000000000e+00
-1.563985760063453689e+00 -7.925665483678074885e-01 0.000000000000000000e+00
0.000000000000000000e+00 0.000000000000000000e+00 0.000000000000000000e+00
-2.506724143102376345e+00 -1.108993037409538696e+00 -1.130182908781434570e+00
-2.842682230635831253e+00 -1.735618015731546837e+00 0.000000000000000000e+00
-9.465772380152689403e-01 -7.429733475652797736e-01 0.000000000000000000e+00
-1.106561876537746336e+01 -1.107187468601843960e+01 -1.109362550648104317e+01
-1.272335629851124672e+01 -1.274800642795903549e+01 -1.276110070663194485e+01
-1.374569778525539832e+01 -1.373635893991223078e+01 -1.373287176328621584e+01
-1.415585050088185604e+01 -1.411801463500910891e+01 -1.411921210247534297e+01
-1.407758731258970997e+01 -1.412941312321681053e+01 -1.409211397432283874e+01
-1.320636862244340648e+01 -1.320728335639912565e+01 -1.319545899240526055e+01
-1.125928414534770283e+01 -1.131940169884342851e+01 -1.054763961098141856e+01
-9.228072326006435233e+00 -9.234848149561706521e+00 -9.191178843473158722e+00
-4.955985308255351995e+00 -4.947557801801471200e+00 -4.921296751733809316e+00
-6.883033885166730537e-01 -7.504236470810100590e-01 -7.127996289986130440e-01
-2.970510990047976030e+00 -4.507992193022810623e-01 -1.380292642186824181e-01
-1.322272053665139335e+00 -1.095161371071279754e+00 0.000000000000000000e+00
0.000000000000000000e+00 0.000000000000000000e+00 0.000000000000000000e+00
0.000000000000000000e+00 0.000000000000000000e+00 0.000000000000000000e+00
-3.095651915432618750e+00 -2.973072858640001037e+00 0.000000000000000000e+00
-6.504786077827787727e-01 -1.865625474498774916e-01 -1.097088463190717816e-01
-2.489569400795367038e+00 -1.871276350547787515e-01 -1.899705722466494273e-01
0.000000000000000000e+00 0.000000000000000000e+00 0.000000000000000000e+00
-1.621574280090872788e-01 -1.240622696748674564e-01 -1.910982957563017726e-01
-2.584376355693991378e+00 -9.427788923866259330e-02 0.000000000000000000e+00
-1.037604421021849355e+00 -3.406974289567532121e+00 -6.448159902409169586e-01
-1.023102200844265219e+01 -1.023751787971033522e+01 -1.024302214779736708e+01
-1.194567727899351617e+01 -1.197003119242146951e+01 -1.198402974294985590e+01
-1.269722205249052216e+01 -1.270857994708767968e+01 -1.264880855536640070e+01
-1.233506548525095248e+01 -1.233233999970637917e+01 -1.233308963045368678e+01
-1.119637770603474181e+01 -1.120376442170594089e+01 -1.123431611406101283e+01
-9.106766055333389787e+00 -9.159203607808828806e+00 -9.050947023616386033e+00
-8.041928409974367753e+00 -8.042287492826911688e+00 -8.038238515899035264e+00
-7.333769454279933653e-01 -7.362828826813232475e-01 -7.349297694833830663e-01
-2.554493533053416865e+00 -1.629323504349356577e+00 -4.084554206168772295e-01
-2.978597762962474249e+00 -1.460003232177069288e+00 -1.621784900012163799e+00
-1.946777769107638223e+00 -1.470875528770956064e+00 -3.629320048006848820e-01
0.000000000000000000e+00 0.000000000000000000e+00 0.000000000000000000e+00
0.000000000000000000e+00 0.000000000000000000e+00 0.000000000000000000e+00
-2.774340221805171147e+00 -1.981294116271552497e-01 0.000000000000000000e+00
0.000000000000000000e+00 0.000000000000000000e+00 0.000000000000000000e+00
0.000000000000000000e+00 0.000000000000000000e+00 0.000000000000000000e+00
-1.020079060133405768e+00 -9.298941015681142508e-01 -3.282377052033723874e+00
-4.479608161953059220e-01 0.000000000000000000e+00 0.000000000000000000e+00
-1.333024872873927791e+00 -9.428997732068848669e-02 0.000000000000000000e+00
-1.743450501469932190e+00 0.000000000000000000e+00 0.000000000000000000e+00
-2.063735609825438910e+00 -2.707419336627984729e-01 -9.539849995461838206e-02
-5.228404944624801765e+00 -4.935771868178114197e+00 -4.900176424772048733e+00
-7.559437940226112040e+00 -8.142645866821306200e+00 -8.109582672764453548e+00
-9.399306964308838275e+00 -9.400368553328474874e+00 -9.410621400188361463e+00
-9.470705016937206011e+00 -9.371957144009362750e+00 -9.372768183436003042e+00
-7.933809222226365421e+00 -7.932930786616542385e+00 -7.933193910986378938e+00
-6.908277797247789564e+00 -6.906952365150363704e+00 -6.879317096862873626e+00
-8.261273499404717668e-01 -7.997646430199910617e-01 -8.209162717444948854e-01
-1.694838261908811372e+00 -2.078215213983869436e+00 -1.655151270206389746e+00
-7.432374723249184356e-01 -2.895151455848408162e-01 0.000000000000000000e+00
-1.113092089609996949e+00 -9.072429503757561964e-01 -8.966346887025788970e-01
0.000000000000000000e+00 0.000000000000000000e+00 0.000000000000000000e+00
0.000000000000000000e+00 0.000000000000000000e+00 0.000000000000000000e+00
0.000000000000000000e+00 0.000000000000000000e+00 0.000000000000000000e+00
-1.916087113945771137e+00 -1.165719497383599923e-01 0.000000000000000000e+00
-1.388491168789859898e-01 0.000000000000000000e+00 0.000000000000000000e+00
-2.121925758850005672e-01 0.000000000000000000e+00 0.000000000000000000e+00
-1.284029122442414961e+00 0.000000000000000000e+00 0.000000000000000000e+00
-8.598380500841849017e-01 -3.097050973522393891e-01 -9.615741790441854897e-02
-2.560136877148889156e-01 -1.961587993602156021e-01 0.000000000000000000e+00
-5.313478576477653759e-01 -1.658675587545647978e-01 0.000000000000000000e+00
-1.352403386797715878e+00 -1.416586865444698085e-01 0.000000000000000000e+00
-1.577749721494212387e-01 0.000000000000000000e+00 0.000000000000000000e+00
-1.621120208605535407e+00 -7.965436200850377624e-01 -7.822731087551866302e-01
-1.366712436451841817e-01 0.000000000000000000e+00 0.000000000000000000e+00
-2.722598337047783090e+00 -2.593684319264264460e+00 -4.140520551760444867e-01
-2.409832874901023936e-01 -1.195109277968849498e-01 -1.114432480612561616e-01
-9.811382195119936478e-01 -6.069971300642755807e-01 -4.741677770933391822e-01
0.000000000000000000e+00 0.000000000000000000e+00 0.000000000000000000e+00
-9.615461156448779079e-02 -9.616046351216389620e-02 0.000000000000000000e+00
0.000000000000000000e+00 0.000000000000000000e+00 0.000000000000000000e+00
0.000000000000000000e+00 0.000000000000000000e+00 0.000000000000000000e+00
0.000000000000000000e+00 0.000000000000000000e+00 0.000000000000000000e+00
0.000000000000000000e+00 0.000000000000000000e+00 0.000000000000000000e+00
0.000000000000000000e+00 0.000000000000000000e+00 0.000000000000000000e+00
0.000000000000000000e+00 0.000000000000000000e+00 0.000000000000000000e+00
0.000000000000000000e+00 0.000000000000000000e+00 0.000000000000000000e+00
0.000000000000000000e+00 0.000000000000000000e+00 0.000000000000000000e+00
0.000000000000000000e+00 0.000000000000000000e+00 0.000000000000000000e+00
0.000000000000000000e+00 0.000000000000000000e+00 0.000000000000000000e+00
0.000000000000000000e+00 0.000000000000000000e+00 0.000000000000000000e+00
0.000000000000000000e+00 0.000000000000000000e+00 0.000000000000000000e+00
0.000000000000000000e+00 0.000000000000000000e+00 0.000000000000000000e+00
0.000000000000000000e+00 0.000000000000000000e+00 0.000000000000000000e+00
0.000000000000000000e+00 0.000000000000000000e+00 0.000000000000000000e+00
0.000000000000000000e+00 0.000000000000000000e+00 0.000000000000000000e+00
0.000000000000000000e+00 0.000000000000000000e+00 0.000000000000000000e+00
0.000000000000000000e+00 0.000000000000000000e+00 0.000000000000000000e+00
0.000000000000000000e+00 0.000000000000000000e+00 0.000000000000000000e+00
0.000000000000000000e+00 0.000000000000000000e+00 0.000000000000000000e+00
0.000000000000000000e+00 0.000000000000000000e+00 0.000000000000000000e+00
0.000000000000000000e+00 0.000000000000000000e+00 0.000000000000000000e+00
