0.000000000000000000e+00 0.000000000000000000e+00 0.000000000000000000e+00
-9.790314262069671480e-02 0.000000000000000000e+00 0.000000000000000000e+00
-9.838522070871663638e-02 0.000000000000000000e+00 0.000000000000000000e+00
-6.905544865476969996e+00 -6.887028581546581485e+00 -7.046032288842560831e+00
-1.788597960471726012e+01 -1.789491026165879717e+01 -1.788727630844884331e+01
-1.797908755142011472e+01 -1.793498730413707420e+01 -1.794220371503572053e+01
-1.800241571838361310e+01 -1.799901205122642978e+01 -1.799258847471325851e+01
-1.805061257303970379e+01 -1.810183010461994613e+01 -1.809685715474078549e+01
-1.816680458278127119e+01 -1.816761892203508566e+01 -1.818625130001752055e+01
-1.810663313869062208e+01 -1.816344834490168125e+01 -1.812601869216965511e+01
-1.786478773432790490e+01 -1.785069598824253134e+01 -1.783912912608576917e+01
-1.766027924630617107e+01 -1.761268966672326997e+01 -1.761164902329243276e+01
-1.732033991362762038e+01 -1.732035993270997309e+01 -1.732034899763896263e+01
-9.831149272940516159e-02 0.000000000000000000e+00 0.000000000000000000e+00
-1.980701457066771920e-01 -9.804159281163174477e-02 0.000000000000000000e+00
-9.834196327743779942e-02 0.000000000000000000e+00 0.000000000000000000e+00
-1.765889810776837043e+00 0.000000000000000000e+00 -3.000395282396665309e+00
-9.835022479107652371e-02 0.000000000000000000e+00 0.000000000000000000e+00
-5.599475564342748513e-01 0.000000000000000000e+00 0.000000000000000000e+00
0.000000000000000000e+00 0.000000000000000000e+00 0.000000000000000000e+00
0.000000000000000000e+00 0.000000000000000000e+00 0.000000000000000000e+00
-3.883834931684406300e+00 -9.805972593432597806e-02 0.000000000000000000e+00
-3.141706093211360962e+00 -3.226031438706848387e-01 -2.930110156490257634e-01
-1.226390764999941219e+01 -1.378418802316641845e+01 -1.539492264233574659e+01
-1.823333883155911295e+01 -1.815051428864897076e+01 -1.814833966330635917e+01
-1.821120612171542774e+01 -1.826463819940035194e+01 -1.821747836966711986e+01
-1.842824858203832150e+01 -1.840174261159418734e+01 -1.841271750539340957e+01
-1.840946059094536835e+01 -1.840089295352847643e+01 -1.841129108565124994e+01
-1.830642774187956690e+01 -1.830880807082520079e+01 -1.826308530929767571e+01
-1.810907725878475460e+01 -1.808658425254570901e+01 -1.804428174363523851e+01
-1.784365781061057277e+01 -1.780699098644659983e+01 -1.777594351973562325e+01
-1.753685427961048404e+01 -1.750159923605133372e+01 -1.750242309961020126e+01
-1.725855613434849190e+01 -1.725244896416861096e+01 -1.718961561498910839e+01
-1.703610339490015591e+01 -1.705173164023989330e+01 -1.646033742653990828e+01
-4.100817849059102294e+00 -5.098918483379086819e-01 -4.405854077707679894e-01
-9.840566875459176577e-02 -9.835225185202846332e-02 0.000000000000000000e+00
-6.596840413804880399e+00 -2.408066471272218290e-01 -2.252691803118295200e-01
-1.956942321481420777e-01 -6.872228202715909617e+00 -1.953503164152959326e-01
-1.530036933768256002e+00 -2.269100178919823407e-01 -2.201959010594439492e-01
0.000000000000000000e+00 0.000000000000000000e+00 0.000000000000000000e+00
0.000000000000000000e+00 0.000000000000000000e+00 0.000000000000000000e+00
-9.830483596369168908e-02 0.000000000000000000e+00 0.000000000000000000e+00
-6.723767575345477532e+00 -6.725196427918064934e+00 -6.709807720198617709e+00
-1.508874798233811454e+01 -1.603782818296997092e+01 -1.695960222748509949e+01
-1.836041831075568354e+01 -1.836034457622285032e+01 -1.836431363133423034e+01
-1.850335796740532146e+01 -1.851156367820689042e+01 -1.850957338316041501e+01
-1.857257476195462331e+01 -1.856446520902540342e+01 -1.856562890083388595e+01
-1.851607472746439598e+01 -1.850328961803974437e+01 -1.851955505590592921e+01
-1.836998406838839770e+01 -1.836818328719736826e+01 -1.834567923253122146e+01
-1.822066273065291142e+01 -1.822152591192236670e+01 -1.822027869374340980e+01
-1.808806905551793065e+01 -1.806442278674458635e+01 -1.806617148066280976e+01
-1.785466150105571614e+01 -1.785499731715192695e+01 -1.785394708715324086e+01
-1.735186315478906494e+01 -1.735032873712896162e+01 -1.735223220388910903e+01
-1.697066410160147498e+01 -1.697346585464726587e+01 -1.697283859884836943e+01
-1.683150342789403808e+01 -1.683206519279218227e+01 -1.547025345237371319e+01
-1.668537306254764374e+00 -1.744915418014801434e+00 -5.229825921876302353e+00
-8.580571093915601022e-01 -7.192733602937486204e+00 -7.867005157527393600e-01
-5.655831724858828569e-01 -2.012386744451122311e-01 -1.962375901842178805e-01
-9.810971846692193021e-02 0.000000000000000000e+00 0.000000000000000000e+00
0.000000000000000000e+00 0.000000000000000000e+00 0.000000000000000000e+00
0.000000000000000000e+00 0.000000000000000000e+00 0.000000000000000000e+00
0.000000000000000000e+00 0.000000000000000000e+00 -1.087105986085100257e-01
-1.063902698941561376e+01 -1.198368673281713015e+01 -1.157496254079509335e+01
-1.689757969801089388e+01 -1.762595419988263501e+01 -1.720849584953352718e+01
-1.859053476058228682e+01 -1.857621488919349417e+01 -1.858464184266759389e+01
-1.866290136541467604e+01 -1.866331859115241087e+01 -1.866785168840688769e+01
-1.872221362355562491e+01 -1.872217200898952072e+01 -1.872222804059449075e+01
-1.869665780296637791e+01 -1.869721054014152628e+01 -1.869529982506366039e+01
-1.860136713295781874e+01 -1.860916554587591420e+01 -1.860997913678147242e+01
-1.853687239136680631e+01 -1.853663404677756787e+01 -1.853391555615120012e+01
-1.844439587623443444e+01 -1.844697973542371372e+01 -1.836923729306949582e+01
-1.819552430955353373e+01 -1.818595581407903339e+01 -1.800609062455109211e+01
-1.780566355604450379e+01 -1.776809383161973344e+01 -1.775293937073668005e+01
-1.746219841340223411e+01 -1.746308941259800207e+01 -1.746306921729517114e+01
-1.672475062069423402e+01 -1.672538908209298469e+01 -1.672789095715935659e+01
-1.642771806106845034e+01 -1.642674754413407356e+01 -1.611741180227640058e+01
-1.729625543476148275e+00 -7.089605975663513249e-01 -7.704928374827078041e-01
0.000000000000000000e+00 0.000000000000000000e+00 0.000000000000000000e+00
-4.970571212296247765e+00 -2.699229475107105536e-01 -4.653378799879984484e+00
-1.828452119011905741e-01 0.000000000000000000e+00 0.000000000000000000e+00
0.000000000000000000e+00 0.000000000000000000e+00 0.000000000000000000e+00
-7.088282913337536684e+00 -9.809390752994302798e-02 0.000000000000000000e+00
-1.237302690339883426e+01 -1.346725612592263133e+01 -1.525243601004543059e+01
-1.743209066418156539e+01 -1.778343328739497764e+01 -1.748239439886298641e+01
-1.871613824399602066e+01 -1.871649134333535613e+01 -1.871661020304704337e+01
-1.881249698476474919e+01 -1.881307000088750314e+01 -1.881295602999787064e+01
-1.888481946295663150e+01 -1.888476572059548531e+01 -1.888446550926077094e+01
-1.888047403427586701e+01 -1.891889093260009602e+01 -1.891063103877176488e+01
-1.892237899888820252e+01 -1.892232073371687662e+01 -1.892258817782086666e+01
-1.893064354507040292e+01 -1.893075558790424395e+01 -1.893062463375933291e+01
-1.888039302276020592e+01 -1.888080782377636524e+01 -1.888046183733278838e+01
-1.871751760855040558e+01 -1.871593799964053417e+01 -1.871757396674070506e+01
-1.842647907701876520e+01 -1.841551093867765232e+01 -1.830326196680206863e+01
-1.787887173328626034e+01 -1.783803191398092380e+01 -1.760472249600879024e+01
-1.735785976255694862e+01 -1.735752367114135097e+01 -1.735715526577714840e+01
-1.629149819943942390e+01 -1.627815267087392570e+01 -1.624674962985206506e+01
-1.577691626323371743e+01 -1.579364250639659062e+01 -1.537224733467941284e+01
-1.958860849040556795e-01 -6.382776846004738047e+00 -1.957502662354306255e-01
-9.838634100733634202e-02 0.000000000000000000e+00 0.000000000000000000e+00
-1.876176115199873762e-01 0.000000000000000000e+00 0.000000000000000000e+00
0.000000000000000000e+00 0.000000000000000000e+00 0.000000000000000000e+00
-1.766852840856213691e-01 -1.372947980138682078e-01 -2.536871583975861544e+00
-1.340457403769804934e+01 -1.442228740411080068e+01 -1.471422651295282691e+01
-1.763619537299458173e+01 -1.773399458095617831e+01 -1.777726673262711898e+01
-1.882823097563530368e+01 -1.882783468516823433e+01 -1.883157084701313266e+01
-1.894682437283674048e+01 -1.894721865800467242e+01 -1.894733563096320950e+01
-1.901409372111735152e+01 -1.902058086386499980e+01 -1.902054843727853140e+01
-1.908819628907785670e+01 -1.909236353631618499e+01 -1.909366316428396004e+01
-1.931355507357780610e+01 -1.931324118771670939e+01 -1.931334966127778685e+01
-1.936657887975316328e+01 -1.937683665064502136e+01 -1.937687774898576265e+01
-1.931910921714490570e+01 -1.931896708545187380e+01 -1.931638783781933810e+01
-1.921544323886319461e+01 -1.921307143173365972e+01 -1.919266291680250447e+01
-1.891065441816737902e+01 -1.890983776656103643e+01 -1.890944890767119801e+01
-1.838088812244628656e+01 -1.832190690736834426e+01 -1.824752973064240180e+01
-1.771725650494979121e+01 -1.758670948693838909e+01 -1.738402003604279145e+01
-1.662706842581170008e+01 -1.662558004442668036e+01 -1.662437962381158840e+01
-1.576865097483874933e+01 -1.570074027328358213e+01 -1.345295932215907087e+01
-5.138476025507283218e+00 -1.561787092923307529e+00 -1.539262982091625487e+00
-9.809887608226995626e-02 0.000000000000000000e+00 0.000000000000000000e+00
0.000000000000000000e+00 0.000000000000000000e+00 0.000000000000000000e+00
0.000000000000000000e+00 0.000000000000000000e+00 0.000000000000000000e+00
-1.597009077062448434e-01 -5.987700109453312436e+00 -1.941278149728090929e-01
-1.398557425116461772e+01 -1.464116724660908808e+01 -1.504521312880772399e+01
-1.754011894208576905e+01 -1.754656872053548966e+01 -1.770265395877690295e+01
-1.884098158404037093e+01 -1.887659059969376329e+01 -1.886508037607934796e+01
-1.902671077449940285e+01 -1.902671509493289292e+01 -1.902713159626114958e+01
-1.912213209742570541e+01 -1.912340035372470126e+01 -1.912114963454825656e+01
-1.919655447898656320e+01 -1.920917146229625416e+01 -1.922131455679855705e+01
-1.947507082284232283e+01 -1.947547238871316466e+01 -1.947513380554778095e+01
-1.953244308583126454e+01 -1.959363161317030944e+01 -1.960158072944080132e+01
-1.962979535092824790e+01 -1.962509293800184906e+01 -1.958900829225759210e+01
-1.944771198891113073e+01 -1.942006745674224888e+01 -1.932992649904767291e+01
-1.921190473329578907e+01 -1.920890880297822179e+01 -1.913860991802625833e+01
-1.876776479907077544e+01 -1.876813872225790192e+01 -1.876882012506752773e+01
-1.801053390824436917e+01 -1.794310133710852995e+01 -1.755887293214128775e+01
-1.711145177034195797e+01 -1.711069313707893258e+01 -1.711097393155197466e+01
-1.587911770149738544e+01 -1.587331962458483403e+01 -1.550050108960601847e+01
-1.130239966921156736e+01 -1.092465418234237795e+01 -1.091000270440002851e+01
-2.661920319144173153e+00 -1.075749263200686867e+00 -2.926371248106554024e-01
0.000000000000000000e+00 0.000000000000000000e+00 0.000000000000000000e+00
0.000000000000000000e+00 0.000000000000000000e+00 0.000000000000000000e+00
-1.306636282140143601e+00 -1.033173046574443199e-01 -1.692127301834276953e-01
-1.433693594577700914e+01 -1.446107521256352335e+01 -1.512781315446621733e+01
-1.706614730945083735e+01 -1.714486745473714535e+01 -1.714384287362918613e+01
-1.867974480450710928e+01 -1.877476000322836214e+01 -1.877954383810750727e+01
-1.904565892716904685e+01 -1.904568095286365548e+01 -1.904635888101199725e+01
-1.915779723642238253e+01 -1.916138643640366013e+01 -1.916160837870196687e+01
-1.927629452059838044e+01 -1.927716928306056587e+01 -1.927789540546399394e+01
-1.950016535330750855e+01 -1.950021946673665596e+01 -1.950013455529650486e+01
-1.958966819501971912e+01 -1.962759698924296714e+01 -1.963553183567806926e+01
-1.964341419850622472e+01 -1.968857403973560949e+01 -1.968690706333340401e+01
-1.955426509742662589e+01 -1.955287834948458681e+01 -1.948938928756029298e+01
-1.933139225250987536e+01 -1.930943781838077200e+01 -1.922377636815080848e+01
-1.898941218242606155e+01 -1.898858181331220862e+01 -1.898901103869470930e+01
-1.811675656426326952e+01 -1.802208636994721758e+01 -1.795597936259027350e+01
-1.725918289870748268e+01 -1.730747714676626003e+01 -1.690585020782251036e+01
-1.601486753599260737e+01 -1.598548244236985738e+01 -1.576059105100471314e+01
-1.549501983568156049e+01 -1.407453023753121357e+01 -1.406804268788792989e+01
-9.808575509528061342e-02 0.000000000000000000e+00 0.000000000000000000e+00
0.000000000000000000e+00 0.000000000000000000e+00 0.000000000000000000e+00
0.000000000000000000e+00 0.000000000000000000e+00 0.000000000000000000e+00
0.000000000000000000e+00 0.000000000000000000e+00 0.000000000000000000e+00
-1.419769137283025096e+01 -1.419894998385380980e+01 -1.419793244630398554e+01
-1.632121448453407453e+01 -1.634148762371714625e+01 -1.633967258972194614e+01
-1.820715215851588553e+01 -1.821241164780899524e+01 -1.820560612385179056e+01
-1.881632195037800415e+01 -1.881643166913228526e+01 -1.881606738792272893e+01
-1.910594558257179898e+01 -1.912124731906004271e+01 -1.912166528640935681e+01
-1.917939290979432343e+01 -1.924786202847574401e+01 -1.925156139189962090e+01
-1.935538554830417723e+01 -1.935508555163245248e+01 -1.936270548794458435e+01
-1.957300259568496870e+01 -1.957315062630041425e+01 -1.957297248325484418e+01
-1.956825579106159907e+01 -1.956816152416947219e+01 -1.956846241193629510e+01
-1.951237585350060399e+01 -1.951944269951121669e+01 -1.947789026951309665e+01
-1.933879317355772898e+01 -1.933645777280182187e+01 -1.930238840357337082e+01
-1.904827227117284494e+01 -1.904907216729769459e+01 -1.904734086467594878e+01
-1.803863386100650956e+01 -1.803558454374622855e+01 -1.803722576373328934e+01
-1.720498447681409360e+01 -1.713692369014499306e+01 -1.662314556835605117e+01
-1.587451048661223219e+01 -1.588525040887558504e+01 -1.551547275409947346e+01
-1.553248484152930331e+01 -1.421161256697906872e+01 -1.370977952649143994e+01
-9.832132831395296035e-02 -5.000643895969555608e+00 -9.830734902511156781e-02
0.000000000000000000e+00 0.000000000000000000e+00 0.000000000000000000e+00
0.000000000000000000e+00 0.000000000000000000e+00 0.000000000000000000e+00
-9.836942206895570029e-02 0.000000000000000000e+00 0.000000000000000000e+00
-6.209606397741653794e+00 -6.179641600288963588e+00 -6.219473174789561298e+00
-1.446778629948725658e+01 -1.483708805301073319e+01 -1.543496804270063016e+01
-1.709773277834054994e+01 -1.714393876494839475e+01 -1.716595846696090177e+01
-1.818762785008910754e+01 -1.818940447336132138e+01 -1.818781782094782429e+01
-1.888957144889971218e+01 -1.888845156171666062e+01 -1.888976090566828248e+01
-1.907299696007611445e+01 -1.908789807514130032e+01 -1.908650051256795876e+01
-1.916803524148648918e+01 -1.923322427084055875e+01 -1.923061926220079698e+01
-1.930812495482824431e+01 -1.933669227741058805e+01 -1.933739801289966564e+01
-1.938129757410630916e+01 -1.938029847568000363e+01 -1.938171042937341682e+01
-1.934448711077135741e+01 -1.934853517680156187e+01 -1.926152775792779082e+01
-1.920912454784030743e+01 -1.920823098914020122e+01 -1.920483180058240791e+01
-1.891975971429018699e+01 -1.891971354393787408e+01 -1.891621082896205053e+01
-1.798813800487299730e+01 -1.788993015098379402e+01 -1.781999189183222754e+01
-1.686030490049962083e+01 -1.669059643624025924e+01 -1.617327998654132060e+01
-1.538287101887197927e+01 -1.549569480493617668e+01 -1.512198001784734380e+01
-1.528368411166978724e+01 -1.417799132742808155e+01 -1.270284028234484808e+01
-6.732712040249967389e-01 -2.842409507580108574e+00 -1.955058846281054197e-01
0.000000000000000000e+00 0.000000000000000000e+00 0.000000000000000000e+00
0.000000000000000000e+00 0.000000000000000000e+00 0.000000000000000000e+00
-1.369548184132269641e+00 -4.512687956912701526e-01 0.000000000000000000e+00
-3.928689212554863808e+00 -1.238202791162521743e+00 -1.067686548969624560e+00
-1.324848726574454361e+01 -1.440352142117349921e+01 -1.426717494361789740e+01
-1.588522147748520830e+01 -1.581794763191351016e+01 -1.589435822935105236e+01
-1.732474579943206905e+01 -1.732319605741164636e+01 -1.731621302273465446e+01
-1.797808027436805745e+01 -1.797977767441827979e+01 -1.798201311103938949e+01
-1.872084574036791338e+01 -1.872040699744911763e+01 -1.872189213667222063e+01
-1.891377663122745290e+01 -1.891994091810489564e+01 -1.892042745954195837e+01
-1.902233652415717913e+01 -1.902392395275279213e+01 -1.902532688475572087e+01
-1.906541355163573925e+01 -1.906162110192981984e+01 -1.906544481742762898e+01
-1.906334644826977254e+01 -1.906254824509428403e+01 -1.905747142831578245e+01
-1.902231574242608048e+01 -1.902414001118184572e+01 -1.902393786140143206e+01
-1.850022836942671134e+01 -1.850120093167660684e+01 -1.850050822531023798e+01
-1.747260005604353950e+01 -1.751976362172764468e+01 -1.697591982522357767e+01
-1.586996105317598271e+01 -1.584405819946788441e+01 -1.557156722802939264e+01
-1.484489492690044798e+01 -1.483916615778458414e+01 -1.429203206779996194e+01
-1.068493417453849403e+01 -1.014095775209131567e+01 -1.076915437306858969e+01
-9.792585979928596085e-02 0.000000000000000000e+00 0.000000000000000000e+00
0.000000000000000000e+00 0.000000000000000000e+00 0.000000000000000000e+00
0.000000000000000000e+00 0.000000000000000000e+00 0.000000000000000000e+00
-6.906550631933097151e+00 -9.840443048131156112e-02 0.000000000000000000e+00
-2.516884577515998700e+00 -3.059774850331391072e+00 -4.483292423241073799e+00
-9.576062370822000958e+00 -9.675360549016719602e+00 -9.313206493307841782e+00
-1.454105720063926377e+01 -1.504455098346400810e+01 -1.505787900781554534e+01
-1.634774566139749652e+01 -1.621911995229221759e+01 -1.636284002923433079e+01
-1.719238062838000047e+01 -1.719337692571171416e+01 -1.719682432947118755e+01
-1.776825686771221768e+01 -1.777047149091086808e+01 -1.777301454755789578e+01
-1.814488502719119012e+01 -1.814175991592356141e+01 -1.814273019358903483e+01
-1.852684417076487478e+01 -1.852566505444285738e+01 -1.852464106170019775e+01
-1.859632917133401975e+01 -1.859637953562657131e+01 -1.859609610488602627e+01
-1.863773523312235270e+01 -1.863772444130773565e+01 -1.863779766386577563e+01
-1.853238453835214727e+01 -1.853746845495517448e+01 -1.852994803192337869e+01
-1.806560190559731538e+01 -1.803064556646981842e+01 -1.803409495165300669e+01
-1.650282746126748989e+01 -1.630048947207247778e+01 -1.554216850098852731e+01
-1.493694062396660271e+01 -1.493680594024495178e+01 -1.493371552170639127e+01
-1.425175913459488797e+01 -1.416561604917855632e+01 -1.272322635798390955e+01
-1.084514135233714871e+00 -5.186504913728741784e+00 -1.045492709397552789e+00
-1.545521819549147136e+00 -9.805794958846038301e-02 0.000000000000000000e+00
0.000000000000000000e+00 0.000000000000000000e+00 0.000000000000000000e+00
0.000000000000000000e+00 0.000000000000000000e+00 0.000000000000000000e+00
-8.464775302846745397e-01 0.000000000000000000e+00 0.000000000000000000e+00
-1.006994562097723200e+00 -9.806440343776426372e-02 -9.804803481857814196e-02
-4.485068601249458276e+00 -1.655571460704507114e+00 -9.831397117517869100e-02
-1.458437349801164729e+01 -1.516879154613085667e+01 -1.516714166286366883e+01
-1.563275997584169907e+01 -1.576990690526126215e+01 -1.590563423519940756e+01
-1.656215188947496131e+01 -1.642923828031953093e+01 -1.650274239499292506e+01
-1.709070025954575911e+01 -1.713023074882308805e+01 -1.710167837566617877e+01
-1.758090927807025494e+01 -1.758078272498129024e+01 -1.758059935570089394e+01
-1.779954860141987893e+01 -1.779930347842991978e+01 -1.779859140532986217e+01
-1.797834120733646657e+01 -1.797912057322028900e+01 -1.801190641257436553e+01
-1.816105775229208064e+01 -1.820262955604762567e+01 -1.819420294980986696e+01
-1.812346271673667530e+01 -1.812380854518545448e+01 -1.812333467052686942e+01
-1.697601604618827764e+01 -1.703534948468855958e+01 -1.602861904399103565e+01
-1.504247545684027543e+01 -1.502553258162695649e+01 -1.481063345705187650e+01
-1.372672680961830594e+01 -1.382619220588843589e+01 -1.362711387568773524e+01
-1.305486769278743431e+01 -1.230664641553085126e+01 -9.378802303009086572e+00
-6.748264045224682484e+00 -2.040015526072127827e-01 -1.585108995504431462e-01
-4.393352818210097266e-01 -9.831298552725525886e-02 -9.176018617009535916e-01
0.000000000000000000e+00 0.000000000000000000e+00 0.000000000000000000e+00
0.000000000000000000e+00 0.000000000000000000e+00 0.000000000000000000e+00
-2.926534907138980124e+00 0.000000000000000000e+00 0.000000000000000000e+00
-9.807278963131002558e-02 0.000000000000000000e+00 0.000000000000000000e+00
0.000000000000000000e+00 0.000000000000000000e+00 0.000000000000000000e+00
-9.809908150526518156e-02 -9.794859537251306147e-02 -6.708288123451535689e+00
-1.601040065821625547e+01 -1.593485342543962702e+01 -1.597485821517529381e+01
-1.641039248038222809e+01 -1.642068419281480374e+01 -1.642119074680282509e+01
-1.673291886371945125e+01 -1.673426384666184319e+01 -1.673038604742666990e+01
-1.717114180494000308e+01 -1.717247418298375194e+01 -1.717083514252961507e+01
-1.751384567716790741e+01 -1.761631713179999892e+01 -1.753454718300965354e+01
-1.777756734209792810e+01 -1.776960925855787821e+01 -1.784655135796753811e+01
-1.798076759681882208e+01 -1.801226199230297098e+01 -1.802257995445015837e+01
-1.762944732305309969e+01 -1.747227474634119915e+01 -1.688019116646760054e+01
-1.551837960536044392e+01 -1.534453266690909423e+01 -1.519449429685414721e+01
-1.360751766221410008e+01 -1.355137367494828915e+01 -1.354788987715027737e+01
-1.223397737797267304e+01 -9.248602026817509980e+00 -1.179037618711783786e+01
-1.688420311573999077e+00 -1.689180276063518615e+00 -1.697833359641140571e+00
-1.625557827582374326e+00 -7.762629634342291807e-01 -4.227730530643799556e-01
-4.665572294432500100e-01 -4.467528486396419307e-01 -3.890760768270435932e-01
-9.837341491279988359e-02 0.000000000000000000e+00 0.000000000000000000e+00
0.000000000000000000e+00 0.000000000000000000e+00 0.000000000000000000e+00
-3.200587040269433636e-01 -8.522378353402418893e-01 -1.039867737805786202e-01
-2.929841208800243457e-01 -5.477125218431594611e+00 -1.961328332092874549e-01
-9.833176323901338112e-02 0.000000000000000000e+00 0.000000000000000000e+00
-9.832230370467356928e-02 -9.804920401062632018e-02 0.000000000000000000e+00
-9.831585009776985795e-02 -9.830526282448133479e-02 0.000000000000000000e+00
-1.657940167999195680e+01 -1.660707795974019163e+01 -1.660414221920937194e+01
-1.686546429699103555e+01 -1.686547768626387267e+01 -1.686549560419353355e+01
-1.713943818308316480e+01 -1.714005364565564804e+01 -1.721629177793395371e+01
-1.739068187395114151e+01 -1.752370351923378777e+01 -1.750975350601649794e+01
-1.790496923089194681e+01 -1.785345968417124496e+01 -1.789976730513654246e+01
-1.784201620646528141e+01 -1.783489820664856396e+01 -1.753205917569816918e+01
-1.605819470842479291e+01 -1.605531548742224501e+01 -1.601000916276876751e+01
-1.394916107715670961e+01 -1.394194828756304361e+01 -1.392599855473939208e+01
-1.212610862474359052e+01 -1.147191220825765079e+01 -1.058269823647582264e+01
-4.082238610430960257e+00 -3.153278245311944339e+00 -3.166298656743156137e+00
-2.590556345816711126e+00 -4.060182961919336919e-01 -4.354431389850217937e-01
-9.789266755580731949e-02 -9.834462608804844796e-02 0.000000000000000000e+00
-9.831987141460506174e-02 0.000000000000000000e+00 0.000000000000000000e+00
0.000000000000000000e+00 0.000000000000000000e+00 0.000000000000000000e+00
0.000000000000000000e+00 0.000000000000000000e+00 0.000000000000000000e+00
0.000000000000000000e+00 -1.939067228063068304e+00 0.000000000000000000e+00
-1.952906248797587341e-01 -9.836135097758422208e-02 -1.985167726936512222e+00
-9.792691653552972053e-02 -2.350399494757494878e+00 -1.958624817167373133e-01
-4.320120735070208107e-01 -3.513721446655609926e-01 -1.957930256070484765e-01
-7.841498009468814701e-01 -6.402232666150794449e-01 -1.961169838856254843e-01
-7.007768986457114657e+00 -4.306147523018697965e-01 -1.958758052375314529e-01
-1.708107273425103756e+01 -1.727186801941785887e+01 -1.709600851864152560e+01
-1.738418896613204723e+01 -1.754364323891119781e+01 -1.751813615401025714e+01
-1.770731082683465729e+01 -1.773700185926682948e+01 -1.775453185598410855e+01
-1.800278306857083166e+01 -1.799846425531629279e+01 -1.800321551359349215e+01
-1.677615964767941747e+01 -1.682108902871178202e+01 -1.671341477407154130e+01
-1.472968263093797248e+01 -1.470350197948337545e+01 -1.451855016695701295e+01
-1.128578539312442075e+01 -1.129089397758854041e+01 -1.128657085388904413e+01
-7.167842750615748493e+00 -7.040387507574118686e+00 -6.193941738454860513e+00
-3.159127013255133676e+00 -1.725563006413936007e+00 -1.458294983316739124e+00
-6.345189520274971073e+00 -2.543044017144845403e-01 -8.844352321387707883e-03
-6.647634599150969770e+00 -9.810740925350851238e-02 -9.787861846259476861e-02
-1.349185285245034338e+00 -1.630915696810577131e+00 -3.897269084498246605e-01
-1.486352870466459974e-01 0.000000000000000000e+00 0.000000000000000000e+00
0.000000000000000000e+00 0.000000000000000000e+00 0.000000000000000000e+00
-9.804250222729072872e-01 -9.790576238221257444e-02 0.000000000000000000e+00
-9.389551055538676305e-01 -1.610275694064834118e-01 0.000000000000000000e+00
0.000000000000000000e+00 0.000000000000000000e+00 0.000000000000000000e+00
-4.044478180315409510e+00 -9.836738830062875805e-02 -3.324019004016177004e+00
-3.807483271455092133e+00 0.000000000000000000e+00 0.000000000000000000e+00
-6.955052429442479811e-01 0.000000000000000000e+00 0.000000000000000000e+00
-2.018866885455599114e+00 -1.142472865391232606e+00 -1.956455301113528278e-01
-1.730622203181189889e+01 -1.729938472019973617e+01 -1.740412911678696517e+01
-1.775445958523802759e+01 -1.775814226558899023e+01 -1.775851768947061871e+01
-1.693487919524141461e+01 -1.681968722127123073e+01 -1.667773021807291300e+01
-1.494162433501667842e+01 -1.484967699484197468e+01 -1.479598535396619852e+01
-1.209983613589153251e+01 -1.195619550953445298e+01 -1.193876495066123233e+01
-8.715331092257450507e+00 -8.717885609498850386e+00 -8.708650077394468170e+00
-2.319820000646402480e+00 -2.032840892183990888e+00 -2.008086769144898032e+00
-2.486038921131100921e+00 -4.565347991295912178e-01 -4.578158255471134197e-01
-1.505611964328028851e-01 -7.297858585072936499e+00 -9.806245176972334943e-02
-5.207044124990228839e-01 -2.928328252268863618e-01 -2.799766039695613107e-01
-1.955523432730003064e-01 -2.235305889705380356e+00 -1.961468338360895236e-01
0.000000000000000000e+00 0.000000000000000000e+00 0.000000000000000000e+00
0.000000000000000000e+00 0.000000000000000000e+00 0.000000000000000000e+00
-9.831832626647919737e-02 -9.804416587961732599e-02 0.000000000000000000e+00
-1.957125895542718708e-01 -5.684215345015528609e-01 -9.834722495043589363e-02
-9.839329078404836226e-02 -9.838881944703485594e-02 -9.787543746902013786e-02
-3.903841246962594713e+00 -2.124264561745465296e-01 -2.926122752593829923e-01
-9.791772520661505552e-02 -9.830512828807114190e-02 -6.015392882654739815e+00
-9.830423552205543036e-02 0.000000000000000000e+00 0.000000000000000000e+00
-9.840368650217867774e-02 0.000000000000000000e+00 0.000000000000000000e+00
-9.835832948670319986e-02 -9.805394948742585104e-02 0.000000000000000000e+00
-1.219491053459220531e+01 -1.243708216585439352e+01 -1.249183191518774905e+01
-1.332706079350370310e+01 -1.320894848631300178e+01 -1.315806080187445559e+01
-1.281167653883761126e+01 -1.281127296354409495e+01 -1.280257594608877980e+01
-1.031734042218199221e+01 -1.031534555194549974e+01 -1.031486050137967325e+01
-7.190282263248985117e+00 -7.201320866017231204e+00 -7.192142734949449334e+00
-9.202086384829883947e-01 -8.897395328511725765e-01 -8.873112078270732894e-01
-1.272161026051520927e-01 -1.266303312966366723e-01 -1.229291337298744763e-01
-9.838745345368719863e-02 -9.787785994343707607e-02 0.000000000000000000e+00
-9.835394727333655884e-02 0.000000000000000000e+00 0.000000000000000000e+00
-4.014462756814329847e-01 -9.805542991249587004e-02 0.000000000000000000e+00
0.000000000000000000e+00 0.000000000000000000e+00 0.000000000000000000e+00
0.000000000000000000e+00 0.000000000000000000e+00 0.000000000000000000e+00
-9.836074555179782908e-02 -6.511402421210183533e+00 0.000000000000000000e+00
0.000000000000000000e+00 0.000000000000000000e+00 -8.108067665317398864e-01
-3.669214890654049488e-01 0.000000000000000000e+00 0.000000000000000000e+00
-4.238706812965608250e+00 -9.789214059095505127e-02 -9.805428612488004125e-02
-2.555782512388900418e+00 -5.183132662060152551e-01 -6.167220953123106142e+00
-9.792032477835295456e-02 -6.065896890677388020e-01 0.000000000000000000e+00
-1.697660732995218136e-01 -9.836829818052612862e-02 0.000000000000000000e+00
-2.730471419791897780e+00 0.000000000000000000e+00 0.000000000000000000e+00
-6.571215786729096564e-01 -9.839152581572363498e-02 0.000000000000000000e+00
0.000000000000000000e+00 0.000000000000000000e+00 0.000000000000000000e+00
-1.723608172771964986e+00 -9.830567152437788558e-02 0.000000000000000000e+00
-6.809147589036746773e+00 -6.685295056075538644e-01 -2.635034589777962011e-01
-9.793562349912354748e-02 0.000000000000000000e+00 0.000000000000000000e+00
-9.809962355116724764e-02 -9.791512040985138332e-02 0.000000000000000000e+00
-7.361316444182220309e+00 0.000000000000000000e+00 0.000000000000000000e+00
-9.830917071349151715e-02 0.000000000000000000e+00 -2.123282457542901458e+00
-7.167730637210764755e+00 -1.812843492823387859e+00 -1.961664886737740643e-01
-3.398439970432968749e-01 -9.833056821950413029e-02 0.000000000000000000e+00
0.000000000000000000e+00 0.000000000000000000e+00 0.000000000000000000e+00
0.000000000000000000e+00 0.000000000000000000e+00 0.000000000000000000e+00
0.000000000000000000e+00 0.000000000000000000e+00 0.000000000000000000e+00
0.000000000000000000e+00 0.000000000000000000e+00 0.000000000000000000e+00
0.000000000000000000e+00 0.000000000000000000e+00 0.000000000000000000e+00
0.000000000000000000e+00 0.000000000000000000e+00 0.000000000000000000e+00
0.000000000000000000e+00 0.000000000000000000e+00 0.000000000000000000e+00
0.000000000000000000e+00 0.000000000000000000e+00 0.000000000000000000e+00
0.000000000000000000e+00 0.000000000000000000e+00 0.000000000000000000e+00
0.000000000000000000e+00 0.000000000000000000e+00 0.000000000000000000e+00
0.000000000000000000e+00 0.000000000000000000e+00 0.000000000000000000e+00
0.000000000000000000e+00 0.000000000000000000e+00 0.000000000000000000e+00
0.000000000000000000e+00 0.000000000000000000e+00 0.000000000000000000e+00
0.000000000000000000e+00 0.000000000000000000e+00 0.000000000000000000e+00
0.000000000000000000e+00 0.000000000000000000e+00 0.000000000000000000e+00
0.000000000000000000e+00 0.000000000000000000e+00 0.000000000000000000e+00
0.000000000000000000e+00 0.000000000000000000e+00 0.000000000000000000e+00
0.000000000000000000e+00 0.000000000000000000e+00 0.000000000000000000e+00
0.000000000000000000e+00 0.000000000000000000e+00 0.000000000000000000e+00
0.000000000000000000e+00 0.000000000000000000e+00 0.000000000000000000e+00
0.000000000000000000e+00 0.000000000000000000e+00 0.000000000000000000e+00
