0.000000000000000000e+00 0.000000000000000000e+00 0.000000000000000000e+00
0.000000000000000000e+00 0.000000000000000000e+00 0.000000000000000000e+00
-9.701602225148009406e-02 0.000000000000000000e+00 0.000000000000000000e+00
-8.261399001643384921e+00 -8.243929283913599804e+00 -8.271590231296771734e+00
-1.758369830781820653e+01 -1.759129230174983505e+01 -1.758386263462622168e+01
-1.773040613917281405e+01 -1.772482034204790224e+01 -1.772630199786524230e+01
-1.774731015127495581e+01 -1.775389669705873885e+01 -1.775584342475924515e+01
-1.769849669438978523e+01 -1.769822936799929991e+01 -1.769857646948190677e+01
-1.774039641892330366e+01 -1.774014243177006378e+01 -1.774082675792144315e+01
-1.784618596855753125e+01 -1.785245224419790944e+01 -1.784410932076188061e+01
-1.799781306735256692e+01 -1.801488695240962912e+01 -1.749061510805273656e+01
-1.775760864682986906e+01 -1.774490364147613164e+01 -1.676300576076395998e+01
-1.738109931242463091e+01 -1.730183277631551420e+01 -1.563252842200590464e+01
-5.301142187829544383e+00 -9.741663306060745209e-02 0.000000000000000000e+00
0.000000000000000000e+00 0.000000000000000000e+00 0.000000000000000000e+00
0.000000000000000000e+00 0.000000000000000000e+00 0.000000000000000000e+00
-9.779737245542226287e-02 -9.705276526741447862e-02 0.000000000000000000e+00
-2.569597754520606792e+00 0.000000000000000000e+00 0.000000000000000000e+00
0.000000000000000000e+00 0.000000000000000000e+00 0.000000000000000000e+00
0.000000000000000000e+00 0.000000000000000000e+00 0.000000000000000000e+00
0.000000000000000000e+00 0.000000000000000000e+00 0.000000000000000000e+00
-3.719587441223138669e+00 -2.992253742520790460e+00 -1.951063812776354656e-01
-1.337535847820921164e+00 -9.652663893190949196e-01 -9.367934844415538587e-01
-1.160822655740616938e+01 -1.545163005081092500e+01 -1.549481326470461617e+01
-1.758236328108941038e+01 -1.758258769730035809e+01 -1.759928011289683880e+01
-1.778626387736642656e+01 -1.778609347720575329e+01 -1.778947962534108385e+01
-1.773311070342290918e+01 -1.773253069682965588e+01 -1.773349922860623096e+01
-1.782031692214171059e+01 -1.781993718277575667e+01 -1.782058102374766761e+01
-1.792653234220925285e+01 -1.792667754796780955e+01 -1.792750616837929201e+01
-1.793786171442338429e+01 -1.793803956696325486e+01 -1.793718671922094998e+01
-1.790140216414928531e+01 -1.788883862940140546e+01 -1.769125221632010181e+01
-1.768212718366102365e+01 -1.685172242682494925e+01 -1.758835955856534028e+01
-1.714829070282981149e+01 -1.721192690294586569e+01 -1.422382336067279951e+01
-1.681335738568390425e+01 -1.667305146266906135e+01 -1.188145516313165118e+01
-5.876883467852820786e+00 -5.886664709019304276e+00 -5.868392229134005156e+00
-6.260149947158219597e+00 -1.503006963127909268e+00 -5.389298412307278463e-01
-9.185920186231192330e-01 -9.701360481449775031e-02 0.000000000000000000e+00
-9.702279264649857349e-02 0.000000000000000000e+00 0.000000000000000000e+00
-9.695559601354486468e-02 -9.704799479850084731e-02 0.000000000000000000e+00
0.000000000000000000e+00 0.000000000000000000e+00 0.000000000000000000e+00
0.000000000000000000e+00 0.000000000000000000e+00 0.000000000000000000e+00
0.000000000000000000e+00 0.000000000000000000e+00 0.000000000000000000e+00
-5.997940690908448502e+00 -6.112312353152252520e+00 -6.121635069051377442e+00
-1.446100006273853111e+01 -1.700833331474204968e+01 -1.709797546538600699e+01
-1.770245419772299655e+01 -1.768063486024107434e+01 -1.767938309999208712e+01
-1.783497502168061999e+01 -1.783441186475752716e+01 -1.783675114807970985e+01
-1.795897102549658797e+01 -1.795488362789706116e+01 -1.795425733829524972e+01
-1.805031954724113774e+01 -1.805098188869760278e+01 -1.805037886324077689e+01
-1.815336542883418502e+01 -1.815413917338094762e+01 -1.815424846726849850e+01
-1.815310810893423366e+01 -1.815332915073661368e+01 -1.815314215276991661e+01
-1.810466968298627322e+01 -1.809992346716902745e+01 -1.810070954820731259e+01
-1.793149696113734493e+01 -1.793157199767269461e+01 -1.792952346312832290e+01
-1.763364605191687318e+01 -1.766682226441242065e+01 -1.759295280323415511e+01
-1.733374119336882657e+01 -1.673419943946985100e+01 -1.707889191991390376e+01
-1.669029261997950542e+01 -1.665944988193086473e+01 -1.520662671149342593e+01
-5.258872194102120368e+00 -5.460310602227187005e+00 -5.243307509205248351e+00
0.000000000000000000e+00 0.000000000000000000e+00 0.000000000000000000e+00
-4.952481778974124893e-01 -9.743172445964498607e-02 -9.743743319704865902e-02
-1.144880764325037381e+00 -5.487153503218423545e+00 -9.697965459705004676e-02
0.000000000000000000e+00 0.000000000000000000e+00 0.000000000000000000e+00
0.000000000000000000e+00 0.000000000000000000e+00 0.000000000000000000e+00
-9.093539672908540483e-01 -9.779781587769051376e-02 0.000000000000000000e+00
-1.072360343989664244e+01 -1.199403876665345869e+01 -1.202685272015929741e+01
-1.631639384451293395e+01 -1.724796861074889165e+01 -1.727721348781426514e+01
-1.789978794377577032e+01 -1.790627946285090033e+01 -1.790706712493355823e+01
-1.805497323781729335e+01 -1.805643804222264848e+01 -1.806203313907263919e+01
-1.820305618951299209e+01 -1.820389573938723515e+01 -1.820333001562422481e+01
-1.836739241546937507e+01 -1.836904659338057044e+01 -1.836850913451657163e+01
-1.846004754128329139e+01 -1.845976157656130567e+01 -1.845725129329224856e+01
-1.843216061078889112e+01 -1.843179103425119791e+01 -1.843214429145223932e+01
-1.833834021864690911e+01 -1.833830963029472017e+01 -1.833772801326922064e+01
-1.818380700580838294e+01 -1.818376316361290179e+01 -1.817855236523021745e+01
-1.790263836592898983e+01 -1.790241375303957838e+01 -1.789839142038860587e+01
-1.750177427542136499e+01 -1.749125675145104708e+01 -1.744086297696870247e+01
-1.703368468883721931e+01 -1.715051485810070631e+01 -1.692724481048795226e+01
-1.660217533783231403e+01 -1.630998561161192129e+01 -1.663559950246789043e+01
-1.045233027121223346e+00 -6.592779321084518696e-01 -3.051374873034641944e+00
-2.806861635663614685e+00 -1.547626735421840927e+00 -1.942568855101675096e-01
-1.943289507696381868e-01 0.000000000000000000e+00 0.000000000000000000e+00
0.000000000000000000e+00 0.000000000000000000e+00 0.000000000000000000e+00
0.000000000000000000e+00 0.000000000000000000e+00 0.000000000000000000e+00
0.000000000000000000e+00 0.000000000000000000e+00 -7.399895643850896931e+00
-1.323287985241970155e+01 -1.562775638786314403e+01 -1.627119156895750862e+01
-1.763176401977187169e+01 -1.748587683000214099e+01 -1.769237281865348521e+01
-1.806555972962869205e+01 -1.806534688217497475e+01 -1.806499988512632271e+01
-1.822592141327519499e+01 -1.822662424863698760e+01 -1.822674978447643213e+01
-1.845213813880681997e+01 -1.845303989833447034e+01 -1.845343883588756029e+01
-1.860773438874981878e+01 -1.860539756646425857e+01 -1.860753408143865784e+01
-1.868170964890052588e+01 -1.865711006196502453e+01 -1.868143675804256176e+01
-1.873361008983769693e+01 -1.873051852750091228e+01 -1.873075956450773560e+01
-1.872344457479034574e+01 -1.872266051442427681e+01 -1.872417155332819405e+01
-1.854315316332812813e+01 -1.854225857264132671e+01 -1.853770761332227579e+01
-1.826178090619396954e+01 -1.824562172479858546e+01 -1.803989459906827975e+01
-1.780734866097169089e+01 -1.779047434028902686e+01 -1.766692702000657178e+01
-1.718890141928435611e+01 -1.715312654137641601e+01 -1.690035439231273529e+01
-1.650300142289061611e+01 -1.632493097155011696e+01 -1.605974581897144304e+01
-1.541973542197682256e+01 -1.600493807458467543e+01 -1.591834566526195793e+01
-3.413847783382364387e-01 -1.075785207903652979e-01 -1.943464279753787660e-01
-9.780275806180499520e-02 0.000000000000000000e+00 0.000000000000000000e+00
0.000000000000000000e+00 0.000000000000000000e+00 0.000000000000000000e+00
0.000000000000000000e+00 0.000000000000000000e+00 0.000000000000000000e+00
-6.906194390413647355e+00 -3.640590378064670340e-01 -4.147479481310651916e-01
-1.459080663710227732e+01 -1.628774978979936705e+01 -1.590960772973472714e+01
-1.783177844730222361e+01 -1.782687047668561320e+01 -1.782816180347240831e+01
-1.818581522228430458e+01 -1.818634398760395143e+01 -1.818825872907268248e+01
-1.841661502432224395e+01 -1.841614466540473671e+01 -1.841652059916949113e+01
-1.864064198517093018e+01 -1.864232331406935828e+01 -1.864249687188446103e+01
-1.874754040590881132e+01 -1.876250684896190890e+01 -1.876445054915039279e+01
-1.909669033115847370e+01 -1.909728986845759025e+01 -1.909694127199258418e+01
-1.920444191360375541e+01 -1.920436796661791945e+01 -1.920406430497262917e+01
-1.912156894971951360e+01 -1.912163691553303835e+01 -1.912112570855055438e+01
-1.901290682264588483e+01 -1.901281758316819648e+01 -1.901086443275082516e+01
-1.867935479656297204e+01 -1.868002998550114668e+01 -1.868100698941113436e+01
-1.827343443824532798e+01 -1.802306472296326945e+01 -1.825650469007735310e+01
-1.756377659121972457e+01 -1.758483932281023598e+01 -1.720598188234605530e+01
-1.663764779061032328e+01 -1.660930954678969940e+01 -1.605757543192216374e+01
-1.559366396252294962e+01 -1.541163730423165923e+01 -1.487566784146135745e+01
-5.925333284435684300e-01 -1.942743915695957779e-01 -9.745920085941177369e-02
-7.159987226097569435e-01 -1.944213778322341768e-01 -9.661266569804798365e-01
0.000000000000000000e+00 0.000000000000000000e+00 0.000000000000000000e+00
0.000000000000000000e+00 0.000000000000000000e+00 0.000000000000000000e+00
-7.590464507429737218e-01 -5.716064252577132132e-01 -6.295188160630265095e-01
-1.521076197200767233e+01 -1.614412399146811694e+01 -1.610946447031310313e+01
-1.772922600261371784e+01 -1.779558928326633804e+01 -1.780645062449344351e+01
-1.828583173613110802e+01 -1.828365434076998142e+01 -1.828181398015242465e+01
-1.850632666483587130e+01 -1.850672517637219627e+01 -1.850672553876234616e+01
-1.873449615327398732e+01 -1.873655154288046276e+01 -1.873665280614173057e+01
-1.884313947029847114e+01 -1.884572141198556849e+01 -1.884458479016436527e+01
-1.930035420632144039e+01 -1.930086779697613153e+01 -1.930082285590428981e+01
-1.939343417609425657e+01 -1.948043828535124078e+01 -1.948161436277229441e+01
-1.948240734662748963e+01 -1.947197502523884438e+01 -1.946974055518939295e+01
-1.927732353110342345e+01 -1.927391839084110714e+01 -1.917682376306853698e+01
-1.902360330775388064e+01 -1.902415337932505679e+01 -1.901917305557986637e+01
-1.856469688430987475e+01 -1.856304792607090093e+01 -1.856419727517155138e+01
-1.800785169819419096e+01 -1.798246212867093519e+01 -1.753680788279920932e+01
-1.670970237370766398e+01 -1.669473847291583724e+01 -1.630849266181301971e+01
-1.534382974181845150e+01 -1.468351113738298075e+01 -1.524167770839386904e+01
-1.035640467678136467e+01 -1.037195364438101741e+01 -1.036939899360976192e+01
-9.847698657753561902e-01 -1.942504475914399453e-01 -1.947578502852320703e-01
0.000000000000000000e+00 0.000000000000000000e+00 0.000000000000000000e+00
0.000000000000000000e+00 0.000000000000000000e+00 0.000000000000000000e+00
-9.066697618400537673e-03 -1.024853913401897465e-01 -1.272312614021535102e-02
-1.503552093936058576e+01 -1.538454556288663966e+01 -1.538731140866386760e+01
-1.700703352063691653e+01 -1.754152720994337855e+01 -1.754925269659873877e+01
-1.825515907693177908e+01 -1.826478965724919590e+01 -1.826554261881872065e+01
-1.853179900387771539e+01 -1.853176715105171368e+01 -1.853155921241074466e+01
-1.878515862139884618e+01 -1.878537828260682474e+01 -1.878531037551140415e+01
-1.889711020313913536e+01 -1.889473667548834968e+01 -1.889478559051383755e+01
-1.931223600122562800e+01 -1.931222564843820066e+01 -1.931214248279535894e+01
-1.945599629391548291e+01 -1.946907922043937589e+01 -1.947284152973328375e+01
-1.953505768879280069e+01 -1.954636787979898571e+01 -1.954653266560298519e+01
-1.938232000389579213e+01 -1.938859858893584232e+01 -1.931993276037041340e+01
-1.915865021197244644e+01 -1.914331484462720212e+01 -1.907755566446491002e+01
-1.884864073305353216e+01 -1.884763013567773982e+01 -1.884744243805848996e+01
-1.822146288613516774e+01 -1.822077836672427864e+01 -1.805074235273091432e+01
-1.696956737323065312e+01 -1.688098431540705846e+01 -1.639047024410367470e+01
-1.544643127379184300e+01 -1.543227888279525573e+01 -1.498808787671667098e+01
-1.370271669917973512e+01 -1.334207016196371498e+01 -1.334028083440162504e+01
-6.039523582627129628e+00 -2.805434114242435495e-01 0.000000000000000000e+00
-5.091701298050819169e+00 0.000000000000000000e+00 0.000000000000000000e+00
0.000000000000000000e+00 0.000000000000000000e+00 0.000000000000000000e+00
-1.729405612629525635e+00 -1.417746951585585335e-01 0.000000000000000000e+00
-1.354666136644246599e+01 -1.362032093013335299e+01 -1.360123979768416724e+01
-1.693890183589838827e+01 -1.637264851154656853e+01 -1.709593020123525875e+01
-1.808743973338862432e+01 -1.808817012846455441e+01 -1.808688450903879996e+01
-1.850447156082888611e+01 -1.850029667541803136e+01 -1.850085607005757282e+01
-1.879906700459939017e+01 -1.879897505872529706e+01 -1.880050824465527981e+01
-1.887955329492038103e+01 -1.888998702052545653e+01 -1.889142721095470634e+01
-1.899964892517488124e+01 -1.902319397968870263e+01 -1.901988847524498993e+01
-1.938999078895298211e+01 -1.938976702634978722e+01 -1.938953002646928780e+01
-1.938082260329565898e+01 -1.938077265728335163e+01 -1.938065140236576767e+01
-1.927888012370707926e+01 -1.928164288603438692e+01 -1.927374237362472442e+01
-1.919150651085066883e+01 -1.918484228010949622e+01 -1.913948382140500470e+01
-1.889580504492530721e+01 -1.889536227004067115e+01 -1.889467399540487946e+01
-1.825084321506926344e+01 -1.824951746467275626e+01 -1.824864107474976294e+01
-1.691063873383436089e+01 -1.690493902038472385e+01 -1.611969876000044621e+01
-1.558949941081034574e+01 -1.525977789456997158e+01 -1.507553832967096952e+01
-1.475629456451152599e+01 -1.352576956041505163e+01 -1.296303569871733075e+01
-1.452208435019617383e-01 -1.321799224666219963e-01 -2.190044654311265049e-01
0.000000000000000000e+00 0.000000000000000000e+00 0.000000000000000000e+00
0.000000000000000000e+00 0.000000000000000000e+00 0.000000000000000000e+00
-2.313657890452339438e-01 -1.275092615152949305e-01 0.000000000000000000e+00
-4.592151871633856963e+00 -4.601101830135752024e+00 -4.609618724941368484e+00
-1.423859767979686808e+01 -1.590339583885137031e+01 -1.605464370857169243e+01
-1.740508640365827731e+01 -1.745641611212833766e+01 -1.744711365416712212e+01
-1.827772934030613072e+01 -1.829799082495385676e+01 -1.829479900553623040e+01
-1.862818199246662942e+01 -1.862832224817762850e+01 -1.862735380613214176e+01
-1.884955449394320937e+01 -1.885046930915538965e+01 -1.885084465229650874e+01
-1.893626995792819656e+01 -1.894639402356622426e+01 -1.894656769316423350e+01
-1.904312700887404830e+01 -1.905307178934994639e+01 -1.905309865863772600e+01
-1.914798357825964814e+01 -1.914579407339250494e+01 -1.914832225924406828e+01
-1.918146705707678024e+01 -1.918296236221103612e+01 -1.912499137213373501e+01
-1.903196351779790518e+01 -1.903076306780145188e+01 -1.903171062058191509e+01
-1.871992265138634082e+01 -1.872080367793104472e+01 -1.871975443506278225e+01
-1.803400233902674543e+01 -1.803282737088022358e+01 -1.801187372033821887e+01
-1.647516414574894483e+01 -1.637695823872265777e+01 -1.552104008165632720e+01
-1.522155433591096063e+01 -1.501741993081933124e+01 -1.459366617110185338e+01
-1.327651348789906649e+01 -1.325581752337745911e+01 -1.219891832050259239e+01
-4.113838006504072276e+00 -9.781145237051853958e-02 0.000000000000000000e+00
0.000000000000000000e+00 0.000000000000000000e+00 0.000000000000000000e+00
0.000000000000000000e+00 0.000000000000000000e+00 0.000000000000000000e+00
0.000000000000000000e+00 0.000000000000000000e+00 0.000000000000000000e+00
-7.892385443875339135e+00 -1.951136971925483687e-01 -1.034267198749035804e-01
-1.397293666382160460e+01 -1.536753234444110561e+01 -1.536863788835937505e+01
-1.673660077257261136e+01 -1.632194765554513793e+01 -1.674413860048032276e+01
-1.766241934339241482e+01 -1.767050570166446377e+01 -1.766987554354648182e+01
-1.823245197434548714e+01 -1.822293892715138952e+01 -1.823355917701235640e+01
-1.854455527304299878e+01 -1.854539299167429789e+01 -1.854604907912080236e+01
-1.876037120749880671e+01 -1.875947153888774466e+01 -1.875951030750083603e+01
-1.886755157018590623e+01 -1.886782524005209538e+01 -1.886798160763380494e+01
-1.893375065046267025e+01 -1.893395151264301290e+01 -1.893388824253569069e+01
-1.894237971557404165e+01 -1.894334079616551136e+01 -1.894327427328779123e+01
-1.880294361526713232e+01 -1.880266750296478762e+01 -1.880347935998506159e+01
-1.840923707193088177e+01 -1.841023080405846812e+01 -1.840850096448719242e+01
-1.762943722227736032e+01 -1.758768019513154002e+01 -1.734920131911983177e+01
-1.567315455786598832e+01 -1.582884121510834241e+01 -1.489453092542211188e+01
-1.413938229163523275e+01 -1.397319213932360427e+01 -1.379229298933837100e+01
-9.712730145918845537e+00 -9.711714541632183284e+00 -9.716306520535372471e+00
-2.590268962015544463e-01 -9.700213004287606966e-02 -9.779753559763962323e-02
0.000000000000000000e+00 0.000000000000000000e+00 0.000000000000000000e+00
0.000000000000000000e+00 0.000000000000000000e+00 0.000000000000000000e+00
-4.826164796797169920e+00 -9.696832049221693062e-02 -9.778107725001260186e-02
-9.745488001882218754e-02 -9.779668800772831072e-02 0.000000000000000000e+00
-4.992623581290771995e+00 -4.986631094614307536e+00 -4.980661638337286590e+00
-1.445755802272680945e+01 -1.558057743450283539e+01 -1.574770240106273178e+01
-1.620620669119919910e+01 -1.667783610307298048e+01 -1.687095464897447172e+01
-1.751856484801563241e+01 -1.751955274691313846e+01 -1.751042252665606824e+01
-1.805589705231526665e+01 -1.804798075267982327e+01 -1.805584797498082139e+01
-1.828292262056375606e+01 -1.828488501984232784e+01 -1.828554819493772499e+01
-1.841718391571245661e+01 -1.841854589170080203e+01 -1.841789161847259493e+01
-1.846457490125062151e+01 -1.846715185136449833e+01 -1.846492649477846726e+01
-1.842869546516442369e+01 -1.842894891872521512e+01 -1.842868019162075299e+01
-1.833211753323026016e+01 -1.833526808783005180e+01 -1.833155053092193043e+01
-1.803095342891304753e+01 -1.802967726426731332e+01 -1.797926850270783561e+01
-1.692752925219291882e+01 -1.671404640661537755e+01 -1.561447485736984042e+01
-1.402596527004496352e+01 -1.409645542189389111e+01 -1.393819549171850092e+01
-1.343335013228562502e+01 -1.303442382099350816e+01 -1.291166241688659966e+01
-3.347947156762812182e-01 -3.514721291895527289e-01 -3.925451397905968531e-01
-1.798621935679821204e+00 -9.746672218321796033e-02 -9.702204815853820996e-02
0.000000000000000000e+00 0.000000000000000000e+00 0.000000000000000000e+00
0.000000000000000000e+00 0.000000000000000000e+00 0.000000000000000000e+00
-9.780093608884865564e-02 0.000000000000000000e+00 0.000000000000000000e+00
-7.490829081288628011e+00 -2.915543246575300618e-01 -1.168471259140334118e+00
-2.216397791631354419e+00 -5.524710761321672825e-01 -2.924431404211632612e-01
-1.388956993139457374e+01 -1.410347208688227205e+01 -1.408901853861978282e+01
-1.561066634257220009e+01 -1.592472685139113686e+01 -1.588991882398717692e+01
-1.655732721882278469e+01 -1.684568040001492406e+01 -1.685925531609985129e+01
-1.730886531572839715e+01 -1.730913688722885269e+01 -1.730543216210854141e+01
-1.775769999460976933e+01 -1.775217866682705647e+01 -1.775913096295737503e+01
-1.788495513470107667e+01 -1.788697359599285974e+01 -1.788725153291131420e+01
-1.796226921049055747e+01 -1.797020532769430190e+01 -1.796224365781457877e+01
-1.799834329542120770e+01 -1.798957125178031546e+01 -1.799807372010922890e+01
-1.787681001683197834e+01 -1.788350196505970757e+01 -1.788198721416469539e+01
-1.728676298183811610e+01 -1.726460388771526766e+01 -1.644423188993030749e+01
-1.512983209084530678e+01 -1.457730535506337866e+01 -1.440844136634373029e+01
-1.273321389965292916e+01 -1.229032488689103175e+01 -1.218272769223510466e+01
-1.200291696210545034e+01 -1.166238807570535130e+01 -1.198764832924211454e+01
-7.951308641406668043e-01 -1.575213864552780507e-01 -9.779987478145006630e-02
0.000000000000000000e+00 0.000000000000000000e+00 0.000000000000000000e+00
0.000000000000000000e+00 0.000000000000000000e+00 0.000000000000000000e+00
0.000000000000000000e+00 0.000000000000000000e+00 0.000000000000000000e+00
-4.663572879363122592e-01 -3.682503639025473952e-01 0.000000000000000000e+00
-1.185739183382861883e+00 -5.866104192790770888e-01 -7.756195471780470418e-01
-4.728048985488251255e-01 -2.122417200090367384e-01 0.000000000000000000e+00
-9.517006224923455493e-01 -2.398755326514854236e-01 -2.400632898159791029e-01
-1.468069480786671122e+01 -1.495533107369111470e+01 -1.495197263223038853e+01
-1.621126400712988413e+01 -1.629129646726708458e+01 -1.625754063186469267e+01
-1.662229841873645242e+01 -1.666333817775359094e+01 -1.668969057670329192e+01
-1.704515744640167796e+01 -1.704749365063671718e+01 -1.706521945896462711e+01
-1.724403294759596861e+01 -1.724446772697609731e+01 -1.724619617441120312e+01
-1.739932494215612735e+01 -1.739945275590203977e+01 -1.739998735398372176e+01
-1.752633691209888056e+01 -1.752599942825889556e+01 -1.752601204481942077e+01
-1.729395019050487647e+01 -1.732643973933058490e+01 -1.703764095522167921e+01
-1.581929384200065947e+01 -1.569614605511523742e+01 -1.512757145562887473e+01
-1.276135909935428892e+01 -1.282886728992347614e+01 -1.272838258628651964e+01
-1.103409071052975143e+01 -1.090730390149082929e+01 -1.010355736441557184e+01
-4.301728963257644978e+00 -1.700958520958353315e+00 -1.018764691518507792e+00
-9.781764879691291770e-02 -9.746337814396134613e-02 0.000000000000000000e+00
-2.255034730949117883e+00 -2.529072448217909996e-01 -7.525537384072632285e+00
0.000000000000000000e+00 0.000000000000000000e+00 0.000000000000000000e+00
0.000000000000000000e+00 0.000000000000000000e+00 0.000000000000000000e+00
-3.389472157284167397e-01 -9.782101188051017804e-02 -9.780906278187759262e-02
-1.568270306161958283e+00 -1.947447331511916180e-01 -3.289374584704936599e-01
-9.779561032431054179e-02 0.000000000000000000e+00 -9.780969701152608664e-02
-2.913291215793147870e-01 -9.782424701903809361e-02 0.000000000000000000e+00
-2.254390335473431262e-01 -1.723543576801113697e-01 -2.249678463447767340e-01
-1.505260747125655740e+01 -1.544491879238123566e+01 -1.544456738791611095e+01
-1.622455753253993649e+01 -1.623843513154005080e+01 -1.624037251110106439e+01
-1.668930893607610955e+01 -1.668974755793209397e+01 -1.669130087479440050e+01
-1.697048699029186025e+01 -1.697187665336666740e+01 -1.697010886166644283e+01
-1.722166448463218913e+01 -1.726116696230936753e+01 -1.722283955369949382e+01
-1.722053837339825932e+01 -1.720863823687477279e+01 -1.722083103445727303e+01
-1.639338546077123837e+01 -1.637841927820120347e+01 -1.589930624728559749e+01
-1.383555422095552423e+01 -1.382971885557315694e+01 -1.373672536257415011e+01
-1.136453114825812172e+01 -1.057267426548898470e+01 -9.937034031822575386e+00
-7.630830972641538423e+00 -7.630556140984165125e+00 -7.617037296933435009e+00
-5.947197302857590628e+00 -9.779566917854325137e-02 -9.778173238351506313e-02
-8.786464357244447854e+00 -2.141289605863071266e+00 -9.778377378305112833e-02
-3.531443669800002017e+00 -1.947885312873707808e-01 -1.943033471418026958e-01
0.000000000000000000e+00 0.000000000000000000e+00 0.000000000000000000e+00
0.000000000000000000e+00 0.000000000000000000e+00 0.000000000000000000e+00
-2.755718308897345814e-01 -9.780712799526203316e-02 -1.951057406068748556e-01
-1.382645757194280733e-01 0.000000000000000000e+00 0.000000000000000000e+00
-7.454217730313000834e-01 -2.143780557744876525e-01 -1.943512243481826385e-01
-4.248827827280477365e+00 -5.972842199607136804e-01 -4.837498977682826440e-01
0.000000000000000000e+00 0.000000000000000000e+00 0.000000000000000000e+00
-1.693350256298400192e+00 -2.495716027288130689e-01 -2.313721398801813489e-01
-1.541528408697577568e+01 -1.579427266272277386e+01 -1.575296553190369053e+01
-1.641465618953527894e+01 -1.657926664082024359e+01 -1.648558766498134176e+01
-1.680630102153224215e+01 -1.680611536136700934e+01 -1.680488296834936079e+01
-1.696180229996483746e+01 -1.689405255503904257e+01 -1.690569286622822531e+01
-1.618131904271601940e+01 -1.611509428209339134e+01 -1.598328274766353196e+01
-1.435444843601661979e+01 -1.434603573819216926e+01 -1.422473664090152212e+01
-1.167154090827121493e+01 -1.125396425969881875e+01 -1.122473212473807713e+01
-8.227076633942488115e+00 -8.042700740297723527e+00 -7.693204734607319573e+00
-8.251306531600630656e-01 -8.383600821774348510e-01 -8.002934554416685220e-01
-1.947819371951602929e-01 -1.943049357839800317e-01 -7.593317944440657996e+00
-5.289281345037435855e+00 -9.780631002156342513e-02 -9.780026316593576352e-02
-4.552979724202065981e+00 -9.745718735642432129e-02 -9.778522882572325547e-02
0.000000000000000000e+00 0.000000000000000000e+00 0.000000000000000000e+00
0.000000000000000000e+00 0.000000000000000000e+00 0.000000000000000000e+00
-2.252656401037865797e-01 -9.704060462782344854e-02 0.000000000000000000e+00
-1.528026064701441533e-01 -9.780148591470455566e-02 -9.779522920398654728e-02
-1.108565552905346058e-01 -9.743396031617085340e-02 -1.943249122025815234e-01
-3.989509408273578472e+00 -2.435976779384243507e+00 -1.940199914605197362e-01
-4.213250211920228416e+00 0.000000000000000000e+00 0.000000000000000000e+00
0.000000000000000000e+00 0.000000000000000000e+00 0.000000000000000000e+00
-9.781205800383344084e-02 -7.980984532735334314e-02 0.000000000000000000e+00
-1.506977879809214471e+01 -1.506296717090874893e+01 -1.506228874526918204e+01
-1.583905212486130054e+01 -1.584264102960322518e+01 -1.584217003947779467e+01
-1.495393702243310230e+01 -1.495124021071576514e+01 -1.485131813356318098e+01
-1.324630356667579711e+01 -1.324081774647990351e+01 -1.323959695462261443e+01
-1.247862847286109833e+01 -1.248450320069764707e+01 -1.248342440879054571e+01
-9.280011222727459597e+00 -8.998080945483991400e+00 -8.667334778195959544e+00
-5.370514577743787044e+00 -5.352877869183764403e+00 -5.352042744446073641e+00
-1.900527420928634914e-01 -1.921709471928633173e-01 -1.411774235626200302e-01
-9.696236901012142417e-02 0.000000000000000000e+00 -1.110802284903242398e+00
-1.839604072020519565e+00 -2.493669971624923876e-01 -1.947964832377265809e-01
-3.624435123944385051e+00 -8.993760095192806503e-01 -9.745414542175571959e-02
-8.308834603091566073e-01 0.000000000000000000e+00 0.000000000000000000e+00
0.000000000000000000e+00 0.000000000000000000e+00 0.000000000000000000e+00
-2.165115751989700466e-01 -9.699888836780493073e-02 0.000000000000000000e+00
-9.695236903883262813e-02 0.000000000000000000e+00 0.000000000000000000e+00
-8.736067448434242655e-01 -2.690624914737493878e-01 -1.951190419398777243e-01
-2.093331613421437476e-01 -9.743229018409038655e-02 0.000000000000000000e+00
-7.572723869946173636e+00 -3.483200449777965613e-01 -9.741820231978531863e-02
-3.629272233553492821e+00 -3.039121295946443646e-01 -9.779940498834369111e-02
-6.878298358275785063e-01 -6.545140612024693549e-01 0.000000000000000000e+00
-8.476912090645537523e-01 -9.745050049821887828e-02 0.000000000000000000e+00
-1.007682861203198676e+01 -1.006770879322516699e+01 -1.007450254531268818e+01
-1.144459233367380513e+01 -1.146216098098078895e+01 -1.147055847919671656e+01
-1.138157570794050244e+01 -1.138257295343104403e+01 -1.138451579588332407e+01
-1.119633336890560038e+01 -1.119496431691959160e+01 -1.119473035454752896e+01
-7.364416491637925333e+00 -7.275926298793135238e+00 -6.982400219866542024e+00
-3.643736439894260659e+00 -3.650487715631053121e+00 -3.647533834737505476e+00
-2.711298576367458801e-02 -1.094120752978590683e-01 -5.231427408918949418e+00
-1.165354941291809610e-01 -9.699503985393657934e-02 -9.745647354792874584e-02
-5.365579118535641623e-01 0.000000000000000000e+00 0.000000000000000000e+00
-1.864646180839877876e-01 0.000000000000000000e+00 0.000000000000000000e+00
0.000000000000000000e+00 0.000000000000000000e+00 0.000000000000000000e+00
0.000000000000000000e+00 0.000000000000000000e+00 0.000000000000000000e+00
-9.781008936135869580e-02 -4.713516194605531062e+00 0.000000000000000000e+00
-1.019250223832270374e-01 -9.780357551228258117e-02 0.000000000000000000e+00
0.000000000000000000e+00 0.000000000000000000e+00 0.000000000000000000e+00
-4.289026488201639786e+00 -1.711033562887487092e+00 -2.868907816068804184e-01
-9.778172558270496750e-02 0.000000000000000000e+00 0.000000000000000000e+00
-9.703393765730114473e-02 0.000000000000000000e+00 0.000000000000000000e+00
-9.781726745093444197e-02 -9.780511275530867632e-02 0.000000000000000000e+00
-9.698792612789775003e-02 0.000000000000000000e+00 0.000000000000000000e+00
-1.060823824887068834e-01 -9.696907841209388701e-02 -9.778412664447247438e-02
-2.348564919846201915e-01 -1.687141988901617595e-01 0.000000000000000000e+00
-2.674274552505152558e-01 -9.745365454213689160e-02 0.000000000000000000e+00
-4.594349931887136584e+00 0.000000000000000000e+00 0.000000000000000000e+00
-9.699265941319412665e-02 0.000000000000000000e+00 0.000000000000000000e+00
-9.746111442733693120e-02 0.000000000000000000e+00 0.000000000000000000e+00
-1.119725026518750693e-01 0.000000000000000000e+00 0.000000000000000000e+00
-2.921279436191285939e+00 -5.121578112585288833e-01 -9.780017872259204326e-02
-3.976343452498114495e-01 -9.703912437506569122e-02 -6.340366822916929657e-01
-9.779366817639979781e-02 -9.779852918402580364e-02 0.000000000000000000e+00
0.000000000000000000e+00 0.000000000000000000e+00 0.000000000000000000e+00
0.000000000000000000e+00 0.000000000000000000e+00 0.000000000000000000e+00
0.000000000000000000e+00 0.000000000000000000e+00 0.000000000000000000e+00
0.000000000000000000e+00 0.000000000000000000e+00 0.000000000000000000e+00
0.000000000000000000e+00 0.000000000000000000e+00 0.000000000000000000e+00
0.000000000000000000e+00 0.000000000000000000e+00 0.000000000000000000e+00
0.000000000000000000e+00 0.000000000000000000e+00 0.000000000000000000e+00
0.000000000000000000e+00 0.000000000000000000e+00 0.000000000000000000e+00
0.000000000000000000e+00 0.000000000000000000e+00 0.000000000000000000e+00
0.000000000000000000e+00 0.000000000000000000e+00 0.000000000000000000e+00
0.000000000000000000e+00 0.000000000000000000e+00 0.000000000000000000e+00
0.000000000000000000e+00 0.000000000000000000e+00 0.000000000000000000e+00
0.000000000000000000e+00 0.000000000000000000e+00 0.000000000000000000e+00
0.000000000000000000e+00 0.000000000000000000e+00 0.000000000000000000e+00
0.000000000000000000e+00 0.000000000000000000e+00 0.000000000000000000e+00
0.000000000000000000e+00 0.000000000000000000e+00 0.000000000000000000e+00
0.000000000000000000e+00 0.000000000000000000e+00 0.000000000000000000e+00
0.000000000000000000e+00 0.000000000000000000e+00 0.000000000000000000e+00
0.000000000000000000e+00 0.000000000000000000e+00 0.000000000000000000e+00
0.000000000000000000e+00 0.000000000000000000e+00 0.000000000000000000e+00
0.000000000000000000e+00 0.000000000000000000e+00 0.000000000000000000e+00
