0.000000000000000000e+00 0.000000000000000000e+00 0.000000000000000000e+00
0.000000000000000000e+00 0.000000000000000000e+00 0.000000000000000000e+00
-4.887511078965768307e-01 -9.886389302003296964e-02 0.000000000000000000e+00
-6.848727911702596316e+00 -1.339871105237508431e+01 -2.625553259837055897e+00
-1.800776718434095613e+01 -1.828861343189649702e+01 -1.828562006372102644e+01
-1.841595298828391947e+01 -1.822161492607310862e+01 -1.839261553353064471e+01
-1.844238638305953160e+01 -1.839233688737853001e+01 -1.843079844961680180e+01
-1.842099259687000057e+01 -1.847523847903693905e+01 -1.846280230874636530e+01
-1.851561209106550621e+01 -1.846789754875240064e+01 -1.847992261872584407e+01
-1.845618989250362318e+01 -1.845838081435677935e+01 -1.843014370307917460e+01
-1.815965525127190006e+01 -1.776013017996447019e+01 -1.810033459676282064e+01
-1.772239946736503668e+01 -1.776332561620520778e+01 -1.726755524109279705e+01
-1.725602728500894401e+01 -1.783553109304720863e+01 -1.786406091596801460e+01
-9.855300513506272397e-02 -9.909843121440399527e-02 0.000000000000000000e+00
-5.087078561462503590e-01 0.000000000000000000e+00 0.000000000000000000e+00
-9.890054752228776003e-02 -5.682786209787638043e+00 0.000000000000000000e+00
-3.419239498938392519e+00 0.000000000000000000e+00 -1.159728574350970653e+01
-9.910152356215669311e-02 0.000000000000000000e+00 0.000000000000000000e+00
-9.853858051653829886e-02 -9.911650634402907611e-02 0.000000000000000000e+00
0.000000000000000000e+00 0.000000000000000000e+00 0.000000000000000000e+00
0.000000000000000000e+00 0.000000000000000000e+00 0.000000000000000000e+00
-9.891258770411026635e-02 0.000000000000000000e+00 0.000000000000000000e+00
-7.475430631623203759e+00 -3.203186528738848793e+00 -2.082183516510014709e-01
-1.406453721515118360e+01 -1.404689463258232607e+01 -1.405338752828776272e+01
-1.829681246331284328e+01 -1.852370093751815006e+01 -1.853121793878449353e+01
-1.854132199113533730e+01 -1.858094841887750803e+01 -1.857542316586719622e+01
-1.867210334232487412e+01 -1.867254311075118522e+01 -1.867220152112140852e+01
-1.873777902321456423e+01 -1.870043262294663222e+01 -1.873541362446320591e+01
-1.865553763430678202e+01 -1.866322118998798274e+01 -1.865196882680899648e+01
-1.852043094375918386e+01 -1.848911575979655098e+01 -1.849161227961471354e+01
-1.838885866149903947e+01 -1.835780225840965230e+01 -1.831595135192767287e+01
-1.814748284113003507e+01 -1.806353556165030483e+01 -1.792877200540892701e+01
-1.749527578011589668e+01 -1.732728569783314754e+01 -1.656495613263960109e+01
-1.701489385454337722e+01 -1.702604314717580891e+01 -1.595639754662071752e+01
-9.875406707326296607e-02 -1.969281562607946290e-01 -9.910749156775405799e-02
-1.236994106923771497e+01 -6.026730187782338710e-01 -3.323518824936668725e-01
-5.212616976119374357e+00 -3.608399878573471109e-01 -9.868723960315262111e-02
-1.880657290091518385e+00 -1.298292702877243299e+00 -1.273040040087676417e+01
-7.430836327488927751e-01 0.000000000000000000e+00 0.000000000000000000e+00
0.000000000000000000e+00 0.000000000000000000e+00 0.000000000000000000e+00
0.000000000000000000e+00 0.000000000000000000e+00 0.000000000000000000e+00
-1.080370199974065848e+01 -1.558379041304065682e+00 0.000000000000000000e+00
-7.554159945326907044e-01 -7.788007830714048785e-01 0.000000000000000000e+00
-1.668662724318466672e+01 -1.740828085321765784e+01 -1.678772911210785423e+01
-1.854010407729518661e+01 -1.868465720598993229e+01 -1.868234482282645104e+01
-1.881423812349886049e+01 -1.879996042188372485e+01 -1.879838241942454502e+01
-1.886217052818300033e+01 -1.887054430039901831e+01 -1.882421780824651592e+01
-1.879631770470899710e+01 -1.879523042193432047e+01 -1.879590080459666268e+01
-1.871970527104689452e+01 -1.871301781257151120e+01 -1.870401651888391825e+01
-1.859168973943773651e+01 -1.858343792087971025e+01 -1.856850005467126508e+01
-1.846288474703969129e+01 -1.849514993075505842e+01 -1.841127014174950460e+01
-1.829882123439604413e+01 -1.822165956038454127e+01 -1.818528449803795866e+01
-1.792990436184145864e+01 -1.800643206899248483e+01 -1.767938034034150974e+01
-1.725513665580320932e+01 -1.683643960729851941e+01 -1.615754397751982196e+01
-1.644038618254080575e+01 -1.650026462451744891e+01 -1.510810381106619893e+01
-1.679773260981970440e+00 -1.668547641942880855e+00 -2.002501093601383619e+00
-2.502762740638122985e+00 -4.740356165518083142e-01 -4.895269109871691060e-01
-9.863984111994261728e-02 0.000000000000000000e+00 -9.854004138808078461e-02
-1.275660012505099583e-01 -9.909100683250197938e-02 0.000000000000000000e+00
0.000000000000000000e+00 0.000000000000000000e+00 0.000000000000000000e+00
0.000000000000000000e+00 0.000000000000000000e+00 0.000000000000000000e+00
-9.889015317261769245e-02 0.000000000000000000e+00 0.000000000000000000e+00
-1.013261673061584034e+01 -1.005656291266790525e+01 -1.010033154171560099e+01
-1.711425906890916693e+01 -1.711273073000334577e+01 -1.735269205997559183e+01
-1.884841323284218362e+01 -1.877189167017249360e+01 -1.884327155921179653e+01
-1.893025132457826132e+01 -1.894555375006476083e+01 -1.893267630397202694e+01
-1.898174766426140536e+01 -1.899015176263062088e+01 -1.897648454263437756e+01
-1.900674595129668276e+01 -1.900926797358331655e+01 -1.900676465635138968e+01
-1.898952523717799679e+01 -1.898773022884519790e+01 -1.898874439595282837e+01
-1.893835674424202509e+01 -1.893876085054677105e+01 -1.893847612304125505e+01
-1.884763003974515883e+01 -1.884710371666643169e+01 -1.884798257354005457e+01
-1.871892089468260068e+01 -1.871314482346745578e+01 -1.871517840261376620e+01
-1.830474505782755656e+01 -1.830098073541196513e+01 -1.830858757059318975e+01
-1.791120880361527767e+01 -1.788820238054982070e+01 -1.791113730361647782e+01
-1.697702362665256715e+01 -1.685276499871277167e+01 -1.636184298548792171e+01
-1.612273492836246191e+01 -1.615050309734201761e+01 -1.437415315848316766e+01
-1.769081320793517653e+00 -2.271605579670125330e+00 -1.820032843358795782e+00
0.000000000000000000e+00 -4.771105090250949310e+00 0.000000000000000000e+00
-2.961812597815960957e-01 -9.883177544743430853e-02 0.000000000000000000e+00
-1.090885825350537131e-01 -9.893541621353556248e-02 0.000000000000000000e+00
0.000000000000000000e+00 0.000000000000000000e+00 0.000000000000000000e+00
-3.817530745402362147e+00 -4.372099825331091871e+00 0.000000000000000000e+00
-1.454273676489697387e+01 -1.452511865500053112e+01 -1.748007770778393422e+01
-1.724287581499793731e+01 -1.751453822738613653e+01 -1.773797285155557546e+01
-1.896843305218079934e+01 -1.897697164588531038e+01 -1.897969529533864730e+01
-1.903244925067780358e+01 -1.903272176777804248e+01 -1.903281920979043562e+01
-1.914111548203780444e+01 -1.914116615849679093e+01 -1.914157082227934481e+01
-1.920307715176656416e+01 -1.920231654605156990e+01 -1.920039083708567418e+01
-1.927411805235040632e+01 -1.927409756674669339e+01 -1.927423651312887642e+01
-1.931260199130176503e+01 -1.928772524334793559e+01 -1.931116068046437917e+01
-1.928813436443855522e+01 -1.928572226179959515e+01 -1.913549087250073555e+01
-1.912522088690532129e+01 -1.890836880638630291e+01 -1.911843594895184495e+01
-1.877232164753300481e+01 -1.876615537073170614e+01 -1.876606938680456338e+01
-1.832327928533366546e+01 -1.837050614885452404e+01 -1.832181572587877838e+01
-1.778762359021139261e+01 -1.778689163300174414e+01 -1.775803758975497360e+01
-1.663806438353683959e+01 -1.656039213882243288e+01 -1.529682616009348273e+01
-1.540985711094429256e+01 -1.395162019483209548e+01 -1.531478418267135488e+01
-9.885813751902862434e-02 0.000000000000000000e+00 0.000000000000000000e+00
-9.911854468899404524e-02 0.000000000000000000e+00 0.000000000000000000e+00
0.000000000000000000e+00 0.000000000000000000e+00 0.000000000000000000e+00
0.000000000000000000e+00 0.000000000000000000e+00 0.000000000000000000e+00
-9.910394045967357846e-02 0.000000000000000000e+00 0.000000000000000000e+00
-1.524001715419920444e+01 -1.562702061094539907e+01 -1.799094903180253624e+01
-1.736049418750741680e+01 -1.797638125588966673e+01 -1.793040420793881751e+01
-1.906730342480388529e+01 -1.906860093586010763e+01 -1.906797307411022047e+01
-1.914935510086332471e+01 -1.914815617907182599e+01 -1.914938173669122534e+01
-1.926855911677107258e+01 -1.926661380142241242e+01 -1.926645482325375625e+01
-1.937307472281689158e+01 -1.937318007031409550e+01 -1.937347374847487202e+01
-1.944756682952783322e+01 -1.957378338134791207e+01 -1.957453682251629346e+01
-1.962764004360348480e+01 -1.965457167740959221e+01 -1.965423873260919052e+01
-1.962726866166612183e+01 -1.962741267576892312e+01 -1.962754524677170664e+01
-1.957338894177061661e+01 -1.957234408438219120e+01 -1.952673672471804167e+01
-1.934901069965538412e+01 -1.934844590497646877e+01 -1.903170213252207787e+01
-1.878797457839590379e+01 -1.873271677477440988e+01 -1.873074139783393832e+01
-1.817133294875641880e+01 -1.809620812210546958e+01 -1.809512959236375096e+01
-1.728565656005005735e+01 -1.731656750813907664e+01 -1.716664033042924942e+01
-1.560898776171216262e+01 -1.527649842230812283e+01 -1.320970475570617531e+01
-3.447157967717955351e+00 -3.459455731763070307e+00 -3.466451237568183075e+00
0.000000000000000000e+00 0.000000000000000000e+00 0.000000000000000000e+00
0.000000000000000000e+00 0.000000000000000000e+00 0.000000000000000000e+00
0.000000000000000000e+00 0.000000000000000000e+00 0.000000000000000000e+00
-9.889046202929827056e-02 -9.887753755075077977e-02 0.000000000000000000e+00
-1.515500806815514956e+01 -1.669916501945053966e+01 -1.639414916745593231e+01
-1.735572101486051722e+01 -1.833443859944029697e+01 -1.797569469417071630e+01
-1.906983276258095117e+01 -1.911496983353217161e+01 -1.911508612072097080e+01
-1.921784123042371206e+01 -1.921843239447923679e+01 -1.921799324100710393e+01
-1.934642190426940189e+01 -1.934582550860410777e+01 -1.934576994489087554e+01
-1.946238599705242578e+01 -1.946303994725377251e+01 -1.946317932971809128e+01
-1.958236604618135956e+01 -1.968017679375818219e+01 -1.967917336293636410e+01
-1.975008474155495364e+01 -1.975012035494232521e+01 -1.975018032959937742e+01
-1.977138271671912051e+01 -1.977139540898986070e+01 -1.977106872630213985e+01
-1.969561696059404099e+01 -1.969570833179944458e+01 -1.969533869915256119e+01
-1.961145481889274578e+01 -1.961813244105293563e+01 -1.953474193235729217e+01
-1.923396265328246812e+01 -1.915258864129101468e+01 -1.923321226707414056e+01
-1.853182201850359334e+01 -1.849469053644886074e+01 -1.828456754597096534e+01
-1.745924050313578135e+01 -1.746323099335819862e+01 -1.746300847338553552e+01
-1.615730863011816254e+01 -1.595159128530889170e+01 -1.455220073424025173e+01
-1.433001499269673040e+01 -1.484997368166867915e+01 -1.290517206414469520e+01
-9.886215813993708135e-02 0.000000000000000000e+00 0.000000000000000000e+00
0.000000000000000000e+00 0.000000000000000000e+00 0.000000000000000000e+00
0.000000000000000000e+00 0.000000000000000000e+00 0.000000000000000000e+00
-1.069125242577659662e+01 -4.142418638993141222e+00 0.000000000000000000e+00
-1.532381429175940823e+01 -1.637503258696655806e+01 -1.704848312715986935e+01
-1.732337727472357969e+01 -1.785754754633665797e+01 -1.776146054218077452e+01
-1.880066981889258670e+01 -1.912154101215670110e+01 -1.912565374738133173e+01
-1.921869119485014465e+01 -1.922909708072166879e+01 -1.922840713519876843e+01
-1.938921630793323558e+01 -1.938922609642199291e+01 -1.938904266668382803e+01
-1.947217473716241898e+01 -1.947215925807548231e+01 -1.947258273486619728e+01
-1.963971646471988919e+01 -1.967033903222831270e+01 -1.967099597213025675e+01
-1.972647821775426635e+01 -1.976207682965644707e+01 -1.976220158263183890e+01
-1.981443873546932721e+01 -1.981557769401066338e+01 -1.980664505531391484e+01
-1.976902388700455404e+01 -1.976883307336640883e+01 -1.976903250463678674e+01
-1.967618528186319438e+01 -1.968541876565821624e+01 -1.967007147557781366e+01
-1.952128089671566613e+01 -1.952213923528461947e+01 -1.919579219360770139e+01
-1.876719962494523841e+01 -1.874393134280483864e+01 -1.831375685937952724e+01
-1.767768915631814508e+01 -1.767638448268384366e+01 -1.767653070237398794e+01
-1.664718179056604086e+01 -1.667262481281652242e+01 -1.580969891940713801e+01
-1.396345358845949569e+01 -1.348657019880775820e+01 -1.184737606927472697e+01
-9.910077414230455961e-02 -9.890860693560739325e-02 -9.887869791090513061e-02
0.000000000000000000e+00 0.000000000000000000e+00 0.000000000000000000e+00
0.000000000000000000e+00 0.000000000000000000e+00 0.000000000000000000e+00
0.000000000000000000e+00 0.000000000000000000e+00 0.000000000000000000e+00
-1.757086957948382633e+01 -1.752914399391083933e+01 -1.715631539102315628e+01
-1.738745909753535557e+01 -1.744318050845829049e+01 -1.764732918627209912e+01
-1.807762099833316682e+01 -1.887207637342898536e+01 -1.900231733937091150e+01
-1.909310697317311778e+01 -1.919349546139174123e+01 -1.919353196999303890e+01
-1.939546405109555138e+01 -1.939697899561542371e+01 -1.939511666353712371e+01
-1.946250491155919704e+01 -1.946277547225647098e+01 -1.946310804896566182e+01
-1.956881783408242725e+01 -1.956905334385060158e+01 -1.956884427588432729e+01
-1.969746244696825954e+01 -1.969731365341074891e+01 -1.969735736619851707e+01
-1.972864330785840892e+01 -1.972841569855108546e+01 -1.972862642045377157e+01
-1.972542664115542976e+01 -1.972536202988545639e+01 -1.972534680386525707e+01
-1.970342719571857515e+01 -1.970334616427333430e+01 -1.970386250176933984e+01
-1.957694450305607958e+01 -1.957538638370402140e+01 -1.957653097181706769e+01
-1.881317308741813932e+01 -1.871322140398451239e+01 -1.840540771904756667e+01
-1.771823823015739308e+01 -1.771606040867718335e+01 -1.772059440018020737e+01
-1.689744408116123964e+01 -1.646711735085182582e+01 -1.663162921850258513e+01
-1.397247254901833990e+01 -1.305344748003275690e+01 -1.059227560370312027e+01
-1.960965334007734318e-01 -1.909838602390164508e-01 0.000000000000000000e+00
0.000000000000000000e+00 0.000000000000000000e+00 0.000000000000000000e+00
0.000000000000000000e+00 0.000000000000000000e+00 0.000000000000000000e+00
-9.910256614060079794e-02 0.000000000000000000e+00 0.000000000000000000e+00
-2.399880908536269342e+00 -5.180549698862434660e+00 -4.025680023607041136e+00
-1.779229953046342416e+01 -1.811324187352278159e+01 -1.751802506654624736e+01
-1.786701470886644572e+01 -1.838222178055082878e+01 -1.852904672454290491e+01
-1.868605329202753751e+01 -1.911542471215041772e+01 -1.914300814077408575e+01
-1.926680779875171723e+01 -1.929736507552458491e+01 -1.929709342832996199e+01
-1.944448488008695364e+01 -1.944429342899223911e+01 -1.944341670909506448e+01
-1.950848913089069825e+01 -1.950822211202797263e+01 -1.950908198207713440e+01
-1.958215338341432243e+01 -1.958776073216722224e+01 -1.958200854846772643e+01
-1.962486828853311494e+01 -1.962481699584824213e+01 -1.962818185599562426e+01
-1.965326451776984484e+01 -1.965352164895435294e+01 -1.965353627224930833e+01
-1.966236666171757008e+01 -1.966182231299562133e+01 -1.966238566153651846e+01
-1.951260197800825225e+01 -1.951147810881724354e+01 -1.946283586404682708e+01
-1.871990417141915586e+01 -1.855056668979107570e+01 -1.839858417132505863e+01
-1.755653266068142671e+01 -1.755862149047211318e+01 -1.755431276818667996e+01
-1.637053599967275375e+01 -1.612704603899016931e+01 -1.516101903548857521e+01
-1.316618095698747304e+01 -1.278098327694690539e+01 -9.525747479948567076e+00
-1.233579813305848560e+01 -4.510990666931974147e+00 -9.910082346567827827e-02
0.000000000000000000e+00 0.000000000000000000e+00 0.000000000000000000e+00
0.000000000000000000e+00 0.000000000000000000e+00 0.000000000000000000e+00
-9.888685848977916970e-02 0.000000000000000000e+00 0.000000000000000000e+00
-9.074213725024353749e-01 -5.398295769455633275e-01 0.000000000000000000e+00
-1.872742369408967278e+01 -1.814961960027144983e+01 -1.864319451588010779e+01
-1.794154842039986164e+01 -1.836586888107590454e+01 -1.839627219252833257e+01
-1.825756074916802518e+01 -1.884332130728263266e+01 -1.883959976237220957e+01
-1.889180853828230156e+01 -1.919519244499948485e+01 -1.919516608397142221e+01
-1.930602888890621927e+01 -1.934060649493330786e+01 -1.934152146030939079e+01
-1.944893269531440438e+01 -1.945475377172937570e+01 -1.945470068459849600e+01
-1.952216452358814180e+01 -1.952130900927922497e+01 -1.952131519084754530e+01
-1.956266515435502029e+01 -1.956277431723314919e+01 -1.956349700444311068e+01
-1.959140697487249483e+01 -1.959174752749200366e+01 -1.959228417775460684e+01
-1.958164974087348043e+01 -1.958117127213485986e+01 -1.957502977315168735e+01
-1.917742922605382105e+01 -1.919082014060948893e+01 -1.904609674633451633e+01
-1.816530213304918817e+01 -1.816554647245959586e+01 -1.816213325308570958e+01
-1.700697763828151921e+01 -1.701080661844302000e+01 -1.701294968047416489e+01
-1.490085322048732941e+01 -1.268290923270060944e+01 -1.416231913212747884e+01
-1.236255809450198484e+01 -1.171695338650475904e+01 -7.873865682024887569e+00
-1.131142440315269004e+00 -5.732840234450082839e-01 -2.951918829752300799e-01
0.000000000000000000e+00 0.000000000000000000e+00 0.000000000000000000e+00
0.000000000000000000e+00 0.000000000000000000e+00 0.000000000000000000e+00
-1.041076412276624374e+01 -3.793383709759679534e-01 0.000000000000000000e+00
-1.094827660620709020e+00 -3.732065913267653134e-01 -1.970216834086531144e-01
-1.111814039235889062e+01 -1.202576231138016105e+01 -1.172967267454073337e+01
-1.869305661249824269e+01 -1.866592089260566212e+01 -1.832222361770758923e+01
-1.876435936960613304e+01 -1.833962486744112397e+01 -1.875033741843064305e+01
-1.903914918622676211e+01 -1.866651990308189824e+01 -1.903223519362777694e+01
-1.911656643533335753e+01 -1.927192894163447079e+01 -1.927596934581071864e+01
-1.933275675095245205e+01 -1.935067451849305797e+01 -1.934954953646282050e+01
-1.941193084322275553e+01 -1.941385162626852079e+01 -1.941141004869842845e+01
-1.945725892374849408e+01 -1.945764485716074077e+01 -1.946092760371006136e+01
-1.946153627551632681e+01 -1.946152431453411680e+01 -1.946141558955435968e+01
-1.938620205614267888e+01 -1.944610969174315329e+01 -1.940515022485986307e+01
-1.876628168095980342e+01 -1.876580554928728262e+01 -1.876499891522174224e+01
-1.789260993628938223e+01 -1.789243547649284238e+01 -1.789589085326258555e+01
-1.621941383686442606e+01 -1.612062287606187283e+01 -1.615067662341321508e+01
-1.233086939568980078e+01 -1.212176061706801811e+01 -9.115343671824234661e+00
-8.241850594205191172e+00 -7.717103991789794115e+00 -6.035563401374601789e+00
-3.672961126980194724e+00 -9.883238173144420768e-02 -9.909615537550178765e-02
0.000000000000000000e+00 0.000000000000000000e+00 0.000000000000000000e+00
0.000000000000000000e+00 0.000000000000000000e+00 0.000000000000000000e+00
-2.700332674918035081e-01 0.000000000000000000e+00 -7.772097146132235679e+00
-7.372436789586054751e+00 -9.888736630559133434e-02 -9.885762696971239771e-02
0.000000000000000000e+00 0.000000000000000000e+00 0.000000000000000000e+00
-1.851293584908106382e+01 -1.857629279780239884e+01 -1.850694055581339370e+01
-1.871259290163288469e+01 -1.883671883845033790e+01 -1.892502993058041127e+01
-1.875079933354374973e+01 -1.901038616814054194e+01 -1.899320510460171363e+01
-1.895492218250917560e+01 -1.908875856565829565e+01 -1.911334634152674994e+01
-1.912780955190870102e+01 -1.921921986601189403e+01 -1.921538131185308629e+01
-1.931448825655634138e+01 -1.929650399542936867e+01 -1.931083316572965813e+01
-1.934112134937974403e+01 -1.934126545178542500e+01 -1.934131978228625215e+01
-1.936529001395856753e+01 -1.936521950179798424e+01 -1.936519660920680153e+01
-1.915085602637488549e+01 -1.913472359652315191e+01 -1.913423212669459517e+01
-1.851057742213744106e+01 -1.851347770034543672e+01 -1.851186761424125748e+01
-1.682945217593429632e+01 -1.683002974764552917e+01 -1.683489658512004539e+01
-1.485544783890405007e+01 -1.450865283594682431e+01 -1.304611553121085166e+01
-1.105120226671532357e+01 -9.982700576354348598e+00 -6.483621372790768334e+00
-3.176389777433089812e+00 -3.175455655380888143e+00 -3.163575962905831318e+00
-7.940143769283970698e+00 -2.093181937337318388e+00 -9.854859140968903752e-02
0.000000000000000000e+00 0.000000000000000000e+00 0.000000000000000000e+00
0.000000000000000000e+00 0.000000000000000000e+00 0.000000000000000000e+00
0.000000000000000000e+00 -3.591039429377745673e+00 0.000000000000000000e+00
-7.768867020315023630e+00 -8.107936357760852086e-01 -2.949215433589521540e-01
-4.613687936566893910e+00 -1.966100729801525948e-01 -1.676974688531192581e-01
-8.239056737959522536e+00 -1.566086374287095184e+00 -1.472552646495312867e-01
-1.877144829737938281e+01 -1.879476858015252816e+01 -1.877283512537891141e+01
-1.899623301437940626e+01 -1.898094309009431413e+01 -1.899697290193793719e+01
-1.906700907409653212e+01 -1.908092612034635849e+01 -1.908071450552073856e+01
-1.916052356943357182e+01 -1.916367458683889780e+01 -1.916523908744129656e+01
-1.922940268822107868e+01 -1.922932913759121831e+01 -1.922974663332755085e+01
-1.928124607200686214e+01 -1.928108209891143687e+01 -1.928117207570199199e+01
-1.929186898949330953e+01 -1.929176117780917465e+01 -1.929191510946819932e+01
-1.897413368061343419e+01 -1.897392691095238604e+01 -1.897252829071642921e+01
-1.748251213483847266e+01 -1.749165654280419346e+01 -1.748814617905640034e+01
-1.507744032350617935e+01 -1.508753656288300071e+01 -1.485246696581524617e+01
-1.162154165205826928e+01 -1.226908926949650258e+01 -8.651868357305323443e+00
-6.079478148288575134e+00 -5.894868423645275080e+00 -5.032639852244382261e+00
-9.893570769806357690e-02 0.000000000000000000e+00 0.000000000000000000e+00
0.000000000000000000e+00 0.000000000000000000e+00 0.000000000000000000e+00
0.000000000000000000e+00 0.000000000000000000e+00 0.000000000000000000e+00
0.000000000000000000e+00 0.000000000000000000e+00 0.000000000000000000e+00
-4.264999626288771495e+00 0.000000000000000000e+00 0.000000000000000000e+00
-1.092158288791712550e+01 -9.910312598406356699e-02 -1.110122729517299156e+01
-1.192069315370403865e-01 0.000000000000000000e+00 0.000000000000000000e+00
-9.911478302012793895e-02 0.000000000000000000e+00 -1.144283267807672466e+01
0.000000000000000000e+00 0.000000000000000000e+00 0.000000000000000000e+00
-1.889636869251338425e+01 -1.889263310127360285e+01 -1.890166443303225208e+01
-1.905812076203576666e+01 -1.905581404679196211e+01 -1.905751942515559705e+01
-1.914058712418814778e+01 -1.914385910253304246e+01 -1.914369669322140410e+01
-1.921600916224061351e+01 -1.921669848754574517e+01 -1.921518269925923761e+01
-1.928091801775936176e+01 -1.928142833112525167e+01 -1.928106386118515303e+01
-1.901314325795283011e+01 -1.901309319963691635e+01 -1.901178998918494756e+01
-1.812470873647386682e+01 -1.807878154723488606e+01 -1.805105119648327161e+01
-1.572458733472439363e+01 -1.562541841417995059e+01 -1.560513708708518799e+01
-1.299609075060438812e+01 -1.311259748960787164e+01 -9.953754634009422730e+00
-5.945258716955287071e+00 -5.917589776261986678e+00 -5.185687436144417184e+00
-3.551029073179296169e+00 -3.547829385563551874e+00 -3.560877350576733047e+00
-5.466265325397320574e+00 0.000000000000000000e+00 -9.856643774949674919e-02
-3.373387638485282336e-01 -2.500803258308434418e-01 -1.970405514264635671e-01
0.000000000000000000e+00 0.000000000000000000e+00 0.000000000000000000e+00
0.000000000000000000e+00 0.000000000000000000e+00 0.000000000000000000e+00
-9.909927328774657818e-02 0.000000000000000000e+00 0.000000000000000000e+00
-6.506555387218548869e-01 -9.893483130252068991e-02 0.000000000000000000e+00
-6.477973689659309642e+00 -9.876795310115910054e-02 0.000000000000000000e+00
-6.790869605118456942e-01 -1.973693296059154112e-01 -9.062354838200233687e+00
-2.903035500824405757e-01 -2.007775755995720168e-01 -2.952341788748734097e-01
-1.974460103220454510e-01 -1.584963095875420258e+01 -1.240081902344884668e+01
-1.896337328950502510e+01 -1.896894230142192939e+01 -1.897343486070521124e+01
-1.914301766691883344e+01 -1.914315676276290290e+01 -1.914342939592949122e+01
-1.925051059893329963e+01 -1.924973522505706569e+01 -1.924869993852941263e+01
-1.930044138383760099e+01 -1.929987998144688177e+01 -1.929788554206250240e+01
-1.824844520248911195e+01 -1.812046623095794473e+01 -1.801598872319613776e+01
-1.669303990591172493e+01 -1.661459848730619981e+01 -1.621089238568360003e+01
-1.223779176355087728e+01 -1.301989634762099080e+01 -1.105663792663896317e+01
-8.611269347454934220e+00 -8.336132402220135518e+00 -6.371017864792859697e+00
-4.212700882396277713e+00 -4.214585612046312768e+00 -4.214514544803435570e+00
-2.231702072478352061e+00 -5.462555198641059206e-01 -5.455696133072737153e-01
-9.869020407347141310e-02 -9.908413405493314563e-02 0.000000000000000000e+00
0.000000000000000000e+00 0.000000000000000000e+00 0.000000000000000000e+00
0.000000000000000000e+00 0.000000000000000000e+00 0.000000000000000000e+00
0.000000000000000000e+00 0.000000000000000000e+00 0.000000000000000000e+00
0.000000000000000000e+00 -1.082259637668822272e+01 0.000000000000000000e+00
-7.433469381080826111e+00 -3.176758070477967988e-01 0.000000000000000000e+00
-4.468064543932662169e-01 -1.974943455096782596e-01 -6.803187122991807279e+00
-9.888760529672124822e-02 -9.889458449137045193e-02 -6.861276322994603882e-01
-1.605634567009775804e+00 -9.855010788687938728e-02 0.000000000000000000e+00
-4.558635238148869839e-01 -9.890761009674284288e-02 -1.974772572269825888e-01
-9.888419199350359512e-02 -9.883568925168947916e-02 -6.615419537019892715e+00
-1.841263540830692591e+01 -1.841902987916384404e+01 -1.847351207148512486e+01
-1.882430795495626441e+01 -1.881540518937114115e+01 -1.889152395415002061e+01
-1.814308160311878737e+01 -1.821824415411610687e+01 -1.766004832340182773e+01
-1.638394378743379320e+01 -1.656340483578699718e+01 -1.621610560578306703e+01
-1.506131121562955499e+01 -1.506076014028741206e+01 -1.428388334432330709e+01
-9.268455969551778750e+00 -8.753220729279654222e+00 -8.021214616937234254e+00
-4.303319758067768674e+00 -7.382790682602764498e+00 -4.272273073230437923e+00
-3.258673890543764884e+00 -3.259144297920980815e+00 -3.261243490328184613e+00
-3.279246382703591145e+00 -1.515705856557914705e-02 -1.994513778125000039e-02
-2.296750521537555212e+00 0.000000000000000000e+00 0.000000000000000000e+00
-3.060916529038242739e+00 0.000000000000000000e+00 0.000000000000000000e+00
0.000000000000000000e+00 0.000000000000000000e+00 0.000000000000000000e+00
0.000000000000000000e+00 0.000000000000000000e+00 0.000000000000000000e+00
-1.968136854901428034e-01 -2.662482147332531301e+00 -1.973073759826845519e-01
-3.512099090794815304e+00 -2.883553569729196742e+00 -2.417807774822485101e+00
-9.874938652568988895e-02 0.000000000000000000e+00 -1.375011505059197425e+01
-6.048331941450047822e+00 -2.135926470613068506e+00 0.000000000000000000e+00
-2.241241877842149732e-01 -1.971680229961164099e-01 -6.923468013040665170e+00
-2.838693827799961822e-01 -1.625425196458860355e-01 0.000000000000000000e+00
-6.148136410862599099e-01 -4.234336979576879822e-01 -9.910228711081343900e-02
-1.190807335773362752e+01 -8.462434001460009680e-01 -7.008737321855538216e-01
-1.533842824910296088e+01 -1.432881944373228045e+01 -1.563516617152484578e+01
-1.544809712382778066e+01 -1.527887486897306424e+01 -1.518887656110509177e+01
-1.521184455763435395e+01 -1.510747265527293770e+01 -1.505839225385092206e+01
-1.369292517792708708e+01 -1.364643933759803929e+01 -1.367641362346580181e+01
-7.598639656491577021e+00 -6.037603770784183865e+00 -5.885261616249852779e+00
-3.145287783625636102e+00 -6.849542764030305264e+00 -3.149522248558163540e+00
-2.465093330987930376e+00 -2.468711674968345982e+00 -3.295509642907163528e+00
-1.313601895860753155e+00 -4.023488300580789767e-01 -1.999250124992187766e-02
-3.501800443984646183e-01 -9.888762399467529440e-02 0.000000000000000000e+00
-1.951680985182247197e+00 -1.020496185783770660e+00 -2.482405086254967641e-01
0.000000000000000000e+00 0.000000000000000000e+00 0.000000000000000000e+00
0.000000000000000000e+00 0.000000000000000000e+00 0.000000000000000000e+00
0.000000000000000000e+00 0.000000000000000000e+00 0.000000000000000000e+00
0.000000000000000000e+00 0.000000000000000000e+00 0.000000000000000000e+00
-9.890912262006043565e-02 0.000000000000000000e+00 -4.968054422597356079e-01
-1.220103115710571373e+01 -1.213565786435695237e+01 0.000000000000000000e+00
-3.145039524102074546e-01 0.000000000000000000e+00 -1.496921203039214721e+00
0.000000000000000000e+00 -5.304211444184660174e+00 0.000000000000000000e+00
-9.902378228175205688e-02 0.000000000000000000e+00 0.000000000000000000e+00
-4.766837387311599450e+00 -1.353772778000140065e+00 -9.889474186795560451e-02
-1.048108897172118636e-01 -9.855217635358032302e-02 0.000000000000000000e+00
-5.189974703452816529e-01 0.000000000000000000e+00 0.000000000000000000e+00
0.000000000000000000e+00 0.000000000000000000e+00 0.000000000000000000e+00
-7.767698581887679588e+00 0.000000000000000000e+00 0.000000000000000000e+00
-6.584623949971984302e+00 0.000000000000000000e+00 0.000000000000000000e+00
-1.051709512975100846e+00 0.000000000000000000e+00 0.000000000000000000e+00
-3.764148379171543546e+00 -2.942362033280129463e+00 0.000000000000000000e+00
-5.909800904174295155e+00 -5.372251772483107146e+00 -9.880450122849444849e-02
0.000000000000000000e+00 0.000000000000000000e+00 0.000000000000000000e+00
-9.829970068086614221e-01 -9.911785660979385848e-02 0.000000000000000000e+00
0.000000000000000000e+00 0.000000000000000000e+00 0.000000000000000000e+00
0.000000000000000000e+00 0.000000000000000000e+00 0.000000000000000000e+00
0.000000000000000000e+00 0.000000000000000000e+00 0.000000000000000000e+00
0.000000000000000000e+00 0.000000000000000000e+00 0.000000000000000000e+00
0.000000000000000000e+00 0.000000000000000000e+00 0.000000000000000000e+00
0.000000000000000000e+00 0.000000000000000000e+00 0.000000000000000000e+00
0.000000000000000000e+00 0.000000000000000000e+00 0.000000000000000000e+00
0.000000000000000000e+00 0.000000000000000000e+00 0.000000000000000000e+00
0.000000000000000000e+00 0.000000000000000000e+00 0.000000000000000000e+00
0.000000000000000000e+00 0.000000000000000000e+00 0.000000000000000000e+00
0.000000000000000000e+00 0.000000000000000000e+00 0.000000000000000000e+00
0.000000000000000000e+00 0.000000000000000000e+00 0.000000000000000000e+00
0.000000000000000000e+00 0.000000000000000000e+00 0.000000000000000000e+00
0.000000000000000000e+00 0.000000000000000000e+00 0.000000000000000000e+00
0.000000000000000000e+00 0.000000000000000000e+00 0.000000000000000000e+00
0.000000000000000000e+00 0.000000000000000000e+00 0.000000000000000000e+00
0.000000000000000000e+00 0.000000000000000000e+00 0.000000000000000000e+00
0.000000000000000000e+00 0.000000000000000000e+00 0.000000000000000000e+00
0.000000000000000000e+00 0.000000000000000000e+00 0.000000000000000000e+00
0.000000000000000000e+00 0.000000000000000000e+00 0.000000000000000000e+00
0.000000000000000000e+00 0.000000000000000000e+00 0.000000000000000000e+00
