0.000000000000000000e+00 0.000000000000000000e+00 0.000000000000000000e+00
-2.666399966348173667e+00 0.000000000000000000e+00 0.000000000000000000e+00
-2.565270792100867725e-01 0.000000000000000000e+00 0.000000000000000000e+00
-7.271574046513649137e+00 -9.542478311061566743e+00 -7.456014575410962131e+00
-1.766252026828889399e+01 -1.764656444685568104e+01 -1.747044526180729562e+01
-1.773956261032377313e+01 -1.723951106494821062e+01 -1.776053537543549510e+01
-1.732130756077031464e+01 -1.789033464424275266e+01 -1.791317230443871367e+01
-1.784682273462446744e+01 -1.783109759278783457e+01 -1.766655794844776750e+01
-1.747641014255819414e+01 -1.786347908036287180e+01 -1.786686405305756864e+01
-1.761056984820604043e+01 -1.789326894481650854e+01 -1.782617266479376283e+01
-1.739558920741138337e+01 -1.750590312188726827e+01 -1.637405136936918737e+01
-1.688752848427708741e+01 -1.699178740213484318e+01 -1.572375774258483894e+01
-1.491087449903798401e+01 -1.675625181055539770e+01 -1.676865128332183019e+01
0.000000000000000000e+00 0.000000000000000000e+00 0.000000000000000000e+00
-8.528369607566256283e-01 0.000000000000000000e+00 0.000000000000000000e+00
-1.196058270479701591e+00 -2.501678141594552707e-01 0.000000000000000000e+00
-1.646349909411032097e+00 0.000000000000000000e+00 0.000000000000000000e+00
0.000000000000000000e+00 0.000000000000000000e+00 0.000000000000000000e+00
0.000000000000000000e+00 0.000000000000000000e+00 0.000000000000000000e+00
0.000000000000000000e+00 0.000000000000000000e+00 0.000000000000000000e+00
0.000000000000000000e+00 0.000000000000000000e+00 0.000000000000000000e+00
-2.971824634348559369e-01 -9.785597918972631371e-02 0.000000000000000000e+00
-3.955067037131863472e+00 -2.058803371779647673e+00 -8.132563910549120978e-01
-1.366465259076917427e+01 -1.366603149397879946e+01 -1.364669919688181388e+01
-1.796585133025644154e+01 -1.797938840820022577e+01 -1.792101228527087287e+01
-1.803750118930011581e+01 -1.805858419394774472e+01 -1.784865687570548687e+01
-1.806895687175591902e+01 -1.807802109847972361e+01 -1.807870378881914064e+01
-1.812423393131010840e+01 -1.815003569730570376e+01 -1.815206002805602736e+01
-1.805857220661502538e+01 -1.805281492259863896e+01 -1.800796605725974331e+01
-1.783719487633205958e+01 -1.779800572467915032e+01 -1.765963747089392299e+01
-1.758923070384649279e+01 -1.761477111605902479e+01 -1.699378474797552840e+01
-1.732830385007862972e+01 -1.726335961491329840e+01 -1.590753170293475094e+01
-1.601773421663546060e+01 -1.595083465596396799e+01 -1.458979234805000402e+01
-1.548456512122037765e+01 -1.505208882671528947e+01 -1.347329042983273517e+01
-9.916124960836776303e-01 -9.031744902087233129e-01 -8.886125823620089070e-01
-2.074264406613043066e-01 -2.357935125579105062e-01 -2.267439665939599558e-01
-1.886426188168193741e-01 -9.837711041496843833e-02 -9.786131501560224599e-02
-2.169953737794074744e+00 -1.393313521782710618e+00 -1.078706672642101294e+00
-2.038851979392385605e+00 0.000000000000000000e+00 0.000000000000000000e+00
0.000000000000000000e+00 0.000000000000000000e+00 0.000000000000000000e+00
0.000000000000000000e+00 0.000000000000000000e+00 0.000000000000000000e+00
0.000000000000000000e+00 0.000000000000000000e+00 0.000000000000000000e+00
-4.094963577318254444e+00 -4.027891401852072839e+00 -4.461530433730117373e+00
-1.570629040731355097e+01 -1.603911918559673566e+01 -1.647374554441984174e+01
-1.815015205902905748e+01 -1.816853185780651003e+01 -1.814906902853375570e+01
-1.825660527126217048e+01 -1.825612938749128134e+01 -1.826866898647766391e+01
-1.832424052128603265e+01 -1.832940585800080768e+01 -1.832411414022506335e+01
-1.825632051746315199e+01 -1.825649951687357486e+01 -1.825575837817059721e+01
-1.813825583415537679e+01 -1.812732650545744661e+01 -1.812544727977770265e+01
-1.796702695820884443e+01 -1.794189492962499344e+01 -1.794092539171467493e+01
-1.777384188419374311e+01 -1.782973534387360814e+01 -1.772409789548487424e+01
-1.747133793806909807e+01 -1.749040908744426304e+01 -1.727159999765095932e+01
-1.693561874084104346e+01 -1.698662121279744852e+01 -1.594899635505376878e+01
-1.597527290491328245e+01 -1.596177233333553325e+01 -1.437063700191059290e+01
-1.466916762196006019e+01 -1.475841833960485339e+01 -1.288129482781158330e+01
-8.620869784747144493e+00 -8.618875802020415478e+00 -8.649188750389496860e+00
-6.773525144711018964e-01 -3.317072997400000722e-01 -3.228231882696885879e-01
-7.484659784974123653e-01 -3.878221473213426251e-01 -3.351364722542562458e-01
-9.786570708714707745e-02 0.000000000000000000e+00 0.000000000000000000e+00
0.000000000000000000e+00 0.000000000000000000e+00 0.000000000000000000e+00
0.000000000000000000e+00 0.000000000000000000e+00 0.000000000000000000e+00
-3.105882430290038410e-01 0.000000000000000000e+00 0.000000000000000000e+00
-1.161872662699870595e+01 -1.161061912916819594e+01 -1.230052923632653439e+01
-1.682275374941109902e+01 -1.683495486779671779e+01 -1.682254163948979198e+01
-1.830675076177618621e+01 -1.830717246665291498e+01 -1.830770143117961979e+01
-1.845303027832195042e+01 -1.845295613707564897e+01 -1.845306569944150610e+01
-1.849193938966580575e+01 -1.849261751160688760e+01 -1.851379495133563680e+01
-1.850691009425715094e+01 -1.850782857030706552e+01 -1.850178999261369484e+01
-1.846638089414075878e+01 -1.846760762876715134e+01 -1.846463983854786761e+01
-1.833081158852894177e+01 -1.833119093464187088e+01 -1.832986016097060755e+01
-1.817868812769819797e+01 -1.817854026605500195e+01 -1.817808549333117440e+01
-1.803199783407933765e+01 -1.803235404927479379e+01 -1.802238732518729947e+01
-1.748806071775284821e+01 -1.748405804106465311e+01 -1.745441159382919949e+01
-1.696964872359432164e+01 -1.698596713775548750e+01 -1.670890378314086888e+01
-1.620959410951781621e+01 -1.553591462813851365e+01 -1.626444644371101944e+01
-1.493869668932554973e+01 -1.489957766455043853e+01 -1.423756721031445593e+01
-2.090693306035834809e+00 -3.405487485607057163e+00 -2.141107457542594350e+00
-9.192441930599374311e-01 -4.053623071114769161e-01 -1.343198729171306560e-01
0.000000000000000000e+00 -2.572387391867473561e+00 0.000000000000000000e+00
0.000000000000000000e+00 0.000000000000000000e+00 -2.806221740164980716e+00
0.000000000000000000e+00 0.000000000000000000e+00 0.000000000000000000e+00
-7.331276895948917183e-01 -3.025453091228266778e-01 -3.963723522637503827e+00
-1.369194689216379857e+01 -1.401574119799849250e+01 -1.372358222155525986e+01
-1.703953579481146008e+01 -1.704537003564900388e+01 -1.704207675066633954e+01
-1.850970595261286888e+01 -1.851122061091610860e+01 -1.851121267217380861e+01
-1.862834454938780127e+01 -1.862901537000140451e+01 -1.864263031519014646e+01
-1.871798551190827453e+01 -1.871303298493469214e+01 -1.869772620006848030e+01
-1.880242089129634309e+01 -1.880880789409164322e+01 -1.880868242343975183e+01
-1.884687853520780720e+01 -1.884695215950661762e+01 -1.884691780325711719e+01
-1.880052664853540279e+01 -1.879753020626573345e+01 -1.879714708313137450e+01
-1.873154453531002162e+01 -1.873035652751947566e+01 -1.867036668841399205e+01
-1.853713732705677231e+01 -1.852603713845260458e+01 -1.852435740151996768e+01
-1.814956726004686871e+01 -1.815015877497572916e+01 -1.815112641466656385e+01
-1.753836198472484043e+01 -1.754074243389658250e+01 -1.748634659970689142e+01
-1.663289462621207093e+01 -1.649956274185126048e+01 -1.591173238019947078e+01
-1.518976572773986078e+01 -1.499661166350059993e+01 -1.458414167386752425e+01
-1.370957253657791419e+01 -1.400752216446570486e+01 -1.388276980846416642e+01
-2.109680205557613597e-01 -3.361733062586203857e+00 0.000000000000000000e+00
-1.035582972794917067e+00 -1.861446090979773427e+00 -3.098810416244986432e-01
-1.908587095112153631e-01 0.000000000000000000e+00 0.000000000000000000e+00
0.000000000000000000e+00 0.000000000000000000e+00 0.000000000000000000e+00
-2.057086645140046022e-01 -4.435863776336103625e-01 0.000000000000000000e+00
-1.360441990958856984e+01 -1.468341916319272045e+01 -1.461532033415844012e+01
-1.704868689571014784e+01 -1.723520770512228140e+01 -1.739722890334176242e+01
-1.862074408231764266e+01 -1.862088476544552051e+01 -1.862149494056647470e+01
-1.876704595095761974e+01 -1.876627006975163781e+01 -1.876513899755151371e+01
-1.889823404808350915e+01 -1.890172550885567659e+01 -1.890215372438170505e+01
-1.901993900199724763e+01 -1.901971498003251071e+01 -1.902051421671774634e+01
-1.916356274324760278e+01 -1.922200301911398768e+01 -1.921962835014114646e+01
-1.930737859416512592e+01 -1.930735176735534608e+01 -1.930684366279850650e+01
-1.924873227272345133e+01 -1.924488039197783351e+01 -1.921421848749981010e+01
-1.911998897116527374e+01 -1.899411038558486098e+01 -1.906546346539026615e+01
-1.871214184277529569e+01 -1.870027934669994352e+01 -1.846308610809452233e+01
-1.812655972759032252e+01 -1.812787381960294297e+01 -1.812730927244733437e+01
-1.725682936820910029e+01 -1.720715420758698500e+01 -1.726023807750720351e+01
-1.595674295433819267e+01 -1.575601320602221556e+01 -1.498002654070088013e+01
-1.341039676791918289e+01 -1.330327927065037663e+01 -1.321145874633323380e+01
-6.832862257958007834e-01 -7.966394497484036163e-01 -8.347434811847500580e-01
-1.037198027358307684e+00 -1.172674420204835366e+00 -2.252406105203187958e-01
-7.907174252793970348e-01 0.000000000000000000e+00 0.000000000000000000e+00
0.000000000000000000e+00 0.000000000000000000e+00 0.000000000000000000e+00
-7.890298353099823858e-01 -2.545751518192438390e+00 -9.116050505360674405e-01
-1.359143476981613752e+01 -1.391635351015557553e+01 -1.459416585178725079e+01
-1.709052237824277398e+01 -1.723554597771627783e+01 -1.724037839433864150e+01
-1.860674107452781811e+01 -1.860697977415430415e+01 -1.860674868074022470e+01
-1.883469566610434853e+01 -1.887384201773145520e+01 -1.887275488442085347e+01
-1.902598943588282054e+01 -1.902695332377254545e+01 -1.902550359219814524e+01
-1.913612578666209885e+01 -1.913653033774592416e+01 -1.913667298558619478e+01
-1.932886558099447427e+01 -1.940520907660760841e+01 -1.942331157273743969e+01
-1.953727338798048763e+01 -1.958480117519418329e+01 -1.958616983367589270e+01
-1.959389019266310328e+01 -1.959551638072021618e+01 -1.956495968203562086e+01
-1.939786196967540377e+01 -1.938671382571096302e+01 -1.934132181871578737e+01
-1.914477979539191210e+01 -1.914283330351424084e+01 -1.902129568797321468e+01
-1.852989313827212214e+01 -1.850203304227669676e+01 -1.836178028216938429e+01
-1.766448398972202938e+01 -1.766513877482576333e+01 -1.763430598656283621e+01
-1.637199143874632767e+01 -1.649460498633658290e+01 -1.588172211943865975e+01
-1.413712049391561898e+01 -1.342731649331717492e+01 -1.287452726375773793e+01
-1.197826083886604032e+01 -1.196459001878670136e+01 -1.197999357433943679e+01
-2.514376516257605387e-01 -9.785383382823273357e-02 0.000000000000000000e+00
-6.159671036568578062e-01 0.000000000000000000e+00 0.000000000000000000e+00
0.000000000000000000e+00 0.000000000000000000e+00 0.000000000000000000e+00
-2.656957818729886456e-01 -9.836570728812243924e-02 0.000000000000000000e+00
-1.409335211979678171e+01 -1.415598721461239506e+01 -1.409883259790549204e+01
-1.699782718800700820e+01 -1.698615881843637965e+01 -1.700785698902481613e+01
-1.836886758185579893e+01 -1.836853779693953825e+01 -1.836927082263479605e+01
-1.869849153903746242e+01 -1.885261144694988644e+01 -1.885740191424305578e+01
-1.906098123326433580e+01 -1.906374630308411255e+01 -1.906269419206198279e+01
-1.919313202469361812e+01 -1.919117889948194033e+01 -1.919176942971250455e+01
-1.943587841838268204e+01 -1.947696543657914603e+01 -1.948569368840535532e+01
-1.959008694294684005e+01 -1.961523828566926042e+01 -1.961921955532863038e+01
-1.965365559052769839e+01 -1.973333942138770070e+01 -1.973354335517006675e+01
-1.947945501551480163e+01 -1.947640604496863759e+01 -1.941729827529338692e+01
-1.927186775634509175e+01 -1.927217548496285460e+01 -1.917568610214150482e+01
-1.884121550456318417e+01 -1.882798191963111023e+01 -1.855876059446116955e+01
-1.789349271583153822e+01 -1.789133312579676272e+01 -1.789090060706634944e+01
-1.689159937837287728e+01 -1.669983418003664610e+01 -1.658795727501844297e+01
-1.460006665401923698e+01 -1.459077818299078011e+01 -1.330708174447998537e+01
-1.321791012417898870e+01 -1.185019387420328840e+01 -1.155845794946511340e+01
-1.443962696201235518e+00 -6.357683797944131410e-01 -3.420882494074486413e-01
0.000000000000000000e+00 0.000000000000000000e+00 0.000000000000000000e+00
0.000000000000000000e+00 0.000000000000000000e+00 0.000000000000000000e+00
-1.593771564473431157e+00 0.000000000000000000e+00 0.000000000000000000e+00
-1.338050742066133836e+01 -1.337840874780946976e+01 -1.339656659887186940e+01
-1.639589690793157573e+01 -1.639261111261390624e+01 -1.640506485084750921e+01
-1.773680022773421072e+01 -1.773844227578689825e+01 -1.773682598299808078e+01
-1.831044939449996178e+01 -1.865393969074311897e+01 -1.867926678916266781e+01
-1.900765572026580230e+01 -1.902948162023770351e+01 -1.902876204229877999e+01
-1.918318866854970395e+01 -1.918388203805238135e+01 -1.918359672051685294e+01
-1.926347419395461813e+01 -1.926284126259152885e+01 -1.926315632413048817e+01
-1.955187192777601268e+01 -1.955275765529486875e+01 -1.955434386656508039e+01
-1.955238681113631927e+01 -1.955243574385936611e+01 -1.955238361128195734e+01
-1.942731158701654337e+01 -1.942069568913349897e+01 -1.941766454411705212e+01
-1.932193655132231314e+01 -1.932151230273677456e+01 -1.931794943206956816e+01
-1.888146759008241204e+01 -1.888554948377521114e+01 -1.879786154916712704e+01
-1.792906837733569603e+01 -1.793390107103572362e+01 -1.792700203054053176e+01
-1.687645292426701005e+01 -1.661505519525205088e+01 -1.661503313512370639e+01
-1.472179635314101631e+01 -1.436742457141514606e+01 -1.365996095347754036e+01
-1.240508442385508125e+01 -1.139232700468481241e+01 -1.097901685317483000e+01
-9.838606317532859469e-02 0.000000000000000000e+00 -1.302369262822752116e+00
0.000000000000000000e+00 0.000000000000000000e+00 0.000000000000000000e+00
0.000000000000000000e+00 0.000000000000000000e+00 0.000000000000000000e+00
-1.020374041939818982e-01 -9.785222339845614514e-02 0.000000000000000000e+00
-8.250121547716631198e+00 -6.647505678165301468e+00 -6.303096811689728796e+00
-1.571724072884592971e+01 -1.572061188761826855e+01 -1.569291221526619573e+01
-1.695188285069447787e+01 -1.695323254909166977e+01 -1.695300323031967693e+01
-1.800879764073475542e+01 -1.800953551690361820e+01 -1.800990868382676524e+01
-1.839314300708332439e+01 -1.870733219481815013e+01 -1.870817370433147531e+01
-1.901075198049086623e+01 -1.902345826714932286e+01 -1.902590475661455116e+01
-1.917809608112174757e+01 -1.917824036253316322e+01 -1.917759460846447084e+01
-1.925369662240946411e+01 -1.925412854487356640e+01 -1.925409060043521947e+01
-1.933308388403292710e+01 -1.933273812315916729e+01 -1.933244831255962737e+01
-1.935410515300707601e+01 -1.934630583866774600e+01 -1.935421191950019093e+01
-1.911724641226621202e+01 -1.911844789016771173e+01 -1.911536722155636880e+01
-1.871479708533322039e+01 -1.872118257357971771e+01 -1.852091861936890993e+01
-1.780568918018470725e+01 -1.780468573903730700e+01 -1.780392990297992739e+01
-1.670664120590540236e+01 -1.650859668250975432e+01 -1.649540099577671626e+01
-1.428554175878126387e+01 -1.356974767286852313e+01 -1.222085849690129322e+01
-1.177581082515405519e+01 -1.166927214015753123e+01 -1.047110460053079706e+01
-4.322875465906405590e-01 -4.092609228508427566e-01 -9.835653978968297850e-02
0.000000000000000000e+00 0.000000000000000000e+00 0.000000000000000000e+00
0.000000000000000000e+00 0.000000000000000000e+00 0.000000000000000000e+00
-9.958669363672781327e-02 -9.793719994761289349e-02 0.000000000000000000e+00
-3.197378120249525502e+00 -2.053039714643537239e-01 -9.796092225570493528e-02
-1.389803404925547703e+01 -1.447052750588274606e+01 -1.438757674664360309e+01
-1.614538742757614997e+01 -1.616920561700553094e+01 -1.616876411159832472e+01
-1.717837682849408054e+01 -1.718283459403631852e+01 -1.717922091778456917e+01
-1.790553915177537192e+01 -1.791109718752493052e+01 -1.790672550075333191e+01
-1.822973042647143771e+01 -1.851291446367306648e+01 -1.852707868486945841e+01
-1.875721196421919146e+01 -1.883327099226173118e+01 -1.883158167639440705e+01
-1.895238700978360669e+01 -1.895132172084734279e+01 -1.895100210224725501e+01
-1.897947653035349447e+01 -1.898286313170644490e+01 -1.897954271806986526e+01
-1.895454884142619889e+01 -1.895466687753617308e+01 -1.894524557297976486e+01
-1.882516769145595958e+01 -1.880886170145791070e+01 -1.866561426568639703e+01
-1.822796448006999981e+01 -1.821224860943406298e+01 -1.817821922361574494e+01
-1.744882166986096550e+01 -1.744061969836283410e+01 -1.744878137961827136e+01
-1.576445028338489251e+01 -1.577364150847018642e+01 -1.571558500579894435e+01
-1.246012475627249216e+01 -1.235101691124531520e+01 -1.056433346555910724e+01
-1.032037282817811530e+01 -9.743905003381687635e+00 -9.741084252410976418e+00
-4.747416417864869786e-01 0.000000000000000000e+00 0.000000000000000000e+00
0.000000000000000000e+00 0.000000000000000000e+00 0.000000000000000000e+00
0.000000000000000000e+00 0.000000000000000000e+00 0.000000000000000000e+00
-9.837811695390658029e-02 0.000000000000000000e+00 0.000000000000000000e+00
-1.317750613330539444e+00 0.000000000000000000e+00 0.000000000000000000e+00
-5.333181747236163339e+00 -5.292170821434439176e+00 -5.348258689919257236e+00
-1.507069345079912104e+01 -1.511151563659389296e+01 -1.512956143435490830e+01
-1.626827292815585224e+01 -1.627088242206404800e+01 -1.629744256274927494e+01
-1.700911313357670096e+01 -1.700973581490612929e+01 -1.700804863357535268e+01
-1.760352323136143227e+01 -1.760553216777616470e+01 -1.760593658411984563e+01
-1.791317123651090526e+01 -1.795058330929099100e+01 -1.794439178414645752e+01
-1.822964228016784105e+01 -1.829899521001752660e+01 -1.829590936427091563e+01
-1.837562036097338947e+01 -1.837354670425411740e+01 -1.837402115349194176e+01
-1.828649261422332728e+01 -1.829589100508686172e+01 -1.829693876005535458e+01
-1.817414831710544121e+01 -1.817393581071047137e+01 -1.817486018948886795e+01
-1.782017752386114040e+01 -1.782011270996012797e+01 -1.781846839938793536e+01
-1.674633219992605149e+01 -1.675465151364749516e+01 -1.673064632299336552e+01
-1.395589758142895676e+01 -1.395534599432262901e+01 -1.323482807374212200e+01
-1.116187950845168153e+01 -1.008097333411422092e+01 -9.843344955033815680e+00
-5.570413471835975017e+00 -5.569701532561103896e+00 -5.585804168476483866e+00
-3.115425884141370005e+00 -3.878573965440920146e-01 -2.710921513492982604e-01
0.000000000000000000e+00 0.000000000000000000e+00 0.000000000000000000e+00
0.000000000000000000e+00 0.000000000000000000e+00 0.000000000000000000e+00
0.000000000000000000e+00 0.000000000000000000e+00 0.000000000000000000e+00
-2.953267623948966358e-01 -9.839365488394201387e-02 0.000000000000000000e+00
-1.691968004428880512e+00 -1.176502543160009129e+00 0.000000000000000000e+00
-1.319173588651487705e+01 -1.321743601864945816e+01 -1.319003815072877117e+01
-1.508075774501142696e+01 -1.505726257378496058e+01 -1.507817950317602396e+01
-1.612386037852591159e+01 -1.611935787242392948e+01 -1.613665657057667246e+01
-1.663427456819680827e+01 -1.664169370356392719e+01 -1.664238181676200767e+01
-1.710030269791999658e+01 -1.709417392756303400e+01 -1.709363394676520542e+01
-1.735370371822257596e+01 -1.735830083943509905e+01 -1.735789417862221384e+01
-1.745385901069134604e+01 -1.745410457223842116e+01 -1.745389581178705996e+01
-1.764401713511267999e+01 -1.764310639103877065e+01 -1.764373926784647750e+01
-1.762706582897824248e+01 -1.762601239333540448e+01 -1.762708075311868328e+01
-1.713889414672980749e+01 -1.714159223761719986e+01 -1.713974474079686772e+01
-1.511553242318504786e+01 -1.515441095275869365e+01 -1.500827184574995599e+01
-1.222779748780776288e+01 -1.026746881147852086e+01 -1.145347398262683747e+01
-9.029260157163319533e+00 -8.981951252351480619e+00 -8.739726961047319165e+00
-2.963605190864239125e-01 -1.899565213579210488e+00 -5.631094571372813329e-01
-3.434023567769467711e+00 -1.761218288185152137e+00 -1.737005894886212820e+00
0.000000000000000000e+00 0.000000000000000000e+00 0.000000000000000000e+00
0.000000000000000000e+00 0.000000000000000000e+00 0.000000000000000000e+00
-1.797908924194327351e+00 0.000000000000000000e+00 0.000000000000000000e+00
-1.978322513235253322e-01 0.000000000000000000e+00 -3.986352332985513058e+00
-1.270792797318611722e+00 -3.169349648954963850e-01 0.000000000000000000e+00
-2.838754716838479908e+00 -1.956972746694712328e-01 0.000000000000000000e+00
-1.441577194836074050e+01 -1.435264870013868688e+01 -1.435084060430654596e+01
-1.528836962793588050e+01 -1.527859532386728070e+01 -1.533918136735920967e+01
-1.605838380894461892e+01 -1.606692636686394238e+01 -1.606804336407575207e+01
-1.652806445242668332e+01 -1.653431778465407120e+01 -1.653034579213810318e+01
-1.688510736448830940e+01 -1.688144188986816019e+01 -1.688273216137565669e+01
-1.712930292867372017e+01 -1.713799396257289942e+01 -1.713016639222066573e+01
-1.741124525561846781e+01 -1.742259339458013656e+01 -1.742491470619333427e+01
-1.728443034359866459e+01 -1.726098379776750491e+01 -1.725968955505652147e+01
-1.588887194126157709e+01 -1.589817889217313862e+01 -1.581388733941878755e+01
-1.208760970507539234e+01 -1.223642577126972597e+01 -1.129359866914511024e+01
-8.819138439523721118e+00 -9.248463891708738061e+00 -8.094214337404729065e+00
-7.283026055186279990e+00 -7.288740118585804062e+00 -7.282407761475047536e+00
-6.451963322440800175e-01 0.000000000000000000e+00 -1.351885974825835390e+00
-1.330238824177190082e+00 -6.909890191913546920e-01 0.000000000000000000e+00
0.000000000000000000e+00 0.000000000000000000e+00 0.000000000000000000e+00
0.000000000000000000e+00 0.000000000000000000e+00 0.000000000000000000e+00
-3.697666351992380473e+00 -9.793043899500379623e-02 0.000000000000000000e+00
-1.457904984153210570e+00 -6.524371340021439813e-01 -2.220562680166474401e+00
-9.839679362539988094e-02 0.000000000000000000e+00 0.000000000000000000e+00
-1.554561402909350187e-01 -3.875360818089966575e+00 -1.953788293809866905e-01
-9.568561115666975869e-01 -3.211569773250158022e-01 -6.241109929422847813e+00
-1.531873192602547462e+01 -1.541740477300321999e+01 -1.544043638338704483e+01
-1.581327546722601696e+01 -1.584409306620111657e+01 -1.585341973027876072e+01
-1.637019310356816248e+01 -1.635704818585206510e+01 -1.638274718543802067e+01
-1.678148285990781474e+01 -1.678427833438016492e+01 -1.679919511319274505e+01
-1.715069109408831238e+01 -1.714713926701854874e+01 -1.718360784660464091e+01
-1.729062092711913223e+01 -1.731147165029930335e+01 -1.729043779414119797e+01
-1.600411592570966590e+01 -1.600589991480079988e+01 -1.597938524534488280e+01
-1.288421044837446416e+01 -1.335359992399927975e+01 -1.287649270823292724e+01
-8.804007233823330836e+00 -9.370042608967370512e+00 -8.583840946462091281e+00
-7.058357583696950321e+00 -7.069338734959401016e+00 -7.049730240644377588e+00
-1.578406488011045106e+00 -9.688519443838613521e-01 -8.876825059682840191e-01
-1.927966050042533741e+00 -4.610557092324089612e-01 -5.343221915272838851e-01
-1.770614455919980457e-01 0.000000000000000000e+00 -3.787532173947245617e+00
0.000000000000000000e+00 0.000000000000000000e+00 0.000000000000000000e+00
0.000000000000000000e+00 0.000000000000000000e+00 0.000000000000000000e+00
-6.253370063709511317e-01 0.000000000000000000e+00 0.000000000000000000e+00
-2.476667478993390958e-01 0.000000000000000000e+00 0.000000000000000000e+00
-8.396876829234619644e-01 -6.706243070981580123e-01 -2.152426809631647897e-01
-6.390731071762195903e+00 0.000000000000000000e+00 0.000000000000000000e+00
-2.473174780279800977e+00 -3.859670988716356721e+00 -1.176853452573543679e+00
-2.163340310404508748e-01 -3.488490339582780653e+00 0.000000000000000000e+00
-1.579985175205271375e+01 -1.573424359386873661e+01 -1.581403011101386724e+01
-1.638780695760770811e+01 -1.643563903163687456e+01 -1.644908967080881013e+01
-1.682327779364867837e+01 -1.700841054447784373e+01 -1.700570508925449076e+01
-1.707750358924198153e+01 -1.707596358927644786e+01 -1.715845743919619437e+01
-1.603728072118302705e+01 -1.589457492570051045e+01 -1.586927136695575591e+01
-1.377293491325264796e+01 -1.379528626217386744e+01 -1.374442780753242666e+01
-1.000238881217427078e+01 -9.222110969139972525e+00 -9.205897632740352776e+00
-6.964813768407004169e+00 -6.974983614219517847e+00 -7.006095411801019246e+00
-5.323734187957145814e+00 -5.322386483913556177e+00 -5.322443995766525049e+00
-1.674336310765284441e+00 -4.496924852732613886e-01 -9.837602492505308216e-02
-1.650738151527000319e-01 -2.865400180409722886e-01 0.000000000000000000e+00
-6.036583954120062767e-01 -3.611681774475092865e+00 -9.786823979698719422e-02
-9.793066294099384006e-02 0.000000000000000000e+00 0.000000000000000000e+00
0.000000000000000000e+00 0.000000000000000000e+00 0.000000000000000000e+00
-1.999503030202246956e+00 0.000000000000000000e+00 -1.280709981558025845e+00
-2.500000000000000000e-01 -4.587521271567830405e-01 -2.699664843921664725e-01
0.000000000000000000e+00 -3.958779996374881538e+00 0.000000000000000000e+00
0.000000000000000000e+00 0.000000000000000000e+00 0.000000000000000000e+00
-4.022273098100085598e+00 -1.233823687647896544e-01 -1.962714343200923361e-01
-3.942187722902812386e+00 -1.908101098294469056e+00 -7.041677513868385141e-01
-1.763580697887103588e+00 -3.235237874012568127e-01 -9.794624364075081580e-02
-1.528967540930212188e+01 -1.535444064289829313e+01 -1.530807732440785962e+01
-1.609119046170361855e+01 -1.611160226958207886e+01 -1.608918335126689669e+01
-1.563683180064614575e+01 -1.564898538396915662e+01 -1.568783211309122905e+01
-1.286343155889343670e+01 -1.286671885732963538e+01 -1.286060238225407737e+01
-1.123535155007192898e+01 -1.093379938647767702e+01 -1.074940525359598809e+01
-7.451629881634486807e+00 -7.453455633260811730e+00 -7.448335843678688839e+00
-5.562836984969099063e+00 -5.562192572828418946e+00 -5.556547834768663208e+00
-2.491341930859912068e+00 -2.498932079765023406e+00 -2.486398318518704187e+00
-3.138611115639658333e+00 -1.157986229442471010e-01 0.000000000000000000e+00
-2.058457324777628550e+00 -1.780896591198166401e-01 0.000000000000000000e+00
-6.807250337588551803e-01 0.000000000000000000e+00 0.000000000000000000e+00
0.000000000000000000e+00 0.000000000000000000e+00 0.000000000000000000e+00
0.000000000000000000e+00 0.000000000000000000e+00 0.000000000000000000e+00
-1.204366603194399615e-01 -1.952983744232353047e-01 -1.814439583386977750e+00
-2.295462744015242418e+00 -2.006429614086179258e-01 0.000000000000000000e+00
-1.109031518678547990e+00 -1.096785075237382223e+00 -1.119338517128205979e+00
-1.908206077895337582e+00 -5.488241444349457598e-01 -5.388890320638376474e-01
-8.275074131215403028e-01 0.000000000000000000e+00 -1.428361629996836912e+00
-1.501797799918553888e+00 -7.867737056681075591e-01 -3.763911257173750968e+00
-1.948546075450110271e+00 -1.640936323451190226e+00 -9.784700363418520619e-02
-1.119509483939600258e+00 -1.246208506687020157e-01 -1.952216039734246955e-01
-1.067555215582764028e+01 -9.892808001469724388e+00 -1.035350990966213303e+01
-1.112876052893012790e+01 -1.176696992724589563e+01 -1.113396264373532318e+01
-1.062997802873886855e+01 -1.064411335452706986e+01 -1.075965451024763020e+01
-8.979010030809494225e+00 -8.989124988510166503e+00 -8.926816535830065291e+00
-6.298089825813317333e+00 -6.327132425713573483e+00 -6.301227095975900916e+00
-4.171486931625685735e+00 -4.170400626142170886e+00 -4.170502516169810825e+00
-1.360835185263897129e+00 -3.480465630603456706e+00 -1.416647949221997216e+00
-1.772112757911554759e+00 -9.249890099704589641e-01 -1.691388426950906076e+00
-2.351347009614049632e+00 0.000000000000000000e+00 0.000000000000000000e+00
-1.161268554154746502e+00 -3.367387520131079337e-01 -9.784323211997382475e-02
0.000000000000000000e+00 0.000000000000000000e+00 0.000000000000000000e+00
0.000000000000000000e+00 0.000000000000000000e+00 0.000000000000000000e+00
0.000000000000000000e+00 0.000000000000000000e+00 0.000000000000000000e+00
0.000000000000000000e+00 0.000000000000000000e+00 0.000000000000000000e+00
0.000000000000000000e+00 0.000000000000000000e+00 0.000000000000000000e+00
-6.705257904181445294e-01 -9.793226083391122494e-02 0.000000000000000000e+00
0.000000000000000000e+00 0.000000000000000000e+00 0.000000000000000000e+00
-4.257954323270609631e-01 0.000000000000000000e+00 0.000000000000000000e+00
-3.877707240863188964e+00 0.000000000000000000e+00 0.000000000000000000e+00
-1.339047097452227275e+00 0.000000000000000000e+00 -3.770589269256389375e+00
-9.784538807920067915e-02 0.000000000000000000e+00 0.000000000000000000e+00
-1.934145281345714118e-01 -3.224012708010207451e+00 -9.835725591031414805e-02
0.000000000000000000e+00 0.000000000000000000e+00 0.000000000000000000e+00
-2.413914835080571919e+00 0.000000000000000000e+00 0.000000000000000000e+00
0.000000000000000000e+00 0.000000000000000000e+00 0.000000000000000000e+00
0.000000000000000000e+00 0.000000000000000000e+00 0.000000000000000000e+00
0.000000000000000000e+00 -2.902168353607899043e+00 0.000000000000000000e+00
-6.297410609634077616e+00 -9.835788256825880871e-02 0.000000000000000000e+00
-6.981689807459817709e-01 -9.792741835765528258e-02 0.000000000000000000e+00
-3.652510756331421859e-01 0.000000000000000000e+00 0.000000000000000000e+00
0.000000000000000000e+00 0.000000000000000000e+00 0.000000000000000000e+00
0.000000000000000000e+00 0.000000000000000000e+00 0.000000000000000000e+00
0.000000000000000000e+00 0.000000000000000000e+00 0.000000000000000000e+00
0.000000000000000000e+00 0.000000000000000000e+00 0.000000000000000000e+00
0.000000000000000000e+00 0.000000000000000000e+00 0.000000000000000000e+00
0.000000000000000000e+00 0.000000000000000000e+00 0.000000000000000000e+00
0.000000000000000000e+00 0.000000000000000000e+00 0.000000000000000000e+00
0.000000000000000000e+00 0.000000000000000000e+00 0.000000000000000000e+00
0.000000000000000000e+00 0.000000000000000000e+00 0.000000000000000000e+00
0.000000000000000000e+00 0.000000000000000000e+00 0.000000000000000000e+00
0.000000000000000000e+00 0.000000000000000000e+00 0.000000000000000000e+00
0.000000000000000000e+00 0.000000000000000000e+00 0.000000000000000000e+00
0.000000000000000000e+00 0.000000000000000000e+00 0.000000000000000000e+00
0.000000000000000000e+00 0.000000000000000000e+00 0.000000000000000000e+00
0.000000000000000000e+00 0.000000000000000000e+00 0.000000000000000000e+00
0.000000000000000000e+00 0.000000000000000000e+00 0.000000000000000000e+00
0.000000000000000000e+00 0.000000000000000000e+00 0.000000000000000000e+00
0.000000000000000000e+00 0.000000000000000000e+00 0.000000000000000000e+00
0.000000000000000000e+00 0.000000000000000000e+00 0.000000000000000000e+00
0.000000000000000000e+00 0.000000000000000000e+00 0.000000000000000000e+00
0.000000000000000000e+00 0.000000000000000000e+00 0.000000000000000000e+00
