0.000000000000000000e+00 0.000000000000000000e+00 0.000000000000000000e+00
0.000000000000000000e+00 0.000000000000000000e+00 0.000000000000000000e+00
-2.893155798666343093e-01 0.000000000000000000e+00 0.000000000000000000e+00
-1.591350619959159118e+01 -1.586240495068897971e+01 -1.586163778158919158e+01
-1.900660126010395956e+01 -1.897217867212887654e+01 -1.900376694906038466e+01
-1.903329857552642324e+01 -1.904243821087034050e+01 -1.904202666311641678e+01
-1.906654093526113414e+01 -1.904378767922126769e+01 -1.905381853710433049e+01
-1.903579537856738213e+01 -1.903700045642371208e+01 -1.904353217338050186e+01
-1.904964248827087658e+01 -1.904952654943846113e+01 -1.904952356756902176e+01
-1.908081996790979673e+01 -1.908297051798527022e+01 -1.906590454659717437e+01
-1.903343334953257227e+01 -1.903749711530669231e+01 -1.885262121486342934e+01
-1.890486814781277403e+01 -1.893069712522397907e+01 -1.869609782586424274e+01
-1.846923096521702234e+01 -1.891501533800678914e+01 -1.887271155307795212e+01
-9.931888294172863674e-02 0.000000000000000000e+00 0.000000000000000000e+00
-5.534091874934625732e-01 -1.129042616478710126e-01 0.000000000000000000e+00
-1.012921276368579787e-01 -9.928774128487784234e-02 0.000000000000000000e+00
-7.715303202473499100e-01 0.000000000000000000e+00 0.000000000000000000e+00
-1.302804765772282103e+01 -7.354350332150933589e+00 -9.945328247316742587e-02
-4.536489672967563003e-01 -9.936840460689777554e-02 -9.929541397963995153e-02
0.000000000000000000e+00 0.000000000000000000e+00 0.000000000000000000e+00
0.000000000000000000e+00 0.000000000000000000e+00 0.000000000000000000e+00
0.000000000000000000e+00 0.000000000000000000e+00 0.000000000000000000e+00
-4.244795227189170461e+00 -2.497078046012843444e+00 -4.001412432527676089e+00
-1.846919702398940188e+01 -1.828037346399273488e+01 -1.828038108684175711e+01
-1.907504320970807399e+01 -1.909731494426173271e+01 -1.907893449955582810e+01
-1.915546879854106876e+01 -1.915150708065088381e+01 -1.915111447231849695e+01
-1.915372266804569890e+01 -1.915264006191687685e+01 -1.915254450565764444e+01
-1.915989046590180322e+01 -1.916004588357068528e+01 -1.915983904641080215e+01
-1.915973186615562085e+01 -1.915915943126404741e+01 -1.916186709342947836e+01
-1.912327155110230947e+01 -1.912571911596887020e+01 -1.912292213211566860e+01
-1.905901075326780614e+01 -1.902448756510764127e+01 -1.907156956085676924e+01
-1.894237135029635155e+01 -1.878915185440435565e+01 -1.890244406271948563e+01
-1.873127772717049666e+01 -1.866903027402912230e+01 -1.836329820627064535e+01
-1.866354520090359514e+01 -1.862650144588759815e+01 -1.817449883725917203e+01
-1.081217349745907441e+01 -4.342383898963801947e+00 -3.497163151817969329e+00
-2.147321597629658907e+00 -1.116219882738060276e+00 -8.415145179485620242e-01
-1.040202141178385098e+01 -7.117161084946694416e+00 -7.070838057064201543e+00
-9.935879654771928582e-02 -1.981323669546826149e-01 -9.933112384523130889e-02
-9.933623342698101599e-02 -9.930656309465629716e-02 -5.262251292266493685e+00
0.000000000000000000e+00 0.000000000000000000e+00 0.000000000000000000e+00
0.000000000000000000e+00 0.000000000000000000e+00 0.000000000000000000e+00
0.000000000000000000e+00 0.000000000000000000e+00 0.000000000000000000e+00
-1.129751961235282920e+01 -1.295421328911283254e+01 -1.245239228098726336e+01
-1.849744053145142075e+01 -1.854691097415238232e+01 -1.854513331658307962e+01
-1.912928914580224671e+01 -1.912617236642217122e+01 -1.912925660571313813e+01
-1.920029497085499059e+01 -1.919951186941518984e+01 -1.920251312606629313e+01
-1.922986237004005261e+01 -1.923105571675166559e+01 -1.922992426530947796e+01
-1.923906180207092831e+01 -1.923956154327282064e+01 -1.923948827574853837e+01
-1.923918688312856062e+01 -1.923873487543202287e+01 -1.923918320024191786e+01
-1.921066553762925011e+01 -1.921175883357396685e+01 -1.921029167253373870e+01
-1.914141192336824915e+01 -1.914303404465072589e+01 -1.912252127840739746e+01
-1.905611879340705528e+01 -1.904287918707945337e+01 -1.898550205258868573e+01
-1.891647357941323193e+01 -1.870580286071227150e+01 -1.889197495258120441e+01
-1.861451157005544488e+01 -1.835119492721074508e+01 -1.864468755800879052e+01
-1.824534567704581889e+01 -1.805774894522287255e+01 -1.827680381844563939e+01
-2.096775514999830392e+00 -5.622614850152642063e+00 -1.979231864681912367e-01
-6.389591772504053857e+00 -1.362708923668616556e+01 0.000000000000000000e+00
-3.929927847571210275e+00 -9.924396589453853001e-02 0.000000000000000000e+00
-1.541537966345957467e-01 0.000000000000000000e+00 0.000000000000000000e+00
0.000000000000000000e+00 0.000000000000000000e+00 0.000000000000000000e+00
0.000000000000000000e+00 0.000000000000000000e+00 0.000000000000000000e+00
-9.945810381014461021e-02 -9.936659877204011282e-02 -1.980958221573538569e-01
-1.601412548741160435e+01 -1.602442414058727849e+01 -1.690147219400749989e+01
-1.877401108232940175e+01 -1.882510777846211525e+01 -1.882954670143863041e+01
-1.918999375218703562e+01 -1.919004120361155685e+01 -1.918967317683713958e+01
-1.926360755247320000e+01 -1.926526519750181876e+01 -1.926346856851164802e+01
-1.929374468924549646e+01 -1.929317245427378680e+01 -1.929346813679705974e+01
-1.935991504148738684e+01 -1.935987997091234192e+01 -1.936007284599979528e+01
-1.938517306173474708e+01 -1.938519157837921014e+01 -1.938506470080225697e+01
-1.936129772543106853e+01 -1.935972144825846186e+01 -1.935790155372708199e+01
-1.932703053160742712e+01 -1.932264838131652951e+01 -1.927619622782728825e+01
-1.926408971622186783e+01 -1.925727821883066326e+01 -1.907361007956860632e+01
-1.907071853098963743e+01 -1.885893290938779288e+01 -1.908413880612343405e+01
-1.877614925269481816e+01 -1.879048400782464867e+01 -1.854492072097697175e+01
-1.823209229899196160e+01 -1.804880216177576457e+01 -1.821103510681751914e+01
-1.785324770261270899e+01 -1.803950488506103866e+01 -1.765061408883025251e+01
-9.928620188559555970e-02 -9.949113367030053279e-02 0.000000000000000000e+00
-1.744110950188748843e+00 0.000000000000000000e+00 0.000000000000000000e+00
-1.354641607550601989e+01 -3.526555942281636158e-01 -9.938914816768333604e-02
0.000000000000000000e+00 0.000000000000000000e+00 0.000000000000000000e+00
0.000000000000000000e+00 0.000000000000000000e+00 0.000000000000000000e+00
-1.780202245001243799e+00 -1.977584072880338439e-01 -1.977888335585584745e-01
-1.701210600802310680e+01 -1.747722356937435961e+01 -1.761815657591307982e+01
-1.894890780096420713e+01 -1.895734981402379304e+01 -1.895773456631725296e+01
-1.926808259086306307e+01 -1.926739725539501791e+01 -1.926984917443620304e+01
-1.931927842024848019e+01 -1.931940934353280781e+01 -1.932007289917820003e+01
-1.938751860629305313e+01 -1.938778915438046724e+01 -1.938739753363196172e+01
-1.946863776894164388e+01 -1.946889892118017329e+01 -1.946883907358645871e+01
-1.951288761219765533e+01 -1.951290777268545540e+01 -1.951285511511767723e+01
-1.949992109395045503e+01 -1.949973355630224958e+01 -1.949815645110091467e+01
-1.944832068947371795e+01 -1.944905290977384382e+01 -1.943896691072720984e+01
-1.936209526849373574e+01 -1.936785421920931327e+01 -1.931584179220205399e+01
-1.920008024231533739e+01 -1.919249015009029691e+01 -1.905403889277466334e+01
-1.898426288831410247e+01 -1.896795309724796752e+01 -1.873125301663856845e+01
-1.853605620326310799e+01 -1.848566146018815815e+01 -1.839876535872392083e+01
-1.779259182757144586e+01 -1.732707616507949311e+01 -1.786841938963862120e+01
-1.801120166502190401e+01 -1.763440658961331664e+01 -1.697005239687167588e+01
-9.939885342337718976e-02 0.000000000000000000e+00 0.000000000000000000e+00
-9.931953208421978596e-02 -9.931759037285203817e-02 -1.975702699186586420e-01
-1.494098359392475872e-01 0.000000000000000000e+00 0.000000000000000000e+00
0.000000000000000000e+00 0.000000000000000000e+00 0.000000000000000000e+00
-5.432165256996371872e-01 0.000000000000000000e+00 -8.825892908918094193e+00
-1.711387175891789880e+01 -1.711932144869625105e+01 -1.804380930009451944e+01
-1.901259983557764599e+01 -1.901292119400210723e+01 -1.901238446661993109e+01
-1.932218333027014623e+01 -1.932192858944000236e+01 -1.932225561736279573e+01
-1.935896370133936983e+01 -1.935909975843220820e+01 -1.935886581195022416e+01
-1.946912582705060402e+01 -1.946945294957014028e+01 -1.946983120099209685e+01
-1.957196568139793413e+01 -1.957315920850186686e+01 -1.957404034933816206e+01
-1.964185304156350043e+01 -1.964230535482695217e+01 -1.963842758685261103e+01
-1.962935798693948541e+01 -1.962870956038615589e+01 -1.962695876520906779e+01
-1.959475572635932039e+01 -1.959022561258355921e+01 -1.958369670700575682e+01
-1.953856536660492083e+01 -1.951275706321861492e+01 -1.950032638453812339e+01
-1.935121319531876338e+01 -1.935023683891078505e+01 -1.934133871337788690e+01
-1.914622336516931256e+01 -1.913827611066168188e+01 -1.902932570136676205e+01
-1.883723360871014307e+01 -1.862330884654588203e+01 -1.881106562376785618e+01
-1.816002824449375552e+01 -1.816578411520633196e+01 -1.796990738984625935e+01
-1.771586871567410171e+01 -1.730356960767545615e+01 -1.688587611384958009e+01
-6.990906753122973605e+00 -5.918873969915518174e+00 -5.871512839327705180e+00
-1.483105880889795891e+01 -9.899392813177826378e-02 -9.895492638689470932e-02
0.000000000000000000e+00 0.000000000000000000e+00 0.000000000000000000e+00
0.000000000000000000e+00 0.000000000000000000e+00 0.000000000000000000e+00
-9.845867476583441302e+00 -4.957196080407319627e+00 -5.091589963729090229e+00
-1.698790140298074292e+01 -1.698660584492072800e+01 -1.786480423046695876e+01
-1.889541026025789705e+01 -1.896322892330246290e+01 -1.896635725593038657e+01
-1.935840805105572571e+01 -1.936161328097607282e+01 -1.936245351093347367e+01
-1.938043108564788852e+01 -1.938067068016906802e+01 -1.938048865960862344e+01
-1.950331329386961698e+01 -1.950338843529047850e+01 -1.950327143146473929e+01
-1.961766477835746514e+01 -1.962097245497635001e+01 -1.962475391045614259e+01
-1.970995478451047944e+01 -1.972363418123700285e+01 -1.972404382386946864e+01
-1.987891740363937387e+01 -1.988621918521304721e+01 -1.987492475599383468e+01
-1.987659625044712186e+01 -1.987169807961137025e+01 -1.983984047931763683e+01
-1.974863246958454255e+01 -1.974537678021874143e+01 -1.972092187545356268e+01
-1.953705556179138014e+01 -1.954009878775720921e+01 -1.946433071111589896e+01
-1.929664157858054097e+01 -1.929625809410831039e+01 -1.926330866949241027e+01
-1.895697733177528121e+01 -1.892949124095231284e+01 -1.871889939736851005e+01
-1.846686912177824169e+01 -1.853225890767227924e+01 -1.821075438635244836e+01
-1.773362801057923832e+01 -1.765061716347087639e+01 -1.731266043801628030e+01
-1.715998769136526647e+01 -1.712597849677997530e+01 -1.697432596793206372e+01
-9.692596282433903809e+00 -1.083492258583910406e+00 -3.676533314368320426e-01
-1.210982649474312278e-01 0.000000000000000000e+00 0.000000000000000000e+00
0.000000000000000000e+00 0.000000000000000000e+00 0.000000000000000000e+00
-6.594163879890819757e-01 -8.772405126711197099e+00 -9.931937493304454634e-02
-1.692544609786742171e+01 -1.698980369743187779e+01 -1.699481985829431352e+01
-1.852352951208338183e+01 -1.879455946869898497e+01 -1.880514699294113257e+01
-1.928824155276765850e+01 -1.930539152967300254e+01 -1.930629423768172970e+01
-1.938204954227008514e+01 -1.938191555709657621e+01 -1.938247439076743461e+01
-1.950951988863373288e+01 -1.950954487535168269e+01 -1.951040002541612495e+01
-1.962339978924553563e+01 -1.962337871139937562e+01 -1.962339205997873037e+01
-1.973284394114370599e+01 -1.973808318180979171e+01 -1.973888067380934075e+01
-1.980941638807052740e+01 -1.986608014225772578e+01 -1.986656313578725985e+01
-1.988810799145613117e+01 -1.988932565006258457e+01 -1.984855412544496645e+01
-1.979086262100712545e+01 -1.978767758257010456e+01 -1.978380402289219120e+01
-1.967784644650229353e+01 -1.967075269659860837e+01 -1.966020598918259665e+01
-1.945205667483493528e+01 -1.945223669572276748e+01 -1.944692373964206311e+01
-1.909300727201807746e+01 -1.900100946335174967e+01 -1.894584976486801864e+01
-1.855761452287889668e+01 -1.860773124920857313e+01 -1.832912232754025794e+01
-1.782438482312409889e+01 -1.765110116592304124e+01 -1.708256810324797925e+01
-1.734093865909171939e+01 -1.696981175750000048e+01 -1.656427214686757665e+01
-1.443292208048728575e+01 -2.913514928595398956e+00 0.000000000000000000e+00
0.000000000000000000e+00 0.000000000000000000e+00 0.000000000000000000e+00
0.000000000000000000e+00 0.000000000000000000e+00 0.000000000000000000e+00
-5.104543878197661755e+00 0.000000000000000000e+00 0.000000000000000000e+00
-1.595177860782617962e+01 -1.594935602014785836e+01 -1.711372179232655810e+01
-1.805208614344524420e+01 -1.840520582088480239e+01 -1.840741648052161139e+01
-1.897230796947838272e+01 -1.905996470050785518e+01 -1.909321535445569751e+01
-1.934779693762521902e+01 -1.934654539232421300e+01 -1.936541602525871042e+01
-1.948269215828384660e+01 -1.948319047677352245e+01 -1.948313885148891700e+01
-1.958413558448407699e+01 -1.958667778033347417e+01 -1.958785139233955874e+01
-1.967986759102910455e+01 -1.967960621800772714e+01 -1.967992882426212731e+01
-1.977629506479254928e+01 -1.978146783402476672e+01 -1.978177128740413337e+01
-1.980013949178169952e+01 -1.980027791149440120e+01 -1.980028054124298365e+01
-1.976963470804247791e+01 -1.976947085369558010e+01 -1.976947157376466535e+01
-1.969248150644957462e+01 -1.968872758087058017e+01 -1.968834457588748066e+01
-1.948454659843159575e+01 -1.948431028655544139e+01 -1.948446235746428457e+01
-1.910939850901141313e+01 -1.909271025720686410e+01 -1.905972759263067573e+01
-1.866036838356784244e+01 -1.858937404581360653e+01 -1.812765437754881859e+01
-1.753032669972402147e+01 -1.748997325089172605e+01 -1.648045715780444809e+01
-1.696389882195624565e+01 -1.600505150474037563e+01 -1.659441636775610718e+01
-9.905066458359940151e-02 0.000000000000000000e+00 0.000000000000000000e+00
0.000000000000000000e+00 0.000000000000000000e+00 0.000000000000000000e+00
0.000000000000000000e+00 0.000000000000000000e+00 0.000000000000000000e+00
-6.377010609416565723e-01 -1.376206343404315824e+01 -5.135837271567819107e-01
-1.575989509599390104e+01 -1.450428067638428686e+01 -1.529029058965411814e+01
-1.784622452251653968e+01 -1.803786413754209406e+01 -1.785049782016281839e+01
-1.860825076230198505e+01 -1.884688719551510161e+01 -1.885795684008829554e+01
-1.919151092877452314e+01 -1.919078182556562595e+01 -1.919111783549979577e+01
-1.935373629976051291e+01 -1.935754717741428976e+01 -1.935587005310902597e+01
-1.951342637420867021e+01 -1.951540977814740785e+01 -1.951639104464728547e+01
-1.960305742920942151e+01 -1.960440340671666348e+01 -1.960384755089597419e+01
-1.967048424048660138e+01 -1.967122576037431614e+01 -1.967082468100534243e+01
-1.968945281784306545e+01 -1.968948880903259280e+01 -1.968951229175372220e+01
-1.966889961497165729e+01 -1.966906424916667362e+01 -1.966892335521360735e+01
-1.960605274692568045e+01 -1.960535714836389332e+01 -1.960526646622703240e+01
-1.943988613719210790e+01 -1.943859658660507250e+01 -1.943926102236473952e+01
-1.908906905212173655e+01 -1.909671674642309824e+01 -1.899893697715530649e+01
-1.841685830749988284e+01 -1.842929968543580799e+01 -1.771929041666073701e+01
-1.743990077929781179e+01 -1.703252449653305334e+01 -1.576249839254411356e+01
-1.654143640482966049e+01 -1.626582001566636393e+01 -1.534319339373506175e+01
-1.548919365981742402e-01 -9.930430667186193605e-02 -9.924118867757988904e-02
0.000000000000000000e+00 0.000000000000000000e+00 0.000000000000000000e+00
0.000000000000000000e+00 0.000000000000000000e+00 0.000000000000000000e+00
0.000000000000000000e+00 0.000000000000000000e+00 0.000000000000000000e+00
-7.040208608285654535e+00 -1.798356451213389606e+00 -3.586943464254589986e-01
-1.753956988775923165e+01 -1.781115261010345918e+01 -1.774963079627084639e+01
-1.830939695293736591e+01 -1.840360289740882749e+01 -1.841814722292329876e+01
-1.874469672428564238e+01 -1.887966923571465117e+01 -1.888666869295436612e+01
-1.916320173569737761e+01 -1.916395634377634138e+01 -1.916264893332248676e+01
-1.935114204801656257e+01 -1.935146350732800968e+01 -1.935260472880980487e+01
-1.944657219963695738e+01 -1.944600086401746353e+01 -1.944716174844031542e+01
-1.953946106480811551e+01 -1.954437354697590834e+01 -1.954288239863187826e+01
-1.956118732559786011e+01 -1.956123284118008243e+01 -1.956125282104334318e+01
-1.952867178555029071e+01 -1.952744034610938684e+01 -1.952846185764870768e+01
-1.945185185641745917e+01 -1.945088995137696486e+01 -1.945166372979407043e+01
-1.932005589441660476e+01 -1.932176144587479882e+01 -1.931287861828775476e+01
-1.885962758858367039e+01 -1.884347261518566086e+01 -1.860151724605333712e+01
-1.761062419701375958e+01 -1.763311536643669797e+01 -1.691322120556431585e+01
-1.661947968985919388e+01 -1.615159782418827916e+01 -1.420545202562264109e+01
-1.429497294277526720e+01 -1.607956966371445162e+01 -1.608159783865864867e+01
-3.011447017717970853e-01 -2.391311858298103554e-01 0.000000000000000000e+00
0.000000000000000000e+00 0.000000000000000000e+00 0.000000000000000000e+00
0.000000000000000000e+00 0.000000000000000000e+00 0.000000000000000000e+00
-1.342334285659510051e+01 0.000000000000000000e+00 0.000000000000000000e+00
-9.895526098912423019e-02 -9.900850732661432840e-02 0.000000000000000000e+00
-1.129067862918124376e+01 -1.141948508925489847e+01 -1.116497982998036775e+01
-1.811606912090266519e+01 -1.811843779519048070e+01 -1.811668530889913242e+01
-1.856827410999391503e+01 -1.863218915005103327e+01 -1.863621061845274340e+01
-1.882306915838106320e+01 -1.888687970525993975e+01 -1.888089937944969421e+01
-1.912727896786796933e+01 -1.914486975873352392e+01 -1.913420974854396661e+01
-1.927990187287321078e+01 -1.927815895835065874e+01 -1.928145533954646851e+01
-1.935967962266338915e+01 -1.936018064266758287e+01 -1.935994570646449375e+01
-1.939375825394606778e+01 -1.939455278415649886e+01 -1.939401416721670657e+01
-1.938614761926016072e+01 -1.938630754306470294e+01 -1.938614105562551870e+01
-1.931786361323565870e+01 -1.931782183552413201e+01 -1.931524692339592519e+01
-1.911353109249506588e+01 -1.910906725469573786e+01 -1.895118507278659692e+01
-1.862526798634399583e+01 -1.809016382422431946e+01 -1.856081491582813925e+01
-1.685734707421971734e+01 -1.609800245558434995e+01 -1.531133783650300906e+01
-1.556094941593524617e+01 -1.507931427200243846e+01 -1.260150017847101012e+01
-3.230725322044344594e+00 -2.506492732705105642e+00 -2.479504738865986990e+00
-6.572075348973818176e-01 -1.052820546038977512e-01 -9.898711374197356749e-02
0.000000000000000000e+00 0.000000000000000000e+00 0.000000000000000000e+00
0.000000000000000000e+00 0.000000000000000000e+00 0.000000000000000000e+00
-2.784829700374989780e+00 0.000000000000000000e+00 0.000000000000000000e+00
-9.947583614631529125e-02 0.000000000000000000e+00 0.000000000000000000e+00
0.000000000000000000e+00 0.000000000000000000e+00 0.000000000000000000e+00
-1.419428732316677966e+01 -1.715065255737115990e+01 -1.716511636460084134e+01
-1.800587114250199861e+01 -1.800705365086910348e+01 -1.800811129462957894e+01
-1.855007234975874297e+01 -1.855166618280781066e+01 -1.855055856829354965e+01
-1.882275913034564496e+01 -1.878183809619276445e+01 -1.883016321224297585e+01
-1.897283124273892341e+01 -1.897180918983495701e+01 -1.897375706872212575e+01
-1.910035110645626588e+01 -1.909810681869485194e+01 -1.909753019129543716e+01
-1.914573358212570753e+01 -1.914871347430079851e+01 -1.914580591439700896e+01
-1.911976305374674112e+01 -1.911877079195031826e+01 -1.911923395534025971e+01
-1.908498476892129148e+01 -1.908270678790684372e+01 -1.902849210746315123e+01
-1.887293720583844703e+01 -1.883932101723505070e+01 -1.852095591109180006e+01
-1.801731442496942748e+01 -1.759926069896499357e+01 -1.557617033670587503e+01
-1.492471722847538018e+01 -1.489404656706684626e+01 -1.283324519596366109e+01
-1.422858152310322666e+01 -1.441949271076736849e+01 -1.112563065299037035e+01
-7.865485959708718999e-01 -9.931500181523141013e-02 -9.924759071206347427e-02
-9.992314695148527548e+00 -1.487601067611056038e+00 -9.928760016120727339e-02
0.000000000000000000e+00 0.000000000000000000e+00 0.000000000000000000e+00
0.000000000000000000e+00 0.000000000000000000e+00 0.000000000000000000e+00
-6.489250235715605442e+00 -5.377908381307454633e-01 0.000000000000000000e+00
0.000000000000000000e+00 0.000000000000000000e+00 0.000000000000000000e+00
-1.285069757821641678e+00 -2.957926958625796132e-01 -1.977631023382572795e-01
-8.213853348916365649e-01 -2.219930656269507030e-01 -9.943669250915584956e-02
-1.681609821909453117e+01 -1.716664751247465759e+01 -1.679179292771067367e+01
-1.777487461096499644e+01 -1.777800828495569618e+01 -1.789422104416187054e+01
-1.834508605746387744e+01 -1.834576644730011097e+01 -1.834419581437823865e+01
-1.863688336185711236e+01 -1.861491159640621618e+01 -1.864087636711223439e+01
-1.878496377184050559e+01 -1.879664524543637327e+01 -1.879740352524138913e+01
-1.883393634567596919e+01 -1.883369904470324840e+01 -1.883371301652289276e+01
-1.889301902282011625e+01 -1.889361818043918717e+01 -1.889383089203203880e+01
-1.886333368968392321e+01 -1.887180739857517864e+01 -1.879645193872998732e+01
-1.804745952995790148e+01 -1.801190740510243060e+01 -1.732122238206994069e+01
-1.450904965599047181e+01 -1.417469831784053191e+01 -1.314411515596120594e+01
-1.310266144312856618e+01 -1.082062394570386310e+01 -1.332461095557875908e+01
-6.774064810369757161e+00 -5.399597392507472726e+00 -5.370692726982523091e+00
-9.937590422017079927e-02 -9.928229512069630669e-02 0.000000000000000000e+00
-5.588477945004732383e+00 -3.427094961282623475e-01 0.000000000000000000e+00
0.000000000000000000e+00 0.000000000000000000e+00 0.000000000000000000e+00
0.000000000000000000e+00 0.000000000000000000e+00 0.000000000000000000e+00
0.000000000000000000e+00 0.000000000000000000e+00 0.000000000000000000e+00
-1.400234650160023131e+00 0.000000000000000000e+00 0.000000000000000000e+00
-1.396314626988311858e+01 -1.273672727677882754e+01 -2.365611835647372985e+00
-3.278332979948891945e-01 -9.932726754064438723e-02 0.000000000000000000e+00
-6.559578142593828431e+00 -9.936070853487130594e-02 0.000000000000000000e+00
-1.765278914947598565e+01 -1.803609827355252193e+01 -1.722927434465720964e+01
-1.785401539397188841e+01 -1.804671805282040609e+01 -1.844734289500328117e+01
-1.814730872255022120e+01 -1.814881178047873789e+01 -1.834737133898132200e+01
-1.852690571116263030e+01 -1.857063653071963216e+01 -1.852426140283928646e+01
-1.868024654199540180e+01 -1.868251040006772001e+01 -1.870068963262968254e+01
-1.874344082398634015e+01 -1.881342190735304953e+01 -1.884488935282782407e+01
-1.855214947771656142e+01 -1.827215017757035298e+01 -1.811463545456361857e+01
-1.612448035144606706e+01 -1.599182416549781038e+01 -1.477364244491028344e+01
-1.244799482964385007e+01 -1.227461917944973813e+01 -1.061254392479830955e+01
-9.861494234930093583e+00 -9.785634521802098362e+00 -9.104791537095440646e+00
-8.127632579588720318e+00 -9.513281940566713502e+00 -4.925071026428370580e+00
-3.196675054227087198e+00 -9.901319879204839580e-02 0.000000000000000000e+00
-4.441519002125999371e+00 0.000000000000000000e+00 0.000000000000000000e+00
0.000000000000000000e+00 0.000000000000000000e+00 0.000000000000000000e+00
0.000000000000000000e+00 0.000000000000000000e+00 0.000000000000000000e+00
-1.021996477745585746e-01 -9.931442692294198404e-02 0.000000000000000000e+00
-5.134998384736534582e+00 -1.361043610990869901e+00 -8.228967783340568332e-01
-1.319940105017166410e+01 -4.349061868357945393e+00 0.000000000000000000e+00
-2.084000335848427810e+00 -1.011424783638899205e+00 -1.981635378437118788e-01
-1.108194002503871539e-01 -9.895499973905901026e-02 -9.928105874751809445e-02
-1.033801039087750340e+01 -1.832197168388255859e+00 -3.486073631707017340e-01
-1.807643148046991755e+01 -1.796601802900530487e+01 -1.818815626074556846e+01
-1.822429829883529706e+01 -1.844431255948303416e+01 -1.848312957831572589e+01
-1.856891093701720408e+01 -1.869101725089743837e+01 -1.871519008164779052e+01
-1.886296049735842928e+01 -1.887290921671544908e+01 -1.895410321341574544e+01
-1.827350212979337840e+01 -1.820582686829842345e+01 -1.733534368197205922e+01
-1.755371042213382893e+01 -1.753273143987057026e+01 -1.716728600047027697e+01
-1.352328677514518773e+01 -1.368285761157257241e+01 -1.194095279607940441e+01
-1.097414446141632816e+01 -1.023262521489433396e+01 -8.670534508037833987e+00
-1.411078363923573775e+01 -2.088166484832548964e+00 -2.081257878161981267e+00
0.000000000000000000e+00 0.000000000000000000e+00 -1.452725624875623112e+01
-3.498248508224985343e-01 -9.925403058656936950e-02 -9.924930741517769273e-02
0.000000000000000000e+00 0.000000000000000000e+00 0.000000000000000000e+00
-9.077633219633298722e-01 0.000000000000000000e+00 0.000000000000000000e+00
0.000000000000000000e+00 0.000000000000000000e+00 0.000000000000000000e+00
0.000000000000000000e+00 0.000000000000000000e+00 0.000000000000000000e+00
-2.620655727237438892e+00 -9.928692643064400414e-02 0.000000000000000000e+00
-9.948032577086808603e-02 -9.927590340955025350e-02 0.000000000000000000e+00
0.000000000000000000e+00 0.000000000000000000e+00 0.000000000000000000e+00
-3.673475076750687407e-01 -4.604969261318123119e-01 -8.430434943876176090e-01
0.000000000000000000e+00 -5.290447999011038682e+00 0.000000000000000000e+00
-9.934078921849502641e-02 -9.931563257876303841e-02 -5.445654127132771194e+00
-1.845749728296187087e+01 -1.836033556815926815e+01 -1.836917375477588621e+01
-1.855771368785230990e+01 -1.858408501409282820e+01 -1.858708700895793342e+01
-1.870946431923196940e+01 -1.876505914952518950e+01 -1.875864485249327629e+01
-1.686474866306866360e+01 -1.679747669524699560e+01 -1.651621052827529823e+01
-1.637080439964856993e+01 -1.637683614164177470e+01 -1.636950905574816417e+01
-1.127746387572578257e+01 -1.145057944382553394e+01 -9.327888465619643910e+00
-6.695296094588025326e+00 -6.656250191546797979e+00 -6.652169913002974333e+00
-1.340349334416838678e+00 -6.889770528572545238e+00 -1.369701565410990973e+00
-7.070995536693911454e-01 -6.075841742151526503e-01 -6.189438197532856067e-01
-2.477991409184432670e-01 -2.961148241257768321e-01 -1.983059707189304133e-01
-9.946206052577301338e-02 -9.934439281942053501e-02 -9.930794155079793184e-02
0.000000000000000000e+00 0.000000000000000000e+00 0.000000000000000000e+00
0.000000000000000000e+00 0.000000000000000000e+00 0.000000000000000000e+00
-2.278025637361857925e+00 -1.980998979438263752e-01 0.000000000000000000e+00
-1.094425274367367473e+00 -2.460711321818426778e-01 -2.711294682275564583e-01
-1.127504352343168037e+00 -3.245713890945315927e-01 -3.333358708071467724e-01
-6.028041433120610026e-01 -9.897427020900551042e-02 0.000000000000000000e+00
-1.117793860081406632e-01 -9.899607055523644561e-02 0.000000000000000000e+00
-1.029308628482457522e+00 -9.937958369436664108e-02 0.000000000000000000e+00
-9.933095658437741948e-02 0.000000000000000000e+00 0.000000000000000000e+00
-2.883940565876764950e+00 -1.652545079798185323e+00 0.000000000000000000e+00
-1.559460053682703773e+01 -1.592881741653588001e+01 -1.563484974324420484e+01
-1.369096388112234841e+01 -1.377325064336610794e+01 -1.372140088778120770e+01
-1.534136571831247942e+01 -1.534153485889158297e+01 -1.534198309924853376e+01
-1.568095375087583498e+01 -1.594200110673736681e+01 -1.568425599533082249e+01
-1.082409563406978492e+01 -1.057315827794349339e+01 -7.617103025909597314e+00
-9.638750225550026585e+00 -5.420711935664027870e+00 -5.418549702106205679e+00
-1.388946827590306121e+01 -1.366990772998122772e+01 -1.358007584088485942e+01
-9.894118871301095519e-02 -9.899247737610061826e-02 0.000000000000000000e+00
-9.718613333014017863e-01 -2.154326611959314908e-01 0.000000000000000000e+00
-5.391162229047883336e+00 -3.329311397552799701e+00 -1.720782699926658443e-01
0.000000000000000000e+00 0.000000000000000000e+00 0.000000000000000000e+00
0.000000000000000000e+00 0.000000000000000000e+00 0.000000000000000000e+00
-9.928499296667497864e-02 0.000000000000000000e+00 0.000000000000000000e+00
-1.039870737291659575e+00 -2.864430563163770094e-01 -1.959518969795694121e-01
-6.115585409046438992e-01 -2.310527467069741214e-01 -9.926245060121501040e-02
-9.929495903624513398e-02 -9.928048274143819185e-02 0.000000000000000000e+00
-9.893599373901162952e-02 -9.894250755151928756e-02 -3.641001491153779135e+00
-9.944461611347989172e-02 0.000000000000000000e+00 0.000000000000000000e+00
-1.437551973272299888e+00 0.000000000000000000e+00 0.000000000000000000e+00
-8.880264834978324195e-01 -9.946134891289545865e-02 -1.973876571259399193e-01
-9.928738995693343894e-02 0.000000000000000000e+00 0.000000000000000000e+00
-8.804830059527933628e+00 -2.035228758861348908e+00 -9.940974610818624491e-02
-4.674848508301344130e-01 0.000000000000000000e+00 0.000000000000000000e+00
-1.262009924703132169e-01 -1.447629011182007730e+01 -9.925005026427559385e-02
-1.620540703231333202e-01 0.000000000000000000e+00 0.000000000000000000e+00
-9.900152408471511734e-02 -9.931855439997776258e-02 -9.904135828891555415e-02
0.000000000000000000e+00 0.000000000000000000e+00 0.000000000000000000e+00
0.000000000000000000e+00 0.000000000000000000e+00 0.000000000000000000e+00
-9.930571008837195401e-02 0.000000000000000000e+00 0.000000000000000000e+00
0.000000000000000000e+00 0.000000000000000000e+00 0.000000000000000000e+00
0.000000000000000000e+00 0.000000000000000000e+00 0.000000000000000000e+00
0.000000000000000000e+00 0.000000000000000000e+00 0.000000000000000000e+00
0.000000000000000000e+00 0.000000000000000000e+00 0.000000000000000000e+00
0.000000000000000000e+00 0.000000000000000000e+00 0.000000000000000000e+00
0.000000000000000000e+00 0.000000000000000000e+00 0.000000000000000000e+00
0.000000000000000000e+00 0.000000000000000000e+00 0.000000000000000000e+00
0.000000000000000000e+00 0.000000000000000000e+00 0.000000000000000000e+00
0.000000000000000000e+00 0.000000000000000000e+00 0.000000000000000000e+00
0.000000000000000000e+00 0.000000000000000000e+00 0.000000000000000000e+00
0.000000000000000000e+00 0.000000000000000000e+00 0.000000000000000000e+00
0.000000000000000000e+00 0.000000000000000000e+00 0.000000000000000000e+00
0.000000000000000000e+00 0.000000000000000000e+00 0.000000000000000000e+00
0.000000000000000000e+00 0.000000000000000000e+00 0.000000000000000000e+00
0.000000000000000000e+00 0.000000000000000000e+00 0.000000000000000000e+00
0.000000000000000000e+00 0.000000000000000000e+00 0.000000000000000000e+00
0.000000000000000000e+00 0.000000000000000000e+00 0.000000000000000000e+00
0.000000000000000000e+00 0.000000000000000000e+00 0.000000000000000000e+00
0.000000000000000000e+00 0.000000000000000000e+00 0.000000000000000000e+00
0.000000000000000000e+00 0.000000000000000000e+00 0.000000000000000000e+00
0.000000000000000000e+00 0.000000000000000000e+00 0.000000000000000000e+00
0.000000000000000000e+00 0.000000000000000000e+00 0.000000000000000000e+00
