0.000000000000000000e+00 0.000000000000000000e+00 0.000000000000000000e+00
-2.035589928185898678e+00 -2.031797123319021292e+00 0.000000000000000000e+00
-2.459730885721771454e+00 -1.918422059474115704e+00 0.000000000000000000e+00
-1.796763926152277335e+01 -1.795003139032556305e+01 -1.811947431380498585e+01
-1.833403795977831763e+01 -1.834668855150995981e+01 -1.832906952749680585e+01
-1.847660747059010333e+01 -1.848070866229807052e+01 -1.844366712366796079e+01
-1.875666396824081161e+01 -1.875898226625059095e+01 -1.867881016530433413e+01
-1.871918560527196718e+01 -1.871427127871584872e+01 -1.864403448056378210e+01
-1.866603650123147773e+01 -1.866363734683711328e+01 -1.858662205063164308e+01
-1.867574832468520185e+01 -1.867207961650058223e+01 -1.863960868160114259e+01
-1.882479457049324978e+01 -1.867194555895785157e+01 -1.828087197337084646e+01
-1.858178881930095372e+01 -1.859543109511930581e+01 -1.807502448092487057e+01
-1.848761952158613653e+01 -1.777862896012701199e+01 -1.838848754614970815e+01
-1.969682348346768697e+00 0.000000000000000000e+00 0.000000000000000000e+00
0.000000000000000000e+00 0.000000000000000000e+00 0.000000000000000000e+00
0.000000000000000000e+00 0.000000000000000000e+00 0.000000000000000000e+00
0.000000000000000000e+00 0.000000000000000000e+00 -3.149015892822974561e+00
-4.201549324561531407e+00 -3.841293490995083548e+00 -3.284896242746998762e+00
-4.290466631355288385e+00 -2.840521429390657104e+00 0.000000000000000000e+00
0.000000000000000000e+00 0.000000000000000000e+00 0.000000000000000000e+00
0.000000000000000000e+00 0.000000000000000000e+00 0.000000000000000000e+00
0.000000000000000000e+00 0.000000000000000000e+00 -2.861721378475231781e+00
-9.227101137010592424e+00 -9.642002438199373415e+00 -8.766202745655387929e+00
-1.807832835293427465e+01 -1.806413814659269335e+01 -1.806666559606199840e+01
-1.843351310310293201e+01 -1.844513016040735920e+01 -1.842115921399407341e+01
-1.863422795946804555e+01 -1.860442668898381058e+01 -1.862431871304547926e+01
-1.880411283129301125e+01 -1.880631185347973044e+01 -1.880172668623567844e+01
-1.881301282778679962e+01 -1.893417550958309903e+01 -1.885497682747923420e+01
-1.878438816136637968e+01 -1.878357598685207464e+01 -1.874711921854884622e+01
-1.873023964264273999e+01 -1.872530677020715828e+01 -1.858918536433138158e+01
-1.867113715537580632e+01 -1.864573947050108060e+01 -1.841061453719239438e+01
-1.859789722638413778e+01 -1.836429860887925258e+01 -1.862680377358585559e+01
-1.844902736331028947e+01 -1.765551445677254705e+01 -1.821656287970369448e+01
-1.836407248706396089e+01 -1.840176040748052699e+01 -1.746047751314468854e+01
-1.631574214010211321e+01 -1.612677474021989354e+01 -1.620673910728264389e+01
-4.235978085633277601e+00 -3.452018052029181661e+00 -5.565086127087811363e+00
-3.769087325337372896e+00 0.000000000000000000e+00 0.000000000000000000e+00
-3.540204418360295424e+00 -3.059170271260606366e+00 -2.134842664225185427e+00
-3.040987390460128115e+00 -3.300502740398572499e+00 -2.629636986560457412e+00
0.000000000000000000e+00 0.000000000000000000e+00 0.000000000000000000e+00
0.000000000000000000e+00 0.000000000000000000e+00 0.000000000000000000e+00
-2.647374576071983121e+00 0.000000000000000000e+00 0.000000000000000000e+00
-1.560424350362731616e+01 -1.561096325606293966e+01 -1.549565304626707452e+01
-1.815768000349477873e+01 -1.813565873801274009e+01 -1.814131005074079539e+01
-1.851271353264614561e+01 -1.852196992590371138e+01 -1.854301212333740878e+01
-1.892962216140387710e+01 -1.888200145082383941e+01 -1.891428565305206533e+01
-1.892399540186691809e+01 -1.892531959711858391e+01 -1.890417210261098191e+01
-1.893644117872739230e+01 -1.894099131109022238e+01 -1.893410980710090641e+01
-1.894992897898420736e+01 -1.894503020069070942e+01 -1.885891067605274074e+01
-1.895259593674182597e+01 -1.897607157899850350e+01 -1.888783512550597266e+01
-1.885317051449558079e+01 -1.889695409790639147e+01 -1.886887074543702880e+01
-1.886993801976899121e+01 -1.877824231653835341e+01 -1.867672562764677124e+01
-1.839408332479676034e+01 -1.847160875838874006e+01 -1.810023197875754875e+01
-1.819833919672589673e+01 -1.816748297726794803e+01 -1.752602925196120154e+01
-1.777614888665738491e+01 -1.787759028125086047e+01 -1.705372681876537300e+01
-1.164729055238798416e+01 -1.141697026030828788e+01 -1.144711140151165552e+01
-4.325898879394384444e+00 -2.634293634962922681e+00 -2.474781658883336011e+00
-4.251334574223859519e+00 -3.717768630452466194e+00 -2.763682265391904647e+00
-3.776843548435966369e+00 -3.657275440965124691e+00 -3.332685424840989175e+00
-2.927843190071388157e+00 0.000000000000000000e+00 0.000000000000000000e+00
0.000000000000000000e+00 0.000000000000000000e+00 0.000000000000000000e+00
-3.890656914010070633e+00 -4.015623056145670944e+00 0.000000000000000000e+00
-1.650096175879984628e+01 -1.647817852716990927e+01 -1.661994506076328904e+01
-1.828906221720426828e+01 -1.829470138608968810e+01 -1.826342795859353529e+01
-1.875771510567705391e+01 -1.875373602945382956e+01 -1.873937908848446909e+01
-1.897805892652051796e+01 -1.897249308419199210e+01 -1.895361086270844808e+01
-1.905700507277193267e+01 -1.904733808439745957e+01 -1.903925027262952696e+01
-1.914827319838225250e+01 -1.915284385317584182e+01 -1.914631894379723676e+01
-1.922556899974370026e+01 -1.922525440786801099e+01 -1.922394412463923530e+01
-1.924442963272126050e+01 -1.924098192481575254e+01 -1.924179652605945989e+01
-1.923652820795964047e+01 -1.922070702320463909e+01 -1.919362583553151325e+01
-1.909323641441024222e+01 -1.919301097914756227e+01 -1.911970506720934537e+01
-1.890978410207523552e+01 -1.891327866891341358e+01 -1.886825767596102210e+01
-1.833769603803080628e+01 -1.853183724841856872e+01 -1.848049379475016352e+01
-1.828297671143091208e+01 -1.815179503663230776e+01 -1.743240331375598373e+01
-1.726896392316462325e+01 -1.693231357855743369e+01 -1.763409026130338120e+01
-1.200275771647649847e+01 -1.203946213150060807e+01 -1.241163416536736896e+01
-4.033173899921510319e+00 -2.180023651753682845e+00 -1.864699746363679189e+00
-3.837215219972841318e+00 -2.595684647093031927e+00 -4.344261098831539769e+00
0.000000000000000000e+00 0.000000000000000000e+00 0.000000000000000000e+00
0.000000000000000000e+00 0.000000000000000000e+00 0.000000000000000000e+00
-2.605186728740024105e+00 0.000000000000000000e+00 0.000000000000000000e+00
-1.719675655485373156e+01 -1.719283040306953581e+01 -1.725959534505626891e+01
-1.839121937422752140e+01 -1.857387008835369713e+01 -1.861051167055036970e+01
-1.892114853720922341e+01 -1.887804304699973557e+01 -1.896547362940397363e+01
-1.906149750565201728e+01 -1.907329651316255692e+01 -1.906683543055205021e+01
-1.926983537121441259e+01 -1.922942870441858432e+01 -1.922038992693860848e+01
-1.938315500350113751e+01 -1.938200990484601505e+01 -1.937399408707153015e+01
-1.947293178994830143e+01 -1.959019206995072793e+01 -1.955859363525506822e+01
-1.955798148137504455e+01 -1.959765559709257232e+01 -1.959724676047506620e+01
-1.957518415491819042e+01 -1.957448549732741583e+01 -1.956017416244436546e+01
-1.941674702433799737e+01 -1.952674723556388869e+01 -1.952563867196492353e+01
-1.931374073572155936e+01 -1.921571949670817148e+01 -1.931699642379890847e+01
-1.884951059060285417e+01 -1.884717525813475802e+01 -1.886478205377521888e+01
-1.853543941712148069e+01 -1.848303035096417801e+01 -1.823208109003888922e+01
-1.713373555464379550e+01 -1.757872787741161602e+01 -1.648086221489934999e+01
-1.613549711313372370e+01 -1.715049214930617438e+01 -1.738339160566830799e+01
0.000000000000000000e+00 0.000000000000000000e+00 0.000000000000000000e+00
-3.580687748637105816e+00 -2.126973657297117626e+00 0.000000000000000000e+00
0.000000000000000000e+00 0.000000000000000000e+00 0.000000000000000000e+00
0.000000000000000000e+00 0.000000000000000000e+00 0.000000000000000000e+00
-5.730176793124310386e+00 -6.328438131257188459e+00 -6.921231889515056857e+00
-1.727208470885204505e+01 -1.717714581072372582e+01 -1.724688035872794956e+01
-1.872930674902977088e+01 -1.871693246090802276e+01 -1.861897045843743470e+01
-1.899880024818138935e+01 -1.900593492921503724e+01 -1.900657474467986674e+01
-1.917240937246975818e+01 -1.919088238874313745e+01 -1.918267631439681864e+01
-1.936723276407650829e+01 -1.936991970456706014e+01 -1.934377407668217685e+01
-1.949271688175950956e+01 -1.958002396672523915e+01 -1.960467460465066480e+01
-1.968667175011583836e+01 -1.972677892055325088e+01 -1.972787905540783626e+01
-1.976862119557572228e+01 -1.973392285409753910e+01 -1.975566654258246047e+01
-1.972595054335647546e+01 -1.974700628813187819e+01 -1.970323589532333486e+01
-1.972634320235772165e+01 -1.972442458632478690e+01 -1.962712446569412705e+01
-1.953158047941571240e+01 -1.952740153473441254e+01 -1.942977484236442720e+01
-1.939734610874233667e+01 -1.939255795658118942e+01 -1.926219148179561458e+01
-1.888553290666164131e+01 -1.898521955148884643e+01 -1.877210666502623226e+01
-1.833513571004425557e+01 -1.782599943165643452e+01 -1.828711904872879046e+01
-1.720626408309039590e+01 -1.606395049800503116e+01 -1.596235563031457261e+01
-1.318353262914108548e+01 -1.276346433500203048e+01 -1.282995481231112400e+01
-2.462996396147086653e+00 -1.913551752749490520e+00 0.000000000000000000e+00
-2.122996048611442088e+00 0.000000000000000000e+00 0.000000000000000000e+00
0.000000000000000000e+00 0.000000000000000000e+00 0.000000000000000000e+00
-3.935966875611232041e+00 -4.268723879728703707e+00 -2.782966582580227666e+00
-1.705960902136035529e+01 -1.708679799689531364e+01 -1.707951791120612128e+01
-1.866381149579422072e+01 -1.877810224674332318e+01 -1.874745794146600275e+01
-1.908145698608596419e+01 -1.907196555299975671e+01 -1.907654487077759953e+01
-1.921881397683942438e+01 -1.922214472207633307e+01 -1.921952581865947352e+01
-1.938597111817462348e+01 -1.939773970926212243e+01 -1.939274046457691369e+01
-1.955105471010205775e+01 -1.963693552500187423e+01 -1.961194853018804451e+01
-1.968659419723988790e+01 -1.977586728668801186e+01 -1.975460432368646835e+01
-1.984260677967152375e+01 -1.984255923110942277e+01 -1.983514542169757178e+01
-1.988095683227390964e+01 -1.986811382323160657e+01 -1.981996321564165697e+01
-1.977759544808566616e+01 -1.977028214804396811e+01 -1.976645309487983226e+01
-1.970596264854971480e+01 -1.975640785734312388e+01 -1.965014961519920789e+01
-1.953022565497782637e+01 -1.953717481327943517e+01 -1.940710627823576218e+01
-1.928049859179316528e+01 -1.916468312902769000e+01 -1.911524059783380736e+01
-1.851360333700310790e+01 -1.848875045148668761e+01 -1.833445860331199029e+01
-1.729116891353189089e+01 -1.653141103279052260e+01 -1.560732048426543983e+01
-1.614962322013177243e+01 -1.539208460850982441e+01 -1.666900249692080394e+01
-3.363803208898356267e+00 -2.762333228577390720e+00 -4.408989075811462044e+00
0.000000000000000000e+00 0.000000000000000000e+00 0.000000000000000000e+00
0.000000000000000000e+00 0.000000000000000000e+00 0.000000000000000000e+00
-4.902644235106399795e-01 -4.551326042726545618e-01 0.000000000000000000e+00
-1.684253228057751173e+01 -1.685512062150198531e+01 -1.684586434520665321e+01
-1.827887748016209102e+01 -1.875577878029931256e+01 -1.875780978449471093e+01
-1.902932370695134878e+01 -1.913747483561042984e+01 -1.909859748182707051e+01
-1.923443130235208187e+01 -1.923388099941260521e+01 -1.923391589373328969e+01
-1.930124386475012344e+01 -1.933625730556796185e+01 -1.933589738538582381e+01
-1.958381406295990246e+01 -1.957969530823389093e+01 -1.958855133901463930e+01
-1.971329985884622715e+01 -1.977009140662936204e+01 -1.977044439200611237e+01
-1.980760600823242257e+01 -1.985367493102724978e+01 -1.985343121415193934e+01
-1.987390603635560637e+01 -1.987580119311374816e+01 -1.984845086396281033e+01
-1.981277954459488200e+01 -1.981051409743858471e+01 -1.980885209114297041e+01
-1.975892908335598008e+01 -1.977330567371914682e+01 -1.974832271085625379e+01
-1.960813234456057330e+01 -1.960345427384609707e+01 -1.960415627035491681e+01
-1.946332354301419088e+01 -1.946425565582268646e+01 -1.916983151467343660e+01
-1.884991495048257093e+01 -1.878060141582012932e+01 -1.780850071671851609e+01
-1.787185046576277969e+01 -1.789502838305834942e+01 -1.537298031000977616e+01
-1.615995783769410110e+01 -1.548778912625850701e+01 -1.512944525072404645e+01
-3.981349776205819868e+00 -3.051643115260791017e+00 -4.605311316935109645e+00
0.000000000000000000e+00 0.000000000000000000e+00 0.000000000000000000e+00
0.000000000000000000e+00 0.000000000000000000e+00 0.000000000000000000e+00
-4.154398890925629750e+00 0.000000000000000000e+00 0.000000000000000000e+00
-1.639160130909669277e+01 -1.637500641473125285e+01 -1.642377263988645453e+01
-1.863141624435205657e+01 -1.861302030146958941e+01 -1.822402959843957504e+01
-1.900589794668159627e+01 -1.908150662824374422e+01 -1.907883462724462831e+01
-1.919386135139207639e+01 -1.920627440150862597e+01 -1.920166163724717734e+01
-1.927456328530648832e+01 -1.930329650391372098e+01 -1.930500468060494512e+01
-1.956628421785207905e+01 -1.956733857091968432e+01 -1.956831534169242204e+01
-1.966069744962542742e+01 -1.965608195401781444e+01 -1.965945323968335146e+01
-1.979657932288723288e+01 -1.981434520500238605e+01 -1.981394612665387100e+01
-1.981869585272703560e+01 -1.981936013355575099e+01 -1.981926565371792748e+01
-1.979952716814986147e+01 -1.979662489141221471e+01 -1.979650058392213907e+01
-1.977075547248460197e+01 -1.977252062321602111e+01 -1.977077534874716491e+01
-1.960763146130360823e+01 -1.959826574241221664e+01 -1.957997763385349543e+01
-1.943932040167989683e+01 -1.943697855962873788e+01 -1.942903163205614803e+01
-1.878150525790071868e+01 -1.890332721855608611e+01 -1.767597759845325811e+01
-1.756533542606274878e+01 -1.759547269001723180e+01 -1.528033761855346029e+01
-1.552079876673304959e+01 -1.580561678339539711e+01 -1.472079939827007777e+01
-3.768238744639799798e+00 -2.201090238619002548e+00 0.000000000000000000e+00
-2.274588181097049411e+00 0.000000000000000000e+00 0.000000000000000000e+00
0.000000000000000000e+00 0.000000000000000000e+00 0.000000000000000000e+00
-3.678561834003786668e+00 0.000000000000000000e+00 0.000000000000000000e+00
-1.590185812595346881e+01 -1.575864478044025851e+01 -1.571693948383398620e+01
-1.744406429327667496e+01 -1.770431095871530047e+01 -1.771231942292246586e+01
-1.853354285129555734e+01 -1.878786429175904260e+01 -1.880241972910860326e+01
-1.902710401742654511e+01 -1.916709935882832383e+01 -1.916572906142996402e+01
-1.929869675077685542e+01 -1.933841833064440863e+01 -1.931138701461661000e+01
-1.935996421340470164e+01 -1.942037827228595859e+01 -1.940258148788259263e+01
-1.961002806541967303e+01 -1.961195619130799273e+01 -1.963057763818532919e+01
-1.968803000283022442e+01 -1.969072363526798597e+01 -1.968884104686302905e+01
-1.971575958190816635e+01 -1.971816670037090091e+01 -1.971876600976041161e+01
-1.973359401768600918e+01 -1.973258372641178582e+01 -1.973306953247287154e+01
-1.965787687666234973e+01 -1.965838109167809478e+01 -1.963943967828360826e+01
-1.955531234314664957e+01 -1.954173037573795924e+01 -1.954959977309390950e+01
-1.940084848041029986e+01 -1.940711113338223370e+01 -1.931490162182188541e+01
-1.873436809965812699e+01 -1.848830409002274067e+01 -1.787225271602120102e+01
-1.688655650498037986e+01 -1.685800915592376370e+01 -1.536019321345418476e+01
-1.497038569671587105e+01 -1.449649546579071036e+01 -1.442038078586803351e+01
-4.618376068006389445e+00 -4.685924163927492003e+00 -5.652316878580009529e+00
0.000000000000000000e+00 0.000000000000000000e+00 0.000000000000000000e+00
0.000000000000000000e+00 0.000000000000000000e+00 0.000000000000000000e+00
-1.987322212543670918e+00 0.000000000000000000e+00 0.000000000000000000e+00
-3.576105599441260718e+00 -3.269292289665695961e+00 -1.697817282900049518e+00
-1.706389266471488497e+01 -1.711771838258082212e+01 -1.710241045532496074e+01
-1.771308762016031224e+01 -1.846028632155071136e+01 -1.842513603384429999e+01
-1.878609319940391131e+01 -1.896654162107638442e+01 -1.897022574737011880e+01
-1.911679857630248947e+01 -1.923371156650534530e+01 -1.922636702806221365e+01
-1.934217950537145825e+01 -1.933900986399373778e+01 -1.933845728381665907e+01
-1.938947968703794089e+01 -1.942160956204731548e+01 -1.940740123441123899e+01
-1.944725070986779869e+01 -1.950545583907487313e+01 -1.949208779748995823e+01
-1.951482248349976345e+01 -1.956346986828137346e+01 -1.952917876168064737e+01
-1.954358969751673669e+01 -1.955251247797479763e+01 -1.951988924317118901e+01
-1.952315417551668375e+01 -1.950547392291291970e+01 -1.952289143769536750e+01
-1.946085843346740418e+01 -1.946133530775536258e+01 -1.944067976896360150e+01
-1.912865106822961891e+01 -1.904626334000228738e+01 -1.916428338593619429e+01
-1.828999420602167092e+01 -1.837465765295468501e+01 -1.776985610023277218e+01
-1.701334997995331122e+01 -1.628095310012986374e+01 -1.418557662578783507e+01
-1.425421378287484941e+01 -1.450551061439713152e+01 -1.415476171025183127e+01
-2.932296581171668581e+00 -2.895335014143764596e+00 -2.596531367469324891e+00
-2.819435152879705697e+00 0.000000000000000000e+00 0.000000000000000000e+00
0.000000000000000000e+00 0.000000000000000000e+00 0.000000000000000000e+00
-2.980156146812189988e+00 -2.795145238974932500e+00 -1.944872786458839986e+00
-3.853125245806983123e+00 -5.310805885785288005e+00 -5.369543273013807294e+00
-1.510448344181022406e+01 -1.513147569735030906e+01 -1.503696643574145320e+01
-1.691089055195663349e+01 -1.708542376784453154e+01 -1.712349735314500521e+01
-1.801191077528200779e+01 -1.847069631181966542e+01 -1.842383621404620797e+01
-1.878838137965120225e+01 -1.898314171356845392e+01 -1.896976757704463878e+01
-1.921625496419478196e+01 -1.912420182136680680e+01 -1.921531821504607151e+01
-1.929140974512055706e+01 -1.926629405409944340e+01 -1.930037311948871448e+01
-1.935307658095139871e+01 -1.935981581600382739e+01 -1.936409078322356336e+01
-1.942479216810377096e+01 -1.944149411148537254e+01 -1.942574611594311662e+01
-1.939727336928493528e+01 -1.939666124492890376e+01 -1.939622096857254974e+01
-1.936175967804343401e+01 -1.935993877634589566e+01 -1.927687931583498226e+01
-1.930709867135778879e+01 -1.929137083284252085e+01 -1.930655904681155022e+01
-1.869184703574815032e+01 -1.892344023314230128e+01 -1.888234714425699678e+01
-1.763958098520993900e+01 -1.770346534829986496e+01 -1.765840952027118149e+01
-1.429658295393999623e+01 -1.431354110518237022e+01 -1.399232864275206722e+01
-1.325638528857206921e+01 -1.318195338255666371e+01 -1.322964173036801583e+01
-3.501034343170370544e+00 -3.056885532084474999e+00 -2.054923926093797260e+00
-4.330588470578343951e+00 0.000000000000000000e+00 0.000000000000000000e+00
0.000000000000000000e+00 0.000000000000000000e+00 0.000000000000000000e+00
-4.215958854586601134e+00 -3.796782850736193371e+00 -4.475980458760414393e+00
-2.822218977890282421e+00 -2.439331579341377676e+00 -2.264348126402028871e+00
-4.336493542200718032e+00 -5.963087523126523237e+00 -6.536466366453193899e+00
-1.629096789567277170e+01 -1.625195984272664873e+01 -1.630019648143685274e+01
-1.687929685476267849e+01 -1.716118150306457579e+01 -1.712429976160434819e+01
-1.837980339652184014e+01 -1.813393100323239082e+01 -1.846032496164320236e+01
-1.864295572342376772e+01 -1.872917301942669610e+01 -1.867610280297154901e+01
-1.907131110518670525e+01 -1.911651211088144109e+01 -1.912489106007751616e+01
-1.914756859460538507e+01 -1.915035355888043611e+01 -1.914786723194198004e+01
-1.921397684154681684e+01 -1.921809170716544557e+01 -1.921754787054928215e+01
-1.922180060201812779e+01 -1.922381902700163891e+01 -1.922463226781836809e+01
-1.913363209637554263e+01 -1.914062585500034785e+01 -1.913021596437446448e+01
-1.891827680308718840e+01 -1.890078124564771755e+01 -1.872415721548197709e+01
-1.847817963416757792e+01 -1.831989310994269005e+01 -1.825828244851108195e+01
-1.735825122850836166e+01 -1.494061499383784763e+01 -1.597573901003006647e+01
-1.387390480034714102e+01 -1.397528449747281698e+01 -1.365346358871738275e+01
-5.425858097331223817e+00 -5.188740280125662352e+00 -7.322837443991626394e+00
-5.527300274485447140e+00 -6.791641890524503289e+00 -5.505285917945783147e+00
-3.494313805736366962e+00 0.000000000000000000e+00 0.000000000000000000e+00
0.000000000000000000e+00 0.000000000000000000e+00 0.000000000000000000e+00
-3.931795644458518701e+00 0.000000000000000000e+00 0.000000000000000000e+00
-4.082174748174409729e+00 -2.434650935293902307e+00 0.000000000000000000e+00
-3.510488870830934971e+00 -2.429314059014755944e+00 0.000000000000000000e+00
-3.772794530467945773e+00 -4.063521650335772506e+00 0.000000000000000000e+00
-1.683850111766554392e+01 -1.684861003658137335e+01 -1.685751405569963879e+01
-1.735005586555419299e+01 -1.742665637654969046e+01 -1.741749092089186490e+01
-1.806920857816762549e+01 -1.814542984186008212e+01 -1.811636200001967367e+01
-1.850848825271803122e+01 -1.835079305271061045e+01 -1.851464105702015317e+01
-1.859793120987676218e+01 -1.875365936103927567e+01 -1.868735326945622788e+01
-1.869773893412067167e+01 -1.877498841034941890e+01 -1.873544799441153330e+01
-1.870141321799093603e+01 -1.870047252004779637e+01 -1.859075422422688106e+01
-1.878900734494675007e+01 -1.859106208004757121e+01 -1.871395445519645051e+01
-1.835232788719881469e+01 -1.835545386899472220e+01 -1.820317285865731805e+01
-1.781750862653489875e+01 -1.786823579836664067e+01 -1.791358003065856508e+01
-1.343601875392433342e+01 -1.304532327478701426e+01 -1.259211670931122562e+01
-1.273965976148727997e+01 -1.275424042701305893e+01 -1.275219103482851324e+01
-3.923460611926704811e+00 -3.461188442849567171e+00 -3.176085682642067809e+00
-3.398197264164551257e+00 -2.680797256815210972e+00 -3.905555573409406289e+00
0.000000000000000000e+00 0.000000000000000000e+00 0.000000000000000000e+00
0.000000000000000000e+00 0.000000000000000000e+00 0.000000000000000000e+00
-3.639632356490131393e+00 -2.587989845538498201e+00 0.000000000000000000e+00
-4.320020225923236090e+00 -5.930163785603202342e+00 -6.999803726347307631e+00
-7.253222525228429696e+00 -3.390184725292733958e+00 -2.156113968815716486e+00
-3.865404570788368854e+00 -4.943160575094952769e+00 -4.507179088244622100e+00
-4.266949611833800837e+00 -4.660445664029260193e+00 -4.300399708806829757e+00
-1.695487188870695405e+01 -1.700111493266818030e+01 -1.696824944555292802e+01
-1.720928708688834519e+01 -1.719499970487488127e+01 -1.725298618057915689e+01
-1.801367757872433373e+01 -1.795750865462282775e+01 -1.799562431385125549e+01
-1.820829474179739194e+01 -1.823495484670923616e+01 -1.821426049418333903e+01
-1.818957248499794588e+01 -1.818580915868825088e+01 -1.818145937145850866e+01
-1.822819081663278240e+01 -1.822980870684321886e+01 -1.822690983488296723e+01
-1.809099236285848988e+01 -1.810942139545584340e+01 -1.807807657968860227e+01
-1.795507688782338462e+01 -1.797343255303494303e+01 -1.795852210615182543e+01
-1.609879425728804136e+01 -1.516304338373679350e+01 -1.245603950721421960e+01
-1.218787532990323541e+01 -1.206847742788685629e+01 -1.218914308752168019e+01
-3.746216453290446058e+00 -2.812405779717719323e+00 -1.933160382129495813e+00
-7.357076846261847436e+00 -3.338799149900618879e+00 -4.593717557097738435e+00
-3.892729330225523476e+00 0.000000000000000000e+00 0.000000000000000000e+00
0.000000000000000000e+00 0.000000000000000000e+00 0.000000000000000000e+00
0.000000000000000000e+00 0.000000000000000000e+00 0.000000000000000000e+00
-3.585839766436898834e+00 -3.534068264460437980e+00 -3.364078246900529923e+00
-4.210249406867361266e+00 -3.819958816315240480e+00 -1.961745904490556525e+00
-7.326427712494783862e+00 -4.239501581361022176e+00 -2.456118927546919295e+00
-3.525862976239267699e+00 -3.371810396572216373e+00 -3.095607592566501420e+00
-1.890141711524170764e+00 -1.854836320994348586e+00 0.000000000000000000e+00
-2.273303078965364765e+00 -2.147755622649609286e+00 0.000000000000000000e+00
-1.703049053389143452e+01 -1.703122274857160789e+01 -1.703393980447743061e+01
-1.724692912159724401e+01 -1.735377892640158493e+01 -1.730836514382538738e+01
-1.740607459071987506e+01 -1.791125036976344731e+01 -1.794535041000460751e+01
-1.781149656879720311e+01 -1.795140192874875140e+01 -1.794919212913131901e+01
-1.798376604454237793e+01 -1.798563814333120447e+01 -1.796373232338053327e+01
-1.789625736501501407e+01 -1.791170055966655994e+01 -1.790363827861927604e+01
-1.659144618379567504e+01 -1.689670090162275429e+01 -1.627256415457105376e+01
-1.285322539485400206e+01 -1.275928680468086895e+01 -1.207066423103862185e+01
-1.126507967577449953e+01 -1.113487184287991560e+01 -1.096226579535940715e+01
-2.755826151473760532e+00 -2.627225016664302526e+00 -1.923846919238449749e+00
-4.227834465202582770e+00 0.000000000000000000e+00 0.000000000000000000e+00
-4.319418612256946233e+00 -5.539120882813572955e+00 -5.059323889677958874e+00
0.000000000000000000e+00 0.000000000000000000e+00 0.000000000000000000e+00
0.000000000000000000e+00 0.000000000000000000e+00 0.000000000000000000e+00
-2.843464245298352289e+00 0.000000000000000000e+00 -3.695578837855542087e+00
-4.247340938410935962e+00 -3.903325386109228745e+00 -3.482650931042394760e+00
-5.318765054481914945e+00 -5.557176508286886474e+00 -5.442565022421367971e+00
0.000000000000000000e+00 -3.702323055484496361e+00 0.000000000000000000e+00
-5.220989420567811123e+00 -2.465590685025599971e+00 0.000000000000000000e+00
-2.301921994445719655e+00 0.000000000000000000e+00 0.000000000000000000e+00
-4.793153796196542693e+00 -3.844922913447074375e+00 0.000000000000000000e+00
-1.706009860290830460e+01 -1.704642532141206601e+01 -1.705128666156644712e+01
-1.760035477802115622e+01 -1.767996888692517388e+01 -1.768153146031357181e+01
-1.786966630725418881e+01 -1.785326535551292437e+01 -1.787077645924618707e+01
-1.768614494317201036e+01 -1.768164309846196502e+01 -1.768739681475581094e+01
-1.664851239905854996e+01 -1.676653394792607443e+01 -1.660772024834129112e+01
-1.554601993449375819e+01 -1.541197001544358791e+01 -1.543394727743647188e+01
-1.171563602692727812e+01 -1.161874849476524219e+01 -1.159652274796332350e+01
-9.499785686709758536e+00 -9.609708648630833849e+00 -8.681535212097257315e+00
0.000000000000000000e+00 0.000000000000000000e+00 0.000000000000000000e+00
0.000000000000000000e+00 0.000000000000000000e+00 0.000000000000000000e+00
-3.750592269201751705e+00 -3.591126984795471433e+00 0.000000000000000000e+00
0.000000000000000000e+00 0.000000000000000000e+00 0.000000000000000000e+00
0.000000000000000000e+00 0.000000000000000000e+00 0.000000000000000000e+00
-2.332215146623957569e+00 0.000000000000000000e+00 0.000000000000000000e+00
-4.159488447654233312e+00 -3.707012995458733862e+00 0.000000000000000000e+00
-4.152524502771777648e+00 -4.031088409782057624e+00 0.000000000000000000e+00
-3.864032748378694482e+00 -3.190355503097998646e+00 0.000000000000000000e+00
-3.902474309795335383e+00 -3.332397539472094827e+00 -4.370023357039563905e+00
-3.490271910840301750e+00 -3.363394712867976644e+00 -2.015676988637493228e+00
-5.502014526343123713e+00 -4.766494138843569317e+00 -4.463385762188227801e+00
-5.498978755460866452e+00 -2.863761983900970698e+00 -2.158113417014479118e+00
-1.542382457640421833e+01 -1.564269917259010789e+01 -1.582004562010765270e+01
-1.595682448780196694e+01 -1.559181773242888269e+01 -1.563250648076410876e+01
-1.507891275326100633e+01 -1.507599399985576305e+01 -1.509843968097149869e+01
-1.537630302048138731e+01 -1.536645671935672475e+01 -1.578011494873359233e+01
-1.458500567833142725e+01 -1.453728901245339067e+01 -1.500509480800340967e+01
-1.113557831527243991e+01 -1.113006037324977449e+01 -1.111979178264795109e+01
-6.682826129594061193e+00 -6.687329101720851376e+00 -6.708737228815336628e+00
-3.933343420829121584e+00 -2.573713918795196509e+00 0.000000000000000000e+00
-6.490005660947012700e+00 -8.167958842640645756e+00 -6.849580191297228282e+00
-5.333639388348821342e+00 -6.599283251990000210e+00 -5.387611042004927242e+00
-1.997943148470277430e+00 0.000000000000000000e+00 0.000000000000000000e+00
0.000000000000000000e+00 0.000000000000000000e+00 0.000000000000000000e+00
0.000000000000000000e+00 0.000000000000000000e+00 0.000000000000000000e+00
-4.164032077712400692e+00 -3.277809062289215536e+00 0.000000000000000000e+00
-2.448276608926218234e+00 -4.315862915119757837e+00 0.000000000000000000e+00
-1.827876448041267698e+00 0.000000000000000000e+00 0.000000000000000000e+00
-4.191469700712668001e+00 -3.111126964192734601e+00 -2.294573591903481091e+00
-2.912419787326962162e+00 0.000000000000000000e+00 0.000000000000000000e+00
-2.432566963308703034e+00 0.000000000000000000e+00 0.000000000000000000e+00
-3.632052524397602955e+00 -5.352567691354368939e+00 -4.363547283588419923e+00
-3.940958755275163039e+00 -1.952081359092107782e+00 0.000000000000000000e+00
-2.345373660607170230e+00 0.000000000000000000e+00 0.000000000000000000e+00
-2.739453347475403699e+00 0.000000000000000000e+00 -3.183198473307125020e+00
-4.133146937428763934e+00 -2.785560231978556178e+00 0.000000000000000000e+00
-3.789366531646292113e+00 -3.873588383301997951e+00 -4.217221127798556068e+00
-3.917417854233830266e+00 -3.878022425159530329e+00 -4.162924456568478426e+00
-3.712576295744022481e+00 -4.991237995192839172e+00 -2.854817548007497763e+00
-3.921821670315127850e+00 -2.823741220160139953e+00 0.000000000000000000e+00
-3.673042259179689850e+00 -4.055653783434113535e+00 -4.904256451023458752e+00
0.000000000000000000e+00 0.000000000000000000e+00 0.000000000000000000e+00
0.000000000000000000e+00 0.000000000000000000e+00 0.000000000000000000e+00
0.000000000000000000e+00 0.000000000000000000e+00 0.000000000000000000e+00
0.000000000000000000e+00 0.000000000000000000e+00 0.000000000000000000e+00
0.000000000000000000e+00 0.000000000000000000e+00 0.000000000000000000e+00
0.000000000000000000e+00 0.000000000000000000e+00 0.000000000000000000e+00
0.000000000000000000e+00 0.000000000000000000e+00 0.000000000000000000e+00
0.000000000000000000e+00 0.000000000000000000e+00 0.000000000000000000e+00
0.000000000000000000e+00 0.000000000000000000e+00 0.000000000000000000e+00
0.000000000000000000e+00 0.000000000000000000e+00 0.000000000000000000e+00
0.000000000000000000e+00 0.000000000000000000e+00 0.000000000000000000e+00
0.000000000000000000e+00 0.000000000000000000e+00 0.000000000000000000e+00
0.000000000000000000e+00 0.000000000000000000e+00 0.000000000000000000e+00
0.000000000000000000e+00 0.000000000000000000e+00 0.000000000000000000e+00
0.000000000000000000e+00 0.000000000000000000e+00 0.000000000000000000e+00
0.000000000000000000e+00 0.000000000000000000e+00 0.000000000000000000e+00
0.000000000000000000e+00 0.000000000000000000e+00 0.000000000000000000e+00
0.000000000000000000e+00 0.000000000000000000e+00 0.000000000000000000e+00
0.000000000000000000e+00 0.000000000000000000e+00 0.000000000000000000e+00
0.000000000000000000e+00 0.000000000000000000e+00 0.000000000000000000e+00
0.000000000000000000e+00 0.000000000000000000e+00 0.000000000000000000e+00
0.000000000000000000e+00 0.000000000000000000e+00 0.000000000000000000e+00
