0.000000000000000000e+00 0.000000000000000000e+00 0.000000000000000000e+00
-3.526145039118083968e+00 -4.041204183401204131e-01 -9.761213673890001274e-02
-9.670169770668046727e-02 0.000000000000000000e+00 0.000000000000000000e+00
-8.804205914983320724e+00 -9.225125792764496069e+00 -8.721092338098870300e+00
-1.690538188705091827e+01 -1.689293109256518122e+01 -1.689237465559038753e+01
-1.692004895620768679e+01 -1.692103984149526497e+01 -1.691607861064426999e+01
-1.682104455856107705e+01 -1.680107573481814143e+01 -1.682083419895575815e+01
-1.655802192609368007e+01 -1.655836197942755916e+01 -1.655787589766346457e+01
-1.651118897710822608e+01 -1.651074573096488507e+01 -1.651006681102587237e+01
-1.659972256377336208e+01 -1.660042148733899481e+01 -1.660332370325561158e+01
-1.709115003418537526e+01 -1.707441631178171093e+01 -1.628046060279248408e+01
-1.669414739988860319e+01 -1.672826406868230720e+01 -1.521842847924475173e+01
-1.632832734573210942e+01 -1.625516283819919749e+01 -1.374891917935565289e+01
-9.657083147463071948e-02 -9.765945240919012005e-02 -6.495572850742236781e+00
-1.659071120431713897e+00 0.000000000000000000e+00 0.000000000000000000e+00
0.000000000000000000e+00 0.000000000000000000e+00 0.000000000000000000e+00
-9.770730795707173455e-02 -9.662467910506918056e-02 0.000000000000000000e+00
0.000000000000000000e+00 0.000000000000000000e+00 0.000000000000000000e+00
-2.847740454333960725e-01 0.000000000000000000e+00 0.000000000000000000e+00
0.000000000000000000e+00 0.000000000000000000e+00 0.000000000000000000e+00
0.000000000000000000e+00 0.000000000000000000e+00 0.000000000000000000e+00
-5.330040831175315574e+00 0.000000000000000000e+00 0.000000000000000000e+00
-5.527937990066000395e+00 -1.846549707140000829e-01 -9.733525276866582254e-02
-1.512202121061130988e+01 -1.511317785242184186e+01 -1.512008094937089453e+01
-1.693418060788687285e+01 -1.693425188430469674e+01 -1.693473753479515409e+01
-1.697890583870517389e+01 -1.697838993998905721e+01 -1.697836823358926495e+01
-1.697459375625464872e+01 -1.697397136308433829e+01 -1.697477495767263633e+01
-1.708274402642786072e+01 -1.709401110774288668e+01 -1.705981566598656940e+01
-1.696967655417630638e+01 -1.697484718178966290e+01 -1.696950891580792131e+01
-1.695190682196476928e+01 -1.695301510008067325e+01 -1.695289767019898619e+01
-1.676410397184538681e+01 -1.676037702862882028e+01 -1.671487694069051955e+01
-1.661987211110157858e+01 -1.663247476742444420e+01 -1.599384985262984493e+01
-1.632745089884965850e+01 -1.633474932058902596e+01 -1.288224773328981065e+01
-1.586129965559652710e+01 -1.577314904545446161e+01 -1.121952950361244206e+01
-9.393292249901744384e+00 -9.390528687550181886e+00 -9.400743314105495685e+00
-5.982031992079127614e-01 -1.011160810705835633e+00 -9.761599936618639561e-02
-6.816780728992990479e-01 -9.658069339049786539e-02 0.000000000000000000e+00
-5.716384086289767019e+00 -3.237772165360643495e+00 -4.729461407921253802e-01
0.000000000000000000e+00 0.000000000000000000e+00 0.000000000000000000e+00
0.000000000000000000e+00 0.000000000000000000e+00 0.000000000000000000e+00
0.000000000000000000e+00 0.000000000000000000e+00 0.000000000000000000e+00
-1.031546626416447593e-01 0.000000000000000000e+00 0.000000000000000000e+00
-4.967950807255325785e+00 -3.459319031533655497e+00 -3.664557673360827383e+00
-1.607793032139071698e+01 -1.607858475000777077e+01 -1.607443807169340388e+01
-1.705970375469271616e+01 -1.705587593653340051e+01 -1.705683869392494501e+01
-1.720608461492005503e+01 -1.720685917070853321e+01 -1.720658171017453242e+01
-1.734469967217820496e+01 -1.736303912166644281e+01 -1.736336513346774879e+01
-1.762052855729787737e+01 -1.762554527247510450e+01 -1.762535188891401461e+01
-1.757164329567703120e+01 -1.764777079037476426e+01 -1.764318241121835484e+01
-1.758839545933006221e+01 -1.758316241466705421e+01 -1.758868337782194757e+01
-1.744633491843862316e+01 -1.744605691375781120e+01 -1.744507043923624323e+01
-1.721011514695926792e+01 -1.720961345246556462e+01 -1.717555719943239723e+01
-1.684434522362753128e+01 -1.681028714663870716e+01 -1.683276540825314171e+01
-1.622476629139153204e+01 -1.624482958023925860e+01 -1.591686233312490195e+01
-1.577841569512678532e+01 -1.559778992536570108e+01 -1.133389109597571576e+01
-5.175795652597144247e+00 -3.615166135604983566e+00 -3.612852341200860185e+00
-7.755111606148172854e-01 -2.440174112231366932e-01 -1.877059798007932601e-01
-5.952105327485759823e+00 -1.928360489102591835e-01 -9.763879221985494183e-02
-1.854393763359316383e+00 -9.654069941087238538e-02 -9.761694791661096327e-02
0.000000000000000000e+00 0.000000000000000000e+00 0.000000000000000000e+00
0.000000000000000000e+00 0.000000000000000000e+00 0.000000000000000000e+00
-7.523030949105816712e-01 0.000000000000000000e+00 0.000000000000000000e+00
-1.055058744838949103e+01 -1.052428359758771137e+01 -1.051293664449522325e+01
-1.638201396044972213e+01 -1.638253611447945346e+01 -1.638128965947114679e+01
-1.719493958476697770e+01 -1.719438539585795311e+01 -1.719505647476523436e+01
-1.755641316182712686e+01 -1.755623150034322322e+01 -1.756033707194182369e+01
-1.793227385401272045e+01 -1.791759202989947042e+01 -1.793334582588583359e+01
-1.797107279382779410e+01 -1.800092630193000431e+01 -1.800419692777151681e+01
-1.813865785549635845e+01 -1.813161473702417581e+01 -1.813840363818571788e+01
-1.810234014392122504e+01 -1.809829407513836230e+01 -1.810297771460719929e+01
-1.793846284160623128e+01 -1.793650711529338082e+01 -1.794312834116706412e+01
-1.775225468159847964e+01 -1.775368301491190692e+01 -1.774515987567750130e+01
-1.733157628461889388e+01 -1.732890925684528227e+01 -1.731975918164026851e+01
-1.695153912054128753e+01 -1.695705444710113952e+01 -1.660496920298144730e+01
-1.604886547031981081e+01 -1.605920824672285008e+01 -1.571820503504900302e+01
-1.522173811863127568e+01 -1.527794768142833348e+01 -1.091777162910983989e+01
-5.346014538900724311e+00 -5.344408535817083639e+00 -5.347033747735738807e+00
-3.839784357568587492e-01 -9.726738990496197612e-02 0.000000000000000000e+00
0.000000000000000000e+00 0.000000000000000000e+00 -1.126913028197182864e+00
-1.262773237797285120e+00 0.000000000000000000e+00 0.000000000000000000e+00
0.000000000000000000e+00 0.000000000000000000e+00 0.000000000000000000e+00
0.000000000000000000e+00 0.000000000000000000e+00 0.000000000000000000e+00
-1.336054772312228422e+01 -1.337110004302286548e+01 -1.338731386514486843e+01
-1.647006765937409511e+01 -1.646585211265922410e+01 -1.646887534757058447e+01
-1.736443853300596274e+01 -1.736388674008312805e+01 -1.736469922155555778e+01
-1.787597061287885580e+01 -1.787863288617235469e+01 -1.787891195328338512e+01
-1.821023007814035566e+01 -1.820862850412360245e+01 -1.821583721038733472e+01
-1.841515637823279050e+01 -1.842472161672662168e+01 -1.842589254857221803e+01
-1.858213884011564687e+01 -1.850080535726563014e+01 -1.851475824620118971e+01
-1.861676633592788832e+01 -1.861678018588315098e+01 -1.861658586232960388e+01
-1.854950200973137342e+01 -1.855165352066833151e+01 -1.854889731887637083e+01
-1.837437908901052097e+01 -1.837461695878592849e+01 -1.837329823759580805e+01
-1.805327263889781264e+01 -1.799202217955960847e+01 -1.786024571570272812e+01
-1.758682073879186447e+01 -1.758702534142775775e+01 -1.755737268295742481e+01
-1.671518301574046461e+01 -1.641096390036607389e+01 -1.670823967803452348e+01
-1.579201846982463664e+01 -1.577908865868346311e+01 -1.511448588737881238e+01
-1.442635175771244604e+01 -1.445200815389379123e+01 -1.151166001466447852e+01
-3.651318641858127267e-01 -2.586162121567212591e+00 -1.944807821653664615e-01
-9.730998885501215834e-02 0.000000000000000000e+00 0.000000000000000000e+00
0.000000000000000000e+00 0.000000000000000000e+00 0.000000000000000000e+00
0.000000000000000000e+00 0.000000000000000000e+00 0.000000000000000000e+00
-1.259923679661827833e+00 -1.060748943895929219e+00 -6.679314916420838744e-01
-1.394726615739498676e+01 -1.395206975838702057e+01 -1.397868162927053248e+01
-1.632967267212982065e+01 -1.633550841231514994e+01 -1.633500216449130704e+01
-1.758095540350128161e+01 -1.762629370209825908e+01 -1.758340342742645035e+01
-1.814765565092961808e+01 -1.814911891687023626e+01 -1.815092450475368224e+01
-1.845730959481662481e+01 -1.845636735275182261e+01 -1.845800055801192130e+01
-1.864291340270579767e+01 -1.865196231693073514e+01 -1.864668503516073983e+01
-1.904056009193118371e+01 -1.907340536977413237e+01 -1.907786685959180062e+01
-1.918351691849692742e+01 -1.918339155598847512e+01 -1.917982221257120656e+01
-1.911143936758586648e+01 -1.911062709760410883e+01 -1.910996527663174049e+01
-1.898482466562017379e+01 -1.898501303908109605e+01 -1.894084880186026609e+01
-1.861892496697066690e+01 -1.861192834468148405e+01 -1.857040798029101936e+01
-1.809073542422000358e+01 -1.800115280835660414e+01 -1.806260961204060678e+01
-1.734803450895319088e+01 -1.736779576046305351e+01 -1.723944369533773013e+01
-1.617037109583953480e+01 -1.614789956203638255e+01 -1.537728525703613691e+01
-1.504265342452066356e+01 -1.541629015040583184e+01 -1.226122737141005636e+01
-8.355573459224109101e+00 -8.350111050542126989e+00 -8.339334272487826993e+00
0.000000000000000000e+00 0.000000000000000000e+00 0.000000000000000000e+00
0.000000000000000000e+00 0.000000000000000000e+00 0.000000000000000000e+00
0.000000000000000000e+00 0.000000000000000000e+00 0.000000000000000000e+00
-2.764488326924700035e-01 -1.021082839434422018e+00 -9.650829561085624286e-01
-1.391212735603749273e+01 -1.391105667671379820e+01 -1.393649510682415027e+01
-1.602766428387054276e+01 -1.603456394392969386e+01 -1.602727720751565599e+01
-1.761494741077655490e+01 -1.764564582492406331e+01 -1.767627406591060435e+01
-1.824737923360812175e+01 -1.826001259463420467e+01 -1.826389441147603421e+01
-1.858665199717102468e+01 -1.859258463731934086e+01 -1.859172830275619503e+01
-1.876942987724103773e+01 -1.880251184311950396e+01 -1.880355051232984920e+01
-1.929834435955701721e+01 -1.930273770799396615e+01 -1.930133218517942240e+01
-1.938131918670988796e+01 -1.955207830597437990e+01 -1.955428148475445127e+01
-1.964083191405419271e+01 -1.963716490250803659e+01 -1.943004372120683243e+01
-1.921948724935588615e+01 -1.920463108559600229e+01 -1.910870690641109348e+01
-1.897913198647400179e+01 -1.897843138437490396e+01 -1.894894795501096496e+01
-1.844978952206694700e+01 -1.844882735209324309e+01 -1.844854942544137799e+01
-1.783806896835583800e+01 -1.776301969083982257e+01 -1.756570356444371939e+01
-1.672006713742447914e+01 -1.672056766642125325e+01 -1.667126259790902054e+01
-1.572524777219402736e+01 -1.570759391740073774e+01 -1.548412071361598130e+01
-1.354160443678923897e+01 -1.355951472623841170e+01 -1.332653404340618053e+01
-3.950218633011833624e+00 -9.767218410469662160e-02 0.000000000000000000e+00
0.000000000000000000e+00 0.000000000000000000e+00 0.000000000000000000e+00
0.000000000000000000e+00 0.000000000000000000e+00 0.000000000000000000e+00
-8.907894823963533604e-01 -9.666051554738903928e-02 0.000000000000000000e+00
-1.331270367917883668e+01 -1.331601963413859657e+01 -1.331509826958009057e+01
-1.560919646721140808e+01 -1.561115122325978710e+01 -1.561079337601071693e+01
-1.681895984815604450e+01 -1.759432680773090851e+01 -1.759969457800674419e+01
-1.818350936743448187e+01 -1.822681408151386151e+01 -1.823435688909894381e+01
-1.857794632930099610e+01 -1.861892401881762638e+01 -1.861567881449709461e+01
-1.877635269076796476e+01 -1.877629336360557843e+01 -1.877650866058716161e+01
-1.929772113727480942e+01 -1.929785854383015931e+01 -1.929805126294674622e+01
-1.943404862333343175e+01 -1.952943720739899547e+01 -1.953257436464889807e+01
-1.950058948117930768e+01 -1.968027286806760046e+01 -1.967704347428497158e+01
-1.926371840748981512e+01 -1.926042324604798495e+01 -1.921452356589250599e+01
-1.904938520570481586e+01 -1.904922403961463928e+01 -1.903783459737997319e+01
-1.870397400641104468e+01 -1.870165402320293424e+01 -1.864037678270099363e+01
-1.806809985225593707e+01 -1.801042331327886359e+01 -1.772837785536190580e+01
-1.701708130185751244e+01 -1.695174171821665965e+01 -1.692768013717794773e+01
-1.583324086047250567e+01 -1.582249780241452264e+01 -1.568344302467108875e+01
-1.368645212469538563e+01 -1.230885633969295334e+01 -1.361351039361871962e+01
-1.914535741002528990e+00 -1.936950414930568298e-01 -9.749572271905306009e-02
0.000000000000000000e+00 0.000000000000000000e+00 0.000000000000000000e+00
0.000000000000000000e+00 0.000000000000000000e+00 0.000000000000000000e+00
-9.762725089606419382e-02 0.000000000000000000e+00 0.000000000000000000e+00
-1.174598143363129132e+01 -1.174187540413364950e+01 -1.177680133540961194e+01
-1.491918302709256849e+01 -1.491830476964370256e+01 -1.492137270188465692e+01
-1.598752744255750002e+01 -1.720968971657746849e+01 -1.721777142649375136e+01
-1.791169485765951563e+01 -1.789578081896419803e+01 -1.794077030338788603e+01
-1.842285054593127924e+01 -1.853218858355348075e+01 -1.853400914210169859e+01
-1.873889943657157886e+01 -1.874202436811030736e+01 -1.874234134491622683e+01
-1.885596054901875718e+01 -1.890725687424345480e+01 -1.891462843815260442e+01
-1.932671440377668404e+01 -1.932649025273436294e+01 -1.932608359239829099e+01
-1.930856849728296964e+01 -1.930868809672060493e+01 -1.930859115615708532e+01
-1.915350323108242847e+01 -1.915416093109600482e+01 -1.911272282351328045e+01
-1.902656407269820349e+01 -1.902552232795565956e+01 -1.902625457692701971e+01
-1.870610580649034205e+01 -1.870309761947055804e+01 -1.866772356974366431e+01
-1.798077606329507105e+01 -1.797402797451909251e+01 -1.796130966905952775e+01
-1.683393792108758902e+01 -1.683356781237265309e+01 -1.683356899500835624e+01
-1.570151668482696472e+01 -1.569533980981278454e+01 -1.558566415170785824e+01
-1.340480057479796194e+01 -1.325221607213240205e+01 -1.100037810669185667e+01
-6.669032156136389666e+00 -1.315085311334054152e+00 -1.079148344403853210e+00
0.000000000000000000e+00 0.000000000000000000e+00 0.000000000000000000e+00
0.000000000000000000e+00 0.000000000000000000e+00 0.000000000000000000e+00
-6.581453270490568386e+00 -5.801780040545778672e-01 0.000000000000000000e+00
-7.443875846001125396e+00 -7.614379611626496569e+00 -7.432789187171229273e+00
-1.373824482506991451e+01 -1.373605445632065347e+01 -1.374105602609403398e+01
-1.509515509523100185e+01 -1.610871996955846086e+01 -1.651001109311461335e+01
-1.666314352917962438e+01 -1.759315511231798013e+01 -1.762458263953860893e+01
-1.812313462552224408e+01 -1.828793077026470826e+01 -1.827918442445750458e+01
-1.855649738378606983e+01 -1.861486463826773630e+01 -1.861805551073819132e+01
-1.876658176097117448e+01 -1.876738871963917532e+01 -1.876738331405406868e+01
-1.886653512913012776e+01 -1.886698358626125582e+01 -1.886692667033661763e+01
-1.895862147046041102e+01 -1.895903048505651256e+01 -1.895885823854992935e+01
-1.899598048172951437e+01 -1.899580267034242098e+01 -1.899471639452470129e+01
-1.885333615882791491e+01 -1.885293878357232700e+01 -1.885249811798326292e+01
-1.847239558695812889e+01 -1.846944323670406973e+01 -1.841396646120760394e+01
-1.760333599807345806e+01 -1.753998198141386311e+01 -1.747419480000542436e+01
-1.659868299984901796e+01 -1.660197249546265041e+01 -1.659291516909783581e+01
-1.547625284432300319e+01 -1.518504607508930881e+01 -1.546511764093971841e+01
-1.310953843649305917e+01 -1.252224869180294142e+01 -9.777279898866568786e+00
-9.727347140720507546e-02 -1.729615807400530336e+00 -9.762486741820161629e-02
0.000000000000000000e+00 0.000000000000000000e+00 0.000000000000000000e+00
0.000000000000000000e+00 0.000000000000000000e+00 0.000000000000000000e+00
-1.362869861628700274e+00 -6.221898817097354373e-01 0.000000000000000000e+00
0.000000000000000000e+00 0.000000000000000000e+00 0.000000000000000000e+00
-1.300732143118977646e+01 -1.303016667649806415e+01 -1.307366211067251882e+01
-1.456239463151547753e+01 -1.458825442685944829e+01 -1.478975512192326214e+01
-1.554160223401467356e+01 -1.669328521634539086e+01 -1.679430571124776606e+01
-1.723104561990371408e+01 -1.762712169175701860e+01 -1.767639958229351649e+01
-1.818194462393466893e+01 -1.828286584262150072e+01 -1.827600597116353143e+01
-1.853780318940973260e+01 -1.855335786636518591e+01 -1.855459183174789217e+01
-1.870747722173806338e+01 -1.870740525458655767e+01 -1.870775006265549933e+01
-1.878107265683763671e+01 -1.878133613403221602e+01 -1.878118674596741755e+01
-1.876248762394480707e+01 -1.872583075966941024e+01 -1.876235007579747460e+01
-1.856226115644546937e+01 -1.852452864422078349e+01 -1.855904188685779133e+01
-1.797420826554264650e+01 -1.797378723220702668e+01 -1.797339346594858611e+01
-1.713040618075516974e+01 -1.712987166419955898e+01 -1.704434990137432848e+01
-1.598472116822911637e+01 -1.598326753924143873e+01 -1.588688355821277831e+01
-1.497010438215831307e+01 -1.404945887924597159e+01 -1.492384882962960013e+01
-1.148209648381670966e+01 -1.142213866958154256e+01 -8.004934192685707828e+00
-6.400833510648255675e+00 -1.945836326694093676e-01 -1.934303401822838886e-01
0.000000000000000000e+00 0.000000000000000000e+00 0.000000000000000000e+00
0.000000000000000000e+00 0.000000000000000000e+00 0.000000000000000000e+00
-3.054587639905363972e+00 -2.155677506427383927e-01 -9.761906450296647941e-02
-9.770966652716364664e-02 -1.721518054815809329e-01 -9.767727889810608188e-02
-5.338029113475520226e+00 -5.343371670565839615e+00 -5.402325445100777834e+00
-1.362499171245109864e+01 -1.361633737168175351e+01 -1.428631683507537709e+01
-1.510669989784798162e+01 -1.540969430968168119e+01 -1.542483099708834970e+01
-1.587293916099588564e+01 -1.665702218484191022e+01 -1.682838593876991595e+01
-1.729637460209369237e+01 -1.762330821922401114e+01 -1.762259246550923564e+01
-1.798288613083822440e+01 -1.801675549862624592e+01 -1.801980265057798647e+01
-1.825915973218343069e+01 -1.826693035394878351e+01 -1.826666133836896222e+01
-1.824245295247204623e+01 -1.824266429643524390e+01 -1.824217238251336326e+01
-1.808556742243460036e+01 -1.808767113443898467e+01 -1.808729176165386576e+01
-1.781333888028153112e+01 -1.781502166200120030e+01 -1.781318003626250146e+01
-1.747852916905743115e+01 -1.747458566848957062e+01 -1.727887980293114367e+01
-1.654247748465949996e+01 -1.653518257687319704e+01 -1.653980811086734448e+01
-1.535298696148565867e+01 -1.532053521556446896e+01 -1.474799132658477241e+01
-1.372023928097347856e+01 -1.377555447363680230e+01 -9.811339995982681472e+00
-6.519390144565458733e+00 -6.516211928663337538e+00 -6.508752506070065280e+00
-2.595827642113677780e-01 -1.927886957123682299e-01 -9.661258888059218175e-02
0.000000000000000000e+00 0.000000000000000000e+00 0.000000000000000000e+00
0.000000000000000000e+00 0.000000000000000000e+00 0.000000000000000000e+00
-6.175669296222920934e+00 -9.275809038042615029e+00 -5.690649283549452875e+00
-1.446566790935587266e+00 -9.759537315396198121e-02 -1.935582034141095087e-01
-1.700152467794304290e+00 -4.751738244600885452e-01 -3.982368886964091637e-01
-1.226373095613045905e+01 -1.304437357787661966e+01 -1.231771046178744911e+01
-1.431333990941548429e+01 -1.449669610973530176e+01 -1.446500843800510872e+01
-1.535428366959800073e+01 -1.541137418388811753e+01 -1.540922287393671830e+01
-1.646411108703428994e+01 -1.615109042912548531e+01 -1.649993897646556462e+01
-1.706038982063213894e+01 -1.747711726378290109e+01 -1.745941732757751907e+01
-1.758875639086079445e+01 -1.759399616144721179e+01 -1.759797682496109772e+01
-1.769345872285408561e+01 -1.769354706671526145e+01 -1.769644301693599786e+01
-1.766275013223131296e+01 -1.766222830085885320e+01 -1.766221428205484756e+01
-1.732073858141200873e+01 -1.732678758442027345e+01 -1.718460179413747824e+01
-1.667372812062686904e+01 -1.667238190819751509e+01 -1.666921071224985695e+01
-1.558628530986168315e+01 -1.557394648808670112e+01 -1.554972753698825372e+01
-1.446062287388501844e+01 -1.442653293535532022e+01 -1.306703382787089929e+01
-1.123068407222277720e+01 -1.104678419963286551e+01 -7.664478630284134120e+00
-8.432100526051852230e-01 -8.804715916933644193e-01 -8.460144710768446874e-01
-3.370089522697532924e+00 -6.956617483267150126e-01 -2.904875212196764145e-01
0.000000000000000000e+00 0.000000000000000000e+00 0.000000000000000000e+00
0.000000000000000000e+00 0.000000000000000000e+00 0.000000000000000000e+00
0.000000000000000000e+00 0.000000000000000000e+00 -2.190051535970523489e+00
-2.474056539872523164e+00 -6.604933092134347428e-01 -1.934189358899472966e-01
-5.361503385348778572e+00 -9.657709519106806584e-02 -9.766022688274185459e-02
-3.739815931476645483e-01 -9.757836958963617136e-02 -1.946901995233011884e-01
-1.350512849649185476e+01 -1.351072400695752584e+01 -1.348581421893465659e+01
-1.454448838635013530e+01 -1.454838965339617829e+01 -1.454359613537649309e+01
-1.559620209583858852e+01 -1.561465347349506416e+01 -1.561656914867042190e+01
-1.624881421660554537e+01 -1.625541633040965550e+01 -1.625099624057772729e+01
-1.661674823880344221e+01 -1.661888742241383454e+01 -1.661921466972665584e+01
-1.686533372143544085e+01 -1.686132124989968872e+01 -1.686152403756761231e+01
-1.690084838545361379e+01 -1.690085800672546767e+01 -1.690069487790330882e+01
-1.666494102044856618e+01 -1.665088036316567965e+01 -1.665508785741417697e+01
-1.585790281300882221e+01 -1.585387451179790474e+01 -1.585366406438155984e+01
-1.459594831402326065e+01 -1.460170628271579041e+01 -1.418306860410245740e+01
-1.240210667831068214e+01 -1.258693855415057783e+01 -9.240665763046918002e+00
-5.981792074073744914e+00 -5.976908649235050497e+00 -5.555988489965581145e+00
-4.092134731013846505e+00 -9.774250661317096522e-02 0.000000000000000000e+00
-9.753265737158020587e-02 -9.768612066772278113e-02 -9.762355393537133774e-02
0.000000000000000000e+00 0.000000000000000000e+00 0.000000000000000000e+00
0.000000000000000000e+00 0.000000000000000000e+00 0.000000000000000000e+00
-1.052342411775001457e-01 0.000000000000000000e+00 0.000000000000000000e+00
-3.342822190966860951e+00 -9.764801838009715129e-02 0.000000000000000000e+00
-1.271083141134457806e-01 -9.761588357989459119e-02 0.000000000000000000e+00
-6.809053344969843380e+00 -3.653631149326419525e+00 -2.809638355725665004e+00
-2.155908189695084687e+00 -5.571408763623256766e-01 -9.766822441746676742e-02
-1.406915081878983287e+01 -1.408851507911509060e+01 -1.419123456150922635e+01
-1.486618518458446658e+01 -1.488648302363191256e+01 -1.487151343808706550e+01
-1.547335306271904010e+01 -1.546462184469345935e+01 -1.546053825962391670e+01
-1.605684280978002931e+01 -1.605942674725595154e+01 -1.605949307131286119e+01
-1.629494381935378655e+01 -1.629069163430127531e+01 -1.628649565480484185e+01
-1.642456475725450815e+01 -1.642484193474932042e+01 -1.642518220044163613e+01
-1.566595554766252896e+01 -1.566357148952192979e+01 -1.567209751719688171e+01
-1.470192654850271374e+01 -1.471138592166893311e+01 -1.432814960611576005e+01
-1.290792520235810770e+01 -1.287766590737652272e+01 -1.251999282604176855e+01
-8.506886543444915461e+00 -7.830443888922018481e+00 -5.640986619055710527e+00
-2.095240174226506991e+00 -2.079618198425424502e+00 -2.091691371030478308e+00
-2.567297335718198070e+00 -6.481456953328111892e-01 -9.767725782309105709e-02
-1.521644432858852702e-01 -9.654933551471714392e-02 0.000000000000000000e+00
0.000000000000000000e+00 0.000000000000000000e+00 0.000000000000000000e+00
0.000000000000000000e+00 0.000000000000000000e+00 0.000000000000000000e+00
-4.174923577865783386e+00 0.000000000000000000e+00 0.000000000000000000e+00
-5.000000000000000000e-01 -4.396125826223050703e-01 -4.159802807424903826e-01
-3.491763372656687014e+00 -2.419687309866578873e-01 -9.772597892148923715e-02
-9.773488506692169786e-02 -9.764316678254067461e-02 -6.415584955998828720e-01
-1.937253051527753900e-01 -9.766654237610364331e-02 -9.732963421454066122e-02
-9.732937772576370772e-02 -9.763409461046523852e-02 0.000000000000000000e+00
-1.419278710932274379e+01 -1.432552402292809290e+01 -1.420560634048230320e+01
-1.489753081592186845e+01 -1.489778225282849533e+01 -1.491633476428459204e+01
-1.548362969678954038e+01 -1.547022284799935044e+01 -1.546939614637064864e+01
-1.578685300703803307e+01 -1.578758678767934143e+01 -1.578807272118610605e+01
-1.528677224682022562e+01 -1.528964617908233947e+01 -1.528696580566804997e+01
-1.466552959945499879e+01 -1.466759561725326755e+01 -1.462374542108693376e+01
-1.285163134493614123e+01 -1.284738978002732601e+01 -1.258754230755048198e+01
-1.019650685008901903e+01 -9.889910895402357127e+00 -8.606281776658780913e+00
-3.919472647532304510e+00 -3.918013490215965788e+00 -3.912890808986463131e+00
-6.804170167372650013e+00 -4.768237248348322410e+00 -1.433291821321822201e+00
-5.220706325158357863e+00 -9.658708458749420966e-02 -9.765151283351317102e-02
-7.295585194125557837e-01 0.000000000000000000e+00 0.000000000000000000e+00
0.000000000000000000e+00 0.000000000000000000e+00 0.000000000000000000e+00
0.000000000000000000e+00 0.000000000000000000e+00 0.000000000000000000e+00
-9.775912699993734301e-02 0.000000000000000000e+00 0.000000000000000000e+00
-9.742068705575988863e-02 0.000000000000000000e+00 0.000000000000000000e+00
-6.161996195660497389e-01 -1.946068958854306752e-01 -9.761761533610904817e-02
-5.742220525999650604e-01 -1.947971862444585756e-01 -1.944524623653076656e-01
-1.060310907016908333e+00 -2.840803048245144624e-01 -9.753645301734863160e-02
-5.351084767002360909e-01 -4.815708836011032834e-01 -2.754115739993364897e+00
-7.557835523442908432e+00 -1.552886406030247635e+00 -1.168731536411482530e+00
-1.401621702810321324e+01 -1.401153908862472086e+01 -1.403575537980282029e+01
-1.488056277012282358e+01 -1.487972419679816838e+01 -1.486030196016919191e+01
-1.469349812646806797e+01 -1.468775824112673334e+01 -1.468697711375500958e+01
-1.347532727325309132e+01 -1.349904082793459459e+01 -1.347967284183838466e+01
-1.258181647311118567e+01 -1.259235155947142815e+01 -1.258901934119194976e+01
-1.084350510602267015e+01 -1.084523644574003498e+01 -1.082172154333755643e+01
-5.882671911839306489e+00 -5.905046633409261503e+00 -5.787569872281172145e+00
-2.496586348884620499e+00 -2.485390851874555551e+00 -2.482273394046525805e+00
-3.031792196435854958e+00 -2.324875581967976501e+00 -1.303354289270650890e+00
-6.608853121246411000e+00 -9.765168098037278754e-02 -1.937435879960486829e-01
-2.593213770815738339e+00 -9.658793781634734954e-02 -9.729811223753476179e-02
0.000000000000000000e+00 0.000000000000000000e+00 0.000000000000000000e+00
0.000000000000000000e+00 0.000000000000000000e+00 0.000000000000000000e+00
-7.957474962421175135e+00 -6.186594768403027800e+00 -4.717746061843820504e-01
-9.768797886631523653e-02 0.000000000000000000e+00 0.000000000000000000e+00
-1.886048312169797736e+00 -9.764848700549101645e-02 0.000000000000000000e+00
-3.268271299410186459e-01 -9.661934966162957772e-02 -9.762316852792012056e-02
-3.133909599628863063e+00 -1.618121110284531650e-01 0.000000000000000000e+00
-5.141834284015274203e-01 -3.853596219901188058e-01 0.000000000000000000e+00
0.000000000000000000e+00 0.000000000000000000e+00 0.000000000000000000e+00
-1.617213018049450390e+00 -1.012648651124447990e-01 -9.761757419127180258e-02
-1.081503672731233934e+01 -1.096044769269659369e+01 -1.054812629960219539e+01
-1.127326481334876718e+01 -1.130885320921490056e+01 -1.153232493493015909e+01
-1.137364921614326363e+01 -1.137308311953387907e+01 -1.137146904952177984e+01
-1.071480418275727864e+01 -1.080628100984856488e+01 -1.071685409175843873e+01
-9.358373907948097425e+00 -9.341167200087319600e+00 -9.188500964179521446e+00
-4.113755882568654876e+00 -4.113470793218613863e+00 -4.065716649561920804e+00
-1.052733491613855765e+00 -1.053591259850804596e+00 -1.048128038335164325e+00
0.000000000000000000e+00 0.000000000000000000e+00 0.000000000000000000e+00
-2.584167481996640925e-01 -2.231997974946120789e-01 -1.947512375876881974e-01
-5.083883096842660265e+00 -9.178293376129401659e-01 -2.929467897704474133e-01
0.000000000000000000e+00 0.000000000000000000e+00 0.000000000000000000e+00
0.000000000000000000e+00 0.000000000000000000e+00 0.000000000000000000e+00
-1.747576881832606066e+00 -9.761682413924470392e-02 0.000000000000000000e+00
-6.645526163602710312e+00 -9.761137215217954854e-02 0.000000000000000000e+00
-2.445141033400215935e+00 -9.727231873838228238e-02 0.000000000000000000e+00
-1.803593155063452302e+00 -9.661428237443869804e-02 0.000000000000000000e+00
0.000000000000000000e+00 0.000000000000000000e+00 0.000000000000000000e+00
0.000000000000000000e+00 0.000000000000000000e+00 0.000000000000000000e+00
-2.229873698744332611e+00 -9.762452440566758705e-02 -1.944077816106318801e-01
-1.604977329346088943e-01 -9.762574395405197725e-02 0.000000000000000000e+00
-9.745247418377143978e-02 -9.666356082224424051e-02 0.000000000000000000e+00
-5.501937096215193890e+00 0.000000000000000000e+00 0.000000000000000000e+00
-7.172623589694767432e+00 0.000000000000000000e+00 0.000000000000000000e+00
-4.563821968620872527e-01 -3.732770957839914860e-01 -4.032525824491523636e+00
-9.767556722503763222e-02 -9.662611193641050533e-02 0.000000000000000000e+00
-9.658448888329541904e-02 -9.739369030965991381e-02 -9.764951356375350944e-02
-4.257400716267016882e-01 -1.043507717000881491e-01 -1.938964235123414870e-01
-4.565669035151359800e+00 -8.920246195622503205e-01 -9.133971901322339715e-01
-1.376897538517322384e-01 0.000000000000000000e+00 0.000000000000000000e+00
-5.575996797555117013e+00 0.000000000000000000e+00 0.000000000000000000e+00
0.000000000000000000e+00 0.000000000000000000e+00 0.000000000000000000e+00
0.000000000000000000e+00 0.000000000000000000e+00 0.000000000000000000e+00
0.000000000000000000e+00 0.000000000000000000e+00 0.000000000000000000e+00
0.000000000000000000e+00 0.000000000000000000e+00 0.000000000000000000e+00
0.000000000000000000e+00 0.000000000000000000e+00 0.000000000000000000e+00
0.000000000000000000e+00 0.000000000000000000e+00 0.000000000000000000e+00
0.000000000000000000e+00 0.000000000000000000e+00 0.000000000000000000e+00
0.000000000000000000e+00 0.000000000000000000e+00 0.000000000000000000e+00
0.000000000000000000e+00 0.000000000000000000e+00 0.000000000000000000e+00
0.000000000000000000e+00 0.000000000000000000e+00 0.000000000000000000e+00
0.000000000000000000e+00 0.000000000000000000e+00 0.000000000000000000e+00
0.000000000000000000e+00 0.000000000000000000e+00 0.000000000000000000e+00
0.000000000000000000e+00 0.000000000000000000e+00 0.000000000000000000e+00
0.000000000000000000e+00 0.000000000000000000e+00 0.000000000000000000e+00
0.000000000000000000e+00 0.000000000000000000e+00 0.000000000000000000e+00
0.000000000000000000e+00 0.000000000000000000e+00 0.000000000000000000e+00
0.000000000000000000e+00 0.000000000000000000e+00 0.000000000000000000e+00
0.000000000000000000e+00 0.000000000000000000e+00 0.000000000000000000e+00
0.000000000000000000e+00 0.000000000000000000e+00 0.000000000000000000e+00
0.000000000000000000e+00 0.000000000000000000e+00 0.000000000000000000e+00
0.000000000000000000e+00 0.000000000000000000e+00 0.000000000000000000e+00
