0.000000000000000000e+00 0.000000000000000000e+00 0.000000000000000000e+00
0.000000000000000000e+00 0.000000000000000000e+00 0.000000000000000000e+00
-2.940104238372847067e+00 -9.822393508602178525e-02 -9.868637104375146962e-02
-1.282600202072447892e+01 -1.285112080966821679e+01 -1.295725880744067737e+01
-1.768961393972625373e+01 -1.769134597727574132e+01 -1.768942776012910301e+01
-1.780717843468046269e+01 -1.780648953948487900e+01 -1.780497336907149020e+01
-1.782847855506729573e+01 -1.782960565878556380e+01 -1.782832062071483037e+01
-1.784770609599785729e+01 -1.784888749828617094e+01 -1.784744754994604676e+01
-1.780365709056740542e+01 -1.780244107799390818e+01 -1.780222981152017780e+01
-1.787404336865465382e+01 -1.787307039279518150e+01 -1.787315480024220449e+01
-1.806185162032756608e+01 -1.806147512928136933e+01 -1.806165788041573705e+01
-1.793145974126519704e+01 -1.793138076217244858e+01 -1.793130890954591194e+01
-1.761469329686818952e+01 -1.758321593167187658e+01 -1.758274784337223551e+01
-9.851682724048730355e-01 -9.868465468867027024e-02 0.000000000000000000e+00
-3.048979827177111246e-01 -1.121787919719417770e-01 0.000000000000000000e+00
-4.137037604360059295e-01 -9.861367938243820186e-02 -9.869883971521900556e-02
-1.292460836539061120e+01 -9.868593903350392216e-02 0.000000000000000000e+00
-9.821779030279895184e-02 0.000000000000000000e+00 0.000000000000000000e+00
-2.409115681657529873e+00 0.000000000000000000e+00 0.000000000000000000e+00
-9.861514302989221603e-02 0.000000000000000000e+00 0.000000000000000000e+00
0.000000000000000000e+00 0.000000000000000000e+00 0.000000000000000000e+00
-2.117355291808232509e-01 0.000000000000000000e+00 0.000000000000000000e+00
-8.856359685310456697e+00 -7.523243464121398105e+00 -5.430981708679679443e+00
-1.682618431445648000e+01 -1.672830844070362488e+01 -1.675085469036935848e+01
-1.786829805131885252e+01 -1.786359475179579803e+01 -1.787428681056535140e+01
-1.797884019002910705e+01 -1.797910044619322179e+01 -1.800922243731680084e+01
-1.796092752702081086e+01 -1.796412798398177557e+01 -1.796074002149408599e+01
-1.801468961573487704e+01 -1.801536729993242503e+01 -1.801485121524530086e+01
-1.806611673719101674e+01 -1.805912070784494361e+01 -1.805860825494745114e+01
-1.805166282088906371e+01 -1.805384575744726661e+01 -1.805134104127070316e+01
-1.798122852784749881e+01 -1.798582540473567448e+01 -1.798976153128357325e+01
-1.787686926708801494e+01 -1.787682810503631359e+01 -1.787689818333145197e+01
-1.783287060023145898e+01 -1.783262181653314471e+01 -1.783250631406940556e+01
-1.763085699705069587e+01 -1.763138542928524899e+01 -1.763067249411732007e+01
-1.125108076923941347e+01 -6.686253334449272501e+00 -6.255192590816673892e+00
0.000000000000000000e+00 -1.499321099660236023e-01 0.000000000000000000e+00
-4.786295882714141081e-01 -1.959702393617094862e-01 -1.963657570375261230e-01
-2.598037377173199047e-01 -9.872772018260622673e-02 0.000000000000000000e+00
-5.411550187975628035e+00 -2.805866992901072443e+00 -9.826313661846848568e-02
0.000000000000000000e+00 0.000000000000000000e+00 0.000000000000000000e+00
0.000000000000000000e+00 0.000000000000000000e+00 0.000000000000000000e+00
-9.861260245668124202e-02 0.000000000000000000e+00 0.000000000000000000e+00
-1.054718110870514813e+01 -8.639927155595961139e+00 -9.542716101160870323e+00
-1.726821520193613324e+01 -1.742142492955993660e+01 -1.741683127659398522e+01
-1.803925771400911415e+01 -1.803557268548784975e+01 -1.803537135575740891e+01
-1.811312388167573317e+01 -1.811337264776203781e+01 -1.811854864296800471e+01
-1.822911569486643302e+01 -1.823272594922678991e+01 -1.823376850764767099e+01
-1.835334712158158510e+01 -1.835088918903859323e+01 -1.835356412434591178e+01
-1.842928980938341610e+01 -1.842926602632518751e+01 -1.842909132520570381e+01
-1.841413649915473982e+01 -1.841647041454368505e+01 -1.841891176408426745e+01
-1.830520210612774434e+01 -1.830472378400106592e+01 -1.830495031796582950e+01
-1.819490592098541981e+01 -1.819409103259489413e+01 -1.819407186915068664e+01
-1.787671045619958932e+01 -1.787607792471064982e+01 -1.787588251643717285e+01
-1.768210667422196991e+01 -1.768227573529725305e+01 -1.768062322432116318e+01
-1.753229196145807833e+01 -1.753256041181977665e+01 -1.753253296525834060e+01
-1.022220846821171847e+01 -6.308686190615524048e+00 -7.576066983122371035e+00
-6.029274975280708437e-01 -9.868057492024545629e-02 0.000000000000000000e+00
-1.990090168240592483e+00 -1.235037711404722627e+00 -3.912469942153808944e-01
-1.887295369883356666e-01 0.000000000000000000e+00 0.000000000000000000e+00
0.000000000000000000e+00 0.000000000000000000e+00 0.000000000000000000e+00
0.000000000000000000e+00 0.000000000000000000e+00 0.000000000000000000e+00
0.000000000000000000e+00 0.000000000000000000e+00 0.000000000000000000e+00
-1.610275333267870934e+01 -1.509918011924758829e+01 -1.636918852486513032e+01
-1.781589353822130661e+01 -1.780609304770495172e+01 -1.777966841550971111e+01
-1.815861735696640267e+01 -1.815909225518232972e+01 -1.815849850338815585e+01
-1.829822679390089846e+01 -1.829768631595286976e+01 -1.829854297935489882e+01
-1.858031652958600688e+01 -1.858799072406311126e+01 -1.858791919608450627e+01
-1.873674840988891077e+01 -1.873633424115340063e+01 -1.873635113733580226e+01
-1.870020398717126753e+01 -1.880310477450999684e+01 -1.880452187745686388e+01
-1.880583153614876935e+01 -1.879018673192486233e+01 -1.876544655864843136e+01
-1.869166553998428171e+01 -1.870422918117426292e+01 -1.860374874410479151e+01
-1.858133597197442910e+01 -1.854116471914315412e+01 -1.829100062018624939e+01
-1.814904743210707849e+01 -1.814254471085897436e+01 -1.814127310645395141e+01
-1.795665415509901308e+01 -1.795613603930703661e+01 -1.795727644888356167e+01
-1.756826577806040746e+01 -1.757344030949143843e+01 -1.753010269421328715e+01
-1.733571249563100380e+01 -1.733611234232535736e+01 -1.733531122156481175e+01
-4.617262350931123471e+00 -2.968461372156867117e+00 -5.900141597935386617e-01
-9.825992391316637486e-02 0.000000000000000000e+00 0.000000000000000000e+00
-1.181958944199331363e+01 0.000000000000000000e+00 0.000000000000000000e+00
0.000000000000000000e+00 0.000000000000000000e+00 0.000000000000000000e+00
0.000000000000000000e+00 0.000000000000000000e+00 0.000000000000000000e+00
-1.393362957090220000e+01 -1.304797737952716297e+01 0.000000000000000000e+00
-1.605700791598666299e+01 -1.638140460822766542e+01 -1.649837730081960885e+01
-1.804099665780615780e+01 -1.804175254245519966e+01 -1.804105423484326565e+01
-1.827008800595979920e+01 -1.827009064874888367e+01 -1.826987464953110063e+01
-1.857320080843984300e+01 -1.856648641611251094e+01 -1.857286417311062365e+01
-1.880936926216741512e+01 -1.880873347919734684e+01 -1.880918068217227912e+01
-1.891390738949370487e+01 -1.901207500156998620e+01 -1.905835376318680829e+01
-1.909880010324200228e+01 -1.910410337430865368e+01 -1.909953388475016567e+01
-1.928154128677922685e+01 -1.928148447684093370e+01 -1.928143408314175034e+01
-1.931356799914498623e+01 -1.927255884006660125e+01 -1.931020979806023519e+01
-1.905719439736529708e+01 -1.905428970693091983e+01 -1.898911255207756099e+01
-1.866428923384101424e+01 -1.858782476389712102e+01 -1.856206990636955112e+01
-1.823024965286460031e+01 -1.823007506770403907e+01 -1.800715212982106905e+01
-1.786182034430824928e+01 -1.786127629834084729e+01 -1.786122711854177325e+01
-1.743177826331554670e+01 -1.741294152367724379e+01 -1.731573354541756515e+01
-1.677301112573132968e+01 -1.677242691353989201e+01 -1.677495636609325658e+01
-1.613951143903663166e+01 -6.169404017412280616e+00 -3.002839013815990388e+00
-1.127115129367718716e+01 -9.860721218712571734e-02 0.000000000000000000e+00
-9.871456404634017245e-02 0.000000000000000000e+00 0.000000000000000000e+00
0.000000000000000000e+00 0.000000000000000000e+00 0.000000000000000000e+00
-4.795936445723959496e-01 -6.229720190843609728e+00 -5.355214383262409950e-01
-1.646026522008205717e+01 -1.670212209571874240e+01 -1.648440937531952599e+01
-1.814423860108743725e+01 -1.814428439610042432e+01 -1.814487859132121272e+01
-1.839946182850821188e+01 -1.840028128772864235e+01 -1.839974434971225037e+01
-1.873383311372671756e+01 -1.872945938587348635e+01 -1.873444747713095992e+01
-1.897753039223030314e+01 -1.897669651967903803e+01 -1.897871441109009893e+01
-1.912118850708422002e+01 -1.922107667808188936e+01 -1.920442405311058920e+01
-1.949090709362970841e+01 -1.951983402778428456e+01 -1.951915867951628414e+01
-1.955871530377035938e+01 -1.955531619281949673e+01 -1.955845798247348810e+01
-1.952592689774914092e+01 -1.952543772456873583e+01 -1.952079333033384856e+01
-1.948545595473283498e+01 -1.948419282577325973e+01 -1.945853372057974440e+01
-1.937066110215890546e+01 -1.937067446014627592e+01 -1.926672999536507902e+01
-1.851289714682225807e+01 -1.859829456790286883e+01 -1.851382220257920963e+01
-1.814187016149384135e+01 -1.812702854439448785e+01 -1.793633479492921268e+01
-1.763390392301239018e+01 -1.763487074752938710e+01 -1.763383847665086890e+01
-1.717244048083647456e+01 -1.717038765172091885e+01 -1.717337162591365995e+01
-8.188462336431468813e+00 -3.527373568028918882e+00 -3.451001997465755977e+00
-1.234854310398246824e+01 -8.478954736176341767e-01 -9.866731998661314174e-02
-1.350233114241525256e-01 0.000000000000000000e+00 0.000000000000000000e+00
0.000000000000000000e+00 0.000000000000000000e+00 0.000000000000000000e+00
-3.877971627536183075e-01 -1.585801415001312442e+00 -4.515492082171450594e-01
-1.631479207487661753e+01 -1.631618794806266948e+01 -1.682162685655450574e+01
-1.818037274434640693e+01 -1.818355581993640513e+01 -1.818484436190132314e+01
-1.842470213224848408e+01 -1.845151143263808535e+01 -1.845032604715307656e+01
-1.885672018731106903e+01 -1.887428534306583217e+01 -1.887770134527294630e+01
-1.909339084151876165e+01 -1.909322838991852933e+01 -1.909393670036142154e+01
-1.921463320040320610e+01 -1.927307575920901783e+01 -1.927827855933789181e+01
-1.963150817840713458e+01 -1.964471516160024578e+01 -1.964482251879077523e+01
-1.968110753840732485e+01 -1.972835432696281899e+01 -1.972599712298799091e+01
-1.977709805414137634e+01 -1.977858479942216618e+01 -1.970581499898768030e+01
-1.964390819148333733e+01 -1.964307185336067718e+01 -1.957539841538200065e+01
-1.948287494793620667e+01 -1.947988802863681457e+01 -1.944718012809930130e+01
-1.933744223818098362e+01 -1.933908180793386222e+01 -1.930905796091397875e+01
-1.837062651486348841e+01 -1.836665024601332519e+01 -1.827688572904322939e+01
-1.787269601510476491e+01 -1.787360004853976747e+01 -1.787309304031275303e+01
-1.714149750626912549e+01 -1.713724991784349072e+01 -1.698983277337666919e+01
-1.572278976413178064e+01 -1.528335077747845183e+01 -1.578573566635080283e+01
0.000000000000000000e+00 0.000000000000000000e+00 0.000000000000000000e+00
0.000000000000000000e+00 0.000000000000000000e+00 0.000000000000000000e+00
0.000000000000000000e+00 0.000000000000000000e+00 0.000000000000000000e+00
-4.819605353702288708e-01 -1.508599326258516449e+00 -4.796639483627770928e-01
-1.610903200762379228e+01 -1.653051934111984878e+01 -1.642407503975115901e+01
-1.797077905527236297e+01 -1.820148192736472836e+01 -1.818714270102468689e+01
-1.843166575136668328e+01 -1.847295963983484413e+01 -1.847530416289382771e+01
-1.891705329528252832e+01 -1.892546651125120150e+01 -1.892877363610824304e+01
-1.910512757996298916e+01 -1.910502047104595746e+01 -1.910502468402551912e+01
-1.917879320914832775e+01 -1.927574659594476358e+01 -1.927549546931175684e+01
-1.963446302119706388e+01 -1.963453513982465992e+01 -1.963447306371186585e+01
-1.970609557445949278e+01 -1.972546559084180728e+01 -1.972186493737333990e+01
-1.973358508897725727e+01 -1.980051137403107120e+01 -1.979972145117611504e+01
-1.969183905040790705e+01 -1.969103028921755794e+01 -1.965143085340430318e+01
-1.957048850151264574e+01 -1.955968120976821822e+01 -1.952727159462133955e+01
-1.943620247000442802e+01 -1.943546990989730006e+01 -1.932569654698403738e+01
-1.856296846258835131e+01 -1.856410327733457066e+01 -1.856320859309052196e+01
-1.797818219759402325e+01 -1.797768001334809895e+01 -1.798056290100888077e+01
-1.718093843648168573e+01 -1.717237833564674787e+01 -1.694064760563672323e+01
-1.598788847991507467e+01 -1.598795025207998144e+01 -1.598731647211397622e+01
-5.221245371990612227e+00 -5.344117719080683226e-01 -1.968030747428992089e-01
0.000000000000000000e+00 0.000000000000000000e+00 0.000000000000000000e+00
0.000000000000000000e+00 0.000000000000000000e+00 0.000000000000000000e+00
0.000000000000000000e+00 0.000000000000000000e+00 0.000000000000000000e+00
-1.627568399014466038e+01 -1.622277522727469901e+01 -1.665743635809074874e+01
-1.807721577983228656e+01 -1.793843638738453805e+01 -1.805909211395253777e+01
-1.837856049778191903e+01 -1.842521437854410493e+01 -1.843191249486165262e+01
-1.886666915217486107e+01 -1.888517489834664431e+01 -1.888573636964165559e+01
-1.905605425247675200e+01 -1.905583048772695776e+01 -1.905629117807170303e+01
-1.917475590010404929e+01 -1.925232172691943688e+01 -1.926204176684836611e+01
-1.932251210769755900e+01 -1.941318005138904823e+01 -1.941784574407925845e+01
-1.963943692006481001e+01 -1.964199556440527061e+01 -1.964215169371563618e+01
-1.963615187286877983e+01 -1.963618601929020002e+01 -1.964887084175965981e+01
-1.964165649745669029e+01 -1.964415449898086408e+01 -1.961365891236081538e+01
-1.956885137409197739e+01 -1.956335495438617755e+01 -1.954463736933818652e+01
-1.944129209085915733e+01 -1.944148712509276677e+01 -1.942397152425388640e+01
-1.876590468706642412e+01 -1.874497079345393757e+01 -1.874495397669485541e+01
-1.799143822718797381e+01 -1.801636758186641885e+01 -1.786633670182728295e+01
-1.708115388239157895e+01 -1.707928933816600647e+01 -1.700978755913376261e+01
-1.580572018224309971e+01 -1.579808039950371956e+01 -1.579822250087063296e+01
-9.088403488346611381e-01 0.000000000000000000e+00 0.000000000000000000e+00
0.000000000000000000e+00 0.000000000000000000e+00 0.000000000000000000e+00
0.000000000000000000e+00 0.000000000000000000e+00 0.000000000000000000e+00
-1.545197022843443735e+00 0.000000000000000000e+00 0.000000000000000000e+00
-1.224122335642107906e+01 -1.220710810192086804e+01 -1.222090670597124351e+01
-1.701581307576443436e+01 -1.773906131176092771e+01 -1.779318752310208396e+01
-1.819584518172923282e+01 -1.824960559884191014e+01 -1.824829038896864120e+01
-1.850804789696574559e+01 -1.851040734695521195e+01 -1.851101316172104916e+01
-1.899298788012318795e+01 -1.898250091391587802e+01 -1.899226969678269228e+01
-1.912528331642288748e+01 -1.912548715371998398e+01 -1.912533952079059318e+01
-1.923824499769763108e+01 -1.928965070512138524e+01 -1.928559997801334092e+01
-1.934655487134898877e+01 -1.940200059655781573e+01 -1.939819071645366932e+01
-1.945651933716517590e+01 -1.947064285952962948e+01 -1.946960470306610702e+01
-1.949235777732732799e+01 -1.950498539436626189e+01 -1.950205266119286662e+01
-1.947506309866687957e+01 -1.947513942587033497e+01 -1.947585721829442562e+01
-1.935547578572372629e+01 -1.935163053969419877e+01 -1.931963991911495881e+01
-1.869731223822540755e+01 -1.869876121667413216e+01 -1.869239142014190946e+01
-1.793133442767495112e+01 -1.790029244837363009e+01 -1.759814277410397665e+01
-1.687762971431932613e+01 -1.687522707919183063e+01 -1.677899976773964141e+01
-1.566382174426393625e+01 -1.565961869973043363e+01 -1.564427689924363207e+01
-1.351448730146107780e+00 -9.872262770438239299e-02 0.000000000000000000e+00
0.000000000000000000e+00 0.000000000000000000e+00 0.000000000000000000e+00
0.000000000000000000e+00 0.000000000000000000e+00 0.000000000000000000e+00
-1.600306058611252746e+00 0.000000000000000000e+00 0.000000000000000000e+00
-1.716110763303230868e+00 -9.870242168792117687e-02 0.000000000000000000e+00
-1.705047604561403674e+01 -1.704996631066538271e+01 -1.705041741136980704e+01
-1.798091264478224005e+01 -1.785989380572304697e+01 -1.799414778213692401e+01
-1.831738326237773506e+01 -1.831659987170431947e+01 -1.831793512348371777e+01
-1.867168050565750548e+01 -1.868659359715068291e+01 -1.868881466451529505e+01
-1.899365258750965779e+01 -1.900917454065324463e+01 -1.901014322846325655e+01
-1.915044514632712591e+01 -1.915087932251586622e+01 -1.915099507640701049e+01
-1.925720556956283858e+01 -1.925786265666171104e+01 -1.925897458443390775e+01
-1.932959184418385590e+01 -1.932999786620514371e+01 -1.932990961831984933e+01
-1.936165660695915491e+01 -1.936162542832685673e+01 -1.936176075475236757e+01
-1.935445792808482324e+01 -1.935171426845109011e+01 -1.934344585642016057e+01
-1.910136197147714654e+01 -1.910354556690074901e+01 -1.907620182042836632e+01
-1.843446872882045895e+01 -1.841761170975403061e+01 -1.828367184268686074e+01
-1.739089862367851325e+01 -1.738518884671818654e+01 -1.736910652324614546e+01
-1.649131280888918738e+01 -1.649337895550877064e+01 -1.627723937673304277e+01
-1.479175197169684886e+01 -1.478812780300881791e+01 -1.479487201155903620e+01
-7.686049050517844705e-01 -1.967822765610779956e-01 0.000000000000000000e+00
0.000000000000000000e+00 0.000000000000000000e+00 0.000000000000000000e+00
0.000000000000000000e+00 0.000000000000000000e+00 0.000000000000000000e+00
-9.870297916098108582e-02 0.000000000000000000e+00 0.000000000000000000e+00
-2.289361174032776614e+00 -2.005636099722771792e-01 -1.968804133373643905e-01
-1.129686315107077377e+01 -1.130179599231685650e+01 -1.157192132697613118e+01
-1.765694654388114060e+01 -1.743393014710714795e+01 -1.764323846849415034e+01
-1.812182327736435639e+01 -1.806920874496527318e+01 -1.813033085348246232e+01
-1.834247533988331469e+01 -1.844562836354247182e+01 -1.854461495357419309e+01
-1.864393113861268958e+01 -1.864531598396210654e+01 -1.864312772426834641e+01
-1.892879011042496984e+01 -1.895056974654064774e+01 -1.895184885957539223e+01
-1.909988615861747618e+01 -1.910551127521868864e+01 -1.910717920758217758e+01
-1.916665301988355452e+01 -1.916609099323193277e+01 -1.916668724671376367e+01
-1.915103977894182918e+01 -1.915100389020740934e+01 -1.915268354491261960e+01
-1.902968021461534320e+01 -1.902833115122702168e+01 -1.902939151552128649e+01
-1.873825151384873777e+01 -1.872424728816139350e+01 -1.872274785456722412e+01
-1.827473938909412965e+01 -1.822839472055535381e+01 -1.765123071478134165e+01
-1.690127801448582545e+01 -1.687252804745257606e+01 -1.686436826856083826e+01
-1.584445076705643807e+01 -1.584531020249457534e+01 -1.572099741611856061e+01
-1.037384368885375530e+01 -7.443030793043972082e+00 -4.833663077796698460e+00
-6.275455598556439973e+00 -3.122536222060560362e+00 -2.651180768502703788e+00
0.000000000000000000e+00 0.000000000000000000e+00 0.000000000000000000e+00
0.000000000000000000e+00 0.000000000000000000e+00 0.000000000000000000e+00
-6.467408879158260682e-01 -9.870197941652948670e-02 0.000000000000000000e+00
-2.718570269972002129e-01 -1.968819079229264524e-01 -2.334762509709898293e+00
-1.657840319840068410e+00 -9.868700620780564148e-02 0.000000000000000000e+00
-1.637207174853895708e+01 -1.654624619421291953e+01 -1.637212351981047576e+01
-1.737346969722676349e+01 -1.769932329129859383e+01 -1.769311856341071731e+01
-1.804961824332428932e+01 -1.818787358975763269e+01 -1.819256624423242741e+01
-1.840244336305634576e+01 -1.841983219606210653e+01 -1.843129971317588911e+01
-1.856583382233370116e+01 -1.856514809529198118e+01 -1.856636797403674777e+01
-1.875302569769611694e+01 -1.872878373682286934e+01 -1.872771369726119062e+01
-1.879508868656112242e+01 -1.879789148430624479e+01 -1.879996227029202061e+01
-1.882608544555536056e+01 -1.882598081755215347e+01 -1.882565362755391192e+01
-1.880418979542540114e+01 -1.880434594737893406e+01 -1.880213714954506088e+01
-1.852070339230653317e+01 -1.858292864148723922e+01 -1.810900802403611465e+01
-1.727891509851544072e+01 -1.726235681132478916e+01 -1.724317927646865911e+01
-1.623868353310291113e+01 -1.585020425643934949e+01 -1.621648626923503755e+01
-1.511109265329029050e+01 -1.511054597573310510e+01 -1.511353935710556406e+01
-1.185861855761944028e+01 -1.661733002414035099e+01 0.000000000000000000e+00
-6.664506760803815544e-01 0.000000000000000000e+00 0.000000000000000000e+00
0.000000000000000000e+00 0.000000000000000000e+00 0.000000000000000000e+00
0.000000000000000000e+00 0.000000000000000000e+00 0.000000000000000000e+00
-9.873093557612476479e-02 0.000000000000000000e+00 0.000000000000000000e+00
-4.145713126249985336e+00 -1.067072840612956069e-01 0.000000000000000000e+00
-9.870273973617170460e-02 -9.825578287510153275e-02 0.000000000000000000e+00
-8.900813601875128711e+00 -9.823893865374212775e-02 -9.870163858556064984e-02
-1.705868581966866770e+01 -1.706035492194718373e+01 -1.706030114527530017e+01
-1.763208365722595516e+01 -1.779636642002538238e+01 -1.781243787237078635e+01
-1.802986215378703250e+01 -1.807635574175226623e+01 -1.806911401043021215e+01
-1.831112744046491869e+01 -1.833975935295088178e+01 -1.833977986172315155e+01
-1.851668547297456158e+01 -1.851796062083641914e+01 -1.851767705470497560e+01
-1.863340119555385144e+01 -1.863317280621843963e+01 -1.863514985083764230e+01
-1.870294865717968946e+01 -1.870439192574083620e+01 -1.871008995987746459e+01
-1.856643048341081581e+01 -1.854130663460258788e+01 -1.815309495486556912e+01
-1.776680775849019867e+01 -1.761205929987738728e+01 -1.772326079877373317e+01
-1.648274901925390168e+01 -1.648769403189433902e+01 -1.644348222822224415e+01
-1.510549459531242888e+01 -1.510140616054604834e+01 -1.476422618722970803e+01
-1.192249541202685315e+01 -1.184241936162391795e+01 -1.176039774491538203e+01
-1.974278156814146812e-01 -2.220684240748221072e-01 -2.941235761247686376e-01
-9.622058197433128512e+00 -1.968864007648346570e-01 -1.963547080265641842e-01
0.000000000000000000e+00 0.000000000000000000e+00 0.000000000000000000e+00
0.000000000000000000e+00 0.000000000000000000e+00 0.000000000000000000e+00
-7.061406719869335546e+00 -1.813253296125719449e-01 -9.870443231699749242e-02
-9.866982569504817446e-02 -9.873062130151571969e-02 0.000000000000000000e+00
-9.867776377249283526e-02 -9.861380636842267955e-02 0.000000000000000000e+00
-9.503162661433375291e+00 -9.824252142649576858e-02 0.000000000000000000e+00
-1.786128972711114038e+00 -1.285782277385267625e+00 -8.872136437839218681e-01
-1.755344364714694194e+01 -1.767215054395088458e+01 -1.762027831164816760e+01
-1.790627203214161867e+01 -1.791934068330568408e+01 -1.792037489871821876e+01
-1.818235883668638664e+01 -1.822680480684038429e+01 -1.820191459937029776e+01
-1.837108525034395612e+01 -1.839645546407155763e+01 -1.839689811695919985e+01
-1.847615553228786922e+01 -1.847655523672322886e+01 -1.847648264966150577e+01
-1.855151614809537364e+01 -1.858180122837458725e+01 -1.838932894522200456e+01
-1.781878439843232442e+01 -1.775676506484342809e+01 -1.775336317569135147e+01
-1.658288432510273225e+01 -1.659256399003792026e+01 -1.657369667347574804e+01
-1.552177803330536499e+01 -1.551603439336691892e+01 -1.515151793903502231e+01
-1.318162519755323103e+01 -1.317273556606869001e+01 -1.309676093422683607e+01
-1.506087897726477998e+01 -4.062312549217378610e+00 -4.912786839943775741e-01
-1.246040981579230511e+01 -9.822304672044157581e-02 -9.861034094792257843e-02
-8.998388687316596801e+00 -9.870755399028083299e-02 0.000000000000000000e+00
0.000000000000000000e+00 0.000000000000000000e+00 0.000000000000000000e+00
0.000000000000000000e+00 0.000000000000000000e+00 0.000000000000000000e+00
-2.767510318250122836e+00 -9.870594993790055005e-02 0.000000000000000000e+00
-1.062897163584735161e+01 -9.867790244152335744e-02 -9.868653890007217377e-02
-2.919740168913166123e+00 -9.823543571140272435e-02 -9.825207824637552378e-02
-6.640143047103719276e+00 -9.861223769185678556e-02 -9.867799802671298193e-02
-1.270261811734346935e+01 0.000000000000000000e+00 0.000000000000000000e+00
-1.175550878096672136e+01 -9.861721966311420839e-02 -9.870339266699922065e-02
-1.752204278719736052e+01 -1.752381802465484384e+01 -1.765971286118820061e+01
-1.800027350318536179e+01 -1.800976643989366011e+01 -1.800927857760895634e+01
-1.828939920557865761e+01 -1.828828950295648781e+01 -1.828940446849065538e+01
-1.841472481550039930e+01 -1.841508466699694679e+01 -1.841499676925495876e+01
-1.794577111789531543e+01 -1.797064940645575248e+01 -1.781349673786564125e+01
-1.664587291092242083e+01 -1.664251754000567018e+01 -1.663841771180335982e+01
-1.572339358962356215e+01 -1.572429737499139257e+01 -1.570213408598876192e+01
-1.409282772351345692e+01 -1.405251911151899513e+01 -1.359432433018504582e+01
-1.566074470065628432e+01 -1.061580690216761269e+01 -1.028598839249995045e+01
-1.239384346709651297e+01 -2.827748916872137586e-01 -9.991992427376873209e+00
-9.867008410328108325e-02 0.000000000000000000e+00 0.000000000000000000e+00
-6.888196312067587535e+00 -9.870379245446683769e-02 0.000000000000000000e+00
-9.760972721377390471e+00 0.000000000000000000e+00 0.000000000000000000e+00
0.000000000000000000e+00 0.000000000000000000e+00 0.000000000000000000e+00
-1.089547432702017815e+00 0.000000000000000000e+00 0.000000000000000000e+00
-1.358556445201785934e+01 -4.411682373805535518e-01 -4.157008874438692936e-01
-1.247576667136275130e+00 -1.944820383882717996e-01 -1.963522432069687851e-01
-2.930948772857732143e-01 0.000000000000000000e+00 0.000000000000000000e+00
-4.078477427518820142e-01 -9.868649340544381754e-02 0.000000000000000000e+00
-9.826040172431625697e-02 -9.872263428239336225e-02 -9.870442220082303875e-02
-8.112946528016207637e+00 -1.795857608023559315e+00 -4.610832370756380860e-01
-1.756329861801865277e+01 -1.726300641452382578e+01 -1.726068069403629579e+01
-1.774602423427325348e+01 -1.778282488946014084e+01 -1.774338208107666404e+01
-1.779134279569609234e+01 -1.779138705808011878e+01 -1.779156139490206456e+01
-1.630563187332898778e+01 -1.630422744991183137e+01 -1.629595710702886180e+01
-1.563869362861030510e+01 -1.564060992967973540e+01 -1.563863497684425141e+01
-1.480877830076761370e+01 -1.480479305790727373e+01 -1.479551622510856390e+01
-1.200514444887979337e+01 -1.200974974946749363e+01 -1.187955989133020651e+01
-3.784200288020485470e+00 -8.218875766668468641e-01 -8.169317062848034938e-01
-2.530289501727886137e+00 0.000000000000000000e+00 0.000000000000000000e+00
-2.328565348308108962e-01 0.000000000000000000e+00 -7.515128814999504359e-01
0.000000000000000000e+00 0.000000000000000000e+00 -1.022296120527461305e+01
0.000000000000000000e+00 0.000000000000000000e+00 0.000000000000000000e+00
0.000000000000000000e+00 0.000000000000000000e+00 0.000000000000000000e+00
0.000000000000000000e+00 0.000000000000000000e+00 0.000000000000000000e+00
-6.005967059179288192e+00 -1.963386144782348630e-01 -9.861351816124484804e-02
-2.243746989772751110e+00 -9.861233382228419553e-02 0.000000000000000000e+00
-1.550180689352356644e+01 -1.194753890934942575e+01 -7.955487266588581186e+00
-7.754247005125734837e+00 -5.035262210610109257e+00 -1.968788734693646403e-01
-4.953737134857385982e+00 -3.726898970913944953e-01 -2.745846995191006390e-01
-9.860957289737815046e-02 -9.868486505592584390e-02 -9.860216281145516015e-02
-8.226996760512992335e-01 -9.861547518128142842e-02 -9.870818102909155456e-02
-1.434853018762716204e+01 -1.476017396593727860e+01 -1.433417806331169508e+01
-1.405928186927236112e+01 -1.440419141126835356e+01 -1.407638667510172326e+01
-1.490628380181095203e+01 -1.491229274279548989e+01 -1.491288998702050961e+01
-1.480644139520362934e+01 -1.483097904104140241e+01 -1.480746017000441306e+01
-1.391395421411238864e+01 -1.391549660408135836e+01 -1.389491788126410832e+01
-1.101905429093863908e+01 -1.101573922893342505e+01 -1.074632924579268334e+01
-1.466648890841927511e+01 -3.270891358138242055e-01 -1.979568754443453149e-01
-7.737301617896299000e+00 -3.510679369526882088e+00 -9.871019558820125217e-02
-2.454761133457695976e+00 -1.397930816026232148e-01 -9.861027053220254579e-02
-9.485740878000417098e+00 -3.689141861420718316e-01 -7.823331504930963742e-01
0.000000000000000000e+00 0.000000000000000000e+00 0.000000000000000000e+00
0.000000000000000000e+00 0.000000000000000000e+00 0.000000000000000000e+00
-3.029722788564058522e+00 0.000000000000000000e+00 0.000000000000000000e+00
-4.960819913944534143e+00 0.000000000000000000e+00 0.000000000000000000e+00
-1.440520051736428608e-01 -1.448425755928411274e+00 -1.162182937977605246e-01
-1.241612788627304376e+01 -2.901695789341294796e-01 -1.007941538698256245e+01
-2.225905381070508171e-01 0.000000000000000000e+00 0.000000000000000000e+00
-8.303091216515013917e-01 -1.640615648275923211e-01 -1.963829417369044594e-01
-1.674933607123277435e+00 -3.801668783242890814e-01 0.000000000000000000e+00
-5.907752629747973216e-01 0.000000000000000000e+00 0.000000000000000000e+00
-9.869272900381075020e-02 0.000000000000000000e+00 0.000000000000000000e+00
0.000000000000000000e+00 0.000000000000000000e+00 0.000000000000000000e+00
-6.473926727579603302e+00 0.000000000000000000e+00 0.000000000000000000e+00
-8.745248074579492936e+00 -9.867792714885098571e-02 0.000000000000000000e+00
-9.870665812584157595e-02 0.000000000000000000e+00 0.000000000000000000e+00
-1.056736719396358826e+00 -9.862112649237858575e-02 -9.861023814631440787e-02
-2.360458431554876224e+00 -1.130847261459184017e+00 -9.821734463895870348e-02
-5.092476626382515192e+00 -2.561806934373181743e+00 0.000000000000000000e+00
-9.860641362259113529e-02 0.000000000000000000e+00 0.000000000000000000e+00
0.000000000000000000e+00 0.000000000000000000e+00 0.000000000000000000e+00
0.000000000000000000e+00 0.000000000000000000e+00 0.000000000000000000e+00
0.000000000000000000e+00 0.000000000000000000e+00 0.000000000000000000e+00
0.000000000000000000e+00 0.000000000000000000e+00 0.000000000000000000e+00
0.000000000000000000e+00 0.000000000000000000e+00 0.000000000000000000e+00
0.000000000000000000e+00 0.000000000000000000e+00 0.000000000000000000e+00
0.000000000000000000e+00 0.000000000000000000e+00 0.000000000000000000e+00
0.000000000000000000e+00 0.000000000000000000e+00 0.000000000000000000e+00
0.000000000000000000e+00 0.000000000000000000e+00 0.000000000000000000e+00
0.000000000000000000e+00 0.000000000000000000e+00 0.000000000000000000e+00
0.000000000000000000e+00 0.000000000000000000e+00 0.000000000000000000e+00
0.000000000000000000e+00 0.000000000000000000e+00 0.000000000000000000e+00
0.000000000000000000e+00 0.000000000000000000e+00 0.000000000000000000e+00
0.000000000000000000e+00 0.000000000000000000e+00 0.000000000000000000e+00
0.000000000000000000e+00 0.000000000000000000e+00 0.000000000000000000e+00
0.000000000000000000e+00 0.000000000000000000e+00 0.000000000000000000e+00
0.000000000000000000e+00 0.000000000000000000e+00 0.000000000000000000e+00
0.000000000000000000e+00 0.000000000000000000e+00 0.000000000000000000e+00
0.000000000000000000e+00 0.000000000000000000e+00 0.000000000000000000e+00
0.000000000000000000e+00 0.000000000000000000e+00 0.000000000000000000e+00
0.000000000000000000e+00 0.000000000000000000e+00 0.000000000000000000e+00
0.000000000000000000e+00 0.000000000000000000e+00 0.000000000000000000e+00
