0.000000000000000000e+00 0.000000000000000000e+00 0.000000000000000000e+00
0.000000000000000000e+00 0.000000000000000000e+00 0.000000000000000000e+00
-6.805951313157656557e+00 -2.211851343290232474e+00 -4.970621271501372007e-01
-1.085532213289196157e+01 -1.003603929120023253e+01 -9.875543243773314828e+00
-1.720088718634349334e+01 -1.771520301811399278e+01 -1.765585661552450247e+01
-1.730234769141414830e+01 -1.758584029734422316e+01 -1.754504520714515436e+01
-1.737524965320462655e+01 -1.818444960430911905e+01 -1.812617647541392074e+01
-1.803679900108340206e+01 -1.779537506641751676e+01 -1.812034115077599239e+01
-1.803501406344602032e+01 -1.790688513875250365e+01 -1.811383048446693422e+01
-1.791320826293747004e+01 -1.798185417968099742e+01 -1.791362958088671320e+01
-1.781860915478467078e+01 -1.781946114312604834e+01 -1.781779445533700823e+01
-1.768843728631876289e+01 -1.768617930051064135e+01 -1.768874237474338429e+01
-1.678506097926069529e+01 -1.678585953998677383e+01 -1.678680888417804695e+01
-1.021780679270313463e+00 -2.265789284918487134e-01 0.000000000000000000e+00
-3.263962382470190882e+00 0.000000000000000000e+00 0.000000000000000000e+00
-7.051566844117973076e+00 0.000000000000000000e+00 0.000000000000000000e+00
-5.287419498201932022e+00 -2.983428114700830136e+00 -5.491909698036852028e-01
0.000000000000000000e+00 0.000000000000000000e+00 0.000000000000000000e+00
-5.803703864906052168e+00 0.000000000000000000e+00 0.000000000000000000e+00
0.000000000000000000e+00 0.000000000000000000e+00 0.000000000000000000e+00
0.000000000000000000e+00 0.000000000000000000e+00 0.000000000000000000e+00
0.000000000000000000e+00 0.000000000000000000e+00 0.000000000000000000e+00
-3.500346309674183143e+00 -3.043697360491284698e+00 -3.508066882488245497e+00
-1.660487506687055159e+01 -1.371502242100750735e+01 -1.675433195443687140e+01
-1.786322940391459113e+01 -1.740124135661846339e+01 -1.775713909429472537e+01
-1.806315804027870442e+01 -1.772936668611156463e+01 -1.773371232083855986e+01
-1.815430426737251324e+01 -1.814728853798185071e+01 -1.815460243779368454e+01
-1.824065343974523401e+01 -1.823519598126956609e+01 -1.823537891368859576e+01
-1.819524806562891328e+01 -1.819480748797851888e+01 -1.819778614401680272e+01
-1.809361189989244778e+01 -1.809339503176852304e+01 -1.809370308480650991e+01
-1.800226291713155291e+01 -1.800200701161334749e+01 -1.800192866769603484e+01
-1.792848190451479695e+01 -1.792829292907960692e+01 -1.792852600460941304e+01
-1.778793637869273070e+01 -1.778736038694474431e+01 -1.778795964491814985e+01
-1.753054389041821182e+01 -1.753021018359484273e+01 -1.752961128333660668e+01
-1.522329308749770149e+01 -1.522847873444769107e+01 -1.521421418708163742e+01
-9.913507065262592288e-01 -7.230606002091517048e+00 0.000000000000000000e+00
-4.058913303006575823e+00 -3.336712403555586626e+00 -1.213010706829069363e-01
-2.084465111027391071e+00 -1.837525509991892569e+00 -1.822304150018516866e+00
-2.581297151979290994e-01 0.000000000000000000e+00 0.000000000000000000e+00
0.000000000000000000e+00 0.000000000000000000e+00 0.000000000000000000e+00
0.000000000000000000e+00 0.000000000000000000e+00 0.000000000000000000e+00
0.000000000000000000e+00 0.000000000000000000e+00 0.000000000000000000e+00
-8.785201754732112178e+00 -8.536502020924073619e+00 -9.755228614347746685e+00
-1.678970101751901467e+01 -1.738786544887555863e+01 -1.737311631575643034e+01
-1.782569120760214787e+01 -1.790286702750315584e+01 -1.793040929996067945e+01
-1.818989014410333027e+01 -1.819185324516162083e+01 -1.820441469721563976e+01
-1.846374685494355816e+01 -1.847464761106931164e+01 -1.846352192717591123e+01
-1.854357996094173444e+01 -1.853194272645763263e+01 -1.837504072664394528e+01
-1.852650519844663179e+01 -1.833699313863508706e+01 -1.852294332079542372e+01
-1.856898768365331875e+01 -1.853201571527278446e+01 -1.852367577882449723e+01
-1.848554440733236248e+01 -1.847698778288433985e+01 -1.848653760742933727e+01
-1.828135621858865179e+01 -1.832233917099132370e+01 -1.818570031883585258e+01
-1.785222417747837653e+01 -1.786453700726580252e+01 -1.779455029793309251e+01
-1.762963625931877232e+01 -1.762951489550160744e+01 -1.762883981376647569e+01
-1.737045928165705888e+01 -1.737071891860348316e+01 -1.737010161155884447e+01
-1.247573308355082844e+01 -1.240491830363821357e+01 -1.244937415398437075e+01
-5.761169082174128597e+00 -1.468176236607132923e+00 -7.561956082346943386e-01
-2.101857010569294915e-01 -9.878862677858236963e-02 0.000000000000000000e+00
0.000000000000000000e+00 0.000000000000000000e+00 0.000000000000000000e+00
0.000000000000000000e+00 0.000000000000000000e+00 0.000000000000000000e+00
0.000000000000000000e+00 0.000000000000000000e+00 0.000000000000000000e+00
-2.905666845874049997e+00 -1.032113622397451136e-01 0.000000000000000000e+00
-1.231126692203005568e+01 -1.647404060852174723e+01 -1.565858884906532644e+01
-1.786257279327177017e+01 -1.745000757180727646e+01 -1.768979629322724634e+01
-1.832402159608376735e+01 -1.832733107679133155e+01 -1.831579993882472479e+01
-1.869489881238620299e+01 -1.866503745235690914e+01 -1.862772697952694401e+01
-1.858074935455857002e+01 -1.873533918807846987e+01 -1.876463596926465627e+01
-1.887210299731842156e+01 -1.889841939395062909e+01 -1.888403046888058157e+01
-1.894695349503976445e+01 -1.894659255645311546e+01 -1.894626168968295232e+01
-1.892842347757868282e+01 -1.893336931406867762e+01 -1.892827347377364333e+01
-1.888689206416803401e+01 -1.888539212018037716e+01 -1.890170258313643714e+01
-1.879016670274023681e+01 -1.878467160113019929e+01 -1.878094784510897242e+01
-1.845158568206529281e+01 -1.846990221426016632e+01 -1.836466421145232530e+01
-1.791934896362345953e+01 -1.772890119364336314e+01 -1.795275531272401892e+01
-1.743363180346452168e+01 -1.738875079688476433e+01 -1.738715782253468234e+01
-1.708728045624030045e+01 -1.709859192477301448e+01 -1.708692872259504369e+01
-1.283249489103742391e+01 -1.249128259926884432e+01 -1.274062043473335137e+01
-1.074764296522172646e+00 -8.862582180842762947e-01 -1.654412814007258092e-01
-9.987008373623779134e-02 0.000000000000000000e+00 0.000000000000000000e+00
0.000000000000000000e+00 0.000000000000000000e+00 0.000000000000000000e+00
0.000000000000000000e+00 0.000000000000000000e+00 0.000000000000000000e+00
-6.353761809602773702e-01 -1.075240730234074960e+00 -4.068348198630751256e-01
-1.555940086811520828e+01 -1.679387471045098579e+01 -1.709794421335411840e+01
-1.770809415061114223e+01 -1.803950745411259504e+01 -1.805732086362887046e+01
-1.860343518453183975e+01 -1.861243298970412141e+01 -1.862316772314843050e+01
-1.876925101516721739e+01 -1.886495986768763800e+01 -1.889268320705246751e+01
-1.891660232522547602e+01 -1.903602140595713266e+01 -1.902088493817923620e+01
-1.923669494170304972e+01 -1.923676473927132946e+01 -1.923735475154646579e+01
-1.937624533509083236e+01 -1.937620032090832822e+01 -1.937625703220697204e+01
-1.937072430717790894e+01 -1.937117916147383312e+01 -1.937111360906274626e+01
-1.930422061257371524e+01 -1.930450391113350861e+01 -1.930551259261559949e+01
-1.921753516841132736e+01 -1.921580693610651025e+01 -1.921699678331070160e+01
-1.895820275399837485e+01 -1.895912963039896937e+01 -1.895926273889771352e+01
-1.838511234040051079e+01 -1.835170819226042127e+01 -1.839399009192469236e+01
-1.766293506164497629e+01 -1.748838150850765416e+01 -1.767375295554310810e+01
-1.710228727788402736e+01 -1.702735758740391958e+01 -1.702765734474263226e+01
-1.670255841357447224e+01 -1.668876470153828961e+01 -1.667454099563736136e+01
-1.459797860572157546e+00 -7.057054878859628788e-01 0.000000000000000000e+00
-1.288696078692866120e-01 0.000000000000000000e+00 0.000000000000000000e+00
0.000000000000000000e+00 0.000000000000000000e+00 0.000000000000000000e+00
0.000000000000000000e+00 0.000000000000000000e+00 0.000000000000000000e+00
-7.149361166904644183e-02 -2.797889127268541110e+00 -1.049751405764521639e+00
-1.596525828233060018e+01 -1.667927797542658652e+01 -1.729450045369826228e+01
-1.786302081282374132e+01 -1.826822131386214565e+01 -1.812502259395296278e+01
-1.877808163024303312e+01 -1.879714607814322136e+01 -1.880181722884665518e+01
-1.889171312778521639e+01 -1.896150698504614596e+01 -1.898892429224662948e+01
-1.920582164668697800e+01 -1.922066462321900460e+01 -1.921460406455792480e+01
-1.942412852862952732e+01 -1.942390045097421947e+01 -1.942438737220327027e+01
-1.956084004138593002e+01 -1.956941765537002453e+01 -1.956952970774815626e+01
-1.960147983184794640e+01 -1.960047761620892359e+01 -1.960149672187667846e+01
-1.956215529935153441e+01 -1.956173945924928859e+01 -1.956218911373089853e+01
-1.950710212414455924e+01 -1.950589377649368217e+01 -1.948874740356527013e+01
-1.931188305409181538e+01 -1.931002146734282476e+01 -1.930095159599665777e+01
-1.908060822971449966e+01 -1.908125088456343477e+01 -1.908000506830409648e+01
-1.819270336227480200e+01 -1.816030421593102417e+01 -1.802926104671827900e+01
-1.729362274708530123e+01 -1.730438605509210959e+01 -1.693761367851927346e+01
-1.667727194186634776e+01 -1.668750042489737595e+01 -1.647649997083802731e+01
-6.615344567800316433e+00 -7.424231686761379123e+00 -7.204594112950961637e+00
-2.206793385998798429e-01 -1.604725842271422509e-01 0.000000000000000000e+00
-2.689181808211279723e+00 0.000000000000000000e+00 0.000000000000000000e+00
0.000000000000000000e+00 0.000000000000000000e+00 0.000000000000000000e+00
-5.312470718268450298e+00 -1.809183036221793106e-01 -9.940326437688480343e-01
-1.543382836787679935e+01 -1.689999982617737828e+01 -1.729062202328043085e+01
-1.804985657886540196e+01 -1.814613767708081582e+01 -1.821444775572418706e+01
-1.888530700508195892e+01 -1.888698971378543590e+01 -1.889735580671180060e+01
-1.900609386518499022e+01 -1.908757966455658561e+01 -1.910169621070549439e+01
-1.929890162483318861e+01 -1.931196712234533308e+01 -1.930814060547829314e+01
-1.947014068781971119e+01 -1.947076478387547027e+01 -1.947047322303375338e+01
-1.962746637692918483e+01 -1.963541790683853350e+01 -1.963609967934679901e+01
-1.971011691143188571e+01 -1.975895981614490893e+01 -1.976563869565510601e+01
-1.983330497162114270e+01 -1.981131255588222828e+01 -1.974338940428865641e+01
-1.968812665431532238e+01 -1.968451168464303080e+01 -1.962074684933963553e+01
-1.957956584865136307e+01 -1.958357452621281425e+01 -1.953135648898998866e+01
-1.939245630895229766e+01 -1.939199241694401010e+01 -1.939228287115497196e+01
-1.889670498921776343e+01 -1.889974823591020936e+01 -1.889826537430116815e+01
-1.749356635491066214e+01 -1.744295707435890463e+01 -1.712339149539510075e+01
-1.657302763453404637e+01 -1.655112633334550765e+01 -1.622808321896217976e+01
-1.585417789802368027e+01 -1.584277379658395724e+01 -1.586415405573652038e+01
-4.349412068933971476e+00 -1.779964252381685430e+00 -2.159246943070445734e+00
0.000000000000000000e+00 0.000000000000000000e+00 0.000000000000000000e+00
0.000000000000000000e+00 0.000000000000000000e+00 0.000000000000000000e+00
-2.017643175850755699e-01 -7.149361166904644183e-02 -1.140621590925467332e+00
-1.687363545937524734e+01 -1.651418063684433335e+01 -1.687976896232474644e+01
-1.815858487518122999e+01 -1.809036814441261853e+01 -1.818083679714399636e+01
-1.894371916833290470e+01 -1.893999783113283186e+01 -1.894017997600253267e+01
-1.908963877305103907e+01 -1.908985774628531118e+01 -1.912125567153233163e+01
-1.924422326371428227e+01 -1.930283672133615624e+01 -1.930542132931747545e+01
-1.940744558444644952e+01 -1.940779905943398376e+01 -1.941101279066668539e+01
-1.964522802497561926e+01 -1.966068142924169493e+01 -1.966068956766430631e+01
-1.972915566190807013e+01 -1.975938568082179714e+01 -1.976389737649352440e+01
-1.976160100067390246e+01 -1.981819830476437261e+01 -1.981286185994125049e+01
-1.975296009049835888e+01 -1.975393599145810697e+01 -1.968848667668575203e+01
-1.966897542240401719e+01 -1.967698890765582931e+01 -1.956772153993611951e+01
-1.948268331687842903e+01 -1.948293017378268388e+01 -1.948135467027442758e+01
-1.914047446848865874e+01 -1.914118955722481630e+01 -1.913982420212945001e+01
-1.762557779583983830e+01 -1.745755638811722221e+01 -1.738621650876347502e+01
-1.659807337422939000e+01 -1.660055400902250611e+01 -1.604971008673755861e+01
-1.592551482609107438e+01 -1.548289837840211725e+01 -1.585489945617937835e+01
-2.073834204869031250e+00 -9.624286634849983368e-01 -5.929749948995084452e-01
0.000000000000000000e+00 0.000000000000000000e+00 0.000000000000000000e+00
0.000000000000000000e+00 0.000000000000000000e+00 0.000000000000000000e+00
-6.219740506182426465e+00 -7.146923828517222077e-01 -1.512073158922081495e-01
-1.565251323504407921e+01 -1.659775002900736496e+01 -1.660861641732743976e+01
-1.799119378593892549e+01 -1.796142597632899296e+01 -1.803800446018932391e+01
-1.887830979366860973e+01 -1.887832394232162159e+01 -1.887877836821230559e+01
-1.912380005910658554e+01 -1.912384266640938790e+01 -1.912384369252497862e+01
-1.922283784256462980e+01 -1.928525272973934790e+01 -1.928486795073446203e+01
-1.937623625545644401e+01 -1.941369409878101138e+01 -1.941646145509469790e+01
-1.954484012141329785e+01 -1.954541372361241969e+01 -1.955101240730272849e+01
-1.970194249550132071e+01 -1.972340003743172332e+01 -1.972311163737755635e+01
-1.971720512456311525e+01 -1.972416080397540128e+01 -1.972494367785876079e+01
-1.970090254185997836e+01 -1.970072242139987395e+01 -1.969287374243243960e+01
-1.967051499309177842e+01 -1.966624499109895652e+01 -1.964127169849849608e+01
-1.951664557411899281e+01 -1.951656992613243347e+01 -1.951016118693171464e+01
-1.916049345665865999e+01 -1.916033798385665321e+01 -1.915906680384975402e+01
-1.746534594560262832e+01 -1.751085214717897998e+01 -1.744174843284368848e+01
-1.648957242435445281e+01 -1.565642537823085334e+01 -1.654746900887646177e+01
-1.557844535276355380e+01 -1.548684239489426773e+01 -1.469037480719066835e+01
-8.951858106641433777e-01 0.000000000000000000e+00 0.000000000000000000e+00
-1.348521637387194216e+00 0.000000000000000000e+00 0.000000000000000000e+00
0.000000000000000000e+00 0.000000000000000000e+00 0.000000000000000000e+00
-6.224461242601627697e-01 -3.792505020678359484e-01 0.000000000000000000e+00
-1.210168255547158900e+01 -1.194182014377463830e+01 -1.190990809841170694e+01
-1.724574754286192046e+01 -1.790039056921998295e+01 -1.790146011872056420e+01
-1.865009137965158459e+01 -1.851617554087217954e+01 -1.851197923071248042e+01
-1.904927948962403050e+01 -1.904947126849891603e+01 -1.904955446343208081e+01
-1.921288957963650645e+01 -1.921327102498238659e+01 -1.925418327668558760e+01
-1.929615724949742983e+01 -1.934743668091543256e+01 -1.934629862556539948e+01
-1.942440538464858335e+01 -1.949350428013921643e+01 -1.950180560115050099e+01
-1.953415778057252439e+01 -1.957236300709877241e+01 -1.954906600485956503e+01
-1.960498954468403099e+01 -1.960401247768148991e+01 -1.960323965641881827e+01
-1.963048343469631618e+01 -1.963760270436407751e+01 -1.960952516114135946e+01
-1.958013646020349086e+01 -1.957735318686576420e+01 -1.957259988358995173e+01
-1.945599813982489934e+01 -1.945563781839154416e+01 -1.945358960357487632e+01
-1.909294391992409601e+01 -1.908971739264200806e+01 -1.909056361087119669e+01
-1.768921148667550014e+01 -1.731252745696555095e+01 -1.714766876244368277e+01
-1.614391367608700278e+01 -1.617004278366544057e+01 -1.455875641202687376e+01
-1.518968630625484195e+01 -1.524343484981618246e+01 -1.398395313267595341e+01
0.000000000000000000e+00 0.000000000000000000e+00 0.000000000000000000e+00
0.000000000000000000e+00 0.000000000000000000e+00 0.000000000000000000e+00
0.000000000000000000e+00 0.000000000000000000e+00 0.000000000000000000e+00
0.000000000000000000e+00 0.000000000000000000e+00 0.000000000000000000e+00
-4.062583894622516567e+00 -2.592197099050967513e+00 -2.040665133611299087e+00
-1.540461818141562489e+01 -1.756674164476388000e+01 -1.770226886649392384e+01
-1.824050765616317094e+01 -1.753610960215439718e+01 -1.811978968252467226e+01
-1.884451860710816007e+01 -1.883737587150532988e+01 -1.883861039335580401e+01
-1.910319955594300367e+01 -1.911036092400086872e+01 -1.911083596837374188e+01
-1.923250045092602534e+01 -1.923133355913222786e+01 -1.923243885696339106e+01
-1.932976568114623461e+01 -1.933788141040387742e+01 -1.935556346886280110e+01
-1.940973321126948647e+01 -1.944736073449104907e+01 -1.944542964643584781e+01
-1.947725280005528603e+01 -1.947799470762225837e+01 -1.947785469172195505e+01
-1.950540586371489127e+01 -1.950625538092366540e+01 -1.950534629436775802e+01
-1.947826559017406467e+01 -1.947829931405949466e+01 -1.947354963991588761e+01
-1.931999246356942024e+01 -1.931914512147815444e+01 -1.931987322897970571e+01
-1.879127775286459467e+01 -1.879446475203382150e+01 -1.878881592562311553e+01
-1.696729782701918410e+01 -1.704943994023863496e+01 -1.634750500776092963e+01
-1.542374314136488600e+01 -1.541664792096089620e+01 -1.369475975931336187e+01
-1.447648386393936626e+01 -1.449249480104346688e+01 -1.308776123578263828e+01
-1.954264505292886422e+00 -8.317605978778156439e-01 -8.076354539861140269e-01
0.000000000000000000e+00 0.000000000000000000e+00 0.000000000000000000e+00
0.000000000000000000e+00 0.000000000000000000e+00 0.000000000000000000e+00
-2.078295270257490279e-01 -1.696317143291217466e-01 0.000000000000000000e+00
-3.626211611563253667e-01 -9.886561086895374884e-02 0.000000000000000000e+00
-1.011198340081809910e+01 -9.973011653981810554e+00 -1.024485693856586188e+01
-1.628629478136674535e+01 -1.768750605490796701e+01 -1.768428069718384066e+01
-1.744191010414342458e+01 -1.816458037988906682e+01 -1.818009228066926042e+01
-1.875548181424966288e+01 -1.875774398520528408e+01 -1.875450935829243093e+01
-1.909194111176441666e+01 -1.909214257427092676e+01 -1.909250387993994380e+01
-1.919231941750956949e+01 -1.920880234786867291e+01 -1.920398881868228713e+01
-1.930006761916875391e+01 -1.930607004317840492e+01 -1.930886850104212726e+01
-1.937645375722285834e+01 -1.937642056161433146e+01 -1.937616547569002634e+01
-1.938032295504330449e+01 -1.938025480728599703e+01 -1.938034684799620422e+01
-1.931817940164830105e+01 -1.931806918153409924e+01 -1.931774063843108280e+01
-1.904210544048479647e+01 -1.904215034036050724e+01 -1.904375534445017237e+01
-1.779910826832291804e+01 -1.756687425899705701e+01 -1.741822612170195939e+01
-1.602793244203359890e+01 -1.630924047497234852e+01 -1.505566225377363310e+01
-1.487505690678661274e+01 -1.441682237527039412e+01 -1.316528959626133144e+01
-6.596205615837106961e+00 -6.574503181357499670e+00 -6.595445530108901444e+00
-6.613760377675284019e+00 -2.647885093499973141e+00 -1.748083156337683741e+00
0.000000000000000000e+00 0.000000000000000000e+00 0.000000000000000000e+00
0.000000000000000000e+00 0.000000000000000000e+00 0.000000000000000000e+00
-4.735989406048903838e+00 -1.348380030570383692e+00 -1.148056471004524348e-01
-1.497022335315628672e-01 0.000000000000000000e+00 0.000000000000000000e+00
-7.648481709933589556e+00 -7.335572565476653040e+00 -7.093954445751835536e+00
-1.495672411173849881e+01 -1.649845268313248425e+01 -1.639404807909690476e+01
-1.704758530043957876e+01 -1.769211540266851301e+01 -1.767262277042144802e+01
-1.771245131542674045e+01 -1.819125653051017011e+01 -1.813883405295089091e+01
-1.847386185320281271e+01 -1.846966748739198039e+01 -1.846249746650433110e+01
-1.898185654592721860e+01 -1.898165317747801595e+01 -1.898119786566069678e+01
-1.906673461848759743e+01 -1.906941597733067795e+01 -1.906719229733181464e+01
-1.910388145598742327e+01 -1.910321404008420032e+01 -1.910337485303111649e+01
-1.908555667981533688e+01 -1.908571208444391587e+01 -1.908553846337803961e+01
-1.889334277661728478e+01 -1.888852303657636256e+01 -1.889212687063265506e+01
-1.823509630593908426e+01 -1.821644955715417780e+01 -1.811397254845679328e+01
-1.730411535940249834e+01 -1.733132987374215972e+01 -1.585341613173625497e+01
-1.530065603689896925e+01 -1.525710938239280345e+01 -1.321304069451628393e+01
-1.402804212310898002e+01 -1.401469335970548080e+01 -1.177541743650544781e+01
-2.481345843691769026e+00 -2.622849062356760630e+00 -1.116019943128786274e+00
-3.812149047292814341e-01 0.000000000000000000e+00 0.000000000000000000e+00
-1.087288633024282442e-01 0.000000000000000000e+00 0.000000000000000000e+00
0.000000000000000000e+00 0.000000000000000000e+00 0.000000000000000000e+00
-1.721902508750524641e-01 0.000000000000000000e+00 0.000000000000000000e+00
-4.430581261747472688e-01 -3.681109185350281421e-01 -4.127536265307637509e-01
-5.425839455051885807e+00 -1.508120713751704534e+00 -1.849784790608008489e+00
-1.689702821688895851e+00 -1.458917308377055910e+00 -3.358454246024096257e+00
-1.599199546418475038e+01 -1.732641047373677168e+01 -1.730059941502062060e+01
-1.775176693785776294e+01 -1.769758610552709044e+01 -1.782622105434753479e+01
-1.800612963149017531e+01 -1.815432321799328363e+01 -1.808585341070832442e+01
-1.830345683563089310e+01 -1.840475550120855530e+01 -1.839717826118581812e+01
-1.861224037767865269e+01 -1.861466521306020283e+01 -1.861098587564345763e+01
-1.867431250743107896e+01 -1.868227437773992250e+01 -1.867169134031212607e+01
-1.866972768941477767e+01 -1.864338835003856332e+01 -1.865870811652083106e+01
-1.828683805715712296e+01 -1.827025817911870575e+01 -1.828454866588261041e+01
-1.763289153243976415e+01 -1.744809294089021634e+01 -1.624086769363735883e+01
-1.603513385719731232e+01 -1.554952979997660556e+01 -1.450575847115695538e+01
-1.337548890360004705e+01 -1.348405160310000994e+01 -1.169862229267039488e+01
-9.497637200144099623e+00 -9.485594687342983278e+00 -9.497337239237902295e+00
-3.191054070826579547e+00 -1.143728525198792756e+00 -1.024617707391880295e+00
-6.713371777589223655e+00 -3.074245375766632815e+00 0.000000000000000000e+00
0.000000000000000000e+00 0.000000000000000000e+00 0.000000000000000000e+00
0.000000000000000000e+00 0.000000000000000000e+00 0.000000000000000000e+00
-1.137351102827587057e-01 0.000000000000000000e+00 0.000000000000000000e+00
-2.677494916523399660e+00 -1.394587171683661975e+00 -1.497187935848330653e+00
-4.818724266928631650e+00 -2.066199939933846874e+00 -1.963590243290985526e+00
-1.564776903299313071e+00 0.000000000000000000e+00 -3.164370733403906399e+00
-5.688177630155901721e-01 -2.331550539762849705e-01 -9.865406020771269602e-02
-1.745114725161455027e+01 -1.744371068930216850e+01 -1.746820171520289122e+01
-1.792098146172559225e+01 -1.809073754344058571e+01 -1.809126362052170123e+01
-1.835691636578285113e+01 -1.832456394060356786e+01 -1.835026553760705781e+01
-1.843148960797799774e+01 -1.842193895909382917e+01 -1.842715085960302446e+01
-1.849646333896723149e+01 -1.849444980343699996e+01 -1.849569357953923543e+01
-1.848016420778915858e+01 -1.848368401432284003e+01 -1.849601841346362718e+01
-1.795070261858043281e+01 -1.793854060443897325e+01 -1.743130033106721299e+01
-1.631859108648805190e+01 -1.688454032998115295e+01 -1.578176605104394881e+01
-1.410536583599572680e+01 -1.416683091826690521e+01 -1.249289617955296094e+01
-1.204850317828240591e+01 -1.192348711818437756e+01 -9.745635232047323626e+00
-1.693226625521842443e+00 -1.702975339320521808e+00 -1.879242846677580125e+00
-1.276566164715295493e+00 -1.445598992875160860e-01 0.000000000000000000e+00
-2.810425577877433412e+00 -9.865505708373373261e-02 0.000000000000000000e+00
0.000000000000000000e+00 0.000000000000000000e+00 0.000000000000000000e+00
0.000000000000000000e+00 0.000000000000000000e+00 0.000000000000000000e+00
-2.525741123180162417e-01 -1.219718417602001087e-01 -9.886597460326626563e-02
-4.006748151495044041e+00 -5.304711106575737967e-01 0.000000000000000000e+00
-3.499132782503802996e+00 -1.301259585316459910e+00 -9.886601904682555675e-02
-7.662844652655658173e+00 -3.259381032444507165e-01 -1.782326888091514128e-01
-5.425354922941466818e+00 -1.878158603612480881e+00 -1.294631293803671257e+00
-9.534435566774174475e+00 -9.386738572174490258e+00 -9.637135258318290099e+00
-1.704124269455263629e+01 -1.703259436792075121e+01 -1.706728784557403600e+01
-1.809423102794458771e+01 -1.810525687689946750e+01 -1.817105749764062850e+01
-1.818720915625413781e+01 -1.820374764355669939e+01 -1.818067496424735907e+01
-1.828260506613472103e+01 -1.825702361126214157e+01 -1.825761919318509285e+01
-1.777545880105633458e+01 -1.781228734520177071e+01 -1.755657200285088493e+01
-1.636604530966055648e+01 -1.659203481987507800e+01 -1.532153909074104803e+01
-1.503598576007694554e+01 -1.500265824693852323e+01 -1.458481808656804546e+01
-1.211379742891602262e+01 -1.196986404182656649e+01 -1.097317239712186421e+01
-8.334559078822628919e+00 -8.162987504369448644e+00 -6.932915456620374783e+00
-6.581400192022140772e+00 -1.736035679267426080e+00 0.000000000000000000e+00
-7.342710559269977288e+00 -8.199329881023135203e-01 -9.879246278413664206e-02
-7.193670430388153569e+00 -2.274539502915461142e+00 -2.475451714128771741e+00
0.000000000000000000e+00 0.000000000000000000e+00 0.000000000000000000e+00
0.000000000000000000e+00 0.000000000000000000e+00 0.000000000000000000e+00
-5.637787640017700497e+00 -3.624685611929998608e+00 -7.139348104518289384e-01
-8.064155076541876355e+00 0.000000000000000000e+00 0.000000000000000000e+00
-4.117151930582194197e+00 -4.639522000018371450e+00 -7.474765338098610101e+00
-4.424599823416293987e+00 -2.983194011229218567e+00 -1.682977217421352645e+00
-2.024010830862426946e+00 -8.234560151157896968e-01 -7.114124723425242491e-01
-8.102295664650039697e+00 -6.764356209062784009e-01 -1.244360690544995263e-01
-5.449002719346560220e+00 -1.604727973908499417e+00 -2.384781454447157500e+00
-1.490281247969296174e+01 -1.605384619803584201e+01 -1.606778713300289141e+01
-1.669202073502201245e+01 -1.686488946226904062e+01 -1.708522190990337108e+01
-1.693723448610889193e+01 -1.708782134905501238e+01 -1.709300285596812330e+01
-1.624638388187740645e+01 -1.623520795979984754e+01 -1.623989490474939856e+01
-1.484923143022181335e+01 -1.480852576584839930e+01 -1.473156256863280156e+01
-1.330383302025719239e+01 -1.334700901475300583e+01 -1.319134752319821580e+01
-1.031103605055804806e+01 -1.026562906933585140e+01 -9.019389931069541788e+00
-3.666977225985444289e+00 -3.670630586426627762e+00 -3.697520860321446001e+00
-7.245931988409653357e+00 -1.602090840777203651e+00 -8.586138426146597835e-01
-5.868358461994292341e+00 -1.401599192139926231e+00 -5.267187357910350087e-01
-8.133227147459775708e+00 -1.397023027677975815e+00 -4.489209505072966899e-01
-2.505047782028630432e-01 0.000000000000000000e+00 0.000000000000000000e+00
0.000000000000000000e+00 0.000000000000000000e+00 0.000000000000000000e+00
0.000000000000000000e+00 0.000000000000000000e+00 0.000000000000000000e+00
-5.115291487710583063e+00 -5.283837403278604405e+00 -5.966986783557866936e+00
-4.333845958372016582e+00 -2.342914034319923733e+00 0.000000000000000000e+00
-5.974357628610848181e+00 -2.521545701796173766e+00 -1.379558450077844389e+00
-7.467882802808310849e+00 -2.023201569865299199e+00 -8.829996354064622022e-01
-1.048111252770847157e+00 -5.358997298446197544e-01 -9.886562055692904583e-02
-2.091319104417133368e-01 -1.249828604694986078e-01 0.000000000000000000e+00
-1.069273662469939268e+00 -1.527267115102324824e-01 0.000000000000000000e+00
-1.360775797779983520e+01 -1.379363353519929092e+01 -1.375420478368238975e+01
-1.412818052526711377e+01 -1.428309152190915476e+01 -1.429302716617419833e+01
-1.474898123428910601e+01 -1.457181264788902908e+01 -1.462567187664705948e+01
-1.374768816666080440e+01 -1.381053052925076052e+01 -1.374774528252092942e+01
-1.232754307925404724e+01 -1.232974093576003582e+01 -1.213532452546209228e+01
-9.191851363989902879e+00 -9.108415750562127045e+00 -7.602331350823077649e+00
-6.257851840078102690e+00 -3.236585835214504048e+00 -3.220334347321570867e+00
-7.652969231483630175e+00 -1.118710483148837254e+00 -4.088750520243065734e-01
-6.369667098791358839e+00 -3.386673350477653610e+00 0.000000000000000000e+00
-3.320245633986460554e+00 -2.649660385819110342e+00 -2.320878616139647743e+00
0.000000000000000000e+00 0.000000000000000000e+00 0.000000000000000000e+00
0.000000000000000000e+00 0.000000000000000000e+00 0.000000000000000000e+00
-2.029509402075270197e-01 0.000000000000000000e+00 0.000000000000000000e+00
-1.504596923163210587e+00 -3.501278653936191199e-01 0.000000000000000000e+00
0.000000000000000000e+00 0.000000000000000000e+00 0.000000000000000000e+00
-1.874554887305163176e-01 0.000000000000000000e+00 0.000000000000000000e+00
0.000000000000000000e+00 0.000000000000000000e+00 0.000000000000000000e+00
-5.020996230816432426e-01 0.000000000000000000e+00 0.000000000000000000e+00
-5.832054513386775163e-01 -2.343240783409350769e-01 0.000000000000000000e+00
-7.700167253835797254e+00 -7.804215257194850430e+00 -2.037141650775773083e-01
-4.978426509922273091e+00 0.000000000000000000e+00 -1.417004398822233335e-01
-7.338217034046032872e-01 -1.300888950604222882e-01 0.000000000000000000e+00
-1.262460082247620408e+00 -1.379327120886007507e-01 0.000000000000000000e+00
-4.910964412964821113e-01 0.000000000000000000e+00 0.000000000000000000e+00
-6.565364648003413350e+00 -6.609823633250853092e-01 0.000000000000000000e+00
-2.881887606036846794e+00 -3.069394972263092658e+00 -3.698888347265276266e+00
-2.312990977914180846e+00 -9.878908761560833973e-02 0.000000000000000000e+00
-5.332075606419391933e-01 -2.429733759627521916e+00 0.000000000000000000e+00
-1.693414733047938547e+00 0.000000000000000000e+00 0.000000000000000000e+00
-5.980780900175766135e-01 0.000000000000000000e+00 0.000000000000000000e+00
0.000000000000000000e+00 0.000000000000000000e+00 0.000000000000000000e+00
0.000000000000000000e+00 0.000000000000000000e+00 0.000000000000000000e+00
0.000000000000000000e+00 0.000000000000000000e+00 0.000000000000000000e+00
0.000000000000000000e+00 0.000000000000000000e+00 0.000000000000000000e+00
0.000000000000000000e+00 0.000000000000000000e+00 0.000000000000000000e+00
0.000000000000000000e+00 0.000000000000000000e+00 0.000000000000000000e+00
0.000000000000000000e+00 0.000000000000000000e+00 0.000000000000000000e+00
0.000000000000000000e+00 0.000000000000000000e+00 0.000000000000000000e+00
0.000000000000000000e+00 0.000000000000000000e+00 0.000000000000000000e+00
0.000000000000000000e+00 0.000000000000000000e+00 0.000000000000000000e+00
0.000000000000000000e+00 0.000000000000000000e+00 0.000000000000000000e+00
0.000000000000000000e+00 0.000000000000000000e+00 0.000000000000000000e+00
0.000000000000000000e+00 0.000000000000000000e+00 0.000000000000000000e+00
0.000000000000000000e+00 0.000000000000000000e+00 0.000000000000000000e+00
0.000000000000000000e+00 0.000000000000000000e+00 0.000000000000000000e+00
0.000000000000000000e+00 0.000000000000000000e+00 0.000000000000000000e+00
0.000000000000000000e+00 0.000000000000000000e+00 0.000000000000000000e+00
0.000000000000000000e+00 0.000000000000000000e+00 0.000000000000000000e+00
0.000000000000000000e+00 0.000000000000000000e+00 0.000000000000000000e+00
0.000000000000000000e+00 0.000000000000000000e+00 0.000000000000000000e+00
0.000000000000000000e+00 0.000000000000000000e+00 0.000000000000000000e+00
