0.000000000000000000e+00 0.000000000000000000e+00 0.000000000000000000e+00
0.000000000000000000e+00 0.000000000000000000e+00 0.000000000000000000e+00
-1.660473401200221799e+00 0.000000000000000000e+00 0.000000000000000000e+00
-1.267978704933870482e+01 -1.266624472857346362e+01 -1.291399015441908027e+01
-1.687012207534820973e+01 -1.778356252623280298e+01 -1.768192540336990604e+01
-1.689931910064303366e+01 -1.740419320406529735e+01 -1.784679898012645793e+01
-1.770566448991287345e+01 -1.791467511535259405e+01 -1.670118780659232272e+01
-1.805229493056958034e+01 -1.799864084086487637e+01 -1.692295699703987211e+01
-1.818900017071335640e+01 -1.696195932840195297e+01 -1.800087476746246296e+01
-1.788656981518239419e+01 -1.801495680295539614e+01 -1.679447059862281932e+01
-1.696837306945550594e+01 -1.684523749826893280e+01 -1.684444749681954789e+01
-1.656647348665073949e+01 -1.667686852634497541e+01 -1.653455847813417279e+01
-1.654938806330568113e+01 -1.623141881030014488e+01 -1.600924169869314539e+01
0.000000000000000000e+00 0.000000000000000000e+00 0.000000000000000000e+00
-4.105749586481036162e-01 -3.382362352693909502e-01 -9.910340741397148656e-02
-9.466267556819125684e-01 0.000000000000000000e+00 0.000000000000000000e+00
-6.169105907409177192e+00 -3.356095922285235122e+00 0.000000000000000000e+00
-1.885332911128394962e+00 0.000000000000000000e+00 0.000000000000000000e+00
-1.105211713057529188e+00 -2.475611632805722329e-01 -2.393736448211294943e-01
0.000000000000000000e+00 0.000000000000000000e+00 0.000000000000000000e+00
0.000000000000000000e+00 0.000000000000000000e+00 0.000000000000000000e+00
0.000000000000000000e+00 0.000000000000000000e+00 0.000000000000000000e+00
-7.062612253818781660e+00 -7.112704909140084908e+00 -6.190727665565448845e+00
-1.542287377211413535e+01 -1.603073088421776049e+01 -1.619586838660942973e+01
-1.768149005851024214e+01 -1.700664306760020139e+01 -1.766076183703186331e+01
-1.722103080260086827e+01 -1.743159403138586327e+01 -1.790474273989173426e+01
-1.814874547876143041e+01 -1.817127319839636002e+01 -1.751483091051973773e+01
-1.826591357743595267e+01 -1.766190709739189302e+01 -1.823814662052935276e+01
-1.809526012058104527e+01 -1.790306007477397898e+01 -1.805183810817732493e+01
-1.784782211181745737e+01 -1.761136042719583372e+01 -1.769192083592450615e+01
-1.760904443524781726e+01 -1.750453674107363966e+01 -1.715932789924133672e+01
-1.709812950602356096e+01 -1.656191539668712309e+01 -1.699681419899288315e+01
-1.641548686790163103e+01 -1.598678159876357086e+01 -1.570485695051402963e+01
-1.611918029360926496e+01 -1.607588302165692795e+01 -1.526142205033452726e+01
-1.444119415414763452e+01 -1.444131885685522398e+01 -1.444110374181956757e+01
-2.282706075781766764e+00 -3.951346497183503281e-01 0.000000000000000000e+00
-4.196347983960544425e+00 -2.399424261437650419e+00 -1.361468709257567911e+00
-9.279053463884231467e-01 -7.141061273602000714e-01 -2.207938420515732636e-01
-3.786848415714934024e+00 -2.892856775543663495e-01 -2.525590778738976971e-01
0.000000000000000000e+00 0.000000000000000000e+00 0.000000000000000000e+00
0.000000000000000000e+00 0.000000000000000000e+00 0.000000000000000000e+00
-7.756570221305086221e+00 -4.438112481678538224e+00 0.000000000000000000e+00
-1.817826652511456587e+00 -2.063774184460168470e+00 -5.307971995146203881e+00
-1.748231815373581810e+01 -1.762678271144917730e+01 -1.733689975478745637e+01
-1.749209107518006334e+01 -1.789759251405399354e+01 -1.800956072423053556e+01
-1.747170483000822117e+01 -1.812961415358283190e+01 -1.822712764343337355e+01
-1.834444593670630042e+01 -1.845009597627777964e+01 -1.812670462448986441e+01
-1.844359397280262058e+01 -1.849131805724680433e+01 -1.835541387241817191e+01
-1.837728237351996441e+01 -1.837147836660093247e+01 -1.836962304912063004e+01
-1.829754086509630895e+01 -1.829819933402734122e+01 -1.830026579832068734e+01
-1.812644250747615615e+01 -1.813493328611596667e+01 -1.809637369114381755e+01
-1.795087284193732913e+01 -1.780084346774105342e+01 -1.792296195959802318e+01
-1.760153931969847463e+01 -1.752959353824609323e+01 -1.732164531840576771e+01
-1.640816088561871311e+01 -1.687172302999487883e+01 -1.570772931014474949e+01
-1.536854051039681046e+01 -1.535345908402755377e+01 -1.490399009925300788e+01
-1.302681813417851941e+01 -1.301670349503164026e+01 -1.301672583661118310e+01
-7.585894828282834901e+00 -2.590459974286121181e+00 0.000000000000000000e+00
-6.152755291180652897e+00 -5.132210761171656088e+00 -1.286108839981476015e-01
-1.693158370542621638e+00 -3.891800811789556946e-01 -2.417908488387232879e-01
0.000000000000000000e+00 0.000000000000000000e+00 0.000000000000000000e+00
0.000000000000000000e+00 0.000000000000000000e+00 0.000000000000000000e+00
-5.313002412303545752e-01 -3.288918349672843355e+00 0.000000000000000000e+00
-1.381703386251327359e+01 -1.557900868700457053e+01 -1.583951809219615470e+01
-1.797169386914918121e+01 -1.793810395648547384e+01 -1.787759558533966242e+01
-1.780554687585571827e+01 -1.810697029768634891e+01 -1.811715955333035311e+01
-1.828555984434179393e+01 -1.813787717400708743e+01 -1.840519176512181687e+01
-1.868788532977684724e+01 -1.869709420511905407e+01 -1.866011819062429211e+01
-1.874025676206840529e+01 -1.883086594249598633e+01 -1.885887687895969123e+01
-1.884013261346407120e+01 -1.890443193666925481e+01 -1.890368970797183579e+01
-1.886588108419744003e+01 -1.886185937243901378e+01 -1.886569757670507386e+01
-1.876487793934631654e+01 -1.875121458210664471e+01 -1.877387246411548816e+01
-1.856121416803838997e+01 -1.856979091392114967e+01 -1.838909934347560338e+01
-1.810667206483289249e+01 -1.823604836658806150e+01 -1.792679791910829223e+01
-1.768302884293556687e+01 -1.765437520284391937e+01 -1.736300024069959136e+01
-1.704774892683038701e+01 -1.644982570770469366e+01 -1.628931400888497549e+01
-1.558900709711026167e+01 -1.532674358003511728e+01 -1.485498427513242348e+01
-1.293692682370051017e+01 -1.293707127610553798e+01 -1.294562687259259981e+01
-4.946927889533371037e+00 -2.152308190361809370e-01 0.000000000000000000e+00
-7.146994940013987829e+00 -1.766846597297976773e+00 -6.504147367644910194e-01
0.000000000000000000e+00 -6.481851481297094431e+00 0.000000000000000000e+00
0.000000000000000000e+00 0.000000000000000000e+00 0.000000000000000000e+00
-3.594618667159630854e-01 -6.086456644146922557e+00 -4.112953127903095307e+00
-1.646205961014417696e+01 -1.677894274030905919e+01 -1.677790188199647048e+01
-1.813372009275998664e+01 -1.818288587573508863e+01 -1.810881547619397836e+01
-1.800022585643976925e+01 -1.829293067031465725e+01 -1.828985588085127745e+01
-1.876419849504923931e+01 -1.859177006698046597e+01 -1.876164665106347940e+01
-1.890466888062105610e+01 -1.895808023690947763e+01 -1.895742479092536925e+01
-1.912584873723357859e+01 -1.915225612332995198e+01 -1.914972417624280610e+01
-1.925246849405149163e+01 -1.925224358357820975e+01 -1.925241889896561531e+01
-1.926271577319350214e+01 -1.925088393977851453e+01 -1.919329424455387567e+01
-1.919767208007620596e+01 -1.918109646647815225e+01 -1.907490073937515973e+01
-1.902492831176841648e+01 -1.903243153826939604e+01 -1.894327676223714363e+01
-1.885632303577179059e+01 -1.886126889601254319e+01 -1.869210302369915766e+01
-1.820851125637468115e+01 -1.820898581587945131e+01 -1.800145448167641504e+01
-1.746820650411402553e+01 -1.739784629257732718e+01 -1.709736951764886470e+01
-1.617134917224141333e+01 -1.625012990116781353e+01 -1.586974397163449346e+01
-1.484188958381345635e+01 -1.478318194772236716e+01 -1.475821138482884898e+01
-4.876375862944787087e+00 -9.865715631219414139e-02 0.000000000000000000e+00
-6.937578632139172363e+00 -4.471914598862291257e+00 -2.320421676151275037e+00
0.000000000000000000e+00 0.000000000000000000e+00 0.000000000000000000e+00
0.000000000000000000e+00 0.000000000000000000e+00 0.000000000000000000e+00
-5.956865817496562743e-01 -3.594618667159630854e-01 -2.185031714305305517e+00
-1.695306189951422837e+01 -1.703425352328768483e+01 -1.699140648176411972e+01
-1.830047347949160041e+01 -1.833195493991571823e+01 -1.833406970653681967e+01
-1.823368601546722445e+01 -1.849934714901907640e+01 -1.852573999969088092e+01
-1.891678386236650056e+01 -1.877080082375302794e+01 -1.889258477442848516e+01
-1.917648170435119681e+01 -1.919047801252624907e+01 -1.918213005520812331e+01
-1.932975661263381184e+01 -1.934109768367450144e+01 -1.934954910459720168e+01
-1.946262018371069757e+01 -1.948188496451488305e+01 -1.948225601278210917e+01
-1.958475898089968936e+01 -1.952185693352570439e+01 -1.958412812777553214e+01
-1.955826681094882957e+01 -1.954927631019455703e+01 -1.938217034891054169e+01
-1.947414567685867937e+01 -1.943558830485615374e+01 -1.917245585398347529e+01
-1.912190827315676955e+01 -1.914441338388690994e+01 -1.892690505009533197e+01
-1.878983176606254091e+01 -1.878376620430114130e+01 -1.874437435862438761e+01
-1.799933026732852426e+01 -1.799231935675905802e+01 -1.780878652092988901e+01
-1.697833866084839727e+01 -1.697608440202117563e+01 -1.684047851423158093e+01
-1.485649097383144657e+01 -1.497843509972775600e+01 -1.433586444247151803e+01
-1.392220225583423243e+01 -1.392278753876223618e+01 -1.392436494564211991e+01
-1.950328792442258097e+00 0.000000000000000000e+00 0.000000000000000000e+00
0.000000000000000000e+00 0.000000000000000000e+00 0.000000000000000000e+00
0.000000000000000000e+00 0.000000000000000000e+00 0.000000000000000000e+00
-6.046443669554421696e+00 -1.093741346864121944e+00 -2.659742780908490034e-01
-1.685599759947539056e+01 -1.685251974698410748e+01 -1.685537554803252291e+01
-1.842694649663243567e+01 -1.842668697355747298e+01 -1.842026470096831403e+01
-1.847572228369546821e+01 -1.864429034080079362e+01 -1.864050213062951045e+01
-1.886968854480880609e+01 -1.898272377325467630e+01 -1.899387784934569012e+01
-1.925063615528895866e+01 -1.925033013268233972e+01 -1.925068235496101110e+01
-1.941258900147054334e+01 -1.942528809313625970e+01 -1.942863798044244206e+01
-1.954800145909102582e+01 -1.961829410094111736e+01 -1.962148166624760393e+01
-1.972061664446838236e+01 -1.984032367404250152e+01 -1.983643736021005921e+01
-1.984369302630184606e+01 -1.984264525621386355e+01 -1.980474639178364171e+01
-1.973180656424290547e+01 -1.972529356115267873e+01 -1.965598586472689391e+01
-1.954754911079699298e+01 -1.953089215147135960e+01 -1.921822650038850000e+01
-1.913462736624563121e+01 -1.910883146487029549e+01 -1.888593447422560700e+01
-1.856653096474299147e+01 -1.856491847520221583e+01 -1.856609899874445802e+01
-1.767055863141521499e+01 -1.760217802578921820e+01 -1.708876018782492068e+01
-1.587274095586099953e+01 -1.589197310657102413e+01 -1.555017081521754285e+01
-1.412703079633601533e+01 -1.412736315343183513e+01 -1.413438742693424821e+01
-5.192428068325519952e+00 -1.428207230585347709e+00 -7.224092795082507124e+00
0.000000000000000000e+00 0.000000000000000000e+00 0.000000000000000000e+00
0.000000000000000000e+00 0.000000000000000000e+00 0.000000000000000000e+00
-5.550797872074312300e-01 -6.428985784216098232e+00 -4.923936058104528835e-01
-1.645406750119728656e+01 -1.645604174028980182e+01 -1.668647701446333542e+01
-1.843687232704519374e+01 -1.844783394882769301e+01 -1.843694290156030746e+01
-1.863682935655520723e+01 -1.867586136884882464e+01 -1.868501705994678730e+01
-1.893798633529838327e+01 -1.900956148124896927e+01 -1.901637773177058577e+01
-1.921281637470433878e+01 -1.922895898692034677e+01 -1.922577575037990627e+01
-1.944505456521270759e+01 -1.945823732787154370e+01 -1.945821534927823393e+01
-1.960885099634015560e+01 -1.963149919060506221e+01 -1.963629366410597044e+01
-1.973481899355654434e+01 -1.982148303462340877e+01 -1.981902506395364938e+01
-1.980438029938679634e+01 -1.987449809548853707e+01 -1.987218130859636034e+01
-1.973919686434869902e+01 -1.973815986775227671e+01 -1.970988921635094471e+01
-1.963884960574117855e+01 -1.963795441070956826e+01 -1.957968444161598143e+01
-1.939389771716482969e+01 -1.940323503839438501e+01 -1.904607258068434206e+01
-1.884323867150013854e+01 -1.884204147791973938e+01 -1.884221726668658903e+01
-1.784198048286005189e+01 -1.784890891602820062e+01 -1.759986060723676715e+01
-1.617161322213912555e+01 -1.603934734296203501e+01 -1.554855549338588183e+01
-1.393834963941932337e+01 -1.393366363541983688e+01 -1.393428065283832140e+01
-1.081155348601579291e+01 0.000000000000000000e+00 0.000000000000000000e+00
0.000000000000000000e+00 0.000000000000000000e+00 0.000000000000000000e+00
0.000000000000000000e+00 0.000000000000000000e+00 0.000000000000000000e+00
-4.074994107526757503e+00 -5.130273102678474251e-01 -1.123504367980370233e-01
-1.549010228255315980e+01 -1.574462382084619350e+01 -1.551233720991130127e+01
-1.817378674294053909e+01 -1.817130758361596676e+01 -1.817424171536980637e+01
-1.869823249011705713e+01 -1.869833801222921110e+01 -1.869818648059031929e+01
-1.882950315896190929e+01 -1.897571164134341615e+01 -1.894815079576300576e+01
-1.914628019113784418e+01 -1.920402317547376825e+01 -1.921147395048556561e+01
-1.942527968876291311e+01 -1.943081797256654752e+01 -1.943091793166663450e+01
-1.949957096495614906e+01 -1.953616651876651744e+01 -1.953848883803147984e+01
-1.970570305115760945e+01 -1.970586602251185226e+01 -1.970571973874286087e+01
-1.971839580450093976e+01 -1.971839912024338304e+01 -1.971838778354861788e+01
-1.968468773528288551e+01 -1.968435601725144934e+01 -1.964944949419185960e+01
-1.963604577996457579e+01 -1.963464424401256281e+01 -1.962686853983842639e+01
-1.938116717944950906e+01 -1.928235781863700637e+01 -1.935897088605443983e+01
-1.886159007228377149e+01 -1.886051797177176681e+01 -1.886085149842124764e+01
-1.790487882691742882e+01 -1.790141152955831316e+01 -1.778967072410224048e+01
-1.595576797492337562e+01 -1.592325820220688115e+01 -1.511251698265297172e+01
-1.378946745960929299e+01 -1.379253473247847772e+01 -1.378964751621728801e+01
0.000000000000000000e+00 0.000000000000000000e+00 0.000000000000000000e+00
0.000000000000000000e+00 0.000000000000000000e+00 0.000000000000000000e+00
0.000000000000000000e+00 0.000000000000000000e+00 0.000000000000000000e+00
-7.492806347596639327e+00 0.000000000000000000e+00 0.000000000000000000e+00
-1.137575252162088368e+01 -1.149127251763929713e+01 -1.153443328394079970e+01
-1.692080681667499675e+01 -1.752530054076988009e+01 -1.754468542302861778e+01
-1.855450014607949072e+01 -1.855506798111131417e+01 -1.855507287198057398e+01
-1.875240718893015668e+01 -1.875285002228365627e+01 -1.875277165177438121e+01
-1.897834169055595765e+01 -1.905633651534250461e+01 -1.906041241284435372e+01
-1.921942669173246188e+01 -1.926275130889214537e+01 -1.926292789865130928e+01
-1.945146962730244411e+01 -1.944330604940921248e+01 -1.945170578385808469e+01
-1.951598562593662223e+01 -1.951637733503287109e+01 -1.951566013234571173e+01
-1.955448616348744295e+01 -1.955462613963060647e+01 -1.955458463558449722e+01
-1.957330077528922274e+01 -1.957819629383451598e+01 -1.957826906630163322e+01
-1.947833606986432997e+01 -1.947787783337331646e+01 -1.947570663204977848e+01
-1.927902895365257407e+01 -1.926201028309532859e+01 -1.907544725611779768e+01
-1.875465375833601556e+01 -1.875496755613200861e+01 -1.875377897311071251e+01
-1.771303988024196130e+01 -1.771166347033489430e+01 -1.760243844495165888e+01
-1.605690013964883534e+01 -1.561920028927368165e+01 -1.451551219973099371e+01
-1.357105894990572459e+01 -1.356883735584473705e+01 -1.356668852856313023e+01
-9.908310892563798600e-02 -6.209967384601198237e-01 0.000000000000000000e+00
-2.019958235280820080e+00 -3.738887054464417603e-01 0.000000000000000000e+00
0.000000000000000000e+00 0.000000000000000000e+00 0.000000000000000000e+00
-7.545022915918088380e+00 -3.240988004997320537e+00 0.000000000000000000e+00
-3.029374584208715415e+00 0.000000000000000000e+00 0.000000000000000000e+00
-1.633696230667216298e+01 -1.631049067934061014e+01 -1.633189397348426652e+01
-1.790860169898859766e+01 -1.791727607820163470e+01 -1.790466193224096259e+01
-1.863162778292629085e+01 -1.863082063325975213e+01 -1.863111843060668704e+01
-1.879530352054908704e+01 -1.879639139391523983e+01 -1.880106567968839926e+01
-1.905498759093997663e+01 -1.911140350629530005e+01 -1.910603515618090853e+01
-1.923507442068644835e+01 -1.923782524379546999e+01 -1.923742625635095393e+01
-1.932229267172336407e+01 -1.932280554698740005e+01 -1.932390342062178945e+01
-1.938456512005023669e+01 -1.938476409983894300e+01 -1.938474693737892451e+01
-1.937692282998456506e+01 -1.937696702792449699e+01 -1.937611975569981126e+01
-1.927247020410720069e+01 -1.932081491881511681e+01 -1.932366300764202904e+01
-1.899203931619875263e+01 -1.897867741620512305e+01 -1.896926463451393019e+01
-1.849720257909100951e+01 -1.849584031343702861e+01 -1.849471499880528924e+01
-1.722740008567808445e+01 -1.722318893595225830e+01 -1.666759835368222298e+01
-1.475600963388587417e+01 -1.523161630279847145e+01 -1.410756536440003117e+01
-1.303488947831849032e+01 -1.388736480329079548e+01 -1.302340874848997210e+01
0.000000000000000000e+00 0.000000000000000000e+00 0.000000000000000000e+00
0.000000000000000000e+00 0.000000000000000000e+00 0.000000000000000000e+00
0.000000000000000000e+00 0.000000000000000000e+00 0.000000000000000000e+00
-3.805172100521609924e+00 -1.999115917458587965e+00 -2.590784245328541791e-01
-6.934346233162580475e+00 -6.174005998708912202e+00 -3.567468116043046145e+00
-9.997107780959524348e+00 -1.061737908483832449e+01 -1.004424399648510224e+01
-1.710861975224589315e+01 -1.712357570605071899e+01 -1.718834363285960620e+01
-1.807453069487841546e+01 -1.807759510155391069e+01 -1.807754456842138424e+01
-1.863588143307948286e+01 -1.863847639206537821e+01 -1.863568544693846007e+01
-1.877034973248478877e+01 -1.877355031651645945e+01 -1.877197854375353003e+01
-1.888298112100779491e+01 -1.891839572171821970e+01 -1.892981029587421204e+01
-1.906531606361949471e+01 -1.915864317343922352e+01 -1.916057654743127259e+01
-1.918361733566729654e+01 -1.919062437774666208e+01 -1.918565290392137257e+01
-1.913636796631634951e+01 -1.913076182846222295e+01 -1.913652921624731107e+01
-1.887747176888085932e+01 -1.886934060595576668e+01 -1.886791292266746822e+01
-1.871995415262947660e+01 -1.872050074074995862e+01 -1.872004207898671524e+01
-1.809648358087745379e+01 -1.808641453058343984e+01 -1.797242553962158240e+01
-1.659075689142343535e+01 -1.651345749888346859e+01 -1.512139885347865764e+01
-1.355279577825981541e+01 -1.375465654516192515e+01 -1.354558314376114225e+01
-1.141311922849575033e+01 -1.141437776494137424e+01 -1.142007590972424858e+01
-1.671075664593366650e+00 -8.627849607976119106e-01 -2.334463298562472477e-01
0.000000000000000000e+00 0.000000000000000000e+00 0.000000000000000000e+00
0.000000000000000000e+00 0.000000000000000000e+00 0.000000000000000000e+00
0.000000000000000000e+00 0.000000000000000000e+00 0.000000000000000000e+00
-5.611129014355343614e+00 -2.779236115544152952e+00 -1.376887032691722412e+00
-2.274868097303157199e+00 -1.079128460719144811e-01 0.000000000000000000e+00
-1.496411196962253598e+01 -1.507295020998515334e+01 -1.515243120658208653e+01
-1.738429091923900671e+01 -1.715360316766562576e+01 -1.729911567387858895e+01
-1.795616681019048499e+01 -1.795458490899243031e+01 -1.795653000625317830e+01
-1.840012667488163700e+01 -1.839859066886728556e+01 -1.839992296297761953e+01
-1.867384446553856492e+01 -1.867276701998586574e+01 -1.867394883068362077e+01
-1.873393963997107647e+01 -1.873471949477276155e+01 -1.873390412905731139e+01
-1.874849875774615171e+01 -1.874851085322661959e+01 -1.874857941628811631e+01
-1.873808151703386571e+01 -1.873801552583758934e+01 -1.873802950196811778e+01
-1.862594081391498335e+01 -1.862591001253079881e+01 -1.862814151297816423e+01
-1.822597959789353439e+01 -1.822722219019158274e+01 -1.822349971972704097e+01
-1.718903619959320750e+01 -1.698393600559349181e+01 -1.672303325563972010e+01
-1.556556066114614545e+01 -1.531423964330783605e+01 -1.376492782903445544e+01
-1.291154407406298432e+01 -1.291106341366793409e+01 -1.290423073569532164e+01
-5.262365189312096625e+00 -5.071637209408112135e+00 -5.095991963687161785e+00
-8.713628173331056104e-01 0.000000000000000000e+00 0.000000000000000000e+00
-1.157903737686594992e-01 0.000000000000000000e+00 0.000000000000000000e+00
0.000000000000000000e+00 0.000000000000000000e+00 0.000000000000000000e+00
-1.980785328249378141e+00 -1.302481295842211395e+00 0.000000000000000000e+00
0.000000000000000000e+00 0.000000000000000000e+00 -4.310808560668165645e-01
-2.423622925078553703e+00 -1.939289588832190381e-01 -1.254337351301909598e-01
-1.763658978695897828e+00 -5.761001047372075190e-01 -8.226149700342318960e-01
-1.533231589622224078e+01 -1.532677762566091850e+01 -1.534896529794650277e+01
-1.698170935075557253e+01 -1.710636171150548535e+01 -1.716292630016310738e+01
-1.764648358197076661e+01 -1.765154105313895272e+01 -1.764731484589907851e+01
-1.807957207207764583e+01 -1.808066929153812552e+01 -1.807089795103052765e+01
-1.819479009313789319e+01 -1.819893540462867776e+01 -1.820981428578707551e+01
-1.831455381897150403e+01 -1.830086890445517511e+01 -1.830026409775888752e+01
-1.824630711461907495e+01 -1.825696826500145065e+01 -1.824618977722749236e+01
-1.795292019435147068e+01 -1.795308583121838453e+01 -1.794900391122294536e+01
-1.717885970477137647e+01 -1.719142966836178488e+01 -1.714953842212404567e+01
-1.598292853618427145e+01 -1.579148558285596238e+01 -1.465858652872164036e+01
-1.311490075703612135e+01 -1.311694522673371921e+01 -1.310935937755957958e+01
-1.131405827269475850e+01 -1.130845216144552090e+01 -1.131612089281250100e+01
-5.526765030327149830e+00 -1.967372079229504911e-01 0.000000000000000000e+00
-2.224504681275361939e+00 -1.614331761433549506e+00 -7.887395738020559488e-01
0.000000000000000000e+00 0.000000000000000000e+00 0.000000000000000000e+00
0.000000000000000000e+00 0.000000000000000000e+00 0.000000000000000000e+00
-4.769811978025393806e+00 -3.217133668822280690e-01 0.000000000000000000e+00
-4.269944901475802190e+00 0.000000000000000000e+00 0.000000000000000000e+00
-2.363938943322599240e+00 -9.753828695572530627e-01 -4.705366562504875172e-01
-8.499516751427484973e-01 0.000000000000000000e+00 0.000000000000000000e+00
-5.162295939596424077e+00 -1.161508872460001118e+00 -1.209688249790051184e+00
-1.591460968628445016e+01 -1.589851240375635832e+01 -1.589452578212452671e+01
-1.677304595824144684e+01 -1.697696158390081322e+01 -1.695389682359869710e+01
-1.737705758587069482e+01 -1.741755816176117122e+01 -1.737453848783020405e+01
-1.759937847164096070e+01 -1.759517289598509748e+01 -1.759238171202501277e+01
-1.773861181271347220e+01 -1.780301842494742814e+01 -1.774461889725009556e+01
-1.770966783474113626e+01 -1.772432282401133818e+01 -1.778972113634886654e+01
-1.740441474090507157e+01 -1.738258663401454385e+01 -1.709039756776719798e+01
-1.622374624233138363e+01 -1.562209149576305656e+01 -1.625819330556069886e+01
-1.346457330318853352e+01 -1.336829830671078412e+01 -1.320928432745237657e+01
-1.211826652847394392e+01 -1.211786007637694063e+01 -1.212062919206600320e+01
-8.238765490919162104e+00 -8.268318890255498488e+00 -8.247639994014281939e+00
-3.157864146501746738e+00 -2.541532186953583405e+00 -1.660016067057585420e+00
-2.969283697798206667e+00 -1.498905207648823401e+00 -9.907600737026374393e-02
0.000000000000000000e+00 0.000000000000000000e+00 0.000000000000000000e+00
0.000000000000000000e+00 0.000000000000000000e+00 0.000000000000000000e+00
-6.229103555139277937e+00 0.000000000000000000e+00 0.000000000000000000e+00
-7.569924949360100186e+00 -1.161233055837624706e+00 -3.249939324510615624e-01
-7.248727707473513249e+00 -1.184885650492968789e+00 0.000000000000000000e+00
-2.448195000724259440e+00 -2.754561150696152039e-01 -3.429884185034046684e-01
-2.631320416074894641e+00 -9.908177017184138791e-02 0.000000000000000000e+00
-2.254062754900125753e-01 0.000000000000000000e+00 0.000000000000000000e+00
-1.647215756182042767e+01 -1.637042744105150405e+01 -1.661850524823233854e+01
-1.702777032152561176e+01 -1.701982086495542390e+01 -1.704098837464830751e+01
-1.744318264148030906e+01 -1.741562242994971399e+01 -1.740635211992911735e+01
-1.754170472349595400e+01 -1.760179194063887920e+01 -1.755225997995769305e+01
-1.720292448044162725e+01 -1.718904634267802578e+01 -1.717375400871144109e+01
-1.615036746419901803e+01 -1.614791197539976153e+01 -1.605380099391090809e+01
-1.479100223191538355e+01 -1.444177601534603461e+01 -1.276909728715243020e+01
-1.207825279071912128e+01 -1.207965159097921060e+01 -1.206919218022798468e+01
-1.021100636850437304e+01 -1.021353893068060437e+01 -1.021012855981642353e+01
-7.028523112228186598e+00 -1.119039746027362003e+00 -1.084944134722434672e+00
-7.708125417206414198e+00 -3.723975189504232119e+00 -3.244307537365915817e+00
-3.991604388421121086e-01 -9.909029536152809403e-02 0.000000000000000000e+00
-1.026684886086788595e-01 0.000000000000000000e+00 0.000000000000000000e+00
0.000000000000000000e+00 0.000000000000000000e+00 0.000000000000000000e+00
-2.411476185882038159e+00 -1.190529556583375781e+00 -1.274363380948988933e+00
-3.194244818107590422e+00 -1.106433891449608159e-01 0.000000000000000000e+00
-5.450344936023579834e+00 -2.603521718575041444e+00 0.000000000000000000e+00
-3.532104604543325088e+00 -1.068846452222013133e+00 0.000000000000000000e+00
-2.059534482941016709e-01 0.000000000000000000e+00 0.000000000000000000e+00
-2.173603463146482007e+00 -1.206773701251254938e+00 -1.177216846322558741e+00
-3.665165610861443657e+00 -9.299184578076089558e-01 -7.087430858257921518e-01
-1.625709627355758968e+01 -1.626083044308040826e+01 -1.659782561179469340e+01
-1.699720509608140873e+01 -1.705299577185047610e+01 -1.701319019356571971e+01
-1.684962468107933020e+01 -1.685348490804706501e+01 -1.681769740238278388e+01
-1.604534300155608051e+01 -1.603539491218960933e+01 -1.599881965760511093e+01
-1.457783806976171448e+01 -1.457419683083761797e+01 -1.438413403130384083e+01
-1.179562145233255599e+01 -1.177968564415978214e+01 -1.178350944063983086e+01
-1.081541568966117239e+01 -1.081755233904746305e+01 -1.081002937838959355e+01
-8.147936235904786884e+00 -8.101252638679786955e+00 -8.078430214117764407e+00
-4.737790400182758432e+00 -3.466357581619552874e+00 -1.318404959045765823e+00
-6.685369337604322837e+00 -1.757695503311538010e+00 0.000000000000000000e+00
-2.722490296445851499e+00 -2.616921093981792179e-01 0.000000000000000000e+00
0.000000000000000000e+00 0.000000000000000000e+00 0.000000000000000000e+00
0.000000000000000000e+00 0.000000000000000000e+00 0.000000000000000000e+00
-3.436829872381048201e+00 -6.981004642462914633e-01 -7.193269473316452611e-01
0.000000000000000000e+00 0.000000000000000000e+00 0.000000000000000000e+00
-5.832455556082395631e+00 -1.448657083089121222e+00 0.000000000000000000e+00
-5.530275163136038064e-01 0.000000000000000000e+00 -9.021850721123650940e-01
-3.941450564370532650e+00 -1.443106351932987308e-01 0.000000000000000000e+00
-5.911556990267516021e+00 -1.247388406372764491e+00 -1.254986223407567936e+00
-7.379757977170112726e-01 -2.546461352494466812e-01 -2.302812270036780906e-01
-7.914672837633730529e-01 -1.063334043373842519e-01 -9.866206133649019216e-02
-1.463822197648092605e+01 -1.460774502551918808e+01 -1.530967675961719898e+01
-1.495877391895469621e+01 -1.466937114412707999e+01 -1.460784359307818825e+01
-1.475281216469550039e+01 -1.475380357303011358e+01 -1.475520060799629185e+01
-1.370467799324430480e+01 -1.364925783398935266e+01 -1.346847049085511649e+01
-1.084187274265275214e+01 -1.084286915676332796e+01 -1.084140246903442240e+01
-9.660800220623869450e+00 -9.662027538186231723e+00 -9.660346932846959334e+00
-6.569226499409650089e+00 -6.615934745360626756e+00 -6.538440105186733575e+00
-7.315024779828059209e+00 -4.744108012904677096e+00 -3.088453668198813507e+00
-3.339481305676300416e+00 -6.307685941390953843e+00 -3.571771537507774319e+00
-4.077477503601412145e+00 0.000000000000000000e+00 0.000000000000000000e+00
0.000000000000000000e+00 0.000000000000000000e+00 0.000000000000000000e+00
0.000000000000000000e+00 0.000000000000000000e+00 0.000000000000000000e+00
0.000000000000000000e+00 0.000000000000000000e+00 0.000000000000000000e+00
-1.771223357095101369e-01 0.000000000000000000e+00 0.000000000000000000e+00
-7.333792278013131494e+00 -3.876030784282600727e+00 -3.675086312835625701e+00
-4.166212945687529645e-01 0.000000000000000000e+00 0.000000000000000000e+00
-3.153370167317735562e-01 0.000000000000000000e+00 0.000000000000000000e+00
0.000000000000000000e+00 0.000000000000000000e+00 -6.499900138340379385e+00
-7.729576654028390337e+00 -1.145855261183212626e-01 -2.321007933643822962e+00
-1.082912121103203340e+00 -9.907932616272271953e-02 0.000000000000000000e+00
0.000000000000000000e+00 0.000000000000000000e+00 0.000000000000000000e+00
-8.043984199055998374e+00 -7.771297488200010761e-01 0.000000000000000000e+00
-4.521718236807912739e+00 0.000000000000000000e+00 0.000000000000000000e+00
-2.673006638768641974e+00 -3.014378170508250077e-01 0.000000000000000000e+00
-7.810209063378941163e-01 -2.778880504665055540e-01 0.000000000000000000e+00
-2.710316237701851705e+00 -9.866233630925176634e-02 0.000000000000000000e+00
-5.638128499960590290e+00 -5.394370872276244011e-01 0.000000000000000000e+00
0.000000000000000000e+00 0.000000000000000000e+00 0.000000000000000000e+00
-3.049742676321811174e+00 -5.754837835462194295e-01 0.000000000000000000e+00
-3.600862415323782262e-01 -2.131503451503533875e-01 0.000000000000000000e+00
-4.283065363051282937e+00 0.000000000000000000e+00 0.000000000000000000e+00
0.000000000000000000e+00 0.000000000000000000e+00 0.000000000000000000e+00
0.000000000000000000e+00 0.000000000000000000e+00 0.000000000000000000e+00
0.000000000000000000e+00 0.000000000000000000e+00 0.000000000000000000e+00
0.000000000000000000e+00 0.000000000000000000e+00 0.000000000000000000e+00
0.000000000000000000e+00 0.000000000000000000e+00 0.000000000000000000e+00
0.000000000000000000e+00 0.000000000000000000e+00 0.000000000000000000e+00
0.000000000000000000e+00 0.000000000000000000e+00 0.000000000000000000e+00
0.000000000000000000e+00 0.000000000000000000e+00 0.000000000000000000e+00
0.000000000000000000e+00 0.000000000000000000e+00 0.000000000000000000e+00
0.000000000000000000e+00 0.000000000000000000e+00 0.000000000000000000e+00
0.000000000000000000e+00 0.000000000000000000e+00 0.000000000000000000e+00
0.000000000000000000e+00 0.000000000000000000e+00 0.000000000000000000e+00
0.000000000000000000e+00 0.000000000000000000e+00 0.000000000000000000e+00
0.000000000000000000e+00 0.000000000000000000e+00 0.000000000000000000e+00
0.000000000000000000e+00 0.000000000000000000e+00 0.000000000000000000e+00
0.000000000000000000e+00 0.000000000000000000e+00 0.000000000000000000e+00
0.000000000000000000e+00 0.000000000000000000e+00 0.000000000000000000e+00
0.000000000000000000e+00 0.000000000000000000e+00 0.000000000000000000e+00
0.000000000000000000e+00 0.000000000000000000e+00 0.000000000000000000e+00
0.000000000000000000e+00 0.000000000000000000e+00 0.000000000000000000e+00
