0.000000000000000000e+00 0.000000000000000000e+00 0.000000000000000000e+00
-2.062745383042872582e+00 0.000000000000000000e+00 0.000000000000000000e+00
0.000000000000000000e+00 0.000000000000000000e+00 0.000000000000000000e+00
-1.403758770555106672e+01 -1.395617798509150020e+01 -1.438310449074727870e+01
-1.826658176038041503e+01 -1.818306006769782357e+01 -1.821020010607007222e+01
-1.807327826317262165e+01 -1.807569184507796223e+01 -1.742338875616437477e+01
-1.787826076145850251e+01 -1.734338811316104412e+01 -1.805604169208679366e+01
-1.820171590077354296e+01 -1.810730860238201601e+01 -1.742427360728973085e+01
-1.769381363350197844e+01 -1.788726208110746541e+01 -1.788449122503735467e+01
-1.789746111063130130e+01 -1.789602689586588014e+01 -1.775245177722636569e+01
-1.786531474449234480e+01 -1.765248746834981475e+01 -1.727557895810485533e+01
-1.727771189737614677e+01 -1.767216261322126059e+01 -1.709842765133965159e+01
-1.687156161839154578e+01 -1.741281834873361944e+01 -1.718079889664689475e+01
-3.814481404641179463e+00 0.000000000000000000e+00 0.000000000000000000e+00
0.000000000000000000e+00 0.000000000000000000e+00 0.000000000000000000e+00
-2.727207448371468779e+00 -2.118886484524724612e+00 -3.589911897209162372e+00
0.000000000000000000e+00 0.000000000000000000e+00 0.000000000000000000e+00
0.000000000000000000e+00 0.000000000000000000e+00 0.000000000000000000e+00
-2.712978751941574895e+00 0.000000000000000000e+00 0.000000000000000000e+00
0.000000000000000000e+00 0.000000000000000000e+00 0.000000000000000000e+00
0.000000000000000000e+00 0.000000000000000000e+00 0.000000000000000000e+00
-2.539559412336225286e+00 -2.120815674100394954e+00 0.000000000000000000e+00
-5.353278265827929872e+00 -5.162568018989178498e+00 -5.043608827066643485e+00
-1.804282332812710621e+01 -1.810718555860683665e+01 -1.817018186666924606e+01
-1.821356868864414480e+01 -1.813320347052581738e+01 -1.834195418366681096e+01
-1.764456459388395970e+01 -1.798813618554961025e+01 -1.793245240180936406e+01
-1.752216228307946011e+01 -1.813387822761123047e+01 -1.831482265797334819e+01
-1.824653767231457380e+01 -1.825698653449984832e+01 -1.819691945801089261e+01
-1.848755569793748776e+01 -1.836282569588271585e+01 -1.831726693432313624e+01
-1.832525658732582130e+01 -1.832308640735354288e+01 -1.832596279577814258e+01
-1.834221913462536335e+01 -1.830894332735954322e+01 -1.840119668512242157e+01
-1.810903667129231209e+01 -1.814756108089176223e+01 -1.753239196546751444e+01
-1.733967886973977812e+01 -1.763316594625910128e+01 -1.693022724206374008e+01
-1.727913661938552536e+01 -1.704205527238677220e+01 -1.677342494884585378e+01
-9.618891228570642937e+00 -9.500854046227091843e+00 -9.260159313938105541e+00
-3.099834661115143497e+00 -4.620187089182448581e+00 -4.141125758931140766e+00
-4.784847501317328167e+00 -4.524272612821225614e+00 -4.293432089729292578e+00
-5.543565044178924595e+00 -4.009503500708015977e+00 -4.486280507589487598e+00
-3.204275741513760156e+00 -3.117551561698620244e+00 -5.546733386547535005e+00
0.000000000000000000e+00 0.000000000000000000e+00 0.000000000000000000e+00
0.000000000000000000e+00 0.000000000000000000e+00 0.000000000000000000e+00
-4.374369732614099782e+00 -3.112736966634991109e+00 -4.390470151113252228e+00
-1.211841613890583957e+01 -1.199940770053574468e+01 -1.298464247160513096e+01
-1.820618737791532027e+01 -1.810674793699298135e+01 -1.813407824071957819e+01
-1.847657557738007839e+01 -1.829305323034059683e+01 -1.846828215154502573e+01
-1.794434032665966683e+01 -1.842159167409101173e+01 -1.812028161948392224e+01
-1.838056586345222243e+01 -1.852649023775696691e+01 -1.853347022709603564e+01
-1.876605481650402751e+01 -1.876218548427534216e+01 -1.883310086745603584e+01
-1.874339801068341060e+01 -1.873898470604421007e+01 -1.868763917389577145e+01
-1.866700128835960371e+01 -1.870862106753028797e+01 -1.870596100556905128e+01
-1.861304592104334787e+01 -1.862951704362880889e+01 -1.856460514077814139e+01
-1.847293830582302121e+01 -1.846552855084968670e+01 -1.845826423092654522e+01
-1.827584985737757606e+01 -1.796529734645587340e+01 -1.826422649174624624e+01
-1.653131048317947460e+01 -1.775006821591448869e+01 -1.740446883082975305e+01
-1.663966245111854292e+01 -1.663859412754816702e+01 -1.663652660725903232e+01
-1.602672805089005337e+01 -1.602417560526571449e+01 -1.605899008848828302e+01
-3.805740791583595684e+00 -4.551187735448239735e+00 -4.322009610661702972e+00
0.000000000000000000e+00 0.000000000000000000e+00 0.000000000000000000e+00
-3.455954242562203405e+00 0.000000000000000000e+00 0.000000000000000000e+00
0.000000000000000000e+00 0.000000000000000000e+00 0.000000000000000000e+00
0.000000000000000000e+00 0.000000000000000000e+00 0.000000000000000000e+00
-2.566774165235786054e+00 0.000000000000000000e+00 -4.330084591026069241e+00
-1.652655064116155614e+01 -1.669392011346037563e+01 -1.735663195266725012e+01
-1.829839921996392604e+01 -1.835082570333379337e+01 -1.830031218962236750e+01
-1.853952668030313689e+01 -1.835242270147655574e+01 -1.862547189284576277e+01
-1.822656455729758207e+01 -1.861540613912364250e+01 -1.866781475677769109e+01
-1.890296218244812465e+01 -1.890456644755751014e+01 -1.882917470695833373e+01
-1.902981676115499710e+01 -1.900324727242777101e+01 -1.899238168643950786e+01
-1.912793877932367081e+01 -1.912813439461906384e+01 -1.912675065725155932e+01
-1.911887347926757386e+01 -1.911977646613273762e+01 -1.911843770275593002e+01
-1.910142150155442309e+01 -1.910271357831733496e+01 -1.910031151785773318e+01
-1.910712908110008712e+01 -1.910098158364878529e+01 -1.907056976347009680e+01
-1.878333195105864206e+01 -1.875583962062949794e+01 -1.878698120890340562e+01
-1.836593571406704939e+01 -1.837282569444272440e+01 -1.824159052647743806e+01
-1.774340610974165244e+01 -1.747321633433280041e+01 -1.777372926374217244e+01
-1.738443194041215278e+01 -1.696286194124452607e+01 -1.658466737133998237e+01
-9.712672587627817933e+00 -9.390530336874727269e+00 -1.001975234339086462e+01
-4.071252318607788467e+00 -5.405973591416943336e+00 -5.640551563149251990e+00
-3.712231340704350124e+00 -5.911386240460317687e+00 -5.992543700407507501e+00
0.000000000000000000e+00 0.000000000000000000e+00 0.000000000000000000e+00
0.000000000000000000e+00 0.000000000000000000e+00 0.000000000000000000e+00
-3.186299616886385078e+00 0.000000000000000000e+00 0.000000000000000000e+00
-1.672516778632119383e+01 -1.729764273706983602e+01 -1.782344125117958811e+01
-1.848773353597388436e+01 -1.851723214271926210e+01 -1.864913917438027013e+01
-1.852967005196975592e+01 -1.875592157728268106e+01 -1.877181572302363577e+01
-1.874290775427692068e+01 -1.900910764942148035e+01 -1.894508852596906223e+01
-1.910629456724307218e+01 -1.911294519122568758e+01 -1.913352551518827482e+01
-1.932748851126840606e+01 -1.932944874907925481e+01 -1.931177241914286569e+01
-1.936092728963096832e+01 -1.942906326647757353e+01 -1.942833566370709519e+01
-1.951835501642718640e+01 -1.951831866756518252e+01 -1.949899341631695648e+01
-1.953760386633376456e+01 -1.949802732235683678e+01 -1.952670713020491533e+01
-1.942020066957432078e+01 -1.940136438576491074e+01 -1.922125827742630477e+01
-1.916099398413860300e+01 -1.913645770196866636e+01 -1.911757980046266781e+01
-1.897809688593827815e+01 -1.899020697522179546e+01 -1.898591149403670642e+01
-1.824530945253407666e+01 -1.823309936975209666e+01 -1.797903468163089258e+01
-1.747512815002318831e+01 -1.729033135907033625e+01 -1.659277686009457753e+01
-1.669498117728990394e+01 -1.674062582117542419e+01 -1.594840650632234436e+01
-4.360411217090396363e+00 -4.075315519835317701e+00 -3.629850676533417086e+00
-2.788244037498706973e+00 0.000000000000000000e+00 -4.402309583912390245e+00
0.000000000000000000e+00 0.000000000000000000e+00 0.000000000000000000e+00
0.000000000000000000e+00 0.000000000000000000e+00 0.000000000000000000e+00
-4.118774272852085971e+00 -3.060441804304117941e+00 -2.636913439466100240e+00
-1.696249667588183740e+01 -1.784897921054636072e+01 -1.772768093990674743e+01
-1.869733295119614880e+01 -1.875194119265244197e+01 -1.875361088354430450e+01
-1.892969649376627572e+01 -1.873108030098925170e+01 -1.886902323993824027e+01
-1.917235169187880928e+01 -1.906037817385364619e+01 -1.913126787638286430e+01
-1.927693194538398558e+01 -1.928906779810582250e+01 -1.927595349159060234e+01
-1.941377275737748676e+01 -1.955744296225765666e+01 -1.958595125520860236e+01
-1.963358468945296664e+01 -1.963932067354926758e+01 -1.963941200964526956e+01
-1.978714385417971755e+01 -1.971109549254973814e+01 -1.978046364499093812e+01
-1.977520465600671429e+01 -1.976203814449353402e+01 -1.967293249203210337e+01
-1.976077989741121854e+01 -1.976542687216807792e+01 -1.960488294354469829e+01
-1.951921574766420875e+01 -1.945628829980255148e+01 -1.949318442431330922e+01
-1.923011473612865530e+01 -1.922058390764131985e+01 -1.913337318618071947e+01
-1.886639880824398574e+01 -1.888962764860269772e+01 -1.888731077722938778e+01
-1.793799143084075354e+01 -1.795365187162197884e+01 -1.765705549453493362e+01
-1.734004774815161909e+01 -1.570386332785493266e+01 -1.665646842804695638e+01
-1.545898280447608109e+01 -1.568554823682538846e+01 -1.511984051016711916e+01
-4.131647902481360823e+00 -2.212051473201726015e+00 -1.962698191898600841e+00
-2.195949235820777279e+00 0.000000000000000000e+00 0.000000000000000000e+00
0.000000000000000000e+00 0.000000000000000000e+00 0.000000000000000000e+00
-6.678672239637551300e+00 -5.815654318434417824e+00 -4.629162765168441496e+00
-1.784276981504831383e+01 -1.733560176382096785e+01 -1.775565328217459893e+01
-1.891017696472128762e+01 -1.884287872866372027e+01 -1.882018291730584636e+01
-1.884446566910455800e+01 -1.908779068370803245e+01 -1.904449906740407172e+01
-1.919262505131438701e+01 -1.922804185672195487e+01 -1.925532763501384537e+01
-1.933081841855285532e+01 -1.933432608959828869e+01 -1.934153562862702813e+01
-1.944537236971062200e+01 -1.957819894152798668e+01 -1.962718135497141958e+01
-1.964742121268365693e+01 -1.976970901628311594e+01 -1.978336567333028029e+01
-1.977174990269640986e+01 -1.985257976962021331e+01 -1.984724819760360148e+01
-1.986264152917892289e+01 -1.987125619803286369e+01 -1.985519149021413554e+01
-1.983628107328671319e+01 -1.983759767112981010e+01 -1.981569516631602923e+01
-1.979147209788118644e+01 -1.975205178478227452e+01 -1.978841407084235371e+01
-1.955469646872705525e+01 -1.955231377764392420e+01 -1.950602334512072389e+01
-1.915147885700160302e+01 -1.913868154391032306e+01 -1.914292006231925924e+01
-1.824146675022005226e+01 -1.823513867976981828e+01 -1.822339934695540009e+01
-1.745897676518453068e+01 -1.746304807864642683e+01 -1.590018632009003241e+01
-1.571285748983139818e+01 -1.559916587196756943e+01 -1.447535067032139189e+01
-3.030714932628763680e+00 -2.507242799089733687e+00 -3.606772053624093033e+00
0.000000000000000000e+00 0.000000000000000000e+00 0.000000000000000000e+00
0.000000000000000000e+00 0.000000000000000000e+00 0.000000000000000000e+00
0.000000000000000000e+00 0.000000000000000000e+00 0.000000000000000000e+00
-1.757838769677040247e+01 -1.796221753664648446e+01 -1.799893466695947808e+01
-1.872636698641033703e+01 -1.877656147737407366e+01 -1.880766569271486688e+01
-1.893190314110314176e+01 -1.911294729627828559e+01 -1.911257519499126545e+01
-1.928918142525774115e+01 -1.923156626113537371e+01 -1.928570812854455951e+01
-1.931720314044363462e+01 -1.937348286464285962e+01 -1.932834440984688840e+01
-1.946301058905432058e+01 -1.953503033096176722e+01 -1.953737944591493658e+01
-1.969689762658765275e+01 -1.978670094370057342e+01 -1.976664972063376169e+01
-1.977241839656607070e+01 -1.984229944755747965e+01 -1.984372286832101651e+01
-1.983169028178956239e+01 -1.985801169779626107e+01 -1.986844566514105281e+01
-1.984175551506298163e+01 -1.984712324512400272e+01 -1.984746646449410434e+01
-1.981606580155337483e+01 -1.981445529002716555e+01 -1.981524873481410154e+01
-1.968993383298816013e+01 -1.968304816788145573e+01 -1.954593144362178592e+01
-1.925651885175572886e+01 -1.925545735730363006e+01 -1.926480137585605945e+01
-1.863070130221514376e+01 -1.863147746172262842e+01 -1.857227685015903518e+01
-1.765369814803786497e+01 -1.758009446174185086e+01 -1.766017708729133417e+01
-1.536364047997358995e+01 -1.559237007797214503e+01 -1.398313872741077901e+01
-3.120982490898549067e+00 -3.418716216778120209e+00 -2.170803849477756398e+00
0.000000000000000000e+00 0.000000000000000000e+00 0.000000000000000000e+00
0.000000000000000000e+00 0.000000000000000000e+00 0.000000000000000000e+00
-4.427330584417309645e+00 -2.565149747492935450e+00 0.000000000000000000e+00
-1.789211193154717705e+01 -1.733602285065492055e+01 -1.769774644007313213e+01
-1.855559407128579608e+01 -1.854730463651877059e+01 -1.864039997248427127e+01
-1.896785944427904269e+01 -1.899489262498331854e+01 -1.906346890618967649e+01
-1.906855284538026751e+01 -1.926129329109487998e+01 -1.926127621913197174e+01
-1.941594589331915799e+01 -1.939040627949405859e+01 -1.936765558739381277e+01
-1.952470722421459115e+01 -1.952800932249150989e+01 -1.952955915299494194e+01
-1.959122750461856199e+01 -1.963959818181402639e+01 -1.966834800845539277e+01
-1.976398365149898950e+01 -1.978358317457777105e+01 -1.978347622376055170e+01
-1.977269810134652772e+01 -1.979524703698097809e+01 -1.980331921872694778e+01
-1.979897810407688397e+01 -1.979633767102154351e+01 -1.978277295274002512e+01
-1.979721834785048884e+01 -1.979836369767408399e+01 -1.979838178320653697e+01
-1.969041180026501792e+01 -1.968058184053725412e+01 -1.960627382239918859e+01
-1.939592273130098832e+01 -1.937790561736929362e+01 -1.938666098189924725e+01
-1.871634232073022375e+01 -1.872684591569962365e+01 -1.868175049596550963e+01
-1.787453218637108776e+01 -1.785526622620325909e+01 -1.753350644443846207e+01
-1.525718034893116126e+01 -1.549778994946661648e+01 -1.261616056188556989e+01
-2.795556369748994463e+00 -3.109409749465543271e+00 -3.408447915412385232e+00
0.000000000000000000e+00 0.000000000000000000e+00 0.000000000000000000e+00
0.000000000000000000e+00 0.000000000000000000e+00 0.000000000000000000e+00
-2.576989790483464215e+00 0.000000000000000000e+00 0.000000000000000000e+00
-1.657247015678089141e+01 -1.658434756475366001e+01 -1.661874055400620875e+01
-1.810163178692419805e+01 -1.817471224543750097e+01 -1.814985889326394997e+01
-1.893486359096215566e+01 -1.893109847912960575e+01 -1.893392127491841137e+01
-1.917306334622015029e+01 -1.914519827190413181e+01 -1.915926355822139371e+01
-1.938490202182608257e+01 -1.927802486662466208e+01 -1.939805490907465213e+01
-1.943046903668017222e+01 -1.948756343278977354e+01 -1.948820598948234206e+01
-1.961793613580859130e+01 -1.962001879554548722e+01 -1.963086934280167739e+01
-1.966335119034377144e+01 -1.967908499270728484e+01 -1.967416904990923499e+01
-1.971215560309466142e+01 -1.971639077397967554e+01 -1.971617756333050053e+01
-1.973493154871627908e+01 -1.973299834817445486e+01 -1.973381592160740183e+01
-1.969432777755361030e+01 -1.973103579329916357e+01 -1.972971145521131220e+01
-1.958402096681876969e+01 -1.956458254768698524e+01 -1.952801427180802207e+01
-1.935303241938681751e+01 -1.933714334914434829e+01 -1.935766042104722828e+01
-1.874362708766353691e+01 -1.870101363394189065e+01 -1.874084430965348602e+01
-1.764169753829657239e+01 -1.764653149411646638e+01 -1.623980318367745923e+01
-1.524637208973155822e+01 -1.527006781260815060e+01 -1.256668163169499408e+01
-2.674557325863218260e+00 -2.070550232986570371e+00 -3.707191918315385415e+00
0.000000000000000000e+00 0.000000000000000000e+00 0.000000000000000000e+00
0.000000000000000000e+00 0.000000000000000000e+00 0.000000000000000000e+00
-4.402899661294450873e+00 0.000000000000000000e+00 0.000000000000000000e+00
-3.783974413217724209e+00 0.000000000000000000e+00 0.000000000000000000e+00
-1.775574951328432505e+01 -1.775801835519397187e+01 -1.775419937013987237e+01
-1.837963951460094947e+01 -1.834500653613983090e+01 -1.840471820689594296e+01
-1.902300529948965035e+01 -1.903131018173534628e+01 -1.903111202319179185e+01
-1.917490202544587774e+01 -1.925534646279764672e+01 -1.926221426539015980e+01
-1.928775093747094616e+01 -1.936428096425164469e+01 -1.937336894829990896e+01
-1.952857228240915433e+01 -1.943136069263428212e+01 -1.952566728344453750e+01
-1.957744001891431651e+01 -1.961193451374248653e+01 -1.961106208208993351e+01
-1.964159944629360410e+01 -1.964171958228756409e+01 -1.965151752803952689e+01
-1.965440984963244020e+01 -1.965391644605754706e+01 -1.962198174456134581e+01
-1.958563701210923469e+01 -1.956807961685305131e+01 -1.953037869021479622e+01
-1.950432544309431648e+01 -1.947742124710433842e+01 -1.942977473444590331e+01
-1.924451535812879399e+01 -1.922324302835822607e+01 -1.920547189863377113e+01
-1.850811715208957153e+01 -1.861027965713444488e+01 -1.852645656939084873e+01
-1.729195286698268674e+01 -1.733001585224013041e+01 -1.386467469980084921e+01
-1.441019648026159139e+01 -1.390166126493583221e+01 -1.189524023645697248e+01
-4.262204690003001950e+00 -3.484138423317719724e+00 -2.247898621861305291e+00
-2.590241153699467613e+00 0.000000000000000000e+00 0.000000000000000000e+00
0.000000000000000000e+00 0.000000000000000000e+00 0.000000000000000000e+00
0.000000000000000000e+00 0.000000000000000000e+00 0.000000000000000000e+00
-4.488854651752453684e+00 -3.171390357535709636e+00 -5.505273956834752624e+00
-1.156065808278172824e+01 -1.150801015583254028e+01 -1.180674721279867967e+01
-1.734385940900117262e+01 -1.773026544937173199e+01 -1.777190870441794246e+01
-1.861111649824855618e+01 -1.851530177243699526e+01 -1.858312021342393550e+01
-1.899010880303162097e+01 -1.899622069354101583e+01 -1.898328079299772497e+01
-1.916446179884302836e+01 -1.917782793784074613e+01 -1.916979311834451138e+01
-1.924154711429951448e+01 -1.936285908167634062e+01 -1.933932886964391429e+01
-1.936618020124979722e+01 -1.941076049189150865e+01 -1.941215696746058939e+01
-1.949059226968713077e+01 -1.945455742459872184e+01 -1.948940792661064947e+01
-1.947346028165905096e+01 -1.947420122703124434e+01 -1.945661404240522430e+01
-1.941611582036220085e+01 -1.944096651306499624e+01 -1.944231866768296513e+01
-1.933067675995615886e+01 -1.933807165943330020e+01 -1.932589621610258135e+01
-1.898962944250544638e+01 -1.896764070378243261e+01 -1.895613674059656972e+01
-1.821496133619949376e+01 -1.817602326733553753e+01 -1.814067931692320101e+01
-1.635127695720073149e+01 -1.660608078648036212e+01 -1.218892644646593304e+01
-1.205356673937053991e+01 -1.257373602115978173e+01 -1.130738834471298659e+01
-3.168220580542116416e+00 -2.882916325011057879e+00 -3.780936667912161653e+00
0.000000000000000000e+00 0.000000000000000000e+00 0.000000000000000000e+00
0.000000000000000000e+00 0.000000000000000000e+00 0.000000000000000000e+00
0.000000000000000000e+00 0.000000000000000000e+00 0.000000000000000000e+00
-2.778958949121878685e+00 -1.997792646222086299e+00 0.000000000000000000e+00
-5.606917920108045905e+00 -6.087257038062428904e+00 -4.507127443522161769e+00
-1.706274109500024494e+01 -1.689875976768270505e+01 -1.706298552600222607e+01
-1.781753278491431658e+01 -1.777827752427119634e+01 -1.775743777341801533e+01
-1.845631796778000577e+01 -1.847166316636963401e+01 -1.849461457489488936e+01
-1.887324504995023844e+01 -1.885913025573837132e+01 -1.886785114075365399e+01
-1.911924862019150240e+01 -1.912737309178772094e+01 -1.911814888089403297e+01
-1.920697376330458539e+01 -1.921787972560497337e+01 -1.919872045954405593e+01
-1.925243083604638272e+01 -1.925736468488270603e+01 -1.925521654598650301e+01
-1.927220455940863530e+01 -1.927263238938530066e+01 -1.927154711493081507e+01
-1.920792654423397039e+01 -1.920454643166729980e+01 -1.920249430595264784e+01
-1.913450123550122939e+01 -1.915543576459563724e+01 -1.912521438474403723e+01
-1.853313025058049845e+01 -1.849708563586826315e+01 -1.855586396469287891e+01
-1.726331555229264225e+01 -1.528199767336965387e+01 -1.727579242303454521e+01
-1.352855167756008470e+01 -1.353097384732742725e+01 -1.137627483909608550e+01
-1.027852810918377635e+01 -1.025564109719711681e+01 -1.016671908140837033e+01
-5.950219986264992045e+00 -9.781366265269445748e+00 -6.156992626583987160e+00
-1.867732699334054836e+00 0.000000000000000000e+00 0.000000000000000000e+00
0.000000000000000000e+00 0.000000000000000000e+00 0.000000000000000000e+00
-3.359372364323068627e+00 -2.603034712384330263e+00 0.000000000000000000e+00
-2.754286426065172488e+00 0.000000000000000000e+00 0.000000000000000000e+00
-5.707576647795205460e+00 -5.864588690822014172e+00 -5.600180400790200075e+00
-3.360888585388047911e+00 -2.046181858964062794e+00 0.000000000000000000e+00
-1.779155880540102785e+01 -1.757196788783303631e+01 -1.757615159226973134e+01
-1.802594371686630126e+01 -1.801410616369607709e+01 -1.804422777203541273e+01
-1.834616339581643274e+01 -1.844577642316656707e+01 -1.841225600976162013e+01
-1.888115296099043405e+01 -1.886542618683453654e+01 -1.885835148919965931e+01
-1.896787372058736310e+01 -1.895396301653210003e+01 -1.895153132576547250e+01
-1.900341315341007231e+01 -1.898802499070565020e+01 -1.898466540480181663e+01
-1.902446127164838785e+01 -1.902768142171041532e+01 -1.902570881811460168e+01
-1.904683695811063870e+01 -1.899660580264887955e+01 -1.899369789755479587e+01
-1.856157169116020000e+01 -1.858061266945350098e+01 -1.850016685326777832e+01
-1.758526830047783207e+01 -1.718169884062459829e+01 -1.747760681050897702e+01
-1.573436765627652001e+01 -1.537619299119226923e+01 -1.165566108287472780e+01
-1.142583496526604314e+01 -1.133979672443024711e+01 -1.041332281940170290e+01
-3.234103973245772146e+00 -7.859836313718945533e+00 -5.396247775945344216e+00
-3.686296050797738033e+00 -4.051803943458244461e+00 0.000000000000000000e+00
0.000000000000000000e+00 0.000000000000000000e+00 0.000000000000000000e+00
0.000000000000000000e+00 0.000000000000000000e+00 0.000000000000000000e+00
-2.421931799821098963e+00 -2.218989817692639033e+00 -2.003227651522716979e+00
-2.311704532031234827e+00 -1.917673079755046084e+00 -4.459378347056392577e+00
-4.401695119194513062e+00 -3.659797621584837124e+00 -1.995640689626134279e+00
-4.107510983179924580e+00 -7.208934573047991456e+00 -2.352269922281128967e+00
-3.752123153036412084e+00 -2.557268776487183981e+00 -2.050330928959049448e+00
-1.790707728017811817e+01 -1.792492743618754147e+01 -1.808186407252559391e+01
-1.822452351428335149e+01 -1.834118722120986433e+01 -1.837758835635312948e+01
-1.848267813174177832e+01 -1.845406466418615210e+01 -1.848354396908639430e+01
-1.865169140190068475e+01 -1.868112304919477396e+01 -1.867768283834606180e+01
-1.886660221286669525e+01 -1.877051208620768818e+01 -1.877468751156344240e+01
-1.883346901733525058e+01 -1.883016786572663293e+01 -1.883504677559035301e+01
-1.853051016885849833e+01 -1.852208120216153731e+01 -1.852491505956555784e+01
-1.766618840113260447e+01 -1.768404947848338438e+01 -1.759752987276227998e+01
-1.505418070280999743e+01 -1.615407316311123509e+01 -1.684097984544466797e+01
-1.295861591379988020e+01 -1.295889116270596553e+01 -1.095072461963095201e+01
-9.839160981806731598e+00 -9.714701665284289689e+00 -8.558923220309187840e+00
-4.285859165336536769e+00 0.000000000000000000e+00 0.000000000000000000e+00
-3.826429495438572470e+00 -3.285975126094667242e+00 -4.393044498956509614e+00
0.000000000000000000e+00 0.000000000000000000e+00 0.000000000000000000e+00
0.000000000000000000e+00 0.000000000000000000e+00 0.000000000000000000e+00
-2.033531125002443485e+00 0.000000000000000000e+00 0.000000000000000000e+00
-7.314213883477753697e+00 -6.194333863703770149e+00 0.000000000000000000e+00
-4.249600540527583625e+00 -4.355781631743116833e+00 -5.006563220821593774e+00
-2.634464759007298706e+00 -1.924709930564322491e+00 -3.952178879548866597e+00
-7.832969541092674959e+00 -3.427649213588511046e+00 -2.188212220172935929e+00
-7.186064827404836208e+00 -5.909242539897730850e+00 -6.682584649874439009e+00
-1.807793166105648552e+01 -1.807904195710066730e+01 -1.808384580402108099e+01
-1.832601813849815642e+01 -1.833689343921514237e+01 -1.833701871729965660e+01
-1.864540474168116546e+01 -1.860485778014066227e+01 -1.860419827696707173e+01
-1.873717230140971779e+01 -1.874815109537164304e+01 -1.875078440647199685e+01
-1.860387499158937175e+01 -1.859610483571340822e+01 -1.858529355842309272e+01
-1.796934261729649762e+01 -1.799208119945841133e+01 -1.772995398098818853e+01
-1.640201069520816901e+01 -1.640127819113587293e+01 -1.622000369121014529e+01
-1.322299981898515853e+01 -1.424102151211018885e+01 -1.099167816128971253e+01
-1.009048089978749552e+01 -9.973488181834891719e+00 -9.957416010825756558e+00
-4.339531905336626139e+00 -4.189283638013390210e+00 -4.387603790245409030e+00
-2.435437563803473537e+00 -3.981114877773105576e+00 0.000000000000000000e+00
-2.607424827540266943e+00 -2.098738116293846545e+00 0.000000000000000000e+00
0.000000000000000000e+00 0.000000000000000000e+00 0.000000000000000000e+00
0.000000000000000000e+00 0.000000000000000000e+00 0.000000000000000000e+00
-2.072154650535533715e+00 0.000000000000000000e+00 0.000000000000000000e+00
-2.645517432493647458e+00 -4.091312539534717629e+00 0.000000000000000000e+00
-4.493112342826672823e+00 -3.927331354534181695e+00 -5.013053613741079495e+00
-4.157418006134586896e+00 -4.097560350743699509e+00 -2.245661305532678398e+00
-5.743969155981873520e+00 -3.855251679583358015e+00 -4.497099840967017315e+00
-4.325608841099082724e+00 0.000000000000000000e+00 -3.854045568239623965e+00
-2.018199517259392728e+00 -1.935891107131969990e+00 0.000000000000000000e+00
-1.683638855048049621e+01 -1.817599206057402128e+01 -1.824519077472900364e+01
-1.790792642721392625e+01 -1.838840869017468549e+01 -1.840489189687859906e+01
-1.822018650845713239e+01 -1.836765337380286311e+01 -1.836166688915788470e+01
-1.822560187118630282e+01 -1.804128909409812564e+01 -1.819483095919959936e+01
-1.659555813017875536e+01 -1.666487639758827655e+01 -1.632482557165268844e+01
-1.456153455850955325e+01 -1.454672129425377314e+01 -1.448947865746978358e+01
-1.139617028716671499e+01 -1.087045092644055444e+01 -9.446561029742634119e+00
-9.232954294816922314e+00 -9.534451162191082574e+00 -9.259378395129456152e+00
-4.063155570958768337e+00 -4.040628089898481434e+00 -3.590747907170684261e+00
0.000000000000000000e+00 0.000000000000000000e+00 0.000000000000000000e+00
-4.699846836271858841e+00 -4.202070360191887843e+00 -4.378163082863856026e+00
-3.476837592311320613e+00 0.000000000000000000e+00 0.000000000000000000e+00
0.000000000000000000e+00 0.000000000000000000e+00 0.000000000000000000e+00
0.000000000000000000e+00 0.000000000000000000e+00 0.000000000000000000e+00
-3.655060364212390223e+00 -2.821156193459036121e+00 0.000000000000000000e+00
-6.998702073437896409e+00 -6.596893544186292146e+00 -7.314770816026117117e+00
-1.968912033003489936e+00 0.000000000000000000e+00 0.000000000000000000e+00
-2.273956779444799459e+00 0.000000000000000000e+00 -2.154746095955191620e+00
-5.356380774438772363e+00 0.000000000000000000e+00 0.000000000000000000e+00
-4.190001618450508225e+00 -5.568971613468075788e+00 -5.069169307935109003e+00
-3.680209166760661343e+00 -2.701861920073663104e+00 -1.939954613227101055e+00
-1.608380598820254903e+01 -1.625127046295299849e+01 -1.645506583622565344e+01
-1.670847406513664879e+01 -1.671013941007178971e+01 -1.671323468475895524e+01
-1.673386313421741534e+01 -1.701011438127599007e+01 -1.672660416347273582e+01
-1.591930249614538084e+01 -1.629717000637992896e+01 -1.593641673253556945e+01
-1.395694945739873383e+01 -1.375607556321137181e+01 -1.375472741379400610e+01
-1.023996855354669222e+01 -1.068612328167907677e+01 -8.862938353785700940e+00
-8.041885302151293047e+00 -8.145582300773424933e+00 -8.087388408679441199e+00
-2.467829651839406058e+00 0.000000000000000000e+00 0.000000000000000000e+00
-2.942871701600894063e+00 -4.073699001032723643e+00 -1.914948691734462027e+00
0.000000000000000000e+00 0.000000000000000000e+00 0.000000000000000000e+00
0.000000000000000000e+00 0.000000000000000000e+00 0.000000000000000000e+00
0.000000000000000000e+00 0.000000000000000000e+00 0.000000000000000000e+00
-2.063973150101327203e+00 0.000000000000000000e+00 -4.244774619725448339e+00
-2.655708421066101721e+00 0.000000000000000000e+00 0.000000000000000000e+00
0.000000000000000000e+00 -3.183914873018065972e+00 0.000000000000000000e+00
-2.125082299242894823e+00 0.000000000000000000e+00 0.000000000000000000e+00
-3.300615007106828092e+00 -3.371482273394013074e+00 0.000000000000000000e+00
0.000000000000000000e+00 0.000000000000000000e+00 0.000000000000000000e+00
0.000000000000000000e+00 0.000000000000000000e+00 0.000000000000000000e+00
-5.678311091962989998e+00 -5.388805372411867189e+00 -4.210246660307317867e+00
0.000000000000000000e+00 0.000000000000000000e+00 0.000000000000000000e+00
0.000000000000000000e+00 0.000000000000000000e+00 0.000000000000000000e+00
-3.811540113513310235e+00 -4.417235851066489971e+00 0.000000000000000000e+00
-2.482602579564941792e+00 0.000000000000000000e+00 0.000000000000000000e+00
0.000000000000000000e+00 0.000000000000000000e+00 0.000000000000000000e+00
-3.857901541473149454e+00 0.000000000000000000e+00 0.000000000000000000e+00
0.000000000000000000e+00 0.000000000000000000e+00 0.000000000000000000e+00
-6.872736001343302092e+00 -3.803760974600692180e+00 -3.855772180150134787e+00
0.000000000000000000e+00 0.000000000000000000e+00 0.000000000000000000e+00
-3.774251614127789534e+00 -2.015564037676978781e+00 0.000000000000000000e+00
0.000000000000000000e+00 0.000000000000000000e+00 0.000000000000000000e+00
0.000000000000000000e+00 0.000000000000000000e+00 0.000000000000000000e+00
0.000000000000000000e+00 0.000000000000000000e+00 0.000000000000000000e+00
0.000000000000000000e+00 0.000000000000000000e+00 0.000000000000000000e+00
0.000000000000000000e+00 0.000000000000000000e+00 0.000000000000000000e+00
0.000000000000000000e+00 0.000000000000000000e+00 0.000000000000000000e+00
0.000000000000000000e+00 0.000000000000000000e+00 0.000000000000000000e+00
0.000000000000000000e+00 0.000000000000000000e+00 0.000000000000000000e+00
0.000000000000000000e+00 0.000000000000000000e+00 0.000000000000000000e+00
0.000000000000000000e+00 0.000000000000000000e+00 0.000000000000000000e+00
0.000000000000000000e+00 0.000000000000000000e+00 0.000000000000000000e+00
0.000000000000000000e+00 0.000000000000000000e+00 0.000000000000000000e+00
0.000000000000000000e+00 0.000000000000000000e+00 0.000000000000000000e+00
0.000000000000000000e+00 0.000000000000000000e+00 0.000000000000000000e+00
0.000000000000000000e+00 0.000000000000000000e+00 0.000000000000000000e+00
0.000000000000000000e+00 0.000000000000000000e+00 0.000000000000000000e+00
0.000000000000000000e+00 0.000000000000000000e+00 0.000000000000000000e+00
0.000000000000000000e+00 0.000000000000000000e+00 0.000000000000000000e+00
0.000000000000000000e+00 0.000000000000000000e+00 0.000000000000000000e+00
0.000000000000000000e+00 0.000000000000000000e+00 0.000000000000000000e+00
0.000000000000000000e+00 0.000000000000000000e+00 0.000000000000000000e+00
