0.000000000000000000e+00 0.000000000000000000e+00 0.000000000000000000e+00
0.000000000000000000e+00 0.000000000000000000e+00 0.000000000000000000e+00
-1.730156317929124610e+00 -1.007846624777127553e-01 -9.708336057415012377e-02
-1.138833557242333860e+01 -1.138882194290202854e+01 -1.140442972415251077e+01
-1.643381716890866784e+01 -1.612485911653486781e+01 -1.644691767850464359e+01
-1.631239710690173439e+01 -1.628807722535514557e+01 -1.602286118182632535e+01
-1.605145502337764896e+01 -1.644233863250513039e+01 -1.645252698998114482e+01
-1.635433741096121096e+01 -1.647786880709410795e+01 -1.655385640085848209e+01
-1.645567757766419703e+01 -1.645301996188550575e+01 -1.642095723900878212e+01
-1.671019602366266810e+01 -1.646368908529261432e+01 -1.680708067217329926e+01
-1.697577934494046303e+01 -1.690771117221714803e+01 -1.504672482784812537e+01
-1.655243363454616201e+01 -1.648114258003543853e+01 -1.431357138941368490e+01
-1.627231238361196475e+01 -1.326720984603181108e+01 -1.603602939333730859e+01
-2.424460580005917798e+00 -1.695519465443174001e+00 0.000000000000000000e+00
-1.290495488365316634e-01 0.000000000000000000e+00 0.000000000000000000e+00
-2.028567631957234330e+00 0.000000000000000000e+00 0.000000000000000000e+00
-3.935088159797878737e-01 -3.915044968918951485e-01 0.000000000000000000e+00
0.000000000000000000e+00 0.000000000000000000e+00 0.000000000000000000e+00
-9.663295202308036513e-02 0.000000000000000000e+00 0.000000000000000000e+00
0.000000000000000000e+00 0.000000000000000000e+00 0.000000000000000000e+00
0.000000000000000000e+00 0.000000000000000000e+00 0.000000000000000000e+00
-1.816428804654963258e+00 0.000000000000000000e+00 0.000000000000000000e+00
-6.761617686734243682e-01 -4.201652857165252275e-01 -1.160688547127871395e+00
-1.293591299862726274e+01 -1.290536472205800855e+01 -1.290953455294122776e+01
-1.625532575476549013e+01 -1.625539552718209890e+01 -1.625697686977184020e+01
-1.642460610122588704e+01 -1.642673180152593559e+01 -1.643539284916100485e+01
-1.674779643636436433e+01 -1.677114451725689293e+01 -1.676997359757174166e+01
-1.704100987743689544e+01 -1.703582567717460705e+01 -1.701384620687476001e+01
-1.713833916699433857e+01 -1.713202197939167704e+01 -1.713589834963566716e+01
-1.703653084587297784e+01 -1.693362455910157394e+01 -1.704691807826413097e+01
-1.681563740727650824e+01 -1.667726705176189483e+01 -1.618980725271861232e+01
-1.669905278169869334e+01 -1.645948768991424416e+01 -1.488735894792551839e+01
-1.553419450375051269e+01 -1.598751689468115345e+01 -1.277881101901020600e+01
-1.469871627871265218e+01 -1.499283848088593807e+01 -1.196102629918507354e+01
-2.181498969820357292e+00 -2.191274765925019352e+00 -2.201791082017882317e+00
-2.874711589044723681e+00 -2.917408275771079529e-01 -4.035776180034997829e-01
-1.722667526606087296e-01 0.000000000000000000e+00 0.000000000000000000e+00
0.000000000000000000e+00 0.000000000000000000e+00 0.000000000000000000e+00
0.000000000000000000e+00 0.000000000000000000e+00 0.000000000000000000e+00
0.000000000000000000e+00 0.000000000000000000e+00 0.000000000000000000e+00
0.000000000000000000e+00 0.000000000000000000e+00 0.000000000000000000e+00
-2.484398883900341470e+00 -4.964378939928369983e-01 -9.707615946809934615e-02
-4.262738183852714968e+00 -4.207614900107340183e+00 -4.279743356057155168e+00
-1.411407805420128980e+01 -1.413424499818357205e+01 -1.412558557647732194e+01
-1.618430120370081227e+01 -1.618456823678831924e+01 -1.619320798280486073e+01
-1.673190685717051096e+01 -1.674363433746846752e+01 -1.673278731104959860e+01
-1.711563500742682464e+01 -1.713172932623551858e+01 -1.712484637373200158e+01
-1.734720125058105111e+01 -1.734850998921188037e+01 -1.734761254722518942e+01
-1.752876697546428986e+01 -1.752845968601402404e+01 -1.752884303746164107e+01
-1.749413633593980322e+01 -1.749412707410786894e+01 -1.749440651693195292e+01
-1.742174640062976110e+01 -1.742532626659900075e+01 -1.740320066723859682e+01
-1.703760458588284266e+01 -1.704299758966317668e+01 -1.698601235096028006e+01
-1.666810387761946544e+01 -1.662640999696533584e+01 -1.632705674400781604e+01
-1.519914639765435993e+01 -1.605144605072968389e+01 -1.596982842780482237e+01
-1.408339541310394694e+01 -1.472082223239673837e+01 -1.061120052143311554e+01
-4.800483802404536426e+00 -4.774269337174986028e+00 -4.801058984655895756e+00
-1.962226814701636401e+00 -4.273268754247134260e-01 -1.947033975151656326e-01
-2.086092504281105153e+00 -2.237792869255730288e+00 -1.264924504260620752e+00
-2.803196057395393570e+00 -2.008095508154618791e+00 -5.532866999199890223e-01
-2.371527999997260494e-01 0.000000000000000000e+00 0.000000000000000000e+00
0.000000000000000000e+00 0.000000000000000000e+00 0.000000000000000000e+00
0.000000000000000000e+00 0.000000000000000000e+00 -9.504797729432667985e-02
-1.032694661672182512e+01 -1.038924735182098047e+01 -1.038841441671461219e+01
-1.453039923650366916e+01 -1.453756458409457331e+01 -1.453248227437322626e+01
-1.630086581527683265e+01 -1.630064438968078733e+01 -1.630285631873823604e+01
-1.710877356896981283e+01 -1.708901973500624649e+01 -1.710328268896459392e+01
-1.744957898331330171e+01 -1.744889339780830184e+01 -1.744811385131542991e+01
-1.774608261832289813e+01 -1.775072261880834290e+01 -1.775306567855442808e+01
-1.793600267179461483e+01 -1.793630949479878112e+01 -1.793632730409707321e+01
-1.791514849553490407e+01 -1.791459777245066221e+01 -1.791504925538109561e+01
-1.776685626935272921e+01 -1.776214800618702583e+01 -1.776320947840989817e+01
-1.763160931119096020e+01 -1.760674487413179534e+01 -1.749390316218409325e+01
-1.712349823677194038e+01 -1.712314974099104958e+01 -1.709253041376272009e+01
-1.657409951716327612e+01 -1.644908621579213914e+01 -1.587571232898230278e+01
-1.590145458666408196e+01 -1.468182850742449830e+01 -1.598492402689562830e+01
-1.408464861450153194e+01 -1.394811248521889802e+01 -1.009947985405435311e+01
-8.316977719589463192e+00 -8.318426587858011700e+00 -8.320029540948210567e+00
-8.660935922035802870e-01 -5.194211106783721554e-01 0.000000000000000000e+00
-9.504426141951484441e-02 0.000000000000000000e+00 0.000000000000000000e+00
0.000000000000000000e+00 0.000000000000000000e+00 0.000000000000000000e+00
0.000000000000000000e+00 0.000000000000000000e+00 0.000000000000000000e+00
0.000000000000000000e+00 0.000000000000000000e+00 0.000000000000000000e+00
-1.146372049738241650e+01 -1.147721814224664527e+01 -1.147143912474054694e+01
-1.486536725615392918e+01 -1.486213664920161115e+01 -1.485919099275721500e+01
-1.667357517401793388e+01 -1.667772562315863638e+01 -1.667633381806376747e+01
-1.733938663988691431e+01 -1.733921736571932115e+01 -1.734148153631212352e+01
-1.774329929464008160e+01 -1.774352081638706125e+01 -1.774290208688486814e+01
-1.814294694909033367e+01 -1.813800190580205296e+01 -1.814357798090105334e+01
-1.825494066802867010e+01 -1.836170290160368523e+01 -1.837706926427644305e+01
-1.839603878132489712e+01 -1.839588520871570054e+01 -1.839581093367370102e+01
-1.832866179746881130e+01 -1.832781841631424413e+01 -1.832922053657623351e+01
-1.814417763433892716e+01 -1.814115284253350069e+01 -1.814637632558100222e+01
-1.787372946573411170e+01 -1.752847974214186877e+01 -1.783319729825389999e+01
-1.722185861187261935e+01 -1.717785797522935809e+01 -1.708938035229116537e+01
-1.629196585757660998e+01 -1.620851936269054860e+01 -1.575578111673005210e+01
-1.544710195913540574e+01 -1.545259695697174784e+01 -1.416752349566118774e+01
-1.296754230124841101e+01 -1.370431299616473808e+01 -1.122075453053296989e+01
-2.074990688861176213e+00 -5.016235046165299361e-01 -5.860294148922916557e-01
-6.896324201422895372e-01 -6.867152671327956259e-01 -3.392544829229199976e+00
0.000000000000000000e+00 0.000000000000000000e+00 0.000000000000000000e+00
0.000000000000000000e+00 0.000000000000000000e+00 0.000000000000000000e+00
-1.131174499864971761e+00 -2.958900288253772937e-01 -3.462169060305018697e-01
-1.175762160322914873e+01 -1.176719410551526401e+01 -1.176365546825972785e+01
-1.508182768806567786e+01 -1.507584716606511144e+01 -1.507676340720004760e+01
-1.697962103863538630e+01 -1.699175363002665051e+01 -1.698776901577915766e+01
-1.757408613297592836e+01 -1.757855715798161356e+01 -1.757546315505605250e+01
-1.804502004144814364e+01 -1.805469634287498693e+01 -1.805392893778530805e+01
-1.840317696220823507e+01 -1.840515592103591302e+01 -1.840679510866296198e+01
-1.881546260889739841e+01 -1.881550473862400352e+01 -1.881632042479882116e+01
-1.891673748650431008e+01 -1.891635631468749068e+01 -1.891665533496891527e+01
-1.881023878696266749e+01 -1.880956776988318424e+01 -1.881023384571525270e+01
-1.867722752859652502e+01 -1.867553466441849608e+01 -1.866894823951544424e+01
-1.820038953719042141e+01 -1.820049431196567724e+01 -1.820226730358974265e+01
-1.791807851487151737e+01 -1.791123811178078995e+01 -1.733163859238728932e+01
-1.688821702007261294e+01 -1.688828047560567924e+01 -1.688209169198248105e+01
-1.597962284133501498e+01 -1.597517396443911686e+01 -1.530135997336292597e+01
-1.415030600401094674e+01 -1.436047026560733819e+01 -1.075751957299501171e+01
-9.496217676726093515e+00 -9.504635672994412587e+00 -9.501639891004847627e+00
-3.312969462503096540e+00 -2.629038124412153898e+00 -1.441437166045479668e+00
-9.663923988619615990e-02 0.000000000000000000e+00 0.000000000000000000e+00
0.000000000000000000e+00 0.000000000000000000e+00 0.000000000000000000e+00
-2.506471093070092651e-02 0.000000000000000000e+00 0.000000000000000000e+00
-1.178042995770106494e+01 -1.176461102113298907e+01 -1.175567738948626229e+01
-1.497062867117392848e+01 -1.506126781858093722e+01 -1.497740824188961639e+01
-1.702800863139512444e+01 -1.706472361693829498e+01 -1.706138017482935254e+01
-1.768106747720411320e+01 -1.768181312287661555e+01 -1.768354655861710967e+01
-1.816976202399232676e+01 -1.816926603099625481e+01 -1.817088300641007947e+01
-1.850456603305058678e+01 -1.853949508114922295e+01 -1.854376440510250390e+01
-1.904106183168664757e+01 -1.904225705731358431e+01 -1.904222592635255751e+01
-1.918743040173072245e+01 -1.933441037204449486e+01 -1.932875684323582988e+01
-1.936148801861290281e+01 -1.935352474727912409e+01 -1.927791767262809941e+01
-1.886798288176268201e+01 -1.886228879704209049e+01 -1.877555570540791763e+01
-1.861472198368557329e+01 -1.861346852184991363e+01 -1.858989392528432916e+01
-1.811469632574408806e+01 -1.811599314736598743e+01 -1.804022075500456879e+01
-1.734133746559007250e+01 -1.732571930734422594e+01 -1.703919732308225221e+01
-1.618960655900635004e+01 -1.610558887669834505e+01 -1.618936546927947617e+01
-1.508508637180636747e+01 -1.470174840290195206e+01 -1.453570000874589674e+01
-1.134995243909937912e+01 -1.135095667113321660e+01 -1.138703434952239135e+01
-2.728982849421852208e+00 -4.361455606792589701e-01 -2.773932946586774584e-01
0.000000000000000000e+00 0.000000000000000000e+00 0.000000000000000000e+00
0.000000000000000000e+00 0.000000000000000000e+00 0.000000000000000000e+00
-2.819087180680445170e-01 -1.849007228615045795e-01 -1.936737371220579318e-01
-1.180738604278195325e+01 -1.195082725407099566e+01 -1.183955334938855053e+01
-1.460734503330056633e+01 -1.477395666630651050e+01 -1.477522063217923076e+01
-1.679490299180732649e+01 -1.692327383068954916e+01 -1.692373997462475188e+01
-1.754856176991225425e+01 -1.754697299154535628e+01 -1.754845273254032278e+01
-1.806678354496514061e+01 -1.808094186551355165e+01 -1.808176775794320079e+01
-1.851614133294025777e+01 -1.851995482698337270e+01 -1.852088870371595775e+01
-1.902273406089628338e+01 -1.902249091427446004e+01 -1.902349268835543938e+01
-1.925929594191355676e+01 -1.931177302081829339e+01 -1.932014658485465475e+01
-1.937809677139611253e+01 -1.945090589424333061e+01 -1.944786365334108069e+01
-1.891435445218540323e+01 -1.890600328704663369e+01 -1.888530319918715605e+01
-1.868255704012737439e+01 -1.868191452437174860e+01 -1.865519205069531239e+01
-1.816510934414072054e+01 -1.816231652731718782e+01 -1.816249408749986571e+01
-1.762594897240829184e+01 -1.762680574839016501e+01 -1.724819658849899895e+01
-1.626124250999130538e+01 -1.627237456819857186e+01 -1.624326722583189309e+01
-1.501912678111115618e+01 -1.497790867967696471e+01 -1.471388984840951153e+01
-1.158333220044393741e+01 -1.158071113868264135e+01 -1.137149034382780677e+01
-3.419494882119523904e+00 -5.220254672340035595e-01 -3.279694135329070948e-01
0.000000000000000000e+00 0.000000000000000000e+00 0.000000000000000000e+00
0.000000000000000000e+00 0.000000000000000000e+00 0.000000000000000000e+00
-2.281259699016516818e-01 0.000000000000000000e+00 0.000000000000000000e+00
-1.138238422199236943e+01 -1.138046057847081016e+01 -1.138320213588541385e+01
-1.391935901610166759e+01 -1.392008673630818372e+01 -1.391705009084458666e+01
-1.652013451047004011e+01 -1.654286274414241475e+01 -1.654646741484592454e+01
-1.715817069138337558e+01 -1.720036561930897534e+01 -1.719659537465837928e+01
-1.787742311514432814e+01 -1.787627723114564304e+01 -1.787630576064015031e+01
-1.837612966761886568e+01 -1.837990861123486397e+01 -1.838015306028990636e+01
-1.853361273797176523e+01 -1.853982216227642965e+01 -1.854258739646368426e+01
-1.900847063234308365e+01 -1.900838322263394531e+01 -1.900961976483103655e+01
-1.898567265408744476e+01 -1.898533760098291268e+01 -1.898533017662921196e+01
-1.875083499440442836e+01 -1.875069576169846286e+01 -1.875027141710235057e+01
-1.865260723659429587e+01 -1.865270897267657446e+01 -1.863389983153416196e+01
-1.811234501090897808e+01 -1.811198634233672777e+01 -1.811113759862838890e+01
-1.763588348910165138e+01 -1.763537801015212381e+01 -1.757863566398203048e+01
-1.607802449993766558e+01 -1.606851764689270112e+01 -1.606777920514054259e+01
-1.483327519130286909e+01 -1.475029602702783649e+01 -1.447782853106081546e+01
-1.190561019038022472e+01 -1.078343292266613496e+01 -1.078143992413241392e+01
-2.860225387704901756e+00 -1.084289204072314411e-01 -5.000000000000000104e-03
0.000000000000000000e+00 0.000000000000000000e+00 0.000000000000000000e+00
0.000000000000000000e+00 0.000000000000000000e+00 0.000000000000000000e+00
-1.705411747155387570e-01 -3.321319470166010479e+00 0.000000000000000000e+00
-5.525229658905161934e+00 -5.606876024239336509e+00 -5.582439909785448684e+00
-1.301587630295677123e+01 -1.301039999673717773e+01 -1.301080892298973524e+01
-1.472879643804753869e+01 -1.472971491166156710e+01 -1.472729765456205797e+01
-1.669534007791543218e+01 -1.653021698118552507e+01 -1.669700676692341901e+01
-1.745910880818503941e+01 -1.745873994750715141e+01 -1.745691287114560453e+01
-1.793713594285146229e+01 -1.795118617535450412e+01 -1.795136701042086358e+01
-1.832883630633636329e+01 -1.834121889054754817e+01 -1.834160935126592307e+01
-1.852222120188346821e+01 -1.852230752927459534e+01 -1.852206381636466404e+01
-1.860659427066886096e+01 -1.860642252643661365e+01 -1.860677884723252973e+01
-1.862840038110827123e+01 -1.862716317334686167e+01 -1.862832299898089516e+01
-1.828487276975157627e+01 -1.828555767572781576e+01 -1.828573432686945210e+01
-1.785879484094292380e+01 -1.785883656579030543e+01 -1.785653380677392832e+01
-1.723722851382591514e+01 -1.726465895300653841e+01 -1.700278922379340685e+01
-1.579317138405636278e+01 -1.579912754650075257e+01 -1.579386686351288027e+01
-1.420684018910663404e+01 -1.420647210656961512e+01 -1.337917942696152096e+01
-1.170503887803363696e+01 -1.027426041111019828e+01 -9.921545923619458307e+00
-5.226874968819314460e-02 0.000000000000000000e+00 0.000000000000000000e+00
0.000000000000000000e+00 0.000000000000000000e+00 0.000000000000000000e+00
0.000000000000000000e+00 0.000000000000000000e+00 0.000000000000000000e+00
-2.024402021383994443e-01 -1.253212231113164377e-01 0.000000000000000000e+00
-5.655946579930920537e-01 0.000000000000000000e+00 0.000000000000000000e+00
-1.182984122791649284e+01 -1.185928775263761636e+01 -1.182370234836283096e+01
-1.356323404147919298e+01 -1.355254058663710381e+01 -1.355180063652823819e+01
-1.573752909178426052e+01 -1.570488123140394343e+01 -1.565027868071539530e+01
-1.670257231362774064e+01 -1.671863079836390042e+01 -1.675340052451341322e+01
-1.741194672584112269e+01 -1.740882166405612708e+01 -1.740945006018987229e+01
-1.780951856981320702e+01 -1.780645598308345967e+01 -1.780625226179917675e+01
-1.805467976492127136e+01 -1.805720764819510649e+01 -1.805602596856247288e+01
-1.814465669486816779e+01 -1.814449470314425028e+01 -1.814488094687321507e+01
-1.809763381211663713e+01 -1.809769870055400176e+01 -1.809807347494237106e+01
-1.790431305029031250e+01 -1.790531599980973709e+01 -1.790410140450783416e+01
-1.741713140581767405e+01 -1.741741900977472923e+01 -1.741793252203561337e+01
-1.627088070114141516e+01 -1.624492705413537053e+01 -1.593219272030716027e+01
-1.518445138703846808e+01 -1.518374841613877635e+01 -1.516696115256473121e+01
-1.364208103738808653e+01 -1.419007968341258774e+01 -1.129586308186084587e+01
-9.130387485920426371e+00 -9.127801987330096622e+00 -9.140015440927440338e+00
-2.339632082648907652e+00 -4.414368300374356124e-01 0.000000000000000000e+00
0.000000000000000000e+00 0.000000000000000000e+00 0.000000000000000000e+00
0.000000000000000000e+00 0.000000000000000000e+00 0.000000000000000000e+00
-1.788933458093044937e+00 -1.097239423213791865e+00 -2.488315968200437434e-01
-3.989928283658566999e-01 -3.173938506026611206e-01 -2.894992770038941066e-01
-3.872435349281025285e+00 -3.799147951069198115e+00 -4.507385133807435551e+00
-1.276374470558097229e+01 -1.278805164869702793e+01 -1.276722019725546176e+01
-1.412823242354977182e+01 -1.413372927240072841e+01 -1.412536957963824591e+01
-1.584118752682405606e+01 -1.545073726775991751e+01 -1.583427699764605379e+01
-1.660576305134835451e+01 -1.660874554844765072e+01 -1.660817169518366399e+01
-1.697637236840985508e+01 -1.697762886222009726e+01 -1.697413983853279973e+01
-1.731820383312933487e+01 -1.732093907672902233e+01 -1.731947139671555647e+01
-1.739975338655309756e+01 -1.739619079082784836e+01 -1.739608604244487822e+01
-1.734580295912008197e+01 -1.735393149161080117e+01 -1.734652626258708352e+01
-1.713326681699118836e+01 -1.713305380144965184e+01 -1.713221760876310640e+01
-1.680938991423254336e+01 -1.681786321490269742e+01 -1.665673427377938154e+01
-1.563584762947033724e+01 -1.548968214034929325e+01 -1.548939744252825612e+01
-1.429372305739306626e+01 -1.437843845840197510e+01 -1.415306446995799305e+01
-1.216923957149041868e+01 -1.260634852433509323e+01 -9.507894952028983937e+00
-7.985639460391740663e+00 -7.975146002002003520e+00 -7.869499870199932801e+00
-2.771260093261617818e+00 -2.453856511235925186e+00 0.000000000000000000e+00
0.000000000000000000e+00 0.000000000000000000e+00 0.000000000000000000e+00
0.000000000000000000e+00 0.000000000000000000e+00 0.000000000000000000e+00
0.000000000000000000e+00 0.000000000000000000e+00 0.000000000000000000e+00
-2.013343060493423820e-01 -1.915612345048775811e-01 -9.944390588363055672e-02
-3.045012587498849399e+00 -9.625548360687121718e-01 -1.013344382848353931e+00
-1.052321637791840381e+01 -1.056116881862806167e+01 -1.057016615399356496e+01
-1.324781372310506278e+01 -1.325260608480443203e+01 -1.324711356011244590e+01
-1.424546219776572009e+01 -1.425154741820475834e+01 -1.424861943728029345e+01
-1.476644869035548524e+01 -1.507859542754271764e+01 -1.510324850578677847e+01
-1.637051181049944049e+01 -1.629733395858056610e+01 -1.636558865290497167e+01
-1.662943461437636472e+01 -1.661732876362755817e+01 -1.662168426060074466e+01
-1.673161447225492537e+01 -1.673153573092398716e+01 -1.673952224134711031e+01
-1.674284453704112963e+01 -1.674769547109592693e+01 -1.675037318692535848e+01
-1.633421393768026775e+01 -1.633180914012725893e+01 -1.624704001223101812e+01
-1.553741688171645663e+01 -1.553913298802927301e+01 -1.553519839447624307e+01
-1.470373378847045132e+01 -1.471213537834881357e+01 -1.471118622235167273e+01
-1.305873246205094951e+01 -1.300392914689885338e+01 -1.197069611975595471e+01
-1.020774163743894114e+01 -9.952930851015096891e+00 -7.641938504182557601e+00
-2.471618297580095991e+00 -2.456198785035528687e+00 -2.477073215014077956e+00
-3.965936423616698292e-01 -3.724796927229089283e-01 -9.503806606587381078e-02
-9.711644616114246953e-02 0.000000000000000000e+00 0.000000000000000000e+00
0.000000000000000000e+00 0.000000000000000000e+00 0.000000000000000000e+00
-3.335771658779282500e+00 -9.509943440899212841e-02 0.000000000000000000e+00
-1.002171103395552931e+00 -3.832156301649137231e-01 -4.330646919073365408e-01
-4.688104502575271226e+00 -7.159640173579586708e-01 -2.204336450771826883e-01
-7.591327927560999056e-01 -3.705967546997498419e-01 -2.130154418436231156e-01
-1.243897482742184835e+01 -1.241975012956363500e+01 -1.244284257854230979e+01
-1.355125193583640275e+01 -1.354764486988630168e+01 -1.354800557065705391e+01
-1.434254424620571022e+01 -1.434191500206895675e+01 -1.434295956693232021e+01
-1.483414235286272032e+01 -1.484228009489549294e+01 -1.483608400151851292e+01
-1.518395620134675283e+01 -1.518587321439869520e+01 -1.518473496664025291e+01
-1.544900407357640404e+01 -1.544844480021983379e+01 -1.544943660923115658e+01
-1.542656483806003997e+01 -1.542588430733583671e+01 -1.542570528398023555e+01
-1.550797745681358109e+01 -1.550835881785445558e+01 -1.550809084710220098e+01
-1.499245593786578468e+01 -1.500209388334173966e+01 -1.500085990234146216e+01
-1.350695844295657722e+01 -1.369959508141996452e+01 -1.367473856010048294e+01
-1.107909113361781905e+01 -1.042659839659750354e+01 -9.418683478666403985e+00
-6.134136488079377614e+00 -6.119245736389373747e+00 -6.110343646507132576e+00
-2.657382391344991213e+00 -2.555214729263384665e+00 -2.572001801625599438e+00
-4.223215379586069962e-01 -2.496474038873437717e-01 -9.705332761904547634e-02
-9.706429940598385042e-02 0.000000000000000000e+00 0.000000000000000000e+00
0.000000000000000000e+00 0.000000000000000000e+00 0.000000000000000000e+00
-1.589643013508132974e-01 0.000000000000000000e+00 0.000000000000000000e+00
-2.666477692348049988e+00 0.000000000000000000e+00 0.000000000000000000e+00
-1.973383851203018846e+00 -3.381141957473580151e-01 0.000000000000000000e+00
-3.565829193341131909e+00 -3.143801872676614817e+00 -3.084560927036752442e+00
-8.200304500952185771e-01 -2.391867883494170899e-01 -2.803251582440042244e-01
-1.259845580846311464e+01 -1.257740118300437260e+01 -1.257328908313461646e+01
-1.372946745493442755e+01 -1.371385469641468902e+01 -1.371749283254262508e+01
-1.436865899482222275e+01 -1.437234684998304779e+01 -1.437221662674329892e+01
-1.492564167182688628e+01 -1.492551170672509642e+01 -1.492571978172471603e+01
-1.527375677406531373e+01 -1.527453630519474537e+01 -1.527500561195389217e+01
-1.535541592329913563e+01 -1.535296691854410156e+01 -1.535257020568465158e+01
-1.503440171970422057e+01 -1.503743369544120156e+01 -1.503622752068950419e+01
-1.392944360334621301e+01 -1.393031241457054037e+01 -1.388572550355444513e+01
-1.135633210557286610e+01 -1.117457399820817621e+01 -1.012854821688943296e+01
-7.888190594942631861e+00 -7.364901175860260274e+00 -7.801324679238218707e+00
-3.242980095426665432e+00 -3.241041946705738752e+00 -3.302844796736748467e+00
-3.438935258348032598e-01 0.000000000000000000e+00 0.000000000000000000e+00
-9.512748731400182123e-02 0.000000000000000000e+00 0.000000000000000000e+00
0.000000000000000000e+00 0.000000000000000000e+00 0.000000000000000000e+00
0.000000000000000000e+00 0.000000000000000000e+00 0.000000000000000000e+00
-5.236849922145873082e-01 0.000000000000000000e+00 0.000000000000000000e+00
-3.065191801291915485e+00 -2.038157994125746164e+00 -3.131546179641684802e+00
-4.619467450581067891e-01 -9.709782726785079476e-02 -1.917103141801906330e-01
-2.138820129134539449e+00 0.000000000000000000e+00 0.000000000000000000e+00
0.000000000000000000e+00 -5.168312441083661168e-01 0.000000000000000000e+00
-9.197155205063071159e-01 -1.183364575797548168e+00 -4.973968947419538655e-01
-1.267640841537886054e+01 -1.264157177375877694e+01 -1.264448350957312073e+01
-1.367916452296999630e+01 -1.368667867730736631e+01 -1.367846115801608242e+01
-1.432181335125737398e+01 -1.431951689555719476e+01 -1.432209845407954063e+01
-1.470576326631227637e+01 -1.471532733445385688e+01 -1.470715645476754219e+01
-1.467797800159666544e+01 -1.466882519356739678e+01 -1.467577700263118246e+01
-1.404190134412258040e+01 -1.402615956685642473e+01 -1.406063655461242590e+01
-1.240251364596283778e+01 -1.205529367518817097e+01 -1.180124821441311944e+01
-8.274221782776931988e+00 -8.306801000754882480e+00 -8.040226950424868235e+00
-5.121344068410755845e+00 -5.123134466327949887e+00 -5.125831883426846147e+00
-4.382838838677700077e-01 -5.517396481761459581e-01 -5.891516252526955988e-01
-1.377832292895638799e+00 -3.315097984829689981e+00 -1.026196170628412396e+00
-3.378899226790204047e+00 -9.510678066462953384e-02 0.000000000000000000e+00
-1.654878880127951812e-01 0.000000000000000000e+00 0.000000000000000000e+00
0.000000000000000000e+00 0.000000000000000000e+00 0.000000000000000000e+00
-1.861852395237340030e+00 -5.559037190034540332e-01 -9.711147289274839334e-02
-1.607086888553137527e+00 -9.663148748686267719e-02 0.000000000000000000e+00
-9.658938860723174091e-01 0.000000000000000000e+00 0.000000000000000000e+00
-2.986692904435161111e+00 0.000000000000000000e+00 0.000000000000000000e+00
-6.508747380217947409e-01 -2.304126201083008252e-01 -1.917046221380812598e-01
-1.114060984597931014e-01 -2.339083504752700049e-01 -1.054325338002475715e-01
-2.979144530328290852e+00 -8.285969262602861374e-01 -3.107800307415026775e-01
-1.135261817552016694e+01 -1.138859561131798692e+01 -1.138196161102357706e+01
-1.307516784788046138e+01 -1.316152894230978454e+01 -1.316187243183705391e+01
-1.390435343295909654e+01 -1.389637434560278351e+01 -1.389676918787573179e+01
-1.329007470157602810e+01 -1.327516801171400473e+01 -1.322956667884153958e+01
-1.123682926034526908e+01 -1.132769887713567769e+01 -1.124405482473336093e+01
-9.870060264577611875e+00 -9.864025781517010927e+00 -9.867702171251666599e+00
-6.347192819615742998e+00 -6.340927977539091209e+00 -6.345640494695598655e+00
-3.065002142493784998e+00 -3.073416081795158572e+00 -3.064538311170104112e+00
-5.939146079128191369e-01 -5.380276466091786780e-01 -3.745993821262165180e-01
-8.744856052055773876e-01 -8.467266455179451867e-01 -8.303157863458562327e-01
-8.983463484834129931e-01 -1.225429071438248613e-01 0.000000000000000000e+00
-4.534773099398488605e-01 0.000000000000000000e+00 -3.474795790827933217e+00
0.000000000000000000e+00 0.000000000000000000e+00 0.000000000000000000e+00
-1.838552825088081710e-01 0.000000000000000000e+00 0.000000000000000000e+00
-3.796938414330459088e-01 0.000000000000000000e+00 -3.063044738966604452e+00
-6.062945463204448826e-01 -3.364723711591193767e-01 0.000000000000000000e+00
-1.542631191205333652e+00 -8.343798558525657993e-01 -9.506091052793741447e-02
-1.472943262715185719e+00 -3.994868740569777477e-01 -3.887632611373023073e-01
-1.292747523218272798e+00 -4.504937643460227292e-01 -2.382888024297334095e-01
-3.085896133453674306e+00 -2.092321659964878344e-01 -3.547111247183448945e+00
0.000000000000000000e+00 0.000000000000000000e+00 0.000000000000000000e+00
-9.086289668513758855e+00 -9.063321066950694060e+00 -9.182683019756369802e+00
-1.056036748554236837e+01 -1.066518232839868574e+01 -1.065340842816642031e+01
-1.051089804642161774e+01 -1.051092554196177353e+01 -1.051315673513154358e+01
-9.862332691244752425e+00 -9.921245310449904764e+00 -9.822608092791080381e+00
-8.597809599347431941e+00 -8.569995002059139111e+00 -8.571209942475519483e+00
-4.972055044993734185e+00 -4.972109366278645304e+00 -4.969939706529573620e+00
-2.647411759482419580e+00 -2.570034499062111344e+00 -2.646385468868185153e+00
-6.889232251678938379e-01 -4.578743757258502134e-01 -9.706725590432699335e-02
-2.383871148928497607e+00 -1.008551365412560630e+00 -3.449781948426021927e+00
-3.040184222355209798e+00 -1.093776252584396591e+00 -9.906728888392145604e-01
0.000000000000000000e+00 0.000000000000000000e+00 0.000000000000000000e+00
0.000000000000000000e+00 0.000000000000000000e+00 0.000000000000000000e+00
-3.301941389947433692e+00 0.000000000000000000e+00 0.000000000000000000e+00
-1.159678595101300697e-01 -1.897494752488588787e-01 -9.707502428327124955e-02
-2.976535334657949838e-01 -1.066606649692436459e-01 0.000000000000000000e+00
0.000000000000000000e+00 0.000000000000000000e+00 0.000000000000000000e+00
-3.145216735742295544e-01 0.000000000000000000e+00 0.000000000000000000e+00
-1.581789204093415391e+00 -2.469745037232697615e-01 -1.671490824811801557e-01
-2.885503674610952807e+00 -1.214489172401587158e+00 0.000000000000000000e+00
0.000000000000000000e+00 0.000000000000000000e+00 0.000000000000000000e+00
0.000000000000000000e+00 0.000000000000000000e+00 0.000000000000000000e+00
-4.180196620627263382e-01 -2.147981834336510076e-01 0.000000000000000000e+00
-2.335332066912815807e-01 0.000000000000000000e+00 0.000000000000000000e+00
-1.910483461710916764e+00 -1.201085182029742460e-01 0.000000000000000000e+00
-3.307342899875108877e+00 -3.299486939449367551e+00 -7.786243478470095125e-01
0.000000000000000000e+00 0.000000000000000000e+00 0.000000000000000000e+00
0.000000000000000000e+00 0.000000000000000000e+00 0.000000000000000000e+00
-4.230525596798784815e-01 -9.516825255059938038e-02 0.000000000000000000e+00
-1.136977672636291681e+00 -2.809743028364009021e-01 -9.707009748831307849e-02
-3.196407538732986886e+00 0.000000000000000000e+00 0.000000000000000000e+00
0.000000000000000000e+00 0.000000000000000000e+00 0.000000000000000000e+00
0.000000000000000000e+00 0.000000000000000000e+00 0.000000000000000000e+00
0.000000000000000000e+00 0.000000000000000000e+00 0.000000000000000000e+00
0.000000000000000000e+00 0.000000000000000000e+00 0.000000000000000000e+00
0.000000000000000000e+00 0.000000000000000000e+00 0.000000000000000000e+00
0.000000000000000000e+00 0.000000000000000000e+00 0.000000000000000000e+00
0.000000000000000000e+00 0.000000000000000000e+00 0.000000000000000000e+00
0.000000000000000000e+00 0.000000000000000000e+00 0.000000000000000000e+00
0.000000000000000000e+00 0.000000000000000000e+00 0.000000000000000000e+00
0.000000000000000000e+00 0.000000000000000000e+00 0.000000000000000000e+00
0.000000000000000000e+00 0.000000000000000000e+00 0.000000000000000000e+00
0.000000000000000000e+00 0.000000000000000000e+00 0.000000000000000000e+00
0.000000000000000000e+00 0.000000000000000000e+00 0.000000000000000000e+00
0.000000000000000000e+00 0.000000000000000000e+00 0.000000000000000000e+00
0.000000000000000000e+00 0.000000000000000000e+00 0.000000000000000000e+00
0.000000000000000000e+00 0.000000000000000000e+00 0.000000000000000000e+00
0.000000000000000000e+00 0.000000000000000000e+00 0.000000000000000000e+00
0.000000000000000000e+00 0.000000000000000000e+00 0.000000000000000000e+00
0.000000000000000000e+00 0.000000000000000000e+00 0.000000000000000000e+00
0.000000000000000000e+00 0.000000000000000000e+00 0.000000000000000000e+00
0.000000000000000000e+00 0.000000000000000000e+00 0.000000000000000000e+00
