0.000000000000000000e+00 0.000000000000000000e+00 0.000000000000000000e+00
-9.921705639131028764e-02 0.000000000000000000e+00 0.000000000000000000e+00
0.000000000000000000e+00 0.000000000000000000e+00 0.000000000000000000e+00
-1.103130313527499951e+01 -5.531102511682559175e+00 -5.513250262866190354e+00
-1.814659047140855819e+01 -1.754284534141301677e+01 -1.815348742106088409e+01
-1.793590564434740742e+01 -1.819448148881968308e+01 -1.820292062460638149e+01
-1.825162990494763804e+01 -1.826110281338377916e+01 -1.795156083441446171e+01
-1.795573260247917347e+01 -1.825534143947740873e+01 -1.822994632567595374e+01
-1.834594316657011603e+01 -1.825822331106056851e+01 -1.796634153394666455e+01
-1.818692974926301531e+01 -1.819533188434642312e+01 -1.752588510166956581e+01
-1.807551435639870618e+01 -1.797937230476191317e+01 -1.704054803513335514e+01
-1.799157610962740961e+01 -1.755136943082877110e+01 -1.683836661132317758e+01
-1.656368362816558815e+01 -1.784237374734574644e+01 -1.744573813495626169e+01
-9.924220393530852613e-02 0.000000000000000000e+00 0.000000000000000000e+00
-1.208698167513154731e+00 0.000000000000000000e+00 0.000000000000000000e+00
0.000000000000000000e+00 -1.175688034253235398e-01 0.000000000000000000e+00
-9.876808999592966154e-02 -9.933336013599525227e-02 -9.918345833312884607e-02
-4.758360634352941432e+00 -9.411288221292064549e-01 0.000000000000000000e+00
-9.876530838120238520e-02 0.000000000000000000e+00 0.000000000000000000e+00
0.000000000000000000e+00 0.000000000000000000e+00 0.000000000000000000e+00
0.000000000000000000e+00 0.000000000000000000e+00 0.000000000000000000e+00
0.000000000000000000e+00 0.000000000000000000e+00 0.000000000000000000e+00
-9.928859170900868059e-02 -8.235545434067986781e-02 -9.918534023380026765e-02
-1.715981570157572023e+01 -1.598753226199731969e+01 -1.747930206786589835e+01
-1.833493173267565624e+01 -1.813050827608266502e+01 -1.832604053723335014e+01
-1.852690026782487109e+01 -1.851133948775488491e+01 -1.833093881487633325e+01
-1.852183571707249854e+01 -1.851772174137797222e+01 -1.850719555450755749e+01
-1.852696460606201256e+01 -1.856889247766224216e+01 -1.836302238359305861e+01
-1.847336243364312125e+01 -1.812670744542473500e+01 -1.838679821104119227e+01
-1.829605300608881180e+01 -1.831309860856988436e+01 -1.766853085491059616e+01
-1.798792611338801706e+01 -1.726432328374739100e+01 -1.811316872194766248e+01
-1.794836400266895282e+01 -1.776120780921214504e+01 -1.689988157616109987e+01
-1.787247522043724857e+01 -1.712944949987933896e+01 -1.651576919213509242e+01
-1.684881379382394329e+01 -1.698217842411331802e+01 -1.584420937120422046e+01
-3.445695538865451546e+00 -1.315016102074255233e+00 -1.169907344457449483e+00
-1.774096809193399338e+01 -1.388414587978795289e+01 -2.850442272262430965e+00
-1.405583412888427919e+00 -1.027064203539193699e+00 -9.738701162703009118e+00
-1.422284181448927320e+01 -1.107197877876666403e-01 0.000000000000000000e+00
-1.433434859439873366e+00 -9.920711215151811757e-02 -1.978619781070116157e-01
0.000000000000000000e+00 0.000000000000000000e+00 0.000000000000000000e+00
0.000000000000000000e+00 0.000000000000000000e+00 0.000000000000000000e+00
-1.612056247697585931e+01 -9.876762233001663838e-02 0.000000000000000000e+00
-1.107866492772127387e+01 -5.005105354044765420e+00 -4.992138234141051178e+00
-1.770626044218387207e+01 -1.741446417412107195e+01 -1.775949363659056246e+01
-1.842858756141450982e+01 -1.842128811935619837e+01 -1.844142817591718142e+01
-1.866985060110344108e+01 -1.865271125615956294e+01 -1.865345789552329236e+01
-1.873663453088789410e+01 -1.877363763552558495e+01 -1.876259508094141992e+01
-1.866760379926814650e+01 -1.876530961155291166e+01 -1.878609373648220782e+01
-1.868903161974069604e+01 -1.868465154063577316e+01 -1.869854865977856306e+01
-1.866773964804714225e+01 -1.866786911750879696e+01 -1.866753820636541406e+01
-1.859156753623957670e+01 -1.859177611221993587e+01 -1.859101333512924725e+01
-1.845577052271853802e+01 -1.845554293138788893e+01 -1.845613918802617448e+01
-1.780473484724155142e+01 -1.801759034918434921e+01 -1.749376867318104800e+01
-1.766999299525719280e+01 -1.676492266709853496e+01 -1.633488146005338848e+01
-1.689339332292136575e+01 -1.663850584757881634e+01 -1.481148523902399639e+01
-1.242058624408693923e+01 -1.243645098827327722e+01 -1.242568773134103211e+01
0.000000000000000000e+00 0.000000000000000000e+00 0.000000000000000000e+00
-1.082851165918697589e+01 -1.462333167921347377e+00 -9.921856041601991028e-02
-1.192198758800799702e-01 -9.930915914818967682e-02 -1.974717202691241569e-01
0.000000000000000000e+00 0.000000000000000000e+00 0.000000000000000000e+00
0.000000000000000000e+00 0.000000000000000000e+00 0.000000000000000000e+00
-9.877593801745243596e-02 0.000000000000000000e+00 0.000000000000000000e+00
-1.060404797773616536e+01 -1.151515938922066518e+01 -1.448247238670015236e+01
-1.785850599439614328e+01 -1.797552500129799924e+01 -1.799599259244974192e+01
-1.869711769316506889e+01 -1.869718633630207805e+01 -1.869701119978608972e+01
-1.893682751208294945e+01 -1.890013265088661498e+01 -1.890333770802902791e+01
-1.893990120956476275e+01 -1.893940688652103788e+01 -1.893937028526899269e+01
-1.901516937645565264e+01 -1.901531792943865540e+01 -1.901512422804024638e+01
-1.896178456701632697e+01 -1.899294423181324731e+01 -1.898976296626017657e+01
-1.900683331961583633e+01 -1.903089111355451024e+01 -1.890426361937128519e+01
-1.898519217952731708e+01 -1.899925356730300052e+01 -1.882523932933200328e+01
-1.881947118367002858e+01 -1.856463630371512608e+01 -1.878597218354102338e+01
-1.855041977196611214e+01 -1.857376996452038043e+01 -1.836416903122119848e+01
-1.830418231675256280e+01 -1.830486692167344387e+01 -1.813675059084924612e+01
-1.742045240310935128e+01 -1.749815600260520299e+01 -1.740903657743900368e+01
-1.694388045050389024e+01 -1.693225788697165513e+01 -1.610700478088797993e+01
-5.505468191440536785e+00 -2.795096435468696683e+00 -2.713413526619439686e+00
-3.375843394844222356e+00 -1.224464730439141780e-01 -1.979752783542944594e-01
0.000000000000000000e+00 0.000000000000000000e+00 0.000000000000000000e+00
0.000000000000000000e+00 0.000000000000000000e+00 0.000000000000000000e+00
0.000000000000000000e+00 0.000000000000000000e+00 0.000000000000000000e+00
-1.001427498653443493e+01 -2.669490921506749159e-01 -3.169906714901524758e-01
-1.275676342458782031e+01 -1.705573885917335275e+01 -1.719103333545482570e+01
-1.811729068376179441e+01 -1.812176953818165970e+01 -1.812434036233593204e+01
-1.885449659422382140e+01 -1.886690841350625902e+01 -1.886868575906040846e+01
-1.903422025777565807e+01 -1.903483935948336025e+01 -1.903273645398365943e+01
-1.913411278476958088e+01 -1.913418999629822537e+01 -1.913421426935664371e+01
-1.917388391185364682e+01 -1.920931064791062326e+01 -1.921928581785169854e+01
-1.942595667307367435e+01 -1.942557260072367953e+01 -1.939444261424982230e+01
-1.940881252235246279e+01 -1.940669129115084957e+01 -1.940802976506986965e+01
-1.937900418105682476e+01 -1.937909639901347347e+01 -1.937856760789752997e+01
-1.927772466454342393e+01 -1.927948848268888327e+01 -1.927903242267818484e+01
-1.912363449100705992e+01 -1.913001930859377708e+01 -1.875530209465271980e+01
-1.848648599789354918e+01 -1.849638938738567973e+01 -1.804105111923092153e+01
-1.821043236458597647e+01 -1.818209498756951348e+01 -1.783312609031973395e+01
-1.715027413017347868e+01 -1.713356635404412032e+01 -1.654138797011309947e+01
-1.588040033369824044e+01 -1.651673624501844628e+01 -1.645282098138664040e+01
-5.733527725106441153e+00 -4.120620711802421288e-01 -3.633624838042981420e-01
-4.342363771057417665e+00 -9.939890844865718889e-02 0.000000000000000000e+00
0.000000000000000000e+00 0.000000000000000000e+00 0.000000000000000000e+00
0.000000000000000000e+00 0.000000000000000000e+00 0.000000000000000000e+00
-2.356041179651245709e+00 -2.007679217024696428e+00 -1.991797731957245077e+00
-1.634046981585069958e+01 -1.692541935563548705e+01 -1.470258169482618626e+01
-1.827913688148764493e+01 -1.826985156561248402e+01 -1.827608485836107732e+01
-1.893464666114249795e+01 -1.893451677873061811e+01 -1.893476330791733275e+01
-1.912869930209422620e+01 -1.912791783734278539e+01 -1.912848311457657502e+01
-1.927761853368966882e+01 -1.927749027024423611e+01 -1.927786665419079526e+01
-1.931160352738730168e+01 -1.943893715021192037e+01 -1.946980054739508503e+01
-1.959158108130970533e+01 -1.959179140575409761e+01 -1.959174060877858636e+01
-1.962097674821520954e+01 -1.962100114799522643e+01 -1.962089771713628394e+01
-1.959192247332854819e+01 -1.959185695504262625e+01 -1.959172708588474876e+01
-1.955068749054118271e+01 -1.955136358187666090e+01 -1.955125018605025033e+01
-1.934651224790288282e+01 -1.934659903486762289e+01 -1.934756135519109321e+01
-1.910172125607287796e+01 -1.911569481171849105e+01 -1.911552323112031715e+01
-1.842298567681120502e+01 -1.770757487209125003e+01 -1.818155576976144516e+01
-1.761820639594282767e+01 -1.727213234791038943e+01 -1.753889351320242085e+01
-1.632629685472258529e+01 -1.547821170963543835e+01 -1.649664460730057414e+01
-3.101244808038890355e+00 -1.363966086150267376e+00 -1.382056242679652769e+00
-7.863077890984893514e+00 -9.876316775043252061e-02 0.000000000000000000e+00
0.000000000000000000e+00 0.000000000000000000e+00 0.000000000000000000e+00
0.000000000000000000e+00 0.000000000000000000e+00 0.000000000000000000e+00
-1.233004971469657818e+00 -1.231934785172599245e+00 -1.261372716712202191e+00
-1.524575176499927487e+01 -1.722174986772308003e+01 -1.716848826640289261e+01
-1.809517661441660863e+01 -1.809915354138044208e+01 -1.811842867736131879e+01
-1.900105424768936757e+01 -1.903305983156828418e+01 -1.903336875109718562e+01
-1.919119351258030548e+01 -1.919008942897700720e+01 -1.919170833023743228e+01
-1.934761083415156691e+01 -1.934739655317616780e+01 -1.934772833679980053e+01
-1.943801869364072488e+01 -1.953203431944703894e+01 -1.952825312775091859e+01
-1.967818034794794002e+01 -1.967885778976390299e+01 -1.967885767194214353e+01
-1.973228663084984547e+01 -1.987340791804011531e+01 -1.987471660467295820e+01
-1.989337968247721378e+01 -1.989341146463864263e+01 -1.982743574588933555e+01
-1.974982080530415374e+01 -1.968912290899774220e+01 -1.973515731457427691e+01
-1.953771476829628284e+01 -1.953778942246425032e+01 -1.953824729773777591e+01
-1.932365997914297040e+01 -1.932364157201147137e+01 -1.932319922880208551e+01
-1.889927177969214611e+01 -1.884890650535877654e+01 -1.775052608802188558e+01
-1.783658886003458832e+01 -1.788103750443141138e+01 -1.732314051983691883e+01
-1.624757937022824095e+01 -1.610970940643438709e+01 -1.495320105044993042e+01
-1.589628859380414561e+01 -1.550245743958636702e+01 -1.437700163615837212e+01
-9.939800596306380687e-02 -9.931365193088353971e-02 -9.880529800813150909e-02
0.000000000000000000e+00 0.000000000000000000e+00 0.000000000000000000e+00
0.000000000000000000e+00 0.000000000000000000e+00 0.000000000000000000e+00
-1.005404256669751284e+01 -6.034611647380889732e-01 -1.286129208724759998e+01
-1.428575486432119312e+01 -1.690017357894080519e+01 -1.702261472893629346e+01
-1.776419725638832858e+01 -1.792542262764354888e+01 -1.793232478609550995e+01
-1.901677211744945950e+01 -1.905324976542359039e+01 -1.905495772420122336e+01
-1.921676928497866399e+01 -1.921676187135102154e+01 -1.921676290608769477e+01
-1.937694264286568924e+01 -1.937688550527505882e+01 -1.937692431554602379e+01
-1.949112025793168712e+01 -1.955042761638524951e+01 -1.955018417419476862e+01
-1.969557280922650833e+01 -1.969551507728533224e+01 -1.969573743393288012e+01
-1.976985599553600181e+01 -1.985827714361098018e+01 -1.985721883334376159e+01
-1.982228926122410329e+01 -1.989652556191055766e+01 -1.989623990336258785e+01
-1.977992308025750390e+01 -1.977430763443461714e+01 -1.973178594245998951e+01
-1.966638422341419812e+01 -1.966517399780079245e+01 -1.963035762553266039e+01
-1.949676645984276036e+01 -1.949726545741680894e+01 -1.949655710676067599e+01
-1.919152047113630388e+01 -1.919049602058943549e+01 -1.901093418560763126e+01
-1.806409121403436657e+01 -1.783263623172439338e+01 -1.701919954114003630e+01
-1.671276861077459941e+01 -1.657139416802343135e+01 -1.503345717113918312e+01
-1.523507815273243970e+01 -1.525616994850227570e+01 -1.409732278429685515e+01
-2.473464133818788824e+00 -1.976050918264307399e-01 -1.980273377422267500e-01
-4.403437631741599079e-01 0.000000000000000000e+00 0.000000000000000000e+00
0.000000000000000000e+00 0.000000000000000000e+00 0.000000000000000000e+00
-7.036193370573627925e-01 -1.202803037359981703e-01 -9.101606161291297958e-02
-1.664422652896656629e+01 -1.559575235439431573e+01 -1.649043967257617993e+01
-1.812248266045138578e+01 -1.844026856873722409e+01 -1.805136155382227159e+01
-1.898949964240044608e+01 -1.898919222596021328e+01 -1.899289444628907830e+01
-1.919278436414253619e+01 -1.919148432936733428e+01 -1.919313415691503266e+01
-1.935370356422857441e+01 -1.935369871407059605e+01 -1.935381096222064201e+01
-1.938989987465903653e+01 -1.947997005598075049e+01 -1.948133950637290468e+01
-1.953643814996040007e+01 -1.959033833048667006e+01 -1.959566240776711510e+01
-1.975519100911589376e+01 -1.975512078382961789e+01 -1.975509877374345535e+01
-1.974897561387109235e+01 -1.974894477266720827e+01 -1.974893039533883154e+01
-1.971240309860133166e+01 -1.971437986197191350e+01 -1.969309768123798676e+01
-1.968051850848402040e+01 -1.967981892964253632e+01 -1.962300907880583267e+01
-1.951414900535088037e+01 -1.951456242583438438e+01 -1.951394739339908924e+01
-1.925849965887050530e+01 -1.925528238823298466e+01 -1.922306247245786537e+01
-1.800985084277482784e+01 -1.802313114450004505e+01 -1.690273414575045052e+01
-1.677064663681589707e+01 -1.677311945595369025e+01 -1.515248561329402577e+01
-1.543833169214690670e+01 -1.537686478245435318e+01 -1.376176312044554884e+01
-2.182594161020133150e+00 -2.166311442990766223e-01 0.000000000000000000e+00
0.000000000000000000e+00 0.000000000000000000e+00 0.000000000000000000e+00
0.000000000000000000e+00 0.000000000000000000e+00 0.000000000000000000e+00
-9.876877912190892839e-02 -9.926732098283444494e-02 0.000000000000000000e+00
-1.402950722368608183e+01 -1.412149513690532743e+01 -1.412013689954705775e+01
-1.681807199866214120e+01 -1.790928696635720385e+01 -1.789492392170440738e+01
-1.856089549225825408e+01 -1.888672180587083105e+01 -1.856245030025847598e+01
-1.910455289588817607e+01 -1.913068968012182580e+01 -1.914889693320424158e+01
-1.926004314634166903e+01 -1.925959559975918012e+01 -1.925989957586236656e+01
-1.940129469920986693e+01 -1.940125915076117380e+01 -1.940125919583777048e+01
-1.945205379228814735e+01 -1.949792501167874192e+01 -1.950079027779312923e+01
-1.953150040916595387e+01 -1.956739772658499987e+01 -1.956876875293820106e+01
-1.962024532883104655e+01 -1.961916419037642711e+01 -1.961294029361271640e+01
-1.963161063469482670e+01 -1.962917908139246137e+01 -1.957758807798607847e+01
-1.956062809849828810e+01 -1.956071901553687908e+01 -1.956055333659250550e+01
-1.945670160350954703e+01 -1.945709769183056181e+01 -1.945663532102697602e+01
-1.920463907971547712e+01 -1.919478062005874719e+01 -1.909778601808012866e+01
-1.763706212606519586e+01 -1.801436080081363755e+01 -1.670795227568058650e+01
-1.669305691405738656e+01 -1.680397754495401230e+01 -1.493396060570687034e+01
-1.444267091237298928e+01 -1.569872041067060664e+01 -1.327950951957051906e+01
-2.867101856476652610e-01 -2.261055131759942549e-01 -1.981173322710649276e-01
0.000000000000000000e+00 0.000000000000000000e+00 0.000000000000000000e+00
0.000000000000000000e+00 0.000000000000000000e+00 0.000000000000000000e+00
-1.577318602038722539e-01 0.000000000000000000e+00 0.000000000000000000e+00
-3.650070617424963082e+00 -1.374677150996628683e+00 -1.365940743637997556e+00
-1.443806236502697438e+01 -1.789861566050817743e+01 -1.761119017309138357e+01
-1.842022709606616715e+01 -1.803407333031313087e+01 -1.825038378567800379e+01
-1.895651559350114468e+01 -1.895736410391273452e+01 -1.895424518833383942e+01
-1.917296719092853863e+01 -1.920066768308705818e+01 -1.920187313195986434e+01
-1.929227732932625372e+01 -1.929223179746268002e+01 -1.929461369094622825e+01
-1.939899997646181617e+01 -1.939932235150965667e+01 -1.939919062191474808e+01
-1.945909962359731082e+01 -1.945905212526072958e+01 -1.945922376486619498e+01
-1.947920756205681769e+01 -1.947924060183748551e+01 -1.947929180035692909e+01
-1.948988188212928563e+01 -1.948990487706491592e+01 -1.948986164471221727e+01
-1.945581423741893445e+01 -1.945592348535697980e+01 -1.945565661206973829e+01
-1.936321968116719816e+01 -1.936345300481429632e+01 -1.936439866737180537e+01
-1.874732705956989420e+01 -1.882313452425808364e+01 -1.832883755245060087e+01
-1.731740787556421068e+01 -1.742033828591700839e+01 -1.644371966633841708e+01
-1.557922736768501615e+01 -1.525777918539981215e+01 -1.363737692478031427e+01
-1.530379595364690104e+01 -1.489812295998180680e+01 -1.276426240951364122e+01
-3.816702635347417605e+00 -1.236781947835725454e-01 -9.935334677558391170e-02
0.000000000000000000e+00 0.000000000000000000e+00 0.000000000000000000e+00
0.000000000000000000e+00 0.000000000000000000e+00 0.000000000000000000e+00
-9.937504047012105102e-02 0.000000000000000000e+00 0.000000000000000000e+00
-1.856680249021013251e+00 -2.828332887654544381e-01 -3.457108908603995778e-01
-1.206640506365737942e+01 -1.310765022975145833e+01 -1.212322082458313588e+01
-1.634140419662414700e+01 -1.823938771568404604e+01 -1.828403443523999528e+01
-1.847276881880330990e+01 -1.861012407425161186e+01 -1.858786063414348533e+01
-1.901191244025953964e+01 -1.901256756216792709e+01 -1.901460495561036979e+01
-1.917345628771984778e+01 -1.918566911694278332e+01 -1.918610994705170825e+01
-1.928672717378027102e+01 -1.928672831958481027e+01 -1.928643921034187869e+01
-1.936382766845942882e+01 -1.936540683112875172e+01 -1.936355659493406733e+01
-1.940431504253693262e+01 -1.940419023192993109e+01 -1.940409953090250639e+01
-1.941361078585980948e+01 -1.941399193974964987e+01 -1.941389968755391493e+01
-1.935752538126154576e+01 -1.936509818816785611e+01 -1.935738054671719865e+01
-1.913819881546906743e+01 -1.908304341672996429e+01 -1.913790882012319727e+01
-1.806849174683733494e+01 -1.793107981153530517e+01 -1.657128950953618229e+01
-1.667932108226629850e+01 -1.676603256708856193e+01 -1.609102482005462420e+01
-1.383208002398420255e+01 -1.295597825082956867e+01 -1.258242833370876390e+01
-9.137472925314098049e+00 -9.101534636153571611e+00 -9.109143415476619765e+00
-2.836714685295388394e-01 -9.932766540542280198e-02 -9.917123574241154538e-02
-5.015419389998366784e-01 0.000000000000000000e+00 0.000000000000000000e+00
0.000000000000000000e+00 0.000000000000000000e+00 0.000000000000000000e+00
-9.935972450875434070e-02 -9.932785926649248531e-02 -9.922306187482793360e-02
-2.651091087776093591e+00 -2.442800190423803086e-01 -9.916163560613115713e-02
-1.609179237054602363e-01 -1.394585738740073688e-01 -1.609725121890235311e-01
-1.596313023498273331e+01 -1.662465592023890437e+01 -1.662849751638734475e+01
-1.754787056374744125e+01 -1.832822891900109852e+01 -1.831343943819554099e+01
-1.860781783785867205e+01 -1.860548857119821875e+01 -1.854811899107452078e+01
-1.887505147832562358e+01 -1.887379704113136469e+01 -1.887260255343450055e+01
-1.908623896014407251e+01 -1.908449321416127376e+01 -1.908688767828351729e+01
-1.920314508869340742e+01 -1.920259206081731307e+01 -1.920218486958364679e+01
-1.925868506876472352e+01 -1.925663028306906810e+01 -1.925932328815565953e+01
-1.924880755448466729e+01 -1.924886417163500241e+01 -1.924871231630582002e+01
-1.904566882677222139e+01 -1.904449307958912740e+01 -1.904529912483399201e+01
-1.844174790045267187e+01 -1.815875217968276445e+01 -1.785923676954088535e+01
-1.665970858943611077e+01 -1.671031705481327023e+01 -1.646036194897598648e+01
-1.543205145692808955e+01 -1.519168936064526854e+01 -1.489238911634818230e+01
-1.424673635535933869e+01 -1.362115497144235476e+01 -1.148599360467230213e+01
-9.924522442120567445e-02 -9.879976805676246587e-02 0.000000000000000000e+00
-1.783382395658719366e+00 -3.440447109899348321e-01 -3.446570267736702164e-01
-9.918275573053848826e-02 0.000000000000000000e+00 0.000000000000000000e+00
0.000000000000000000e+00 0.000000000000000000e+00 0.000000000000000000e+00
-3.424186723596818638e+00 -1.054088767548254779e+01 0.000000000000000000e+00
-5.109312299963423953e+00 -2.391246827630502558e+00 -1.599864730736816565e+00
-4.110354523187966791e-01 -3.502469862151198488e-01 -1.974915441380778180e-01
-1.527018854416685656e+01 -6.618005726034510428e-01 -7.262936234335625185e-01
-1.637062801420906410e+01 -1.756400875697118025e+01 -1.756287953271138136e+01
-1.796783192125427320e+01 -1.830467970168450975e+01 -1.832258278838958176e+01
-1.838471789358488095e+01 -1.840899064608645475e+01 -1.839803923818784526e+01
-1.872774568445872845e+01 -1.873665787183905707e+01 -1.872517054391809666e+01
-1.875596248310107583e+01 -1.875147297589514750e+01 -1.875601917481403547e+01
-1.876777781700823411e+01 -1.878198090103189344e+01 -1.877492822437383779e+01
-1.867354059446833503e+01 -1.867582878656735090e+01 -1.868556515603925305e+01
-1.816359058828032502e+01 -1.836156341469984810e+01 -1.777447082616369300e+01
-1.735844935987931592e+01 -1.681538592775918772e+01 -1.740352996253075801e+01
-1.629781234761265196e+01 -1.637263569791208084e+01 -1.592250845634735157e+01
-1.177153135797566996e+01 -1.418142379907523498e+01 -1.340465767088309157e+01
-1.047081661052930990e+01 -1.042269197839591754e+01 -1.042802191350689078e+01
0.000000000000000000e+00 0.000000000000000000e+00 0.000000000000000000e+00
-9.931560813806092347e-02 -9.878423901282142039e-02 -9.880054277033614718e-02
0.000000000000000000e+00 0.000000000000000000e+00 0.000000000000000000e+00
0.000000000000000000e+00 0.000000000000000000e+00 0.000000000000000000e+00
-1.945847446026095218e-01 0.000000000000000000e+00 0.000000000000000000e+00
-5.197806044735780340e+00 -1.408622618935179704e-01 -1.980529217589584168e-01
-8.125734727276665570e-01 -1.980538450605323075e-01 -1.980844026859561735e-01
-9.920479253316102919e-02 0.000000000000000000e+00 0.000000000000000000e+00
-3.536826663767012602e-01 -4.275267459604167319e-01 -5.076388247554972644e-01
-1.658488536188037799e+01 -1.746803950616266121e+01 -1.746982039519543761e+01
-1.787019855519494982e+01 -1.813839573032857189e+01 -1.816329478847679368e+01
-1.833632349933972350e+01 -1.844576466385763069e+01 -1.840214139753831546e+01
-1.842596243307882276e+01 -1.842024006176612616e+01 -1.842595289119903157e+01
-1.859208111295260224e+01 -1.851369302229926461e+01 -1.851396973023451054e+01
-1.814146949975486223e+01 -1.816261441911593622e+01 -1.787173066269039268e+01
-1.776824411830769535e+01 -1.751582775908916290e+01 -1.711241543894827899e+01
-1.636581020717388313e+01 -1.655134881483895271e+01 -1.591736355760847488e+01
-1.443284265479827511e+01 -1.328019748586990012e+01 -1.323174391019400531e+01
-1.021514135806921431e+01 -1.004691911158805695e+01 -8.985861168199011928e+00
-1.294513671647542941e+00 -4.822193822515338790e-01 -9.528186851068523033e-01
-6.328741719914938724e-01 -9.878545431797419729e-02 0.000000000000000000e+00
-1.506652134551636157e+00 -1.220612547737442322e+00 -1.979088768169777746e-01
0.000000000000000000e+00 0.000000000000000000e+00 0.000000000000000000e+00
0.000000000000000000e+00 0.000000000000000000e+00 0.000000000000000000e+00
-1.211984365005577713e+00 0.000000000000000000e+00 0.000000000000000000e+00
-9.932402461081796252e-02 0.000000000000000000e+00 -8.877964377983785793e-01
0.000000000000000000e+00 0.000000000000000000e+00 0.000000000000000000e+00
-9.927932904312702922e-02 -9.919485943770023351e-02 0.000000000000000000e+00
-3.063731500583944722e+00 -5.219130480259336347e-01 -4.009040178120980014e-01
-1.093585341793449128e+00 -8.511702489379486813e-01 -8.389101292728516901e-01
-1.644423959335798457e+01 -1.773170073441715289e+01 -1.774242852121455272e+01
-1.790658824460530596e+01 -1.794713379540571552e+01 -1.794569244428821619e+01
-1.816720265534033274e+01 -1.816840136984730236e+01 -1.819899821044629817e+01
-1.812997024815048519e+01 -1.812939794743846278e+01 -1.812946952054081606e+01
-1.731281001855035129e+01 -1.721470733625904614e+01 -1.716123607455536160e+01
-1.636158244598285805e+01 -1.613256078047736253e+01 -1.611557074133596146e+01
-1.501620284354014423e+01 -1.474104065646748296e+01 -1.429369713632062044e+01
-1.073744483938665617e+01 -1.050781964152211145e+01 -1.020978319696339831e+01
-5.617235822186513516e+00 -5.572251053642890639e+00 -5.581615458927587703e+00
-1.919693200979398218e-01 0.000000000000000000e+00 0.000000000000000000e+00
-4.054685292275390651e+00 -1.163736790034083368e+00 0.000000000000000000e+00
-2.073694629768265685e+00 -9.318316893285851776e-01 -1.010456831714262371e+00
0.000000000000000000e+00 0.000000000000000000e+00 0.000000000000000000e+00
0.000000000000000000e+00 0.000000000000000000e+00 0.000000000000000000e+00
-6.186005054857121044e-01 -9.924704633702785550e-02 -9.928407155935277395e-02
-2.033649333284302418e+00 -3.229078604434351685e-01 -2.958723622490977978e-01
-2.155333629342595536e+00 -9.940298021002556828e-02 -1.981354407984217691e-01
-1.136714990302867045e+00 -1.979688925863537785e-01 -9.919091123168555235e-02
-2.244947028950345924e+00 -9.925312541705320901e-02 0.000000000000000000e+00
-9.940087945462097729e-02 -9.876438189928593570e-02 -9.918002896068600638e-02
-3.941574743652985990e+00 -8.930287995271313228e-01 -8.042434651017286162e-01
-1.535047491893969429e+01 -1.622827911905116949e+01 -1.673718302184041917e+01
-1.696618264129377707e+01 -1.703303186662112267e+01 -1.705424380965905584e+01
-1.670397098480801290e+01 -1.670554815231097479e+01 -1.670411767001559156e+01
-1.569492743328666862e+01 -1.568912079367698809e+01 -1.567162949502870539e+01
-1.478214067996517400e+01 -1.478169632414602042e+01 -1.477760187619642096e+01
-1.352852788689107832e+01 -1.332686090037437587e+01 -1.248579465759713436e+01
-8.278125854265118377e+00 -8.251342278659679508e+00 -8.255554266831877541e+00
-2.668688688060567138e+00 -2.605729127924781618e+00 -2.592264155535944248e+00
-1.158566799828477656e+01 -7.712686110406687057e+00 -4.125710838433570338e+00
0.000000000000000000e+00 0.000000000000000000e+00 0.000000000000000000e+00
-1.094360856668989967e+00 0.000000000000000000e+00 0.000000000000000000e+00
0.000000000000000000e+00 0.000000000000000000e+00 0.000000000000000000e+00
0.000000000000000000e+00 0.000000000000000000e+00 0.000000000000000000e+00
-1.012447651385695174e-01 0.000000000000000000e+00 0.000000000000000000e+00
-8.457544951425568502e-01 -9.932548129805127135e-02 -9.925517979748819941e-02
-4.395011968554515924e+00 -2.962765861349448970e-01 -1.489439641201546216e+01
0.000000000000000000e+00 0.000000000000000000e+00 0.000000000000000000e+00
-5.540342309253175612e-01 -1.357687265392377163e-01 -9.877078245718184935e-02
-9.926125753800404961e-02 -9.920715733355624233e-02 -9.918864604703296617e-02
-1.636841142270418770e-01 0.000000000000000000e+00 0.000000000000000000e+00
-2.942545680826708754e+00 -3.605127541924025292e-01 -4.302611605160240882e-01
-1.425710021735625510e+01 -1.424656895211493790e+01 -1.426019395322848027e+01
-1.530102249860903108e+01 -1.534185914602145218e+01 -1.534396715279491552e+01
-1.414703009056839456e+01 -1.414809855860856835e+01 -1.414688255931708127e+01
-1.370940841720429049e+01 -1.415372432976855954e+01 -1.368758416123792543e+01
-1.262490366393862296e+01 -1.251036643567884354e+01 -1.131238702542064800e+01
-6.969121502073782892e+00 -6.926933445361865616e+00 -6.928404220939355262e+00
-9.007318406854848192e+00 -1.686165580709111378e+00 -3.030138170753057913e+00
-5.944731123141981932e+00 -8.615601162065297247e-01 -7.535846998804115460e-01
-9.924824474636187444e-02 0.000000000000000000e+00 0.000000000000000000e+00
-9.936214388683897725e-02 0.000000000000000000e+00 0.000000000000000000e+00
0.000000000000000000e+00 0.000000000000000000e+00 0.000000000000000000e+00
0.000000000000000000e+00 0.000000000000000000e+00 0.000000000000000000e+00
0.000000000000000000e+00 0.000000000000000000e+00 0.000000000000000000e+00
-1.072280328321318033e+00 0.000000000000000000e+00 0.000000000000000000e+00
-1.116141927123283306e+00 0.000000000000000000e+00 0.000000000000000000e+00
-2.646535733187906914e-01 0.000000000000000000e+00 0.000000000000000000e+00
-1.695476481482047548e+00 -9.918375314921791530e-02 0.000000000000000000e+00
-1.298003128971966458e+00 -9.925415132135351204e-02 0.000000000000000000e+00
0.000000000000000000e+00 0.000000000000000000e+00 0.000000000000000000e+00
-9.934011694954969496e-02 0.000000000000000000e+00 0.000000000000000000e+00
-2.285802427596627329e+00 -1.974680808249136554e-01 -9.878757817949060382e-02
0.000000000000000000e+00 0.000000000000000000e+00 0.000000000000000000e+00
-9.498832700684161079e-01 -9.932494161068215754e-02 -9.920786481169649451e-02
-4.445521065274522954e+00 -9.877563192543378778e-02 -9.879994281674810142e-02
-9.151514835186940644e+00 -2.694797641743435612e+00 -6.180334982260435872e-01
-5.202766199167665029e+00 -4.534717514405940952e-01 0.000000000000000000e+00
-1.428612702387359512e+01 -9.932586078436640709e-02 -9.879693929759529591e-02
-1.720850958891969040e-01 0.000000000000000000e+00 0.000000000000000000e+00
-2.132762745680115923e+00 0.000000000000000000e+00 0.000000000000000000e+00
-5.767066949430453837e-01 -9.930443989299687912e-02 0.000000000000000000e+00
0.000000000000000000e+00 0.000000000000000000e+00 0.000000000000000000e+00
0.000000000000000000e+00 0.000000000000000000e+00 0.000000000000000000e+00
0.000000000000000000e+00 0.000000000000000000e+00 0.000000000000000000e+00
0.000000000000000000e+00 0.000000000000000000e+00 0.000000000000000000e+00
0.000000000000000000e+00 0.000000000000000000e+00 0.000000000000000000e+00
0.000000000000000000e+00 0.000000000000000000e+00 0.000000000000000000e+00
0.000000000000000000e+00 0.000000000000000000e+00 0.000000000000000000e+00
0.000000000000000000e+00 0.000000000000000000e+00 0.000000000000000000e+00
0.000000000000000000e+00 0.000000000000000000e+00 0.000000000000000000e+00
0.000000000000000000e+00 0.000000000000000000e+00 0.000000000000000000e+00
0.000000000000000000e+00 0.000000000000000000e+00 0.000000000000000000e+00
0.000000000000000000e+00 0.000000000000000000e+00 0.000000000000000000e+00
0.000000000000000000e+00 0.000000000000000000e+00 0.000000000000000000e+00
0.000000000000000000e+00 0.000000000000000000e+00 0.000000000000000000e+00
0.000000000000000000e+00 0.000000000000000000e+00 0.000000000000000000e+00
0.000000000000000000e+00 0.000000000000000000e+00 0.000000000000000000e+00
0.000000000000000000e+00 0.000000000000000000e+00 0.000000000000000000e+00
0.000000000000000000e+00 0.000000000000000000e+00 0.000000000000000000e+00
0.000000000000000000e+00 0.000000000000000000e+00 0.000000000000000000e+00
0.000000000000000000e+00 0.000000000000000000e+00 0.000000000000000000e+00
0.000000000000000000e+00 0.000000000000000000e+00 0.000000000000000000e+00
