7.575000000000000000e+03
6.606000000000000000e+03
4.923000000000000000e+03
1.065000000000000000e+03
7.430000000000000000e+03
8.193000000000000000e+03
2.028000000000000000e+03
8.852000000000000000e+03
3.840000000000000000e+03
4.052000000000000000e+03
7.752000000000000000e+03
5.430000000000000000e+03
8.249000000000000000e+03
5.444000000000000000e+03
6.426000000000000000e+03
5.061000000000000000e+03
5.947000000000000000e+03
7.118000000000000000e+03
4.595000000000000000e+03
7.687000000000000000e+03
2.544000000000000000e+03
3.039000000000000000e+03
4.110000000000000000e+03
1.626000000000000000e+03
1.540000000000000000e+03
6.601000000000000000e+03
8.222000000000000000e+03
7.526000000000000000e+03
1.504000000000000000e+03
1.671000000000000000e+03
6.873000000000000000e+03
3.001000000000000000e+03
5.353000000000000000e+03
1.446000000000000000e+03
1.312000000000000000e+03
6.016000000000000000e+03
1.526000000000000000e+03
2.551000000000000000e+03
2.120000000000000000e+03
2.576000000000000000e+03
3.163000000000000000e+03
1.015000000000000000e+03
1.073000000000000000e+03
1.137000000000000000e+03
1.056000000000000000e+03
1.150000000000000000e+03
1.326000000000000000e+03
1.174000000000000000e+03
2.021000000000000000e+03
1.357000000000000000e+03
1.878000000000000000e+03
3.578000000000000000e+03
1.826000000000000000e+03
1.446000000000000000e+03
2.233000000000000000e+03
3.355000000000000000e+03
1.399000000000000000e+03
1.526000000000000000e+03
6.340000000000000000e+02
3.360000000000000000e+03
2.227000000000000000e+03
2.915000000000000000e+03
8.460000000000000000e+02
1.419000000000000000e+03
1.065000000000000000e+03
4.650000000000000000e+02
4.190000000000000000e+02
4.840000000000000000e+02
1.608000000000000000e+03
5.120000000000000000e+02
4.920000000000000000e+02
1.155000000000000000e+03
3.359000000000000000e+03
8.470000000000000000e+02
1.045000000000000000e+03
3.084000000000000000e+03
8.820000000000000000e+02
1.708000000000000000e+03
1.293000000000000000e+03
1.116000000000000000e+03
1.404000000000000000e+03
6.460000000000000000e+02
7.360000000000000000e+02
5.390000000000000000e+02
6.590000000000000000e+02
4.630000000000000000e+02
4.170000000000000000e+02
1.141000000000000000e+03
1.267000000000000000e+03
8.170000000000000000e+02
2.108000000000000000e+03
1.059000000000000000e+03
4.700000000000000000e+02
5.790000000000000000e+02
6.080000000000000000e+02
4.670000000000000000e+02
8.990000000000000000e+02
8.830000000000000000e+02
7.740000000000000000e+02
4.940000000000000000e+02
4.630000000000000000e+02
4.590000000000000000e+02
6.790000000000000000e+02
7.910000000000000000e+02
4.950000000000000000e+02
4.330000000000000000e+02
5.160000000000000000e+02
5.970000000000000000e+02
4.920000000000000000e+02
5.430000000000000000e+02
3.620000000000000000e+02
4.160000000000000000e+02
7.950000000000000000e+02
3.950000000000000000e+02
6.080000000000000000e+02
4.500000000000000000e+02
4.520000000000000000e+02
4.070000000000000000e+02
5.510000000000000000e+02
3.150000000000000000e+02
3.320000000000000000e+02
8.890000000000000000e+02
6.620000000000000000e+02
4.890000000000000000e+02
3.890000000000000000e+02
5.110000000000000000e+02
2.750000000000000000e+02
5.700000000000000000e+02
2.390000000000000000e+02
2.750000000000000000e+02
3.410000000000000000e+02
2.250000000000000000e+02
3.400000000000000000e+02
2.330000000000000000e+02
3.340000000000000000e+02
3.760000000000000000e+02
3.050000000000000000e+02
4.890000000000000000e+02
3.110000000000000000e+02
3.240000000000000000e+02
3.480000000000000000e+02
3.230000000000000000e+02
3.990000000000000000e+02
3.350000000000000000e+02
2.360000000000000000e+02
4.080000000000000000e+02
3.320000000000000000e+02
4.580000000000000000e+02
6.210000000000000000e+02
2.420000000000000000e+02
2.390000000000000000e+02
3.220000000000000000e+02
2.840000000000000000e+02
2.330000000000000000e+02
4.720000000000000000e+02
3.030000000000000000e+02
3.470000000000000000e+02
3.620000000000000000e+02
5.870000000000000000e+02
3.640000000000000000e+02
3.030000000000000000e+02
3.980000000000000000e+02
2.430000000000000000e+02
3.180000000000000000e+02
3.180000000000000000e+02
3.280000000000000000e+02
3.550000000000000000e+02
2.750000000000000000e+02
3.460000000000000000e+02
5.100000000000000000e+02
3.440000000000000000e+02
4.100000000000000000e+02
5.340000000000000000e+02
5.180000000000000000e+02
3.280000000000000000e+02
4.910000000000000000e+02
3.050000000000000000e+02
3.680000000000000000e+02
4.070000000000000000e+02
5.410000000000000000e+02
2.340000000000000000e+02
3.350000000000000000e+02
2.480000000000000000e+02
3.310000000000000000e+02
6.060000000000000000e+02
3.310000000000000000e+02
2.260000000000000000e+02
2.370000000000000000e+02
3.170000000000000000e+02
3.040000000000000000e+02
3.350000000000000000e+02
3.200000000000000000e+02
2.850000000000000000e+02
2.630000000000000000e+02
2.340000000000000000e+02
1.950000000000000000e+02
3.000000000000000000e+02
2.280000000000000000e+02
2.440000000000000000e+02
2.390000000000000000e+02
2.180000000000000000e+02
2.820000000000000000e+02
3.000000000000000000e+02
2.530000000000000000e+02
3.520000000000000000e+02
2.520000000000000000e+02
3.130000000000000000e+02
2.490000000000000000e+02
2.470000000000000000e+02
3.060000000000000000e+02
2.600000000000000000e+02
2.740000000000000000e+02
2.300000000000000000e+02
2.400000000000000000e+02
1.700000000000000000e+02
2.340000000000000000e+02
2.350000000000000000e+02
2.360000000000000000e+02
2.450000000000000000e+02
2.410000000000000000e+02
3.380000000000000000e+02
4.970000000000000000e+02
5.000000000000000000e+02
2.790000000000000000e+02
2.710000000000000000e+02
2.830000000000000000e+02
2.910000000000000000e+02
2.910000000000000000e+02
2.360000000000000000e+02
1.920000000000000000e+02
2.380000000000000000e+02
2.000000000000000000e+02
1.630000000000000000e+02
2.240000000000000000e+02
1.600000000000000000e+02
1.690000000000000000e+02
2.150000000000000000e+02
1.670000000000000000e+02
2.260000000000000000e+02
2.590000000000000000e+02
2.310000000000000000e+02
2.220000000000000000e+02
1.670000000000000000e+02
1.880000000000000000e+02
1.530000000000000000e+02
2.010000000000000000e+02
2.590000000000000000e+02
2.510000000000000000e+02
3.010000000000000000e+02
2.190000000000000000e+02
4.420000000000000000e+02
2.430000000000000000e+02
2.360000000000000000e+02
2.210000000000000000e+02
1.540000000000000000e+02
2.300000000000000000e+02
2.300000000000000000e+02
2.460000000000000000e+02
2.060000000000000000e+02
2.280000000000000000e+02
2.360000000000000000e+02
1.950000000000000000e+02
2.330000000000000000e+02
2.330000000000000000e+02
1.620000000000000000e+02
2.250000000000000000e+02
1.630000000000000000e+02
2.220000000000000000e+02
2.240000000000000000e+02
1.630000000000000000e+02
1.590000000000000000e+02
3.250000000000000000e+02
2.080000000000000000e+02
1.930000000000000000e+02
2.300000000000000000e+02
2.420000000000000000e+02
1.980000000000000000e+02
1.980000000000000000e+02
2.490000000000000000e+02
3.610000000000000000e+02
2.010000000000000000e+02
1.820000000000000000e+02
1.650000000000000000e+02
2.080000000000000000e+02
1.900000000000000000e+02
2.560000000000000000e+02
1.670000000000000000e+02
1.690000000000000000e+02
2.400000000000000000e+02
1.570000000000000000e+02
1.980000000000000000e+02
2.300000000000000000e+02
1.950000000000000000e+02
2.120000000000000000e+02
1.510000000000000000e+02
1.510000000000000000e+02
1.660000000000000000e+02
1.600000000000000000e+02
1.640000000000000000e+02
1.550000000000000000e+02
1.640000000000000000e+02
1.640000000000000000e+02
1.550000000000000000e+02
2.820000000000000000e+02
1.460000000000000000e+02
2.420000000000000000e+02
1.660000000000000000e+02
2.590000000000000000e+02
1.970000000000000000e+02
2.320000000000000000e+02
1.580000000000000000e+02
1.640000000000000000e+02
1.600000000000000000e+02
2.210000000000000000e+02
2.470000000000000000e+02
1.580000000000000000e+02
2.070000000000000000e+02
2.540000000000000000e+02
2.490000000000000000e+02
1.570000000000000000e+02
1.550000000000000000e+02
1.510000000000000000e+02
2.420000000000000000e+02
1.550000000000000000e+02
1.650000000000000000e+02
2.050000000000000000e+02
1.690000000000000000e+02
1.620000000000000000e+02
1.640000000000000000e+02
1.760000000000000000e+02
2.360000000000000000e+02
2.270000000000000000e+02
1.560000000000000000e+02
2.220000000000000000e+02
1.530000000000000000e+02
1.550000000000000000e+02
1.500000000000000000e+02
2.400000000000000000e+02
1.540000000000000000e+02
1.560000000000000000e+02
2.490000000000000000e+02
1.490000000000000000e+02
1.580000000000000000e+02
1.530000000000000000e+02
1.650000000000000000e+02
1.640000000000000000e+02
1.580000000000000000e+02
1.240000000000000000e+02
1.630000000000000000e+02
1.560000000000000000e+02
1.740000000000000000e+02
2.500000000000000000e+02
1.640000000000000000e+02
1.620000000000000000e+02
2.240000000000000000e+02
1.980000000000000000e+02
2.200000000000000000e+02
1.500000000000000000e+02
2.440000000000000000e+02
1.590000000000000000e+02
2.280000000000000000e+02
2.320000000000000000e+02
2.280000000000000000e+02
1.540000000000000000e+02
2.530000000000000000e+02
2.000000000000000000e+02
1.640000000000000000e+02
1.690000000000000000e+02
2.550000000000000000e+02
1.660000000000000000e+02
2.550000000000000000e+02
2.010000000000000000e+02
1.620000000000000000e+02
2.370000000000000000e+02
2.700000000000000000e+02
2.400000000000000000e+02
1.550000000000000000e+02
1.540000000000000000e+02
1.550000000000000000e+02
1.270000000000000000e+02
1.790000000000000000e+02
1.660000000000000000e+02
1.850000000000000000e+02
1.560000000000000000e+02
2.100000000000000000e+02
2.440000000000000000e+02
1.530000000000000000e+02
2.680000000000000000e+02
1.690000000000000000e+02
1.580000000000000000e+02
2.310000000000000000e+02
2.450000000000000000e+02
1.690000000000000000e+02
1.760000000000000000e+02
2.010000000000000000e+02
1.650000000000000000e+02
2.300000000000000000e+02
1.510000000000000000e+02
1.610000000000000000e+02
1.710000000000000000e+02
2.110000000000000000e+02
1.350000000000000000e+02
1.660000000000000000e+02
2.030000000000000000e+02
1.650000000000000000e+02
1.640000000000000000e+02
1.510000000000000000e+02
1.590000000000000000e+02
1.640000000000000000e+02
1.270000000000000000e+02
1.670000000000000000e+02
1.620000000000000000e+02
1.530000000000000000e+02
1.350000000000000000e+02
1.740000000000000000e+02
1.730000000000000000e+02
1.600000000000000000e+02
2.110000000000000000e+02
1.860000000000000000e+02
1.720000000000000000e+02
1.710000000000000000e+02
2.400000000000000000e+02
2.390000000000000000e+02
1.690000000000000000e+02
1.590000000000000000e+02
2.630000000000000000e+02
1.690000000000000000e+02
1.560000000000000000e+02
1.320000000000000000e+02
2.640000000000000000e+02
1.290000000000000000e+02
1.330000000000000000e+02
2.430000000000000000e+02
1.540000000000000000e+02
1.720000000000000000e+02
1.680000000000000000e+02
1.690000000000000000e+02
1.590000000000000000e+02
1.670000000000000000e+02
2.440000000000000000e+02
1.840000000000000000e+02
1.840000000000000000e+02
2.600000000000000000e+02
2.560000000000000000e+02
1.720000000000000000e+02
1.240000000000000000e+02
1.650000000000000000e+02
1.780000000000000000e+02
2.580000000000000000e+02
1.620000000000000000e+02
2.680000000000000000e+02
2.410000000000000000e+02
2.580000000000000000e+02
1.620000000000000000e+02
1.560000000000000000e+02
2.530000000000000000e+02
1.730000000000000000e+02
2.570000000000000000e+02
2.160000000000000000e+02
1.770000000000000000e+02
1.580000000000000000e+02
1.700000000000000000e+02
1.640000000000000000e+02
1.960000000000000000e+02
2.110000000000000000e+02
1.630000000000000000e+02
1.570000000000000000e+02
1.680000000000000000e+02
1.780000000000000000e+02
1.280000000000000000e+02
2.210000000000000000e+02
1.670000000000000000e+02
2.460000000000000000e+02
1.610000000000000000e+02
1.640000000000000000e+02
1.590000000000000000e+02
1.620000000000000000e+02
1.880000000000000000e+02
1.600000000000000000e+02
1.580000000000000000e+02
1.600000000000000000e+02
2.510000000000000000e+02
1.750000000000000000e+02
1.580000000000000000e+02
1.290000000000000000e+02
1.760000000000000000e+02
1.580000000000000000e+02
1.720000000000000000e+02
1.720000000000000000e+02
2.460000000000000000e+02
2.170000000000000000e+02
1.380000000000000000e+02
1.640000000000000000e+02
1.630000000000000000e+02
1.670000000000000000e+02
1.310000000000000000e+02
1.600000000000000000e+02
1.700000000000000000e+02
2.210000000000000000e+02
1.330000000000000000e+02
1.680000000000000000e+02
1.610000000000000000e+02
1.720000000000000000e+02
1.670000000000000000e+02
1.640000000000000000e+02
2.160000000000000000e+02
1.530000000000000000e+02
1.640000000000000000e+02
2.440000000000000000e+02
1.770000000000000000e+02
2.520000000000000000e+02
1.360000000000000000e+02
1.660000000000000000e+02
1.700000000000000000e+02
1.330000000000000000e+02
2.520000000000000000e+02
1.610000000000000000e+02
1.390000000000000000e+02
1.650000000000000000e+02
1.660000000000000000e+02
1.620000000000000000e+02
1.830000000000000000e+02
1.540000000000000000e+02
1.770000000000000000e+02
2.490000000000000000e+02
1.300000000000000000e+02
1.840000000000000000e+02
1.690000000000000000e+02
1.590000000000000000e+02
1.680000000000000000e+02
1.530000000000000000e+02
1.650000000000000000e+02
1.610000000000000000e+02
2.500000000000000000e+02
1.630000000000000000e+02
1.650000000000000000e+02
1.300000000000000000e+02
1.700000000000000000e+02
1.760000000000000000e+02
1.760000000000000000e+02
1.300000000000000000e+02
1.610000000000000000e+02
1.750000000000000000e+02
1.650000000000000000e+02
1.680000000000000000e+02
1.820000000000000000e+02
2.560000000000000000e+02
1.810000000000000000e+02
1.700000000000000000e+02
1.970000000000000000e+02
1.590000000000000000e+02
2.470000000000000000e+02
2.500000000000000000e+02
1.770000000000000000e+02
1.520000000000000000e+02
2.690000000000000000e+02
1.600000000000000000e+02
1.700000000000000000e+02
1.740000000000000000e+02
2.850000000000000000e+02
1.560000000000000000e+02
1.740000000000000000e+02
2.020000000000000000e+02
1.670000000000000000e+02
2.430000000000000000e+02
1.660000000000000000e+02
1.590000000000000000e+02
1.700000000000000000e+02
2.490000000000000000e+02
1.710000000000000000e+02
2.560000000000000000e+02
1.380000000000000000e+02
1.650000000000000000e+02
1.240000000000000000e+02
1.680000000000000000e+02
1.580000000000000000e+02
1.650000000000000000e+02
1.660000000000000000e+02
1.620000000000000000e+02
1.710000000000000000e+02
1.620000000000000000e+02
2.180000000000000000e+02
1.740000000000000000e+02
1.660000000000000000e+02
1.720000000000000000e+02
1.690000000000000000e+02
2.470000000000000000e+02
1.710000000000000000e+02
2.140000000000000000e+02
2.360000000000000000e+02
2.500000000000000000e+02
1.680000000000000000e+02
1.720000000000000000e+02
1.810000000000000000e+02
1.820000000000000000e+02
1.640000000000000000e+02
1.350000000000000000e+02
1.630000000000000000e+02
1.580000000000000000e+02
1.660000000000000000e+02
1.670000000000000000e+02
2.530000000000000000e+02
1.720000000000000000e+02
1.730000000000000000e+02
2.440000000000000000e+02
2.510000000000000000e+02
1.780000000000000000e+02
1.560000000000000000e+02
1.710000000000000000e+02
1.740000000000000000e+02
2.170000000000000000e+02
2.050000000000000000e+02
1.680000000000000000e+02
1.360000000000000000e+02
1.750000000000000000e+02
2.550000000000000000e+02
1.600000000000000000e+02
1.630000000000000000e+02
1.410000000000000000e+02
1.700000000000000000e+02
1.780000000000000000e+02
1.630000000000000000e+02
1.610000000000000000e+02
1.670000000000000000e+02
1.710000000000000000e+02
1.710000000000000000e+02
1.760000000000000000e+02
1.680000000000000000e+02
1.610000000000000000e+02
1.570000000000000000e+02
1.600000000000000000e+02
1.520000000000000000e+02
1.550000000000000000e+02
1.630000000000000000e+02
1.780000000000000000e+02
1.680000000000000000e+02
1.230000000000000000e+02
1.710000000000000000e+02
2.470000000000000000e+02
1.670000000000000000e+02
1.610000000000000000e+02
1.610000000000000000e+02
1.700000000000000000e+02
1.320000000000000000e+02
2.520000000000000000e+02
1.820000000000000000e+02
1.690000000000000000e+02
1.810000000000000000e+02
1.840000000000000000e+02
1.620000000000000000e+02
2.310000000000000000e+02
2.710000000000000000e+02
1.370000000000000000e+02
1.630000000000000000e+02
1.740000000000000000e+02
2.250000000000000000e+02
1.720000000000000000e+02
1.800000000000000000e+02
1.640000000000000000e+02
2.390000000000000000e+02
1.650000000000000000e+02
1.300000000000000000e+02
2.480000000000000000e+02
1.680000000000000000e+02
2.600000000000000000e+02
2.290000000000000000e+02
2.550000000000000000e+02
2.440000000000000000e+02
1.680000000000000000e+02
1.750000000000000000e+02
1.860000000000000000e+02
2.460000000000000000e+02
2.540000000000000000e+02
1.780000000000000000e+02
1.720000000000000000e+02
1.280000000000000000e+02
2.450000000000000000e+02
2.470000000000000000e+02
1.450000000000000000e+02
2.440000000000000000e+02
2.460000000000000000e+02
1.820000000000000000e+02
2.530000000000000000e+02
1.780000000000000000e+02
1.760000000000000000e+02
1.380000000000000000e+02
2.320000000000000000e+02
1.710000000000000000e+02
1.810000000000000000e+02
2.430000000000000000e+02
2.290000000000000000e+02
2.470000000000000000e+02
1.650000000000000000e+02
2.370000000000000000e+02
2.520000000000000000e+02
2.460000000000000000e+02
1.950000000000000000e+02
1.730000000000000000e+02
2.160000000000000000e+02
1.650000000000000000e+02
1.730000000000000000e+02
1.480000000000000000e+02
1.770000000000000000e+02
1.470000000000000000e+02
2.220000000000000000e+02
1.550000000000000000e+02
1.380000000000000000e+02
2.430000000000000000e+02
1.590000000000000000e+02
1.710000000000000000e+02
2.330000000000000000e+02
2.350000000000000000e+02
2.190000000000000000e+02
2.590000000000000000e+02
1.320000000000000000e+02
2.150000000000000000e+02
2.240000000000000000e+02
1.720000000000000000e+02
1.790000000000000000e+02
1.580000000000000000e+02
1.590000000000000000e+02
2.450000000000000000e+02
2.200000000000000000e+02
2.260000000000000000e+02
1.680000000000000000e+02
1.370000000000000000e+02
1.800000000000000000e+02
1.740000000000000000e+02
2.710000000000000000e+02
1.700000000000000000e+02
2.500000000000000000e+02
2.160000000000000000e+02
1.340000000000000000e+02
1.620000000000000000e+02
1.780000000000000000e+02
2.480000000000000000e+02
1.410000000000000000e+02
2.400000000000000000e+02
1.630000000000000000e+02
2.180000000000000000e+02
2.190000000000000000e+02
1.840000000000000000e+02
2.410000000000000000e+02
1.690000000000000000e+02
2.400000000000000000e+02
1.610000000000000000e+02
1.710000000000000000e+02
1.790000000000000000e+02
1.640000000000000000e+02
1.940000000000000000e+02
1.690000000000000000e+02
1.740000000000000000e+02
1.860000000000000000e+02
2.030000000000000000e+02
2.190000000000000000e+02
1.760000000000000000e+02
2.190000000000000000e+02
1.470000000000000000e+02
2.350000000000000000e+02
2.370000000000000000e+02
1.670000000000000000e+02
2.170000000000000000e+02
1.510000000000000000e+02
1.700000000000000000e+02
1.740000000000000000e+02
1.730000000000000000e+02
1.990000000000000000e+02
1.730000000000000000e+02
2.380000000000000000e+02
1.630000000000000000e+02
1.880000000000000000e+02
1.880000000000000000e+02
1.890000000000000000e+02
2.220000000000000000e+02
1.700000000000000000e+02
1.830000000000000000e+02
2.430000000000000000e+02
2.030000000000000000e+02
2.340000000000000000e+02
1.780000000000000000e+02
2.190000000000000000e+02
2.340000000000000000e+02
1.760000000000000000e+02
2.010000000000000000e+02
2.430000000000000000e+02
1.760000000000000000e+02
1.340000000000000000e+02
1.620000000000000000e+02
2.170000000000000000e+02
2.180000000000000000e+02
1.870000000000000000e+02
1.820000000000000000e+02
1.730000000000000000e+02
1.460000000000000000e+02
1.480000000000000000e+02
1.610000000000000000e+02
1.510000000000000000e+02
1.520000000000000000e+02
1.450000000000000000e+02
2.420000000000000000e+02
1.880000000000000000e+02
1.590000000000000000e+02
2.420000000000000000e+02
1.570000000000000000e+02
2.090000000000000000e+02
2.500000000000000000e+02
1.490000000000000000e+02
2.380000000000000000e+02
1.540000000000000000e+02
1.510000000000000000e+02
1.480000000000000000e+02
2.460000000000000000e+02
2.450000000000000000e+02
1.560000000000000000e+02
2.040000000000000000e+02
1.540000000000000000e+02
1.510000000000000000e+02
1.520000000000000000e+02
1.910000000000000000e+02
1.470000000000000000e+02
1.470000000000000000e+02
2.100000000000000000e+02
1.540000000000000000e+02
1.540000000000000000e+02
1.530000000000000000e+02
1.580000000000000000e+02
1.490000000000000000e+02
1.460000000000000000e+02
1.530000000000000000e+02
1.490000000000000000e+02
2.010000000000000000e+02
1.550000000000000000e+02
1.500000000000000000e+02
1.530000000000000000e+02
1.490000000000000000e+02
1.440000000000000000e+02
1.470000000000000000e+02
1.480000000000000000e+02
1.460000000000000000e+02
1.460000000000000000e+02
1.460000000000000000e+02
1.460000000000000000e+02
1.420000000000000000e+02
1.440000000000000000e+02
1.480000000000000000e+02
1.430000000000000000e+02
2.290000000000000000e+02
2.200000000000000000e+02
2.260000000000000000e+02
1.370000000000000000e+02
2.020000000000000000e+02
2.170000000000000000e+02
1.630000000000000000e+02
2.270000000000000000e+02
1.300000000000000000e+02
1.510000000000000000e+02
1.480000000000000000e+02
1.720000000000000000e+02
1.630000000000000000e+02
1.690000000000000000e+02
1.580000000000000000e+02
1.560000000000000000e+02
1.690000000000000000e+02
2.060000000000000000e+02
2.350000000000000000e+02
1.810000000000000000e+02
2.430000000000000000e+02
1.960000000000000000e+02
2.540000000000000000e+02
2.320000000000000000e+02
2.270000000000000000e+02
1.580000000000000000e+02
1.330000000000000000e+02
2.350000000000000000e+02
1.650000000000000000e+02
1.690000000000000000e+02
2.570000000000000000e+02
1.810000000000000000e+02
1.660000000000000000e+02
1.810000000000000000e+02
1.770000000000000000e+02
1.530000000000000000e+02
1.430000000000000000e+02
2.050000000000000000e+02
2.380000000000000000e+02
2.300000000000000000e+02
2.300000000000000000e+02
2.430000000000000000e+02
1.990000000000000000e+02
2.340000000000000000e+02
1.970000000000000000e+02
2.460000000000000000e+02
1.710000000000000000e+02
1.700000000000000000e+02
1.610000000000000000e+02
1.800000000000000000e+02
1.540000000000000000e+02
1.770000000000000000e+02
1.720000000000000000e+02
1.660000000000000000e+02
1.770000000000000000e+02
1.600000000000000000e+02
1.360000000000000000e+02
1.710000000000000000e+02
1.590000000000000000e+02
1.590000000000000000e+02
1.490000000000000000e+02
1.540000000000000000e+02
1.540000000000000000e+02
1.570000000000000000e+02
1.540000000000000000e+02
1.580000000000000000e+02
1.400000000000000000e+02
1.440000000000000000e+02
1.560000000000000000e+02
1.690000000000000000e+02
1.550000000000000000e+02
1.540000000000000000e+02
1.270000000000000000e+02
1.520000000000000000e+02
1.520000000000000000e+02
1.480000000000000000e+02
1.600000000000000000e+02
1.500000000000000000e+02
1.580000000000000000e+02
1.450000000000000000e+02
1.420000000000000000e+02
1.670000000000000000e+02
1.600000000000000000e+02
1.600000000000000000e+02
1.560000000000000000e+02
1.550000000000000000e+02
1.550000000000000000e+02
1.460000000000000000e+02
1.650000000000000000e+02
1.570000000000000000e+02
1.630000000000000000e+02
1.550000000000000000e+02
1.640000000000000000e+02
1.640000000000000000e+02
1.530000000000000000e+02
1.600000000000000000e+02
1.600000000000000000e+02
1.590000000000000000e+02
1.560000000000000000e+02
1.600000000000000000e+02
1.560000000000000000e+02
1.520000000000000000e+02
1.240000000000000000e+02
1.510000000000000000e+02
1.600000000000000000e+02
1.550000000000000000e+02
1.540000000000000000e+02
1.510000000000000000e+02
1.560000000000000000e+02
1.610000000000000000e+02
1.470000000000000000e+02
1.540000000000000000e+02
1.690000000000000000e+02
1.530000000000000000e+02
1.630000000000000000e+02
1.560000000000000000e+02
1.580000000000000000e+02
1.550000000000000000e+02
1.520000000000000000e+02
1.260000000000000000e+02
1.230000000000000000e+02
1.480000000000000000e+02
1.590000000000000000e+02
1.170000000000000000e+02
1.600000000000000000e+02
1.540000000000000000e+02
1.610000000000000000e+02
1.610000000000000000e+02
1.660000000000000000e+02
1.690000000000000000e+02
1.880000000000000000e+02
1.730000000000000000e+02
1.640000000000000000e+02
1.670000000000000000e+02
1.720000000000000000e+02
1.820000000000000000e+02
1.810000000000000000e+02
1.780000000000000000e+02
