9.700000000000000000e+02
8.263000000000000000e+03
8.433000000000000000e+03
2.303000000000000000e+03
1.584000000000000000e+03
1.512000000000000000e+03
3.104000000000000000e+03
9.841000000000000000e+03
1.370000000000000000e+03
2.939000000000000000e+03
6.582000000000000000e+03
3.439000000000000000e+03
7.113000000000000000e+03
5.230000000000000000e+03
2.596000000000000000e+03
2.153000000000000000e+03
5.801000000000000000e+03
1.995000000000000000e+03
1.506000000000000000e+03
5.113000000000000000e+03
6.982000000000000000e+03
4.980000000000000000e+03
2.813000000000000000e+03
2.620000000000000000e+03
6.919000000000000000e+03
1.847000000000000000e+03
7.332000000000000000e+03
5.599000000000000000e+03
5.290000000000000000e+03
2.983000000000000000e+03
9.100000000000000000e+02
2.055000000000000000e+03
5.182000000000000000e+03
6.045000000000000000e+03
1.976000000000000000e+03
3.270000000000000000e+03
2.646000000000000000e+03
3.170000000000000000e+03
1.345000000000000000e+03
9.072000000000000000e+03
1.297000000000000000e+03
6.666000000000000000e+03
3.346000000000000000e+03
1.727000000000000000e+03
3.439000000000000000e+03
6.238000000000000000e+03
1.361000000000000000e+03
4.736000000000000000e+03
1.514000000000000000e+03
1.375000000000000000e+03
7.540000000000000000e+02
1.380000000000000000e+03
5.970000000000000000e+02
8.450000000000000000e+02
1.610000000000000000e+03
6.420000000000000000e+02
1.570000000000000000e+03
1.717000000000000000e+03
2.264000000000000000e+03
1.283000000000000000e+03
5.760000000000000000e+02
1.231000000000000000e+03
9.960000000000000000e+02
3.434000000000000000e+03
5.190000000000000000e+02
4.970000000000000000e+02
2.137000000000000000e+03
1.171000000000000000e+03
1.301000000000000000e+03
1.465000000000000000e+03
7.820000000000000000e+02
4.487000000000000000e+03
2.227000000000000000e+03
1.425000000000000000e+03
2.437000000000000000e+03
1.928000000000000000e+03
1.946000000000000000e+03
5.680000000000000000e+02
1.416000000000000000e+03
4.330000000000000000e+02
9.940000000000000000e+02
7.180000000000000000e+02
5.510000000000000000e+02
7.010000000000000000e+02
7.020000000000000000e+02
1.161000000000000000e+03
9.180000000000000000e+02
9.220000000000000000e+02
4.850000000000000000e+02
4.870000000000000000e+02
4.100000000000000000e+02
4.070000000000000000e+02
5.050000000000000000e+02
4.920000000000000000e+02
4.400000000000000000e+02
1.402000000000000000e+03
6.230000000000000000e+02
6.380000000000000000e+02
6.280000000000000000e+02
5.080000000000000000e+02
4.320000000000000000e+02
7.590000000000000000e+02
3.790000000000000000e+02
6.660000000000000000e+02
4.210000000000000000e+02
6.210000000000000000e+02
4.540000000000000000e+02
6.240000000000000000e+02
3.180000000000000000e+02
1.203000000000000000e+03
1.884000000000000000e+03
9.040000000000000000e+02
1.367000000000000000e+03
7.580000000000000000e+02
7.070000000000000000e+02
9.980000000000000000e+02
4.900000000000000000e+02
4.880000000000000000e+02
5.030000000000000000e+02
7.710000000000000000e+02
3.300000000000000000e+02
5.050000000000000000e+02
5.590000000000000000e+02
3.980000000000000000e+02
3.890000000000000000e+02
4.430000000000000000e+02
3.920000000000000000e+02
5.320000000000000000e+02
4.490000000000000000e+02
1.066000000000000000e+03
5.320000000000000000e+02
6.870000000000000000e+02
4.440000000000000000e+02
6.780000000000000000e+02
1.760000000000000000e+02
3.990000000000000000e+02
6.610000000000000000e+02
8.090000000000000000e+02
2.450000000000000000e+02
4.050000000000000000e+02
1.486000000000000000e+03
1.704000000000000000e+03
5.140000000000000000e+02
6.530000000000000000e+02
3.900000000000000000e+02
3.220000000000000000e+02
4.060000000000000000e+02
2.890000000000000000e+02
4.190000000000000000e+02
2.810000000000000000e+02
4.880000000000000000e+02
1.890000000000000000e+02
2.920000000000000000e+02
2.450000000000000000e+02
4.730000000000000000e+02
3.420000000000000000e+02
5.890000000000000000e+02
3.010000000000000000e+02
3.350000000000000000e+02
3.030000000000000000e+02
4.660000000000000000e+02
6.930000000000000000e+02
3.310000000000000000e+02
3.290000000000000000e+02
2.380000000000000000e+02
2.360000000000000000e+02
3.340000000000000000e+02
2.280000000000000000e+02
3.190000000000000000e+02
2.570000000000000000e+02
3.250000000000000000e+02
3.580000000000000000e+02
4.130000000000000000e+02
4.430000000000000000e+02
4.720000000000000000e+02
4.100000000000000000e+02
5.840000000000000000e+02
5.010000000000000000e+02
2.420000000000000000e+02
3.680000000000000000e+02
2.530000000000000000e+02
3.240000000000000000e+02
5.470000000000000000e+02
3.970000000000000000e+02
3.980000000000000000e+02
4.260000000000000000e+02
2.530000000000000000e+02
2.370000000000000000e+02
2.920000000000000000e+02
5.520000000000000000e+02
3.630000000000000000e+02
3.530000000000000000e+02
6.240000000000000000e+02
3.010000000000000000e+02
3.620000000000000000e+02
8.460000000000000000e+02
5.630000000000000000e+02
3.490000000000000000e+02
3.200000000000000000e+02
7.260000000000000000e+02
3.650000000000000000e+02
4.440000000000000000e+02
6.600000000000000000e+02
3.260000000000000000e+02
2.420000000000000000e+02
2.560000000000000000e+02
3.890000000000000000e+02
3.060000000000000000e+02
4.170000000000000000e+02
3.140000000000000000e+02
3.120000000000000000e+02
3.920000000000000000e+02
2.260000000000000000e+02
4.040000000000000000e+02
2.900000000000000000e+02
3.340000000000000000e+02
3.310000000000000000e+02
2.570000000000000000e+02
2.480000000000000000e+02
3.170000000000000000e+02
2.390000000000000000e+02
3.320000000000000000e+02
4.070000000000000000e+02
3.550000000000000000e+02
4.000000000000000000e+02
2.130000000000000000e+02
3.370000000000000000e+02
3.120000000000000000e+02
3.630000000000000000e+02
5.510000000000000000e+02
3.040000000000000000e+02
5.140000000000000000e+02
3.000000000000000000e+02
4.300000000000000000e+02
4.880000000000000000e+02
2.350000000000000000e+02
4.530000000000000000e+02
2.470000000000000000e+02
2.330000000000000000e+02
2.110000000000000000e+02
2.400000000000000000e+02
2.440000000000000000e+02
2.510000000000000000e+02
3.260000000000000000e+02
3.620000000000000000e+02
2.450000000000000000e+02
2.550000000000000000e+02
5.070000000000000000e+02
3.140000000000000000e+02
1.690000000000000000e+02
3.450000000000000000e+02
2.360000000000000000e+02
2.830000000000000000e+02
3.310000000000000000e+02
1.710000000000000000e+02
2.470000000000000000e+02
3.290000000000000000e+02
2.510000000000000000e+02
3.380000000000000000e+02
2.830000000000000000e+02
2.620000000000000000e+02
3.260000000000000000e+02
2.180000000000000000e+02
4.270000000000000000e+02
3.430000000000000000e+02
1.780000000000000000e+02
2.590000000000000000e+02
4.350000000000000000e+02
2.430000000000000000e+02
2.360000000000000000e+02
2.380000000000000000e+02
2.910000000000000000e+02
3.110000000000000000e+02
2.720000000000000000e+02
1.720000000000000000e+02
2.230000000000000000e+02
2.360000000000000000e+02
3.110000000000000000e+02
1.940000000000000000e+02
2.530000000000000000e+02
1.770000000000000000e+02
3.090000000000000000e+02
3.300000000000000000e+02
2.970000000000000000e+02
2.160000000000000000e+02
5.120000000000000000e+02
2.240000000000000000e+02
2.260000000000000000e+02
2.860000000000000000e+02
3.090000000000000000e+02
3.230000000000000000e+02
2.260000000000000000e+02
2.230000000000000000e+02
2.420000000000000000e+02
1.910000000000000000e+02
4.090000000000000000e+02
2.370000000000000000e+02
2.960000000000000000e+02
1.920000000000000000e+02
1.890000000000000000e+02
2.320000000000000000e+02
2.550000000000000000e+02
2.220000000000000000e+02
3.190000000000000000e+02
1.550000000000000000e+02
2.560000000000000000e+02
5.350000000000000000e+02
2.740000000000000000e+02
6.670000000000000000e+02
1.630000000000000000e+02
1.670000000000000000e+02
1.590000000000000000e+02
1.700000000000000000e+02
2.540000000000000000e+02
2.100000000000000000e+02
1.810000000000000000e+02
2.550000000000000000e+02
2.240000000000000000e+02
3.740000000000000000e+02
2.270000000000000000e+02
2.210000000000000000e+02
2.280000000000000000e+02
2.230000000000000000e+02
1.940000000000000000e+02
1.630000000000000000e+02
2.280000000000000000e+02
3.180000000000000000e+02
1.760000000000000000e+02
1.670000000000000000e+02
1.640000000000000000e+02
1.570000000000000000e+02
2.040000000000000000e+02
2.020000000000000000e+02
1.550000000000000000e+02
1.580000000000000000e+02
1.910000000000000000e+02
1.730000000000000000e+02
1.640000000000000000e+02
1.700000000000000000e+02
1.590000000000000000e+02
2.020000000000000000e+02
2.400000000000000000e+02
1.760000000000000000e+02
3.120000000000000000e+02
3.070000000000000000e+02
1.630000000000000000e+02
1.263000000000000000e+03
2.610000000000000000e+02
1.620000000000000000e+02
1.560000000000000000e+02
1.740000000000000000e+02
1.590000000000000000e+02
1.770000000000000000e+02
1.610000000000000000e+02
1.590000000000000000e+02
1.510000000000000000e+02
1.610000000000000000e+02
1.770000000000000000e+02
1.600000000000000000e+02
1.630000000000000000e+02
2.630000000000000000e+02
2.630000000000000000e+02
2.610000000000000000e+02
2.890000000000000000e+02
2.290000000000000000e+02
2.360000000000000000e+02
1.660000000000000000e+02
2.660000000000000000e+02
1.630000000000000000e+02
2.650000000000000000e+02
2.340000000000000000e+02
2.390000000000000000e+02
2.790000000000000000e+02
1.880000000000000000e+02
2.850000000000000000e+02
2.540000000000000000e+02
1.840000000000000000e+02
2.600000000000000000e+02
2.460000000000000000e+02
2.390000000000000000e+02
2.470000000000000000e+02
2.460000000000000000e+02
2.690000000000000000e+02
2.400000000000000000e+02
2.190000000000000000e+02
2.330000000000000000e+02
2.300000000000000000e+02
2.340000000000000000e+02
2.260000000000000000e+02
2.290000000000000000e+02
2.530000000000000000e+02
2.560000000000000000e+02
2.490000000000000000e+02
2.350000000000000000e+02
2.340000000000000000e+02
3.670000000000000000e+02
3.270000000000000000e+02
2.540000000000000000e+02
2.400000000000000000e+02
2.380000000000000000e+02
2.350000000000000000e+02
2.470000000000000000e+02
2.460000000000000000e+02
2.440000000000000000e+02
2.380000000000000000e+02
1.620000000000000000e+02
1.660000000000000000e+02
2.410000000000000000e+02
2.350000000000000000e+02
2.520000000000000000e+02
2.380000000000000000e+02
2.460000000000000000e+02
2.360000000000000000e+02
2.410000000000000000e+02
2.460000000000000000e+02
2.410000000000000000e+02
2.300000000000000000e+02
2.390000000000000000e+02
2.370000000000000000e+02
2.980000000000000000e+02
2.390000000000000000e+02
2.370000000000000000e+02
2.890000000000000000e+02
3.070000000000000000e+02
2.540000000000000000e+02
2.260000000000000000e+02
2.280000000000000000e+02
2.530000000000000000e+02
2.320000000000000000e+02
2.990000000000000000e+02
1.690000000000000000e+02
2.380000000000000000e+02
2.300000000000000000e+02
2.400000000000000000e+02
2.340000000000000000e+02
2.570000000000000000e+02
2.570000000000000000e+02
2.360000000000000000e+02
2.450000000000000000e+02
2.400000000000000000e+02
2.270000000000000000e+02
2.340000000000000000e+02
2.310000000000000000e+02
3.170000000000000000e+02
3.150000000000000000e+02
2.460000000000000000e+02
1.600000000000000000e+02
2.230000000000000000e+02
1.570000000000000000e+02
2.410000000000000000e+02
2.350000000000000000e+02
2.470000000000000000e+02
1.620000000000000000e+02
1.580000000000000000e+02
2.590000000000000000e+02
1.830000000000000000e+02
2.420000000000000000e+02
2.190000000000000000e+02
1.630000000000000000e+02
1.550000000000000000e+02
1.550000000000000000e+02
2.490000000000000000e+02
2.460000000000000000e+02
1.570000000000000000e+02
2.310000000000000000e+02
1.590000000000000000e+02
2.250000000000000000e+02
2.330000000000000000e+02
1.600000000000000000e+02
2.450000000000000000e+02
1.640000000000000000e+02
2.310000000000000000e+02
1.780000000000000000e+02
2.590000000000000000e+02
1.650000000000000000e+02
2.340000000000000000e+02
1.740000000000000000e+02
1.680000000000000000e+02
1.640000000000000000e+02
1.600000000000000000e+02
1.830000000000000000e+02
2.290000000000000000e+02
1.540000000000000000e+02
1.610000000000000000e+02
2.530000000000000000e+02
1.590000000000000000e+02
1.560000000000000000e+02
1.640000000000000000e+02
1.740000000000000000e+02
1.560000000000000000e+02
1.680000000000000000e+02
1.750000000000000000e+02
1.680000000000000000e+02
1.580000000000000000e+02
1.620000000000000000e+02
1.530000000000000000e+02
2.380000000000000000e+02
1.650000000000000000e+02
2.150000000000000000e+02
1.610000000000000000e+02
1.990000000000000000e+02
1.480000000000000000e+02
1.570000000000000000e+02
1.670000000000000000e+02
1.660000000000000000e+02
1.550000000000000000e+02
1.650000000000000000e+02
1.990000000000000000e+02
1.570000000000000000e+02
1.540000000000000000e+02
1.950000000000000000e+02
1.550000000000000000e+02
1.470000000000000000e+02
1.780000000000000000e+02
1.570000000000000000e+02
1.610000000000000000e+02
1.590000000000000000e+02
1.590000000000000000e+02
1.560000000000000000e+02
2.350000000000000000e+02
1.550000000000000000e+02
1.620000000000000000e+02
1.580000000000000000e+02
1.570000000000000000e+02
1.560000000000000000e+02
2.000000000000000000e+02
2.210000000000000000e+02
1.610000000000000000e+02
1.590000000000000000e+02
1.600000000000000000e+02
1.460000000000000000e+02
1.550000000000000000e+02
1.550000000000000000e+02
1.650000000000000000e+02
1.520000000000000000e+02
1.540000000000000000e+02
1.810000000000000000e+02
2.420000000000000000e+02
1.620000000000000000e+02
2.530000000000000000e+02
2.410000000000000000e+02
1.730000000000000000e+02
1.800000000000000000e+02
1.670000000000000000e+02
2.530000000000000000e+02
1.790000000000000000e+02
1.620000000000000000e+02
1.600000000000000000e+02
2.230000000000000000e+02
1.710000000000000000e+02
1.710000000000000000e+02
1.650000000000000000e+02
1.570000000000000000e+02
1.620000000000000000e+02
1.580000000000000000e+02
1.560000000000000000e+02
1.560000000000000000e+02
1.590000000000000000e+02
1.580000000000000000e+02
1.550000000000000000e+02
1.540000000000000000e+02
1.600000000000000000e+02
1.590000000000000000e+02
1.570000000000000000e+02
1.560000000000000000e+02
1.630000000000000000e+02
1.550000000000000000e+02
1.760000000000000000e+02
1.580000000000000000e+02
1.610000000000000000e+02
1.570000000000000000e+02
1.570000000000000000e+02
1.580000000000000000e+02
1.530000000000000000e+02
1.550000000000000000e+02
1.720000000000000000e+02
1.640000000000000000e+02
1.540000000000000000e+02
1.520000000000000000e+02
1.570000000000000000e+02
1.750000000000000000e+02
1.570000000000000000e+02
1.600000000000000000e+02
1.490000000000000000e+02
1.830000000000000000e+02
1.590000000000000000e+02
1.580000000000000000e+02
1.570000000000000000e+02
1.620000000000000000e+02
1.670000000000000000e+02
1.610000000000000000e+02
1.600000000000000000e+02
1.560000000000000000e+02
1.720000000000000000e+02
1.570000000000000000e+02
1.630000000000000000e+02
1.570000000000000000e+02
1.550000000000000000e+02
1.780000000000000000e+02
1.520000000000000000e+02
1.560000000000000000e+02
1.580000000000000000e+02
1.750000000000000000e+02
1.620000000000000000e+02
1.680000000000000000e+02
1.710000000000000000e+02
1.540000000000000000e+02
1.780000000000000000e+02
1.700000000000000000e+02
1.530000000000000000e+02
1.610000000000000000e+02
1.590000000000000000e+02
1.700000000000000000e+02
1.580000000000000000e+02
1.590000000000000000e+02
1.560000000000000000e+02
1.610000000000000000e+02
1.570000000000000000e+02
1.650000000000000000e+02
1.660000000000000000e+02
1.560000000000000000e+02
1.780000000000000000e+02
1.630000000000000000e+02
1.690000000000000000e+02
1.540000000000000000e+02
1.550000000000000000e+02
1.560000000000000000e+02
1.580000000000000000e+02
1.620000000000000000e+02
1.720000000000000000e+02
1.590000000000000000e+02
1.610000000000000000e+02
1.710000000000000000e+02
1.610000000000000000e+02
1.680000000000000000e+02
1.790000000000000000e+02
1.590000000000000000e+02
1.810000000000000000e+02
1.700000000000000000e+02
1.580000000000000000e+02
1.660000000000000000e+02
1.590000000000000000e+02
1.630000000000000000e+02
1.600000000000000000e+02
1.560000000000000000e+02
1.610000000000000000e+02
1.580000000000000000e+02
1.600000000000000000e+02
1.570000000000000000e+02
1.640000000000000000e+02
1.740000000000000000e+02
1.610000000000000000e+02
1.610000000000000000e+02
1.640000000000000000e+02
1.620000000000000000e+02
1.600000000000000000e+02
1.800000000000000000e+02
1.600000000000000000e+02
1.620000000000000000e+02
1.790000000000000000e+02
1.850000000000000000e+02
1.680000000000000000e+02
1.640000000000000000e+02
1.660000000000000000e+02
1.610000000000000000e+02
1.760000000000000000e+02
1.600000000000000000e+02
1.680000000000000000e+02
1.660000000000000000e+02
1.580000000000000000e+02
1.620000000000000000e+02
1.560000000000000000e+02
1.580000000000000000e+02
1.730000000000000000e+02
1.570000000000000000e+02
1.670000000000000000e+02
1.610000000000000000e+02
1.580000000000000000e+02
1.510000000000000000e+02
1.500000000000000000e+02
1.530000000000000000e+02
1.530000000000000000e+02
1.670000000000000000e+02
1.570000000000000000e+02
1.550000000000000000e+02
1.520000000000000000e+02
1.570000000000000000e+02
1.520000000000000000e+02
1.630000000000000000e+02
1.600000000000000000e+02
1.550000000000000000e+02
1.540000000000000000e+02
1.700000000000000000e+02
1.700000000000000000e+02
1.560000000000000000e+02
1.650000000000000000e+02
1.700000000000000000e+02
1.620000000000000000e+02
1.580000000000000000e+02
1.640000000000000000e+02
1.590000000000000000e+02
1.460000000000000000e+02
1.550000000000000000e+02
1.610000000000000000e+02
1.490000000000000000e+02
1.530000000000000000e+02
1.570000000000000000e+02
1.600000000000000000e+02
1.660000000000000000e+02
2.310000000000000000e+02
1.560000000000000000e+02
1.560000000000000000e+02
1.630000000000000000e+02
1.490000000000000000e+02
1.570000000000000000e+02
1.470000000000000000e+02
1.540000000000000000e+02
1.550000000000000000e+02
1.480000000000000000e+02
1.670000000000000000e+02
1.590000000000000000e+02
1.650000000000000000e+02
1.560000000000000000e+02
1.550000000000000000e+02
1.720000000000000000e+02
1.480000000000000000e+02
1.530000000000000000e+02
1.610000000000000000e+02
1.660000000000000000e+02
1.490000000000000000e+02
1.580000000000000000e+02
1.480000000000000000e+02
1.560000000000000000e+02
1.660000000000000000e+02
1.600000000000000000e+02
1.580000000000000000e+02
1.500000000000000000e+02
1.490000000000000000e+02
1.470000000000000000e+02
1.440000000000000000e+02
1.480000000000000000e+02
1.520000000000000000e+02
1.480000000000000000e+02
1.530000000000000000e+02
1.480000000000000000e+02
1.500000000000000000e+02
1.520000000000000000e+02
1.530000000000000000e+02
1.620000000000000000e+02
1.780000000000000000e+02
1.680000000000000000e+02
1.510000000000000000e+02
1.580000000000000000e+02
1.730000000000000000e+02
1.660000000000000000e+02
1.630000000000000000e+02
1.670000000000000000e+02
1.780000000000000000e+02
1.600000000000000000e+02
1.660000000000000000e+02
1.630000000000000000e+02
1.600000000000000000e+02
1.590000000000000000e+02
2.330000000000000000e+02
1.540000000000000000e+02
1.470000000000000000e+02
1.860000000000000000e+02
1.790000000000000000e+02
1.550000000000000000e+02
1.570000000000000000e+02
1.530000000000000000e+02
1.530000000000000000e+02
1.590000000000000000e+02
1.500000000000000000e+02
1.630000000000000000e+02
1.450000000000000000e+02
2.330000000000000000e+02
1.530000000000000000e+02
1.460000000000000000e+02
1.710000000000000000e+02
1.530000000000000000e+02
1.560000000000000000e+02
2.480000000000000000e+02
1.490000000000000000e+02
1.490000000000000000e+02
1.660000000000000000e+02
1.520000000000000000e+02
1.510000000000000000e+02
2.270000000000000000e+02
1.550000000000000000e+02
2.220000000000000000e+02
2.330000000000000000e+02
2.260000000000000000e+02
2.220000000000000000e+02
1.500000000000000000e+02
1.550000000000000000e+02
2.340000000000000000e+02
2.450000000000000000e+02
2.180000000000000000e+02
2.460000000000000000e+02
2.290000000000000000e+02
2.450000000000000000e+02
2.260000000000000000e+02
1.490000000000000000e+02
1.460000000000000000e+02
2.360000000000000000e+02
1.440000000000000000e+02
1.520000000000000000e+02
1.510000000000000000e+02
1.650000000000000000e+02
1.550000000000000000e+02
2.300000000000000000e+02
2.240000000000000000e+02
1.620000000000000000e+02
2.250000000000000000e+02
2.200000000000000000e+02
1.480000000000000000e+02
1.550000000000000000e+02
1.520000000000000000e+02
1.650000000000000000e+02
1.600000000000000000e+02
2.320000000000000000e+02
1.700000000000000000e+02
2.330000000000000000e+02
1.810000000000000000e+02
1.690000000000000000e+02
2.470000000000000000e+02
2.310000000000000000e+02
1.840000000000000000e+02
2.360000000000000000e+02
2.270000000000000000e+02
1.530000000000000000e+02
2.340000000000000000e+02
2.210000000000000000e+02
1.600000000000000000e+02
2.370000000000000000e+02
1.760000000000000000e+02
2.300000000000000000e+02
2.380000000000000000e+02
1.530000000000000000e+02
1.620000000000000000e+02
1.670000000000000000e+02
2.550000000000000000e+02
2.410000000000000000e+02
1.660000000000000000e+02
2.280000000000000000e+02
2.410000000000000000e+02
2.430000000000000000e+02
2.410000000000000000e+02
2.330000000000000000e+02
2.320000000000000000e+02
1.480000000000000000e+02
1.640000000000000000e+02
2.380000000000000000e+02
2.320000000000000000e+02
1.590000000000000000e+02
1.650000000000000000e+02
2.470000000000000000e+02
1.570000000000000000e+02
1.840000000000000000e+02
1.630000000000000000e+02
2.410000000000000000e+02
1.610000000000000000e+02
1.760000000000000000e+02
1.680000000000000000e+02
1.550000000000000000e+02
1.660000000000000000e+02
1.640000000000000000e+02
1.840000000000000000e+02
1.570000000000000000e+02
1.740000000000000000e+02
2.410000000000000000e+02
1.540000000000000000e+02
1.710000000000000000e+02
1.640000000000000000e+02
1.720000000000000000e+02
1.790000000000000000e+02
1.630000000000000000e+02
1.540000000000000000e+02
1.640000000000000000e+02
1.670000000000000000e+02
1.660000000000000000e+02
1.710000000000000000e+02
1.950000000000000000e+02
1.880000000000000000e+02
1.790000000000000000e+02
1.620000000000000000e+02
2.330000000000000000e+02
1.570000000000000000e+02
1.680000000000000000e+02
1.660000000000000000e+02
1.680000000000000000e+02
1.710000000000000000e+02
1.600000000000000000e+02
2.430000000000000000e+02
2.020000000000000000e+02
1.910000000000000000e+02
2.280000000000000000e+02
2.380000000000000000e+02
2.420000000000000000e+02
2.410000000000000000e+02
1.650000000000000000e+02
1.850000000000000000e+02
1.800000000000000000e+02
2.320000000000000000e+02
1.700000000000000000e+02
2.340000000000000000e+02
2.080000000000000000e+02
1.990000000000000000e+02
1.510000000000000000e+02
1.840000000000000000e+02
1.940000000000000000e+02
2.300000000000000000e+02
3.120000000000000000e+02
1.590000000000000000e+02
4.260000000000000000e+02
4.130000000000000000e+02
2.330000000000000000e+02
3.460000000000000000e+02
3.500000000000000000e+02
3.960000000000000000e+02
2.420000000000000000e+02
4.790000000000000000e+02
5.840000000000000000e+02
2.200000000000000000e+02
2.220000000000000000e+02
2.800000000000000000e+02
2.410000000000000000e+02
3.890000000000000000e+02
3.080000000000000000e+02
2.210000000000000000e+02
1.820000000000000000e+02
1.610000000000000000e+02
2.790000000000000000e+02
1.830000000000000000e+02
2.580000000000000000e+02
1.520000000000000000e+02
5.850000000000000000e+02
1.570000000000000000e+02
2.080000000000000000e+02
2.470000000000000000e+02
3.060000000000000000e+02
1.760000000000000000e+02
1.570000000000000000e+02
2.160000000000000000e+02
1.860000000000000000e+02
2.820000000000000000e+02
2.490000000000000000e+02
1.630000000000000000e+02
3.010000000000000000e+02
1.570000000000000000e+02
2.210000000000000000e+02
1.960000000000000000e+02
2.250000000000000000e+02
2.230000000000000000e+02
2.230000000000000000e+02
2.310000000000000000e+02
2.340000000000000000e+02
1.540000000000000000e+02
2.200000000000000000e+02
2.000000000000000000e+02
2.160000000000000000e+02
1.630000000000000000e+02
2.280000000000000000e+02
1.900000000000000000e+02
2.230000000000000000e+02
1.700000000000000000e+02
1.650000000000000000e+02
2.240000000000000000e+02
3.230000000000000000e+02
2.190000000000000000e+02
1.640000000000000000e+02
1.610000000000000000e+02
1.630000000000000000e+02
2.170000000000000000e+02
