9.426000000000000000e+03
8.778000000000000000e+03
2.546000000000000000e+03
1.820000000000000000e+03
5.318000000000000000e+03
2.831000000000000000e+03
4.418000000000000000e+03
3.306000000000000000e+03
5.343000000000000000e+03
8.688000000000000000e+03
5.340000000000000000e+03
5.710000000000000000e+03
3.844000000000000000e+03
5.740000000000000000e+02
9.250000000000000000e+02
1.155000000000000000e+03
1.898000000000000000e+03
3.857000000000000000e+03
1.525000000000000000e+03
9.789000000000000000e+03
3.625000000000000000e+03
2.539000000000000000e+03
4.080000000000000000e+02
1.714000000000000000e+03
7.910000000000000000e+02
3.105000000000000000e+03
5.490000000000000000e+02
1.825000000000000000e+03
1.976000000000000000e+03
2.901000000000000000e+03
1.245000000000000000e+03
2.465000000000000000e+03
4.430000000000000000e+03
8.150000000000000000e+02
1.388000000000000000e+03
8.380000000000000000e+02
1.625000000000000000e+03
3.363000000000000000e+03
3.433000000000000000e+03
9.930000000000000000e+02
6.160000000000000000e+02
1.776000000000000000e+03
2.217000000000000000e+03
3.760000000000000000e+03
9.550000000000000000e+02
6.030000000000000000e+02
2.392000000000000000e+03
1.012000000000000000e+03
1.895000000000000000e+03
1.051000000000000000e+03
5.970000000000000000e+02
1.197000000000000000e+03
9.380000000000000000e+02
1.387000000000000000e+03
5.490000000000000000e+02
5.810000000000000000e+02
6.440000000000000000e+02
1.514000000000000000e+03
5.630000000000000000e+02
4.610000000000000000e+02
1.856000000000000000e+03
3.274000000000000000e+03
6.590000000000000000e+02
1.362000000000000000e+03
6.940000000000000000e+02
9.430000000000000000e+02
8.588000000000000000e+03
9.860000000000000000e+02
7.560000000000000000e+02
6.930000000000000000e+02
6.430000000000000000e+02
6.460000000000000000e+02
9.860000000000000000e+02
8.500000000000000000e+02
1.406000000000000000e+03
1.708000000000000000e+03
4.580000000000000000e+02
8.170000000000000000e+02
8.700000000000000000e+02
4.840000000000000000e+02
8.040000000000000000e+02
5.720000000000000000e+02
4.180000000000000000e+02
4.740000000000000000e+02
4.180000000000000000e+02
4.100000000000000000e+02
4.950000000000000000e+02
7.630000000000000000e+02
8.930000000000000000e+02
6.550000000000000000e+02
4.970000000000000000e+02
6.910000000000000000e+02
6.480000000000000000e+02
5.960000000000000000e+02
3.210000000000000000e+02
2.376000000000000000e+03
1.697000000000000000e+03
4.940000000000000000e+02
5.170000000000000000e+02
4.260000000000000000e+02
6.420000000000000000e+02
3.330000000000000000e+02
7.640000000000000000e+02
3.720000000000000000e+02
2.530000000000000000e+02
6.740000000000000000e+02
1.328000000000000000e+03
4.790000000000000000e+02
4.210000000000000000e+02
1.169000000000000000e+03
4.150000000000000000e+02
4.290000000000000000e+02
1.043000000000000000e+03
3.510000000000000000e+02
6.130000000000000000e+02
2.507000000000000000e+03
3.230000000000000000e+02
6.520000000000000000e+02
1.057000000000000000e+03
7.070000000000000000e+02
2.005000000000000000e+03
1.016000000000000000e+03
8.830000000000000000e+02
1.035000000000000000e+03
4.180000000000000000e+02
4.220000000000000000e+02
2.520000000000000000e+02
4.300000000000000000e+02
1.100000000000000000e+03
1.710000000000000000e+03
3.280000000000000000e+02
2.990000000000000000e+02
4.070000000000000000e+02
4.080000000000000000e+02
4.530000000000000000e+02
4.550000000000000000e+02
6.590000000000000000e+02
3.070000000000000000e+02
4.050000000000000000e+02
6.130000000000000000e+02
4.110000000000000000e+02
2.150000000000000000e+02
3.220000000000000000e+02
3.490000000000000000e+02
3.130000000000000000e+02
3.990000000000000000e+02
2.770000000000000000e+02
4.010000000000000000e+02
4.460000000000000000e+02
2.600000000000000000e+02
3.200000000000000000e+02
3.600000000000000000e+02
4.130000000000000000e+02
3.650000000000000000e+02
3.210000000000000000e+02
3.950000000000000000e+02
2.780000000000000000e+02
3.240000000000000000e+02
2.460000000000000000e+02
2.480000000000000000e+02
3.440000000000000000e+02
2.470000000000000000e+02
3.980000000000000000e+02
3.270000000000000000e+02
3.330000000000000000e+02
4.730000000000000000e+02
3.950000000000000000e+02
8.880000000000000000e+02
5.340000000000000000e+02
3.340000000000000000e+02
3.900000000000000000e+02
3.230000000000000000e+02
3.200000000000000000e+02
3.120000000000000000e+02
3.060000000000000000e+02
4.160000000000000000e+02
4.190000000000000000e+02
2.620000000000000000e+02
2.190000000000000000e+02
2.700000000000000000e+02
3.380000000000000000e+02
3.240000000000000000e+02
2.360000000000000000e+02
2.540000000000000000e+02
2.850000000000000000e+02
2.410000000000000000e+02
2.310000000000000000e+02
2.290000000000000000e+02
2.420000000000000000e+02
1.720000000000000000e+02
1.640000000000000000e+02
2.310000000000000000e+02
2.370000000000000000e+02
1.740000000000000000e+02
2.900000000000000000e+02
2.360000000000000000e+02
2.440000000000000000e+02
3.330000000000000000e+02
2.300000000000000000e+02
2.460000000000000000e+02
2.750000000000000000e+02
2.620000000000000000e+02
2.370000000000000000e+02
2.490000000000000000e+02
2.450000000000000000e+02
2.250000000000000000e+02
3.180000000000000000e+02
3.120000000000000000e+02
3.120000000000000000e+02
3.090000000000000000e+02
2.360000000000000000e+02
2.460000000000000000e+02
2.360000000000000000e+02
2.390000000000000000e+02
2.410000000000000000e+02
1.940000000000000000e+02
2.090000000000000000e+02
2.900000000000000000e+02
3.200000000000000000e+02
1.810000000000000000e+02
2.390000000000000000e+02
2.520000000000000000e+02
2.210000000000000000e+02
3.120000000000000000e+02
1.710000000000000000e+02
1.990000000000000000e+02
2.900000000000000000e+02
2.280000000000000000e+02
7.000000000000000000e+02
2.290000000000000000e+02
3.530000000000000000e+02
1.990000000000000000e+02
2.160000000000000000e+02
2.130000000000000000e+02
2.250000000000000000e+02
2.430000000000000000e+02
1.760000000000000000e+02
2.060000000000000000e+02
2.080000000000000000e+02
2.600000000000000000e+02
3.930000000000000000e+02
5.710000000000000000e+02
2.280000000000000000e+02
2.900000000000000000e+02
2.370000000000000000e+02
3.070000000000000000e+02
2.570000000000000000e+02
2.530000000000000000e+02
4.750000000000000000e+02
3.600000000000000000e+02
1.850000000000000000e+02
1.750000000000000000e+02
2.300000000000000000e+02
2.280000000000000000e+02
2.240000000000000000e+02
2.320000000000000000e+02
1.980000000000000000e+02
2.090000000000000000e+02
2.420000000000000000e+02
2.330000000000000000e+02
2.190000000000000000e+02
2.430000000000000000e+02
2.160000000000000000e+02
1.730000000000000000e+02
2.160000000000000000e+02
2.110000000000000000e+02
1.560000000000000000e+02
2.600000000000000000e+02
6.130000000000000000e+02
2.430000000000000000e+02
6.080000000000000000e+02
2.170000000000000000e+02
3.160000000000000000e+02
1.980000000000000000e+02
1.640000000000000000e+02
1.740000000000000000e+02
2.430000000000000000e+02
2.170000000000000000e+02
5.390000000000000000e+02
2.320000000000000000e+02
1.620000000000000000e+02
2.340000000000000000e+02
2.170000000000000000e+02
2.860000000000000000e+02
2.260000000000000000e+02
2.190000000000000000e+02
4.350000000000000000e+02
2.270000000000000000e+02
2.090000000000000000e+02
3.480000000000000000e+02
4.980000000000000000e+02
2.190000000000000000e+02
1.940000000000000000e+02
5.140000000000000000e+02
2.180000000000000000e+02
2.060000000000000000e+02
5.650000000000000000e+02
2.210000000000000000e+02
2.270000000000000000e+02
2.590000000000000000e+02
1.600000000000000000e+02
1.570000000000000000e+02
1.680000000000000000e+02
1.610000000000000000e+02
1.980000000000000000e+02
1.610000000000000000e+02
2.340000000000000000e+02
1.540000000000000000e+02
2.240000000000000000e+02
2.020000000000000000e+02
1.910000000000000000e+02
1.560000000000000000e+02
1.590000000000000000e+02
1.940000000000000000e+02
1.590000000000000000e+02
1.600000000000000000e+02
2.180000000000000000e+02
2.060000000000000000e+02
1.920000000000000000e+02
1.540000000000000000e+02
3.160000000000000000e+02
1.650000000000000000e+02
2.410000000000000000e+02
2.210000000000000000e+02
2.500000000000000000e+02
1.880000000000000000e+02
1.670000000000000000e+02
2.220000000000000000e+02
1.690000000000000000e+02
1.790000000000000000e+02
1.720000000000000000e+02
2.390000000000000000e+02
2.570000000000000000e+02
2.220000000000000000e+02
1.650000000000000000e+02
2.510000000000000000e+02
1.860000000000000000e+02
1.510000000000000000e+02
2.080000000000000000e+02
2.020000000000000000e+02
1.640000000000000000e+02
2.550000000000000000e+02
2.900000000000000000e+02
3.050000000000000000e+02
2.020000000000000000e+02
1.860000000000000000e+02
1.570000000000000000e+02
1.640000000000000000e+02
3.580000000000000000e+02
2.270000000000000000e+02
1.650000000000000000e+02
2.340000000000000000e+02
2.260000000000000000e+02
2.130000000000000000e+02
1.550000000000000000e+02
1.830000000000000000e+02
2.290000000000000000e+02
1.960000000000000000e+02
2.120000000000000000e+02
1.980000000000000000e+02
2.100000000000000000e+02
1.580000000000000000e+02
2.560000000000000000e+02
1.830000000000000000e+02
2.140000000000000000e+02
2.450000000000000000e+02
2.750000000000000000e+02
1.560000000000000000e+02
1.970000000000000000e+02
1.570000000000000000e+02
1.530000000000000000e+02
1.930000000000000000e+02
1.570000000000000000e+02
1.580000000000000000e+02
1.540000000000000000e+02
2.090000000000000000e+02
2.090000000000000000e+02
1.860000000000000000e+02
1.570000000000000000e+02
1.660000000000000000e+02
1.570000000000000000e+02
1.780000000000000000e+02
2.150000000000000000e+02
3.290000000000000000e+02
1.620000000000000000e+02
1.840000000000000000e+02
1.510000000000000000e+02
1.490000000000000000e+02
1.990000000000000000e+02
1.830000000000000000e+02
2.170000000000000000e+02
1.820000000000000000e+02
2.240000000000000000e+02
1.520000000000000000e+02
1.680000000000000000e+02
2.100000000000000000e+02
2.070000000000000000e+02
1.940000000000000000e+02
1.600000000000000000e+02
2.500000000000000000e+02
5.730000000000000000e+02
4.120000000000000000e+02
1.480000000000000000e+02
2.000000000000000000e+02
1.470000000000000000e+02
1.490000000000000000e+02
1.660000000000000000e+02
1.560000000000000000e+02
1.550000000000000000e+02
1.550000000000000000e+02
1.880000000000000000e+02
1.520000000000000000e+02
1.510000000000000000e+02
1.480000000000000000e+02
1.660000000000000000e+02
1.600000000000000000e+02
1.460000000000000000e+02
1.570000000000000000e+02
2.040000000000000000e+02
2.260000000000000000e+02
2.300000000000000000e+02
2.040000000000000000e+02
2.020000000000000000e+02
2.090000000000000000e+02
1.590000000000000000e+02
2.240000000000000000e+02
1.590000000000000000e+02
1.550000000000000000e+02
2.040000000000000000e+02
2.590000000000000000e+02
2.860000000000000000e+02
1.590000000000000000e+02
3.990000000000000000e+02
2.240000000000000000e+02
1.530000000000000000e+02
1.550000000000000000e+02
4.370000000000000000e+02
2.000000000000000000e+02
2.000000000000000000e+02
1.830000000000000000e+02
2.040000000000000000e+02
1.500000000000000000e+02
1.530000000000000000e+02
2.220000000000000000e+02
1.480000000000000000e+02
1.430000000000000000e+02
1.550000000000000000e+02
1.520000000000000000e+02
1.570000000000000000e+02
1.590000000000000000e+02
2.090000000000000000e+02
1.260000000000000000e+02
3.120000000000000000e+02
2.050000000000000000e+02
1.640000000000000000e+02
2.160000000000000000e+02
1.540000000000000000e+02
2.230000000000000000e+02
1.910000000000000000e+02
2.310000000000000000e+02
1.550000000000000000e+02
1.530000000000000000e+02
2.150000000000000000e+02
5.360000000000000000e+02
1.530000000000000000e+02
1.830000000000000000e+02
1.560000000000000000e+02
1.400000000000000000e+02
1.960000000000000000e+02
1.510000000000000000e+02
1.400000000000000000e+02
2.200000000000000000e+02
2.140000000000000000e+02
1.550000000000000000e+02
2.160000000000000000e+02
2.170000000000000000e+02
2.400000000000000000e+02
2.030000000000000000e+02
1.400000000000000000e+02
2.060000000000000000e+02
1.560000000000000000e+02
2.020000000000000000e+02
1.610000000000000000e+02
1.370000000000000000e+02
1.560000000000000000e+02
2.120000000000000000e+02
2.030000000000000000e+02
1.590000000000000000e+02
1.370000000000000000e+02
1.530000000000000000e+02
1.600000000000000000e+02
2.260000000000000000e+02
1.560000000000000000e+02
1.370000000000000000e+02
2.610000000000000000e+02
1.570000000000000000e+02
1.560000000000000000e+02
1.560000000000000000e+02
2.160000000000000000e+02
2.170000000000000000e+02
2.560000000000000000e+02
2.160000000000000000e+02
1.560000000000000000e+02
2.180000000000000000e+02
3.620000000000000000e+02
1.530000000000000000e+02
2.000000000000000000e+02
2.060000000000000000e+02
2.270000000000000000e+02
1.580000000000000000e+02
1.570000000000000000e+02
2.240000000000000000e+02
2.030000000000000000e+02
1.620000000000000000e+02
2.060000000000000000e+02
2.300000000000000000e+02
4.150000000000000000e+02
2.280000000000000000e+02
2.360000000000000000e+02
1.570000000000000000e+02
1.600000000000000000e+02
2.020000000000000000e+02
5.950000000000000000e+02
1.490000000000000000e+02
2.020000000000000000e+02
3.390000000000000000e+02
3.230000000000000000e+02
2.010000000000000000e+02
1.500000000000000000e+02
1.530000000000000000e+02
2.050000000000000000e+02
2.230000000000000000e+02
2.380000000000000000e+02
2.260000000000000000e+02
1.510000000000000000e+02
2.140000000000000000e+02
2.300000000000000000e+02
4.610000000000000000e+02
2.090000000000000000e+02
1.990000000000000000e+02
2.190000000000000000e+02
2.100000000000000000e+02
2.430000000000000000e+02
2.230000000000000000e+02
2.480000000000000000e+02
8.420000000000000000e+02
2.080000000000000000e+02
2.130000000000000000e+02
2.130000000000000000e+02
2.110000000000000000e+02
3.130000000000000000e+02
2.210000000000000000e+02
1.630000000000000000e+02
1.480000000000000000e+02
2.190000000000000000e+02
1.680000000000000000e+02
1.680000000000000000e+02
1.540000000000000000e+02
1.610000000000000000e+02
1.600000000000000000e+02
1.590000000000000000e+02
2.130000000000000000e+02
1.930000000000000000e+02
1.220000000000000000e+02
1.490000000000000000e+02
1.400000000000000000e+02
2.150000000000000000e+02
1.470000000000000000e+02
1.420000000000000000e+02
1.610000000000000000e+02
1.220000000000000000e+02
3.030000000000000000e+02
1.610000000000000000e+02
1.500000000000000000e+02
1.610000000000000000e+02
1.650000000000000000e+02
1.510000000000000000e+02
3.610000000000000000e+02
2.200000000000000000e+02
2.240000000000000000e+02
2.270000000000000000e+02
1.540000000000000000e+02
2.170000000000000000e+02
1.580000000000000000e+02
4.350000000000000000e+02
2.110000000000000000e+02
4.240000000000000000e+02
2.020000000000000000e+02
1.660000000000000000e+02
2.130000000000000000e+02
1.560000000000000000e+02
1.550000000000000000e+02
2.890000000000000000e+02
1.350000000000000000e+02
1.550000000000000000e+02
2.960000000000000000e+02
1.590000000000000000e+02
1.260000000000000000e+02
1.660000000000000000e+02
2.280000000000000000e+02
2.500000000000000000e+02
2.050000000000000000e+02
2.430000000000000000e+02
1.990000000000000000e+02
2.080000000000000000e+02
2.040000000000000000e+02
1.960000000000000000e+02
1.460000000000000000e+02
1.570000000000000000e+02
1.250000000000000000e+02
1.560000000000000000e+02
1.360000000000000000e+02
1.450000000000000000e+02
1.410000000000000000e+02
1.640000000000000000e+02
2.080000000000000000e+02
1.340000000000000000e+02
2.030000000000000000e+02
1.570000000000000000e+02
2.030000000000000000e+02
1.330000000000000000e+02
1.690000000000000000e+02
1.980000000000000000e+02
1.960000000000000000e+02
2.000000000000000000e+02
1.350000000000000000e+02
1.940000000000000000e+02
2.250000000000000000e+02
2.410000000000000000e+02
1.820000000000000000e+02
2.290000000000000000e+02
1.200000000000000000e+02
1.280000000000000000e+02
1.650000000000000000e+02
1.240000000000000000e+02
1.910000000000000000e+02
1.790000000000000000e+02
1.280000000000000000e+02
1.260000000000000000e+02
1.280000000000000000e+02
1.290000000000000000e+02
1.950000000000000000e+02
1.330000000000000000e+02
1.540000000000000000e+02
1.530000000000000000e+02
1.530000000000000000e+02
2.010000000000000000e+02
1.980000000000000000e+02
1.960000000000000000e+02
2.030000000000000000e+02
1.610000000000000000e+02
1.370000000000000000e+02
1.890000000000000000e+02
1.570000000000000000e+02
1.370000000000000000e+02
1.290000000000000000e+02
2.040000000000000000e+02
1.650000000000000000e+02
2.200000000000000000e+02
1.350000000000000000e+02
1.670000000000000000e+02
1.620000000000000000e+02
1.530000000000000000e+02
1.960000000000000000e+02
1.350000000000000000e+02
1.480000000000000000e+02
1.220000000000000000e+02
1.930000000000000000e+02
1.500000000000000000e+02
1.290000000000000000e+02
1.520000000000000000e+02
1.550000000000000000e+02
2.260000000000000000e+02
1.240000000000000000e+02
1.590000000000000000e+02
1.970000000000000000e+02
1.980000000000000000e+02
1.490000000000000000e+02
1.490000000000000000e+02
1.970000000000000000e+02
1.290000000000000000e+02
1.280000000000000000e+02
1.940000000000000000e+02
1.480000000000000000e+02
1.940000000000000000e+02
1.360000000000000000e+02
1.290000000000000000e+02
1.560000000000000000e+02
1.990000000000000000e+02
2.150000000000000000e+02
1.740000000000000000e+02
1.960000000000000000e+02
1.330000000000000000e+02
1.600000000000000000e+02
1.540000000000000000e+02
1.560000000000000000e+02
1.530000000000000000e+02
1.470000000000000000e+02
1.890000000000000000e+02
1.720000000000000000e+02
1.950000000000000000e+02
1.480000000000000000e+02
1.940000000000000000e+02
1.300000000000000000e+02
1.430000000000000000e+02
1.160000000000000000e+02
1.690000000000000000e+02
1.170000000000000000e+02
1.600000000000000000e+02
1.550000000000000000e+02
1.160000000000000000e+02
1.780000000000000000e+02
1.190000000000000000e+02
1.730000000000000000e+02
1.780000000000000000e+02
1.500000000000000000e+02
1.180000000000000000e+02
1.140000000000000000e+02
1.520000000000000000e+02
1.140000000000000000e+02
1.300000000000000000e+02
1.260000000000000000e+02
1.220000000000000000e+02
2.150000000000000000e+02
1.270000000000000000e+02
1.210000000000000000e+02
1.530000000000000000e+02
1.200000000000000000e+02
1.830000000000000000e+02
1.230000000000000000e+02
1.520000000000000000e+02
1.750000000000000000e+02
1.440000000000000000e+02
1.170000000000000000e+02
1.200000000000000000e+02
1.410000000000000000e+02
1.160000000000000000e+02
1.220000000000000000e+02
1.170000000000000000e+02
1.600000000000000000e+02
1.760000000000000000e+02
2.410000000000000000e+02
1.760000000000000000e+02
1.280000000000000000e+02
1.230000000000000000e+02
1.330000000000000000e+02
1.720000000000000000e+02
1.170000000000000000e+02
1.510000000000000000e+02
1.600000000000000000e+02
1.260000000000000000e+02
1.690000000000000000e+02
1.210000000000000000e+02
1.490000000000000000e+02
1.620000000000000000e+02
1.500000000000000000e+02
1.940000000000000000e+02
1.200000000000000000e+02
1.930000000000000000e+02
1.350000000000000000e+02
1.290000000000000000e+02
1.280000000000000000e+02
1.510000000000000000e+02
1.240000000000000000e+02
1.160000000000000000e+02
1.480000000000000000e+02
1.420000000000000000e+02
1.410000000000000000e+02
1.730000000000000000e+02
1.490000000000000000e+02
1.680000000000000000e+02
1.150000000000000000e+02
1.790000000000000000e+02
1.210000000000000000e+02
1.250000000000000000e+02
1.270000000000000000e+02
1.220000000000000000e+02
1.570000000000000000e+02
1.230000000000000000e+02
1.160000000000000000e+02
1.190000000000000000e+02
1.540000000000000000e+02
1.200000000000000000e+02
1.500000000000000000e+02
1.640000000000000000e+02
1.180000000000000000e+02
1.430000000000000000e+02
1.190000000000000000e+02
1.280000000000000000e+02
1.660000000000000000e+02
1.570000000000000000e+02
1.150000000000000000e+02
1.280000000000000000e+02
1.230000000000000000e+02
1.410000000000000000e+02
1.200000000000000000e+02
1.350000000000000000e+02
1.150000000000000000e+02
1.990000000000000000e+02
1.700000000000000000e+02
1.620000000000000000e+02
1.660000000000000000e+02
1.240000000000000000e+02
1.320000000000000000e+02
1.890000000000000000e+02
1.150000000000000000e+02
1.220000000000000000e+02
1.890000000000000000e+02
1.640000000000000000e+02
1.250000000000000000e+02
1.660000000000000000e+02
1.290000000000000000e+02
1.540000000000000000e+02
1.190000000000000000e+02
1.930000000000000000e+02
1.840000000000000000e+02
1.580000000000000000e+02
1.280000000000000000e+02
1.750000000000000000e+02
1.720000000000000000e+02
1.830000000000000000e+02
1.470000000000000000e+02
1.800000000000000000e+02
1.900000000000000000e+02
1.560000000000000000e+02
1.110000000000000000e+02
1.380000000000000000e+02
1.590000000000000000e+02
1.180000000000000000e+02
1.180000000000000000e+02
1.200000000000000000e+02
1.970000000000000000e+02
1.200000000000000000e+02
1.220000000000000000e+02
1.520000000000000000e+02
1.560000000000000000e+02
1.170000000000000000e+02
1.890000000000000000e+02
1.250000000000000000e+02
1.730000000000000000e+02
1.270000000000000000e+02
1.740000000000000000e+02
1.290000000000000000e+02
1.760000000000000000e+02
1.860000000000000000e+02
1.590000000000000000e+02
1.880000000000000000e+02
1.560000000000000000e+02
1.840000000000000000e+02
1.750000000000000000e+02
1.580000000000000000e+02
1.570000000000000000e+02
1.230000000000000000e+02
1.860000000000000000e+02
1.850000000000000000e+02
1.790000000000000000e+02
1.740000000000000000e+02
1.540000000000000000e+02
1.540000000000000000e+02
1.780000000000000000e+02
1.760000000000000000e+02
1.560000000000000000e+02
1.530000000000000000e+02
1.880000000000000000e+02
1.870000000000000000e+02
1.570000000000000000e+02
1.790000000000000000e+02
1.890000000000000000e+02
1.540000000000000000e+02
1.550000000000000000e+02
1.560000000000000000e+02
1.480000000000000000e+02
1.830000000000000000e+02
1.860000000000000000e+02
1.840000000000000000e+02
1.750000000000000000e+02
1.790000000000000000e+02
1.660000000000000000e+02
1.810000000000000000e+02
1.780000000000000000e+02
1.860000000000000000e+02
1.900000000000000000e+02
1.850000000000000000e+02
1.860000000000000000e+02
1.550000000000000000e+02
1.680000000000000000e+02
1.850000000000000000e+02
1.530000000000000000e+02
1.810000000000000000e+02
1.160000000000000000e+02
1.780000000000000000e+02
1.290000000000000000e+02
1.460000000000000000e+02
1.190000000000000000e+02
1.170000000000000000e+02
1.190000000000000000e+02
1.790000000000000000e+02
1.160000000000000000e+02
1.560000000000000000e+02
1.910000000000000000e+02
1.680000000000000000e+02
1.850000000000000000e+02
1.830000000000000000e+02
1.260000000000000000e+02
1.590000000000000000e+02
1.610000000000000000e+02
1.970000000000000000e+02
1.220000000000000000e+02
1.530000000000000000e+02
1.800000000000000000e+02
2.050000000000000000e+02
1.860000000000000000e+02
1.780000000000000000e+02
1.840000000000000000e+02
1.790000000000000000e+02
1.560000000000000000e+02
1.680000000000000000e+02
1.830000000000000000e+02
1.770000000000000000e+02
1.830000000000000000e+02
1.830000000000000000e+02
1.810000000000000000e+02
1.790000000000000000e+02
1.530000000000000000e+02
1.960000000000000000e+02
1.840000000000000000e+02
1.730000000000000000e+02
1.790000000000000000e+02
1.540000000000000000e+02
2.270000000000000000e+02
1.630000000000000000e+02
1.300000000000000000e+02
1.870000000000000000e+02
1.720000000000000000e+02
1.880000000000000000e+02
1.190000000000000000e+02
1.770000000000000000e+02
1.770000000000000000e+02
1.800000000000000000e+02
1.230000000000000000e+02
2.250000000000000000e+02
1.580000000000000000e+02
1.870000000000000000e+02
1.560000000000000000e+02
1.120000000000000000e+02
1.540000000000000000e+02
1.500000000000000000e+02
1.240000000000000000e+02
1.520000000000000000e+02
1.610000000000000000e+02
1.550000000000000000e+02
1.550000000000000000e+02
1.960000000000000000e+02
1.910000000000000000e+02
1.530000000000000000e+02
1.600000000000000000e+02
1.700000000000000000e+02
1.940000000000000000e+02
1.730000000000000000e+02
1.910000000000000000e+02
1.600000000000000000e+02
1.830000000000000000e+02
1.700000000000000000e+02
1.560000000000000000e+02
1.830000000000000000e+02
1.820000000000000000e+02
1.830000000000000000e+02
1.540000000000000000e+02
1.780000000000000000e+02
1.800000000000000000e+02
1.910000000000000000e+02
1.800000000000000000e+02
1.800000000000000000e+02
1.620000000000000000e+02
1.560000000000000000e+02
1.900000000000000000e+02
1.560000000000000000e+02
1.880000000000000000e+02
1.580000000000000000e+02
1.780000000000000000e+02
1.740000000000000000e+02
1.530000000000000000e+02
1.800000000000000000e+02
1.660000000000000000e+02
1.560000000000000000e+02
1.300000000000000000e+02
2.010000000000000000e+02
1.620000000000000000e+02
1.840000000000000000e+02
1.900000000000000000e+02
1.770000000000000000e+02
1.540000000000000000e+02
1.890000000000000000e+02
1.890000000000000000e+02
1.530000000000000000e+02
1.670000000000000000e+02
1.530000000000000000e+02
