5.317000000000000000e+03
3.403000000000000000e+03
8.506000000000000000e+03
9.288000000000000000e+03
2.579000000000000000e+03
1.708000000000000000e+03
1.107000000000000000e+03
1.870000000000000000e+03
3.692000000000000000e+03
1.491000000000000000e+03
1.017000000000000000e+03
7.350000000000000000e+03
7.040000000000000000e+03
7.097000000000000000e+03
9.037000000000000000e+03
6.975000000000000000e+03
3.358000000000000000e+03
2.458000000000000000e+03
4.773000000000000000e+03
4.688000000000000000e+03
3.270000000000000000e+03
4.010000000000000000e+03
2.485000000000000000e+03
3.076000000000000000e+03
2.421000000000000000e+03
1.620000000000000000e+03
6.218000000000000000e+03
2.445000000000000000e+03
2.453000000000000000e+03
2.824000000000000000e+03
3.352000000000000000e+03
1.735000000000000000e+03
1.342000000000000000e+03
1.415000000000000000e+03
4.815000000000000000e+03
1.751000000000000000e+03
1.106000000000000000e+03
8.950000000000000000e+02
7.470000000000000000e+02
3.903000000000000000e+03
1.513000000000000000e+03
6.104000000000000000e+03
3.378000000000000000e+03
2.813000000000000000e+03
8.370000000000000000e+02
2.660000000000000000e+03
2.609000000000000000e+03
3.046000000000000000e+03
2.577000000000000000e+03
6.860000000000000000e+02
1.558000000000000000e+03
1.065000000000000000e+03
1.296000000000000000e+03
1.108000000000000000e+03
9.560000000000000000e+02
6.180000000000000000e+02
1.903000000000000000e+03
9.900000000000000000e+02
8.520000000000000000e+02
9.500000000000000000e+02
6.340000000000000000e+02
1.106000000000000000e+03
7.790000000000000000e+02
5.770000000000000000e+02
7.230000000000000000e+02
7.690000000000000000e+02
3.393000000000000000e+03
1.039000000000000000e+03
5.720000000000000000e+02
1.547000000000000000e+03
1.043000000000000000e+03
9.780000000000000000e+02
4.790000000000000000e+02
7.440000000000000000e+02
8.760000000000000000e+02
9.480000000000000000e+02
7.880000000000000000e+02
5.060000000000000000e+02
4.110000000000000000e+02
6.370000000000000000e+02
5.760000000000000000e+02
6.550000000000000000e+02
1.131000000000000000e+03
1.237000000000000000e+03
7.640000000000000000e+02
6.800000000000000000e+02
4.970000000000000000e+02
7.930000000000000000e+02
5.140000000000000000e+02
4.090000000000000000e+02
5.660000000000000000e+02
9.760000000000000000e+02
8.480000000000000000e+02
5.190000000000000000e+02
1.246000000000000000e+03
9.230000000000000000e+02
4.300000000000000000e+02
4.930000000000000000e+02
1.076000000000000000e+03
8.810000000000000000e+02
4.270000000000000000e+02
5.450000000000000000e+02
7.700000000000000000e+02
1.036000000000000000e+03
4.260000000000000000e+02
4.870000000000000000e+02
4.580000000000000000e+02
6.430000000000000000e+02
3.210000000000000000e+02
8.060000000000000000e+02
4.150000000000000000e+02
1.059000000000000000e+03
8.650000000000000000e+02
3.440000000000000000e+02
7.080000000000000000e+02
7.910000000000000000e+02
5.820000000000000000e+02
4.140000000000000000e+02
4.310000000000000000e+02
4.100000000000000000e+02
2.470000000000000000e+02
9.230000000000000000e+02
1.106000000000000000e+03
4.070000000000000000e+02
6.150000000000000000e+02
3.980000000000000000e+02
4.050000000000000000e+02
4.610000000000000000e+02
4.640000000000000000e+02
6.330000000000000000e+02
6.920000000000000000e+02
8.700000000000000000e+02
5.990000000000000000e+02
1.244000000000000000e+03
2.380000000000000000e+02
5.940000000000000000e+02
2.480000000000000000e+02
6.360000000000000000e+02
3.250000000000000000e+02
2.460000000000000000e+02
4.920000000000000000e+02
7.810000000000000000e+02
3.480000000000000000e+02
3.730000000000000000e+02
2.420000000000000000e+02
2.440000000000000000e+02
4.250000000000000000e+02
3.310000000000000000e+02
4.250000000000000000e+02
3.260000000000000000e+02
4.030000000000000000e+02
3.170000000000000000e+02
7.080000000000000000e+02
3.980000000000000000e+02
3.230000000000000000e+02
3.520000000000000000e+02
2.260000000000000000e+02
3.990000000000000000e+02
2.380000000000000000e+02
3.890000000000000000e+02
4.150000000000000000e+02
2.680000000000000000e+02
3.140000000000000000e+02
2.300000000000000000e+02
2.730000000000000000e+02
1.730000000000000000e+02
2.340000000000000000e+02
3.130000000000000000e+02
2.300000000000000000e+02
2.560000000000000000e+02
3.160000000000000000e+02
3.880000000000000000e+02
2.850000000000000000e+02
2.860000000000000000e+02
2.380000000000000000e+02
3.020000000000000000e+02
2.850000000000000000e+02
2.710000000000000000e+02
3.130000000000000000e+02
3.150000000000000000e+02
3.080000000000000000e+02
2.260000000000000000e+02
2.990000000000000000e+02
2.420000000000000000e+02
1.970000000000000000e+02
3.700000000000000000e+02
2.360000000000000000e+02
2.830000000000000000e+02
3.130000000000000000e+02
2.210000000000000000e+02
2.330000000000000000e+02
3.150000000000000000e+02
2.250000000000000000e+02
3.090000000000000000e+02
2.430000000000000000e+02
3.010000000000000000e+02
2.300000000000000000e+02
3.040000000000000000e+02
3.640000000000000000e+02
2.330000000000000000e+02
2.300000000000000000e+02
2.370000000000000000e+02
2.270000000000000000e+02
2.540000000000000000e+02
2.310000000000000000e+02
1.940000000000000000e+02
2.350000000000000000e+02
2.430000000000000000e+02
1.620000000000000000e+02
2.310000000000000000e+02
2.360000000000000000e+02
2.300000000000000000e+02
2.270000000000000000e+02
3.430000000000000000e+02
3.140000000000000000e+02
1.960000000000000000e+02
2.340000000000000000e+02
2.420000000000000000e+02
2.350000000000000000e+02
2.500000000000000000e+02
2.980000000000000000e+02
1.990000000000000000e+02
2.350000000000000000e+02
2.420000000000000000e+02
3.040000000000000000e+02
3.180000000000000000e+02
2.090000000000000000e+02
2.390000000000000000e+02
2.320000000000000000e+02
2.830000000000000000e+02
2.290000000000000000e+02
2.300000000000000000e+02
2.340000000000000000e+02
2.420000000000000000e+02
3.020000000000000000e+02
2.300000000000000000e+02
3.300000000000000000e+02
2.510000000000000000e+02
2.690000000000000000e+02
2.340000000000000000e+02
2.320000000000000000e+02
2.570000000000000000e+02
2.840000000000000000e+02
2.280000000000000000e+02
3.180000000000000000e+02
3.420000000000000000e+02
2.680000000000000000e+02
2.830000000000000000e+02
2.380000000000000000e+02
2.190000000000000000e+02
2.860000000000000000e+02
3.020000000000000000e+02
1.990000000000000000e+02
2.140000000000000000e+02
3.020000000000000000e+02
1.990000000000000000e+02
3.530000000000000000e+02
3.060000000000000000e+02
2.320000000000000000e+02
1.940000000000000000e+02
2.260000000000000000e+02
2.550000000000000000e+02
1.630000000000000000e+02
3.470000000000000000e+02
1.560000000000000000e+02
2.370000000000000000e+02
2.450000000000000000e+02
3.010000000000000000e+02
2.010000000000000000e+02
2.410000000000000000e+02
1.760000000000000000e+02
3.050000000000000000e+02
2.310000000000000000e+02
1.740000000000000000e+02
3.080000000000000000e+02
3.080000000000000000e+02
2.790000000000000000e+02
2.250000000000000000e+02
1.920000000000000000e+02
1.590000000000000000e+02
2.180000000000000000e+02
1.540000000000000000e+02
2.120000000000000000e+02
2.700000000000000000e+02
2.980000000000000000e+02
1.940000000000000000e+02
2.370000000000000000e+02
2.560000000000000000e+02
5.780000000000000000e+02
2.400000000000000000e+02
3.010000000000000000e+02
3.420000000000000000e+02
2.330000000000000000e+02
2.180000000000000000e+02
1.720000000000000000e+02
1.670000000000000000e+02
2.900000000000000000e+02
2.450000000000000000e+02
1.490000000000000000e+02
3.050000000000000000e+02
2.550000000000000000e+02
2.250000000000000000e+02
2.350000000000000000e+02
2.430000000000000000e+02
2.050000000000000000e+02
2.410000000000000000e+02
2.710000000000000000e+02
2.180000000000000000e+02
2.400000000000000000e+02
1.670000000000000000e+02
2.780000000000000000e+02
2.230000000000000000e+02
2.310000000000000000e+02
1.610000000000000000e+02
2.700000000000000000e+02
2.290000000000000000e+02
2.300000000000000000e+02
1.710000000000000000e+02
2.210000000000000000e+02
1.810000000000000000e+02
2.290000000000000000e+02
1.650000000000000000e+02
1.890000000000000000e+02
2.240000000000000000e+02
2.350000000000000000e+02
1.570000000000000000e+02
2.460000000000000000e+02
2.440000000000000000e+02
1.690000000000000000e+02
1.600000000000000000e+02
1.920000000000000000e+02
1.480000000000000000e+02
1.680000000000000000e+02
2.300000000000000000e+02
2.250000000000000000e+02
1.510000000000000000e+02
1.510000000000000000e+02
1.910000000000000000e+02
1.520000000000000000e+02
2.370000000000000000e+02
2.200000000000000000e+02
1.890000000000000000e+02
2.360000000000000000e+02
1.830000000000000000e+02
1.380000000000000000e+02
1.550000000000000000e+02
2.210000000000000000e+02
1.660000000000000000e+02
1.520000000000000000e+02
1.580000000000000000e+02
2.370000000000000000e+02
1.540000000000000000e+02
1.490000000000000000e+02
1.550000000000000000e+02
1.530000000000000000e+02
2.420000000000000000e+02
1.550000000000000000e+02
1.620000000000000000e+02
1.990000000000000000e+02
1.650000000000000000e+02
1.530000000000000000e+02
1.650000000000000000e+02
1.660000000000000000e+02
2.310000000000000000e+02
1.980000000000000000e+02
1.600000000000000000e+02
1.650000000000000000e+02
1.870000000000000000e+02
1.550000000000000000e+02
1.930000000000000000e+02
1.590000000000000000e+02
1.850000000000000000e+02
1.580000000000000000e+02
1.580000000000000000e+02
1.710000000000000000e+02
2.490000000000000000e+02
1.940000000000000000e+02
2.660000000000000000e+02
2.570000000000000000e+02
1.900000000000000000e+02
2.290000000000000000e+02
2.370000000000000000e+02
2.300000000000000000e+02
2.390000000000000000e+02
2.220000000000000000e+02
2.830000000000000000e+02
2.460000000000000000e+02
1.500000000000000000e+02
1.470000000000000000e+02
1.800000000000000000e+02
1.600000000000000000e+02
2.450000000000000000e+02
2.570000000000000000e+02
2.560000000000000000e+02
1.410000000000000000e+02
1.500000000000000000e+02
1.860000000000000000e+02
2.760000000000000000e+02
2.250000000000000000e+02
2.290000000000000000e+02
2.250000000000000000e+02
2.530000000000000000e+02
1.940000000000000000e+02
1.720000000000000000e+02
2.310000000000000000e+02
2.250000000000000000e+02
1.910000000000000000e+02
2.250000000000000000e+02
2.320000000000000000e+02
2.260000000000000000e+02
2.000000000000000000e+02
2.290000000000000000e+02
2.280000000000000000e+02
2.320000000000000000e+02
2.250000000000000000e+02
1.990000000000000000e+02
2.310000000000000000e+02
2.280000000000000000e+02
2.400000000000000000e+02
2.380000000000000000e+02
2.400000000000000000e+02
2.280000000000000000e+02
2.440000000000000000e+02
2.300000000000000000e+02
2.350000000000000000e+02
1.660000000000000000e+02
2.360000000000000000e+02
2.360000000000000000e+02
1.630000000000000000e+02
2.330000000000000000e+02
2.280000000000000000e+02
1.620000000000000000e+02
2.140000000000000000e+02
2.340000000000000000e+02
2.350000000000000000e+02
2.470000000000000000e+02
2.140000000000000000e+02
2.230000000000000000e+02
2.340000000000000000e+02
1.600000000000000000e+02
1.970000000000000000e+02
2.290000000000000000e+02
1.670000000000000000e+02
2.430000000000000000e+02
2.190000000000000000e+02
2.180000000000000000e+02
2.310000000000000000e+02
2.390000000000000000e+02
2.350000000000000000e+02
1.640000000000000000e+02
1.970000000000000000e+02
1.670000000000000000e+02
2.040000000000000000e+02
1.620000000000000000e+02
2.000000000000000000e+02
1.940000000000000000e+02
2.360000000000000000e+02
2.700000000000000000e+02
2.190000000000000000e+02
2.210000000000000000e+02
2.330000000000000000e+02
2.250000000000000000e+02
2.210000000000000000e+02
2.210000000000000000e+02
1.600000000000000000e+02
1.920000000000000000e+02
2.170000000000000000e+02
1.960000000000000000e+02
2.830000000000000000e+02
2.200000000000000000e+02
1.920000000000000000e+02
1.950000000000000000e+02
1.590000000000000000e+02
1.970000000000000000e+02
2.290000000000000000e+02
2.090000000000000000e+02
1.580000000000000000e+02
2.300000000000000000e+02
1.850000000000000000e+02
1.660000000000000000e+02
2.070000000000000000e+02
2.390000000000000000e+02
2.130000000000000000e+02
2.260000000000000000e+02
2.730000000000000000e+02
2.970000000000000000e+02
2.560000000000000000e+02
2.160000000000000000e+02
1.580000000000000000e+02
2.100000000000000000e+02
1.610000000000000000e+02
2.610000000000000000e+02
1.580000000000000000e+02
2.390000000000000000e+02
1.530000000000000000e+02
1.910000000000000000e+02
2.890000000000000000e+02
1.860000000000000000e+02
1.610000000000000000e+02
1.670000000000000000e+02
2.100000000000000000e+02
1.810000000000000000e+02
2.150000000000000000e+02
2.130000000000000000e+02
2.090000000000000000e+02
2.440000000000000000e+02
2.200000000000000000e+02
1.920000000000000000e+02
2.170000000000000000e+02
2.100000000000000000e+02
1.860000000000000000e+02
2.130000000000000000e+02
2.130000000000000000e+02
5.080000000000000000e+02
2.200000000000000000e+02
2.140000000000000000e+02
1.349000000000000000e+03
1.660000000000000000e+02
1.620000000000000000e+02
1.950000000000000000e+02
1.640000000000000000e+02
2.280000000000000000e+02
1.870000000000000000e+02
1.550000000000000000e+02
1.900000000000000000e+02
1.560000000000000000e+02
2.310000000000000000e+02
2.050000000000000000e+02
2.140000000000000000e+02
2.480000000000000000e+02
2.390000000000000000e+02
1.570000000000000000e+02
2.230000000000000000e+02
2.280000000000000000e+02
2.140000000000000000e+02
1.540000000000000000e+02
1.480000000000000000e+02
1.520000000000000000e+02
2.190000000000000000e+02
1.500000000000000000e+02
1.480000000000000000e+02
1.480000000000000000e+02
1.500000000000000000e+02
1.520000000000000000e+02
2.320000000000000000e+02
2.460000000000000000e+02
1.550000000000000000e+02
1.890000000000000000e+02
1.550000000000000000e+02
1.620000000000000000e+02
1.610000000000000000e+02
1.540000000000000000e+02
1.620000000000000000e+02
1.520000000000000000e+02
1.570000000000000000e+02
2.260000000000000000e+02
1.860000000000000000e+02
2.320000000000000000e+02
1.530000000000000000e+02
2.110000000000000000e+02
1.600000000000000000e+02
1.510000000000000000e+02
2.190000000000000000e+02
1.560000000000000000e+02
1.830000000000000000e+02
1.520000000000000000e+02
2.330000000000000000e+02
1.740000000000000000e+02
2.270000000000000000e+02
1.460000000000000000e+02
1.790000000000000000e+02
1.580000000000000000e+02
1.510000000000000000e+02
1.860000000000000000e+02
2.130000000000000000e+02
1.880000000000000000e+02
1.670000000000000000e+02
1.510000000000000000e+02
1.850000000000000000e+02
1.520000000000000000e+02
2.280000000000000000e+02
1.480000000000000000e+02
1.870000000000000000e+02
1.840000000000000000e+02
2.200000000000000000e+02
1.530000000000000000e+02
1.540000000000000000e+02
2.110000000000000000e+02
2.250000000000000000e+02
1.460000000000000000e+02
1.930000000000000000e+02
1.610000000000000000e+02
1.520000000000000000e+02
1.480000000000000000e+02
1.480000000000000000e+02
1.490000000000000000e+02
1.500000000000000000e+02
1.920000000000000000e+02
1.560000000000000000e+02
1.540000000000000000e+02
1.950000000000000000e+02
1.600000000000000000e+02
1.600000000000000000e+02
1.710000000000000000e+02
1.600000000000000000e+02
2.380000000000000000e+02
1.470000000000000000e+02
1.580000000000000000e+02
1.520000000000000000e+02
1.490000000000000000e+02
1.560000000000000000e+02
1.860000000000000000e+02
1.580000000000000000e+02
1.520000000000000000e+02
1.520000000000000000e+02
1.510000000000000000e+02
2.110000000000000000e+02
1.510000000000000000e+02
1.510000000000000000e+02
1.830000000000000000e+02
1.590000000000000000e+02
1.530000000000000000e+02
1.620000000000000000e+02
1.450000000000000000e+02
1.620000000000000000e+02
1.550000000000000000e+02
1.480000000000000000e+02
1.890000000000000000e+02
1.500000000000000000e+02
2.310000000000000000e+02
1.920000000000000000e+02
1.610000000000000000e+02
1.580000000000000000e+02
1.570000000000000000e+02
1.580000000000000000e+02
1.520000000000000000e+02
1.850000000000000000e+02
1.520000000000000000e+02
1.500000000000000000e+02
1.610000000000000000e+02
2.260000000000000000e+02
1.910000000000000000e+02
1.540000000000000000e+02
1.610000000000000000e+02
1.630000000000000000e+02
1.540000000000000000e+02
1.550000000000000000e+02
1.520000000000000000e+02
1.470000000000000000e+02
1.630000000000000000e+02
1.480000000000000000e+02
1.600000000000000000e+02
1.540000000000000000e+02
1.540000000000000000e+02
1.590000000000000000e+02
2.250000000000000000e+02
1.450000000000000000e+02
1.610000000000000000e+02
1.910000000000000000e+02
1.580000000000000000e+02
1.550000000000000000e+02
1.890000000000000000e+02
1.870000000000000000e+02
1.570000000000000000e+02
1.900000000000000000e+02
1.580000000000000000e+02
1.540000000000000000e+02
1.480000000000000000e+02
1.450000000000000000e+02
1.860000000000000000e+02
1.650000000000000000e+02
1.620000000000000000e+02
1.450000000000000000e+02
1.610000000000000000e+02
1.440000000000000000e+02
1.480000000000000000e+02
1.550000000000000000e+02
1.940000000000000000e+02
1.910000000000000000e+02
1.510000000000000000e+02
1.650000000000000000e+02
1.600000000000000000e+02
1.580000000000000000e+02
1.540000000000000000e+02
1.830000000000000000e+02
1.490000000000000000e+02
1.880000000000000000e+02
1.590000000000000000e+02
1.570000000000000000e+02
2.310000000000000000e+02
1.540000000000000000e+02
1.510000000000000000e+02
1.880000000000000000e+02
1.550000000000000000e+02
1.580000000000000000e+02
1.540000000000000000e+02
1.910000000000000000e+02
1.630000000000000000e+02
2.340000000000000000e+02
1.550000000000000000e+02
1.570000000000000000e+02
1.510000000000000000e+02
1.510000000000000000e+02
1.850000000000000000e+02
1.600000000000000000e+02
1.560000000000000000e+02
1.490000000000000000e+02
1.590000000000000000e+02
2.020000000000000000e+02
1.580000000000000000e+02
1.560000000000000000e+02
1.510000000000000000e+02
1.490000000000000000e+02
1.480000000000000000e+02
1.480000000000000000e+02
1.590000000000000000e+02
1.600000000000000000e+02
1.540000000000000000e+02
1.540000000000000000e+02
1.890000000000000000e+02
1.510000000000000000e+02
1.590000000000000000e+02
1.560000000000000000e+02
2.180000000000000000e+02
1.530000000000000000e+02
1.910000000000000000e+02
1.520000000000000000e+02
1.520000000000000000e+02
1.510000000000000000e+02
1.600000000000000000e+02
1.510000000000000000e+02
2.670000000000000000e+02
1.640000000000000000e+02
1.510000000000000000e+02
1.540000000000000000e+02
1.570000000000000000e+02
1.480000000000000000e+02
1.950000000000000000e+02
1.520000000000000000e+02
1.520000000000000000e+02
1.510000000000000000e+02
1.550000000000000000e+02
1.420000000000000000e+02
1.440000000000000000e+02
1.840000000000000000e+02
1.490000000000000000e+02
1.470000000000000000e+02
1.410000000000000000e+02
1.530000000000000000e+02
1.510000000000000000e+02
1.560000000000000000e+02
1.510000000000000000e+02
1.500000000000000000e+02
1.860000000000000000e+02
1.640000000000000000e+02
1.510000000000000000e+02
1.650000000000000000e+02
1.540000000000000000e+02
1.890000000000000000e+02
1.530000000000000000e+02
1.910000000000000000e+02
1.540000000000000000e+02
1.530000000000000000e+02
1.900000000000000000e+02
1.550000000000000000e+02
1.510000000000000000e+02
1.480000000000000000e+02
1.860000000000000000e+02
1.510000000000000000e+02
1.510000000000000000e+02
1.540000000000000000e+02
1.500000000000000000e+02
1.920000000000000000e+02
1.570000000000000000e+02
1.480000000000000000e+02
1.530000000000000000e+02
1.640000000000000000e+02
1.590000000000000000e+02
1.510000000000000000e+02
2.960000000000000000e+02
1.600000000000000000e+02
1.530000000000000000e+02
1.530000000000000000e+02
1.900000000000000000e+02
1.590000000000000000e+02
1.310000000000000000e+02
1.610000000000000000e+02
1.510000000000000000e+02
1.470000000000000000e+02
1.500000000000000000e+02
1.650000000000000000e+02
1.610000000000000000e+02
1.590000000000000000e+02
1.580000000000000000e+02
2.090000000000000000e+02
2.010000000000000000e+02
1.580000000000000000e+02
1.550000000000000000e+02
1.520000000000000000e+02
1.450000000000000000e+02
1.520000000000000000e+02
1.970000000000000000e+02
1.560000000000000000e+02
1.600000000000000000e+02
1.620000000000000000e+02
1.960000000000000000e+02
1.600000000000000000e+02
1.570000000000000000e+02
1.420000000000000000e+02
1.540000000000000000e+02
1.500000000000000000e+02
1.490000000000000000e+02
1.550000000000000000e+02
1.500000000000000000e+02
1.610000000000000000e+02
1.560000000000000000e+02
1.870000000000000000e+02
1.570000000000000000e+02
1.510000000000000000e+02
1.560000000000000000e+02
1.550000000000000000e+02
1.900000000000000000e+02
1.570000000000000000e+02
1.880000000000000000e+02
1.610000000000000000e+02
1.550000000000000000e+02
1.560000000000000000e+02
1.570000000000000000e+02
1.520000000000000000e+02
1.530000000000000000e+02
1.940000000000000000e+02
1.590000000000000000e+02
1.410000000000000000e+02
1.450000000000000000e+02
1.510000000000000000e+02
1.560000000000000000e+02
1.560000000000000000e+02
1.520000000000000000e+02
1.460000000000000000e+02
1.560000000000000000e+02
1.520000000000000000e+02
1.610000000000000000e+02
1.590000000000000000e+02
1.560000000000000000e+02
1.910000000000000000e+02
1.550000000000000000e+02
1.520000000000000000e+02
1.410000000000000000e+02
1.560000000000000000e+02
1.540000000000000000e+02
1.530000000000000000e+02
1.500000000000000000e+02
2.020000000000000000e+02
1.500000000000000000e+02
1.900000000000000000e+02
1.460000000000000000e+02
1.520000000000000000e+02
1.550000000000000000e+02
1.560000000000000000e+02
1.860000000000000000e+02
1.530000000000000000e+02
1.520000000000000000e+02
1.520000000000000000e+02
1.540000000000000000e+02
1.540000000000000000e+02
1.540000000000000000e+02
1.570000000000000000e+02
1.980000000000000000e+02
1.540000000000000000e+02
1.460000000000000000e+02
1.630000000000000000e+02
1.480000000000000000e+02
1.590000000000000000e+02
1.530000000000000000e+02
1.920000000000000000e+02
1.550000000000000000e+02
1.900000000000000000e+02
1.480000000000000000e+02
1.540000000000000000e+02
1.510000000000000000e+02
1.560000000000000000e+02
1.590000000000000000e+02
1.600000000000000000e+02
2.380000000000000000e+02
1.640000000000000000e+02
1.950000000000000000e+02
1.510000000000000000e+02
1.910000000000000000e+02
1.530000000000000000e+02
1.560000000000000000e+02
1.610000000000000000e+02
1.590000000000000000e+02
1.980000000000000000e+02
1.490000000000000000e+02
1.550000000000000000e+02
1.480000000000000000e+02
1.440000000000000000e+02
1.560000000000000000e+02
1.500000000000000000e+02
1.390000000000000000e+02
1.490000000000000000e+02
1.560000000000000000e+02
1.920000000000000000e+02
1.590000000000000000e+02
1.480000000000000000e+02
1.910000000000000000e+02
1.540000000000000000e+02
1.940000000000000000e+02
1.550000000000000000e+02
1.960000000000000000e+02
1.590000000000000000e+02
2.640000000000000000e+02
1.560000000000000000e+02
1.550000000000000000e+02
1.530000000000000000e+02
1.380000000000000000e+02
1.900000000000000000e+02
1.540000000000000000e+02
1.540000000000000000e+02
1.880000000000000000e+02
1.540000000000000000e+02
1.460000000000000000e+02
1.920000000000000000e+02
1.610000000000000000e+02
1.590000000000000000e+02
1.630000000000000000e+02
2.030000000000000000e+02
1.570000000000000000e+02
1.620000000000000000e+02
1.540000000000000000e+02
1.590000000000000000e+02
1.480000000000000000e+02
1.500000000000000000e+02
1.910000000000000000e+02
1.410000000000000000e+02
1.520000000000000000e+02
1.660000000000000000e+02
1.540000000000000000e+02
2.010000000000000000e+02
1.570000000000000000e+02
1.520000000000000000e+02
1.540000000000000000e+02
1.590000000000000000e+02
1.580000000000000000e+02
1.580000000000000000e+02
1.450000000000000000e+02
1.990000000000000000e+02
1.540000000000000000e+02
1.560000000000000000e+02
1.550000000000000000e+02
1.560000000000000000e+02
1.500000000000000000e+02
1.590000000000000000e+02
1.520000000000000000e+02
1.460000000000000000e+02
2.020000000000000000e+02
1.500000000000000000e+02
1.460000000000000000e+02
1.540000000000000000e+02
1.590000000000000000e+02
1.530000000000000000e+02
1.520000000000000000e+02
1.570000000000000000e+02
1.510000000000000000e+02
1.630000000000000000e+02
2.110000000000000000e+02
1.640000000000000000e+02
1.240000000000000000e+02
1.580000000000000000e+02
1.520000000000000000e+02
1.950000000000000000e+02
1.430000000000000000e+02
1.960000000000000000e+02
1.560000000000000000e+02
1.510000000000000000e+02
1.240000000000000000e+02
1.510000000000000000e+02
1.550000000000000000e+02
1.560000000000000000e+02
2.000000000000000000e+02
1.580000000000000000e+02
1.530000000000000000e+02
1.550000000000000000e+02
1.540000000000000000e+02
1.560000000000000000e+02
1.520000000000000000e+02
1.550000000000000000e+02
1.510000000000000000e+02
