8.897000000000000000e+03
4.219000000000000000e+03
2.328000000000000000e+03
1.967000000000000000e+03
5.043000000000000000e+03
2.898000000000000000e+03
7.640000000000000000e+02
6.250000000000000000e+02
1.109000000000000000e+03
3.222000000000000000e+03
3.730000000000000000e+02
5.910000000000000000e+02
6.390000000000000000e+02
5.990000000000000000e+02
1.324000000000000000e+03
1.011000000000000000e+03
6.840000000000000000e+02
1.115000000000000000e+03
1.889000000000000000e+03
2.430000000000000000e+02
1.199000000000000000e+03
9.560000000000000000e+02
6.310000000000000000e+02
3.340000000000000000e+02
2.646000000000000000e+03
1.060000000000000000e+03
8.510000000000000000e+02
1.500000000000000000e+03
1.072000000000000000e+03
8.120000000000000000e+02
1.036000000000000000e+03
7.660000000000000000e+02
8.190000000000000000e+02
7.260000000000000000e+02
4.390000000000000000e+02
8.460000000000000000e+02
6.280000000000000000e+02
4.680000000000000000e+02
9.530000000000000000e+02
6.210000000000000000e+02
1.399000000000000000e+03
5.530000000000000000e+02
4.160000000000000000e+02
7.670000000000000000e+02
4.980000000000000000e+02
7.600000000000000000e+02
4.590000000000000000e+02
5.430000000000000000e+02
9.250000000000000000e+02
4.006000000000000000e+03
6.880000000000000000e+02
6.080000000000000000e+02
2.817000000000000000e+03
6.206000000000000000e+03
1.100000000000000000e+03
9.240000000000000000e+02
9.180000000000000000e+02
6.320000000000000000e+02
1.054000000000000000e+03
4.590000000000000000e+02
8.780000000000000000e+02
1.666000000000000000e+03
7.080000000000000000e+02
1.485000000000000000e+03
4.810000000000000000e+02
7.520000000000000000e+02
1.049000000000000000e+03
4.090000000000000000e+02
8.590000000000000000e+02
5.200000000000000000e+02
5.180000000000000000e+02
1.401000000000000000e+03
1.132000000000000000e+03
6.220000000000000000e+02
4.150000000000000000e+02
4.240000000000000000e+02
2.850000000000000000e+02
1.467000000000000000e+03
3.130000000000000000e+02
4.870000000000000000e+02
2.550000000000000000e+02
5.890000000000000000e+02
3.970000000000000000e+02
5.020000000000000000e+02
5.070000000000000000e+02
3.560000000000000000e+02
3.890000000000000000e+02
4.870000000000000000e+02
3.960000000000000000e+02
5.780000000000000000e+02
3.130000000000000000e+02
3.860000000000000000e+02
3.630000000000000000e+02
4.460000000000000000e+02
3.170000000000000000e+02
3.120000000000000000e+02
4.760000000000000000e+02
5.220000000000000000e+02
5.910000000000000000e+02
7.330000000000000000e+02
3.820000000000000000e+02
3.720000000000000000e+02
6.550000000000000000e+02
2.700000000000000000e+02
2.550000000000000000e+02
2.390000000000000000e+02
3.160000000000000000e+02
3.460000000000000000e+02
3.800000000000000000e+02
3.070000000000000000e+02
2.490000000000000000e+02
3.720000000000000000e+02
3.360000000000000000e+02
2.380000000000000000e+02
3.840000000000000000e+02
3.100000000000000000e+02
8.920000000000000000e+02
4.830000000000000000e+02
2.290000000000000000e+02
1.930000000000000000e+02
2.550000000000000000e+02
1.650000000000000000e+02
4.180000000000000000e+02
1.860000000000000000e+02
4.020000000000000000e+02
4.290000000000000000e+02
4.520000000000000000e+02
3.220000000000000000e+02
4.380000000000000000e+02
3.190000000000000000e+02
5.280000000000000000e+02
4.750000000000000000e+02
4.130000000000000000e+02
4.300000000000000000e+02
5.490000000000000000e+02
3.050000000000000000e+02
2.370000000000000000e+02
2.780000000000000000e+02
3.010000000000000000e+02
2.450000000000000000e+02
2.440000000000000000e+02
3.590000000000000000e+02
2.440000000000000000e+02
2.270000000000000000e+02
3.050000000000000000e+02
2.470000000000000000e+02
2.230000000000000000e+02
4.720000000000000000e+02
2.830000000000000000e+02
2.930000000000000000e+02
2.380000000000000000e+02
3.120000000000000000e+02
2.870000000000000000e+02
2.410000000000000000e+02
3.420000000000000000e+02
2.390000000000000000e+02
3.810000000000000000e+02
3.950000000000000000e+02
3.540000000000000000e+02
2.280000000000000000e+02
2.490000000000000000e+02
2.420000000000000000e+02
4.580000000000000000e+02
2.850000000000000000e+02
2.360000000000000000e+02
4.700000000000000000e+02
2.990000000000000000e+02
2.080000000000000000e+02
3.520000000000000000e+02
2.220000000000000000e+02
2.190000000000000000e+02
4.700000000000000000e+02
4.110000000000000000e+02
2.180000000000000000e+02
2.970000000000000000e+02
1.810000000000000000e+02
3.380000000000000000e+02
3.040000000000000000e+02
4.920000000000000000e+02
2.550000000000000000e+02
2.500000000000000000e+02
2.020000000000000000e+02
2.920000000000000000e+02
3.160000000000000000e+02
4.400000000000000000e+02
3.090000000000000000e+02
4.220000000000000000e+02
3.220000000000000000e+02
2.470000000000000000e+02
5.450000000000000000e+02
2.560000000000000000e+02
8.790000000000000000e+02
2.480000000000000000e+02
1.710000000000000000e+02
2.940000000000000000e+02
1.640000000000000000e+02
2.520000000000000000e+02
1.620000000000000000e+02
3.040000000000000000e+02
2.610000000000000000e+02
3.200000000000000000e+02
1.670000000000000000e+02
3.470000000000000000e+02
3.060000000000000000e+02
2.560000000000000000e+02
2.780000000000000000e+02
6.730000000000000000e+02
3.220000000000000000e+02
3.280000000000000000e+02
2.980000000000000000e+02
2.950000000000000000e+02
2.420000000000000000e+02
2.460000000000000000e+02
2.700000000000000000e+02
3.240000000000000000e+02
2.400000000000000000e+02
4.060000000000000000e+02
2.300000000000000000e+02
8.180000000000000000e+02
4.320000000000000000e+02
2.370000000000000000e+02
4.090000000000000000e+02
2.340000000000000000e+02
1.960000000000000000e+02
1.950000000000000000e+02
4.300000000000000000e+02
3.110000000000000000e+02
2.400000000000000000e+02
2.160000000000000000e+02
4.400000000000000000e+02
2.440000000000000000e+02
2.140000000000000000e+02
5.900000000000000000e+02
2.380000000000000000e+02
3.080000000000000000e+02
2.270000000000000000e+02
4.300000000000000000e+02
2.630000000000000000e+02
2.600000000000000000e+02
2.450000000000000000e+02
1.690000000000000000e+02
1.630000000000000000e+02
1.610000000000000000e+02
1.600000000000000000e+02
1.550000000000000000e+02
1.700000000000000000e+02
1.520000000000000000e+02
1.540000000000000000e+02
2.220000000000000000e+02
2.210000000000000000e+02
1.600000000000000000e+02
2.220000000000000000e+02
2.160000000000000000e+02
2.490000000000000000e+02
2.160000000000000000e+02
2.480000000000000000e+02
1.550000000000000000e+02
2.410000000000000000e+02
1.650000000000000000e+02
1.700000000000000000e+02
2.260000000000000000e+02
2.500000000000000000e+02
2.270000000000000000e+02
1.980000000000000000e+02
2.430000000000000000e+02
2.380000000000000000e+02
2.660000000000000000e+02
2.320000000000000000e+02
2.300000000000000000e+02
1.560000000000000000e+02
1.770000000000000000e+02
2.110000000000000000e+02
2.870000000000000000e+02
1.590000000000000000e+02
2.370000000000000000e+02
1.590000000000000000e+02
1.650000000000000000e+02
2.350000000000000000e+02
1.570000000000000000e+02
2.440000000000000000e+02
2.410000000000000000e+02
1.720000000000000000e+02
1.720000000000000000e+02
2.390000000000000000e+02
2.470000000000000000e+02
2.550000000000000000e+02
1.720000000000000000e+02
2.600000000000000000e+02
1.670000000000000000e+02
1.650000000000000000e+02
2.380000000000000000e+02
2.530000000000000000e+02
2.420000000000000000e+02
2.510000000000000000e+02
2.580000000000000000e+02
1.790000000000000000e+02
1.810000000000000000e+02
2.470000000000000000e+02
2.520000000000000000e+02
2.430000000000000000e+02
2.510000000000000000e+02
1.750000000000000000e+02
1.760000000000000000e+02
1.630000000000000000e+02
1.850000000000000000e+02
2.520000000000000000e+02
2.570000000000000000e+02
2.460000000000000000e+02
1.610000000000000000e+02
2.590000000000000000e+02
1.580000000000000000e+02
1.700000000000000000e+02
1.630000000000000000e+02
1.690000000000000000e+02
1.730000000000000000e+02
2.340000000000000000e+02
2.410000000000000000e+02
2.290000000000000000e+02
2.450000000000000000e+02
2.460000000000000000e+02
1.660000000000000000e+02
1.740000000000000000e+02
2.490000000000000000e+02
2.370000000000000000e+02
2.590000000000000000e+02
2.320000000000000000e+02
4.160000000000000000e+02
2.330000000000000000e+02
2.650000000000000000e+02
1.760000000000000000e+02
2.320000000000000000e+02
2.360000000000000000e+02
2.240000000000000000e+02
2.520000000000000000e+02
2.460000000000000000e+02
2.400000000000000000e+02
2.470000000000000000e+02
2.430000000000000000e+02
2.420000000000000000e+02
2.330000000000000000e+02
1.740000000000000000e+02
2.360000000000000000e+02
2.230000000000000000e+02
2.230000000000000000e+02
2.480000000000000000e+02
2.260000000000000000e+02
2.230000000000000000e+02
2.300000000000000000e+02
2.800000000000000000e+02
2.360000000000000000e+02
2.510000000000000000e+02
2.430000000000000000e+02
2.700000000000000000e+02
2.640000000000000000e+02
2.340000000000000000e+02
2.870000000000000000e+02
2.060000000000000000e+02
2.280000000000000000e+02
3.160000000000000000e+02
2.260000000000000000e+02
1.640000000000000000e+02
1.600000000000000000e+02
1.850000000000000000e+02
3.220000000000000000e+02
3.460000000000000000e+02
2.550000000000000000e+02
2.660000000000000000e+02
1.650000000000000000e+02
2.830000000000000000e+02
1.620000000000000000e+02
1.580000000000000000e+02
1.730000000000000000e+02
1.680000000000000000e+02
2.250000000000000000e+02
2.000000000000000000e+02
1.800000000000000000e+02
2.140000000000000000e+02
1.990000000000000000e+02
2.080000000000000000e+02
5.490000000000000000e+02
2.370000000000000000e+02
2.060000000000000000e+02
2.040000000000000000e+02
1.590000000000000000e+02
1.560000000000000000e+02
2.030000000000000000e+02
2.020000000000000000e+02
2.730000000000000000e+02
2.490000000000000000e+02
2.150000000000000000e+02
2.340000000000000000e+02
1.540000000000000000e+02
1.610000000000000000e+02
1.620000000000000000e+02
2.250000000000000000e+02
2.230000000000000000e+02
1.530000000000000000e+02
1.610000000000000000e+02
1.570000000000000000e+02
1.490000000000000000e+02
1.460000000000000000e+02
1.530000000000000000e+02
1.620000000000000000e+02
1.150000000000000000e+02
1.820000000000000000e+02
1.560000000000000000e+02
1.600000000000000000e+02
1.550000000000000000e+02
1.590000000000000000e+02
1.660000000000000000e+02
2.280000000000000000e+02
1.570000000000000000e+02
1.580000000000000000e+02
1.730000000000000000e+02
2.350000000000000000e+02
1.600000000000000000e+02
2.320000000000000000e+02
2.020000000000000000e+02
2.030000000000000000e+02
2.030000000000000000e+02
2.590000000000000000e+02
1.680000000000000000e+02
1.690000000000000000e+02
2.480000000000000000e+02
1.650000000000000000e+02
1.970000000000000000e+02
1.660000000000000000e+02
1.610000000000000000e+02
1.700000000000000000e+02
1.720000000000000000e+02
1.680000000000000000e+02
1.920000000000000000e+02
2.160000000000000000e+02
2.340000000000000000e+02
1.940000000000000000e+02
2.240000000000000000e+02
2.450000000000000000e+02
1.670000000000000000e+02
1.600000000000000000e+02
1.570000000000000000e+02
1.610000000000000000e+02
1.960000000000000000e+02
1.920000000000000000e+02
1.570000000000000000e+02
1.640000000000000000e+02
2.390000000000000000e+02
2.310000000000000000e+02
1.600000000000000000e+02
1.640000000000000000e+02
1.590000000000000000e+02
1.610000000000000000e+02
1.630000000000000000e+02
1.720000000000000000e+02
1.640000000000000000e+02
1.690000000000000000e+02
1.650000000000000000e+02
2.020000000000000000e+02
1.650000000000000000e+02
1.700000000000000000e+02
1.680000000000000000e+02
2.000000000000000000e+02
1.600000000000000000e+02
1.620000000000000000e+02
2.010000000000000000e+02
2.320000000000000000e+02
2.520000000000000000e+02
1.640000000000000000e+02
1.670000000000000000e+02
1.970000000000000000e+02
1.690000000000000000e+02
1.620000000000000000e+02
1.590000000000000000e+02
1.550000000000000000e+02
1.700000000000000000e+02
1.690000000000000000e+02
2.260000000000000000e+02
1.620000000000000000e+02
1.660000000000000000e+02
1.690000000000000000e+02
1.710000000000000000e+02
1.640000000000000000e+02
1.650000000000000000e+02
1.610000000000000000e+02
1.710000000000000000e+02
1.560000000000000000e+02
2.010000000000000000e+02
1.990000000000000000e+02
1.960000000000000000e+02
1.650000000000000000e+02
1.680000000000000000e+02
1.590000000000000000e+02
1.960000000000000000e+02
1.660000000000000000e+02
1.560000000000000000e+02
1.500000000000000000e+02
1.550000000000000000e+02
1.550000000000000000e+02
1.200000000000000000e+02
1.570000000000000000e+02
1.580000000000000000e+02
1.590000000000000000e+02
1.620000000000000000e+02
1.550000000000000000e+02
1.590000000000000000e+02
1.550000000000000000e+02
1.620000000000000000e+02
1.580000000000000000e+02
1.590000000000000000e+02
1.610000000000000000e+02
1.550000000000000000e+02
1.230000000000000000e+02
1.620000000000000000e+02
1.590000000000000000e+02
1.600000000000000000e+02
1.620000000000000000e+02
1.580000000000000000e+02
1.580000000000000000e+02
1.940000000000000000e+02
1.200000000000000000e+02
1.560000000000000000e+02
1.610000000000000000e+02
1.690000000000000000e+02
1.590000000000000000e+02
1.910000000000000000e+02
1.590000000000000000e+02
1.600000000000000000e+02
1.470000000000000000e+02
1.860000000000000000e+02
1.250000000000000000e+02
1.270000000000000000e+02
1.560000000000000000e+02
1.210000000000000000e+02
1.590000000000000000e+02
1.680000000000000000e+02
1.510000000000000000e+02
1.570000000000000000e+02
1.910000000000000000e+02
1.490000000000000000e+02
1.670000000000000000e+02
1.590000000000000000e+02
1.550000000000000000e+02
1.550000000000000000e+02
1.530000000000000000e+02
1.510000000000000000e+02
1.490000000000000000e+02
1.880000000000000000e+02
1.980000000000000000e+02
1.290000000000000000e+02
1.650000000000000000e+02
1.540000000000000000e+02
1.520000000000000000e+02
1.600000000000000000e+02
1.530000000000000000e+02
1.570000000000000000e+02
1.450000000000000000e+02
1.560000000000000000e+02
1.590000000000000000e+02
1.580000000000000000e+02
1.580000000000000000e+02
1.550000000000000000e+02
1.960000000000000000e+02
1.490000000000000000e+02
1.480000000000000000e+02
1.610000000000000000e+02
1.250000000000000000e+02
1.650000000000000000e+02
1.700000000000000000e+02
1.580000000000000000e+02
1.580000000000000000e+02
1.660000000000000000e+02
1.220000000000000000e+02
1.580000000000000000e+02
1.230000000000000000e+02
1.510000000000000000e+02
1.560000000000000000e+02
1.190000000000000000e+02
1.190000000000000000e+02
1.540000000000000000e+02
2.070000000000000000e+02
1.600000000000000000e+02
1.940000000000000000e+02
1.610000000000000000e+02
1.530000000000000000e+02
1.540000000000000000e+02
1.860000000000000000e+02
1.590000000000000000e+02
1.530000000000000000e+02
1.530000000000000000e+02
1.530000000000000000e+02
1.570000000000000000e+02
1.550000000000000000e+02
1.560000000000000000e+02
1.530000000000000000e+02
1.580000000000000000e+02
1.510000000000000000e+02
1.530000000000000000e+02
1.480000000000000000e+02
1.530000000000000000e+02
1.520000000000000000e+02
1.580000000000000000e+02
1.490000000000000000e+02
1.460000000000000000e+02
1.500000000000000000e+02
1.550000000000000000e+02
1.480000000000000000e+02
1.220000000000000000e+02
1.460000000000000000e+02
1.520000000000000000e+02
1.460000000000000000e+02
1.510000000000000000e+02
1.540000000000000000e+02
1.500000000000000000e+02
1.490000000000000000e+02
1.550000000000000000e+02
1.480000000000000000e+02
1.500000000000000000e+02
1.540000000000000000e+02
1.520000000000000000e+02
1.430000000000000000e+02
1.570000000000000000e+02
1.200000000000000000e+02
1.190000000000000000e+02
1.460000000000000000e+02
1.150000000000000000e+02
1.470000000000000000e+02
1.580000000000000000e+02
1.160000000000000000e+02
1.550000000000000000e+02
1.570000000000000000e+02
1.690000000000000000e+02
1.620000000000000000e+02
1.550000000000000000e+02
1.160000000000000000e+02
1.180000000000000000e+02
1.580000000000000000e+02
1.590000000000000000e+02
1.610000000000000000e+02
1.550000000000000000e+02
1.200000000000000000e+02
1.580000000000000000e+02
1.480000000000000000e+02
1.610000000000000000e+02
1.680000000000000000e+02
1.440000000000000000e+02
1.170000000000000000e+02
1.500000000000000000e+02
1.490000000000000000e+02
1.460000000000000000e+02
1.590000000000000000e+02
1.470000000000000000e+02
1.470000000000000000e+02
1.160000000000000000e+02
1.510000000000000000e+02
1.480000000000000000e+02
1.510000000000000000e+02
1.510000000000000000e+02
1.160000000000000000e+02
1.460000000000000000e+02
1.500000000000000000e+02
1.650000000000000000e+02
1.600000000000000000e+02
1.560000000000000000e+02
1.210000000000000000e+02
1.590000000000000000e+02
1.550000000000000000e+02
1.440000000000000000e+02
1.590000000000000000e+02
1.560000000000000000e+02
1.570000000000000000e+02
1.170000000000000000e+02
1.570000000000000000e+02
1.530000000000000000e+02
1.520000000000000000e+02
1.560000000000000000e+02
1.450000000000000000e+02
1.640000000000000000e+02
1.560000000000000000e+02
1.550000000000000000e+02
1.490000000000000000e+02
1.510000000000000000e+02
1.530000000000000000e+02
1.540000000000000000e+02
1.190000000000000000e+02
1.550000000000000000e+02
1.540000000000000000e+02
1.520000000000000000e+02
1.510000000000000000e+02
1.410000000000000000e+02
1.170000000000000000e+02
1.520000000000000000e+02
1.530000000000000000e+02
1.530000000000000000e+02
1.600000000000000000e+02
1.530000000000000000e+02
1.490000000000000000e+02
1.590000000000000000e+02
1.180000000000000000e+02
1.540000000000000000e+02
1.190000000000000000e+02
1.530000000000000000e+02
1.500000000000000000e+02
1.500000000000000000e+02
1.520000000000000000e+02
1.470000000000000000e+02
1.560000000000000000e+02
1.490000000000000000e+02
1.480000000000000000e+02
1.490000000000000000e+02
1.490000000000000000e+02
1.550000000000000000e+02
1.470000000000000000e+02
1.530000000000000000e+02
1.430000000000000000e+02
1.220000000000000000e+02
1.460000000000000000e+02
1.630000000000000000e+02
1.480000000000000000e+02
1.510000000000000000e+02
1.620000000000000000e+02
1.600000000000000000e+02
1.160000000000000000e+02
1.590000000000000000e+02
1.650000000000000000e+02
1.560000000000000000e+02
1.170000000000000000e+02
1.470000000000000000e+02
1.580000000000000000e+02
1.210000000000000000e+02
1.560000000000000000e+02
1.450000000000000000e+02
1.440000000000000000e+02
1.530000000000000000e+02
1.620000000000000000e+02
1.530000000000000000e+02
1.540000000000000000e+02
1.500000000000000000e+02
1.200000000000000000e+02
1.560000000000000000e+02
1.560000000000000000e+02
1.450000000000000000e+02
1.470000000000000000e+02
1.550000000000000000e+02
1.560000000000000000e+02
1.590000000000000000e+02
1.500000000000000000e+02
1.590000000000000000e+02
1.420000000000000000e+02
1.600000000000000000e+02
1.500000000000000000e+02
1.460000000000000000e+02
1.610000000000000000e+02
1.590000000000000000e+02
1.560000000000000000e+02
1.580000000000000000e+02
1.200000000000000000e+02
1.140000000000000000e+02
1.500000000000000000e+02
1.530000000000000000e+02
1.510000000000000000e+02
1.590000000000000000e+02
1.590000000000000000e+02
1.450000000000000000e+02
1.640000000000000000e+02
1.210000000000000000e+02
1.630000000000000000e+02
1.530000000000000000e+02
1.570000000000000000e+02
1.590000000000000000e+02
1.190000000000000000e+02
1.170000000000000000e+02
1.190000000000000000e+02
1.710000000000000000e+02
1.530000000000000000e+02
1.480000000000000000e+02
1.550000000000000000e+02
1.500000000000000000e+02
1.610000000000000000e+02
1.510000000000000000e+02
1.530000000000000000e+02
1.510000000000000000e+02
1.500000000000000000e+02
1.530000000000000000e+02
1.450000000000000000e+02
1.600000000000000000e+02
1.550000000000000000e+02
1.530000000000000000e+02
1.470000000000000000e+02
1.540000000000000000e+02
1.500000000000000000e+02
1.530000000000000000e+02
1.140000000000000000e+02
1.450000000000000000e+02
1.480000000000000000e+02
1.430000000000000000e+02
1.490000000000000000e+02
1.530000000000000000e+02
1.410000000000000000e+02
1.380000000000000000e+02
1.530000000000000000e+02
1.590000000000000000e+02
1.450000000000000000e+02
1.440000000000000000e+02
1.490000000000000000e+02
1.510000000000000000e+02
1.490000000000000000e+02
1.450000000000000000e+02
1.550000000000000000e+02
1.180000000000000000e+02
1.200000000000000000e+02
1.450000000000000000e+02
1.510000000000000000e+02
1.660000000000000000e+02
1.480000000000000000e+02
1.460000000000000000e+02
1.470000000000000000e+02
1.540000000000000000e+02
1.570000000000000000e+02
1.520000000000000000e+02
1.520000000000000000e+02
1.470000000000000000e+02
1.480000000000000000e+02
1.450000000000000000e+02
1.500000000000000000e+02
1.550000000000000000e+02
1.470000000000000000e+02
1.190000000000000000e+02
1.490000000000000000e+02
1.590000000000000000e+02
1.470000000000000000e+02
1.530000000000000000e+02
1.220000000000000000e+02
1.500000000000000000e+02
1.480000000000000000e+02
1.480000000000000000e+02
1.470000000000000000e+02
1.570000000000000000e+02
1.460000000000000000e+02
1.440000000000000000e+02
1.480000000000000000e+02
1.730000000000000000e+02
1.160000000000000000e+02
1.480000000000000000e+02
1.220000000000000000e+02
1.450000000000000000e+02
1.550000000000000000e+02
1.460000000000000000e+02
1.580000000000000000e+02
1.490000000000000000e+02
1.460000000000000000e+02
1.570000000000000000e+02
1.460000000000000000e+02
1.470000000000000000e+02
1.460000000000000000e+02
1.510000000000000000e+02
1.660000000000000000e+02
1.790000000000000000e+02
1.540000000000000000e+02
1.570000000000000000e+02
1.520000000000000000e+02
1.230000000000000000e+02
1.190000000000000000e+02
1.520000000000000000e+02
1.540000000000000000e+02
1.490000000000000000e+02
1.240000000000000000e+02
1.630000000000000000e+02
1.470000000000000000e+02
1.490000000000000000e+02
1.200000000000000000e+02
1.190000000000000000e+02
1.430000000000000000e+02
1.190000000000000000e+02
1.430000000000000000e+02
1.170000000000000000e+02
1.540000000000000000e+02
1.500000000000000000e+02
1.580000000000000000e+02
1.500000000000000000e+02
1.990000000000000000e+02
1.220000000000000000e+02
1.520000000000000000e+02
1.480000000000000000e+02
1.130000000000000000e+02
1.490000000000000000e+02
1.580000000000000000e+02
1.530000000000000000e+02
1.500000000000000000e+02
1.520000000000000000e+02
1.490000000000000000e+02
1.520000000000000000e+02
1.180000000000000000e+02
1.190000000000000000e+02
1.460000000000000000e+02
1.520000000000000000e+02
1.470000000000000000e+02
1.170000000000000000e+02
1.530000000000000000e+02
1.510000000000000000e+02
1.430000000000000000e+02
1.580000000000000000e+02
1.520000000000000000e+02
1.500000000000000000e+02
1.470000000000000000e+02
1.580000000000000000e+02
1.550000000000000000e+02
1.550000000000000000e+02
1.510000000000000000e+02
1.550000000000000000e+02
1.580000000000000000e+02
1.220000000000000000e+02
1.610000000000000000e+02
1.530000000000000000e+02
1.580000000000000000e+02
1.540000000000000000e+02
1.550000000000000000e+02
1.210000000000000000e+02
1.650000000000000000e+02
1.580000000000000000e+02
1.600000000000000000e+02
1.550000000000000000e+02
1.630000000000000000e+02
1.630000000000000000e+02
1.580000000000000000e+02
1.680000000000000000e+02
1.620000000000000000e+02
1.550000000000000000e+02
1.210000000000000000e+02
1.570000000000000000e+02
1.510000000000000000e+02
1.560000000000000000e+02
1.220000000000000000e+02
1.200000000000000000e+02
1.530000000000000000e+02
1.540000000000000000e+02
1.540000000000000000e+02
1.540000000000000000e+02
1.550000000000000000e+02
1.520000000000000000e+02
1.170000000000000000e+02
1.470000000000000000e+02
1.540000000000000000e+02
1.550000000000000000e+02
1.560000000000000000e+02
1.590000000000000000e+02
1.640000000000000000e+02
1.470000000000000000e+02
1.530000000000000000e+02
1.560000000000000000e+02
1.560000000000000000e+02
1.580000000000000000e+02
1.530000000000000000e+02
1.170000000000000000e+02
1.570000000000000000e+02
1.570000000000000000e+02
1.510000000000000000e+02
1.460000000000000000e+02
1.200000000000000000e+02
1.620000000000000000e+02
1.170000000000000000e+02
1.470000000000000000e+02
1.580000000000000000e+02
1.640000000000000000e+02
1.200000000000000000e+02
1.590000000000000000e+02
1.530000000000000000e+02
1.580000000000000000e+02
1.170000000000000000e+02
1.180000000000000000e+02
1.480000000000000000e+02
1.140000000000000000e+02
1.520000000000000000e+02
1.150000000000000000e+02
1.550000000000000000e+02
1.560000000000000000e+02
1.580000000000000000e+02
1.560000000000000000e+02
1.550000000000000000e+02
1.510000000000000000e+02
1.480000000000000000e+02
1.590000000000000000e+02
1.580000000000000000e+02
1.610000000000000000e+02
1.620000000000000000e+02
1.610000000000000000e+02
1.570000000000000000e+02
1.580000000000000000e+02
1.540000000000000000e+02
1.580000000000000000e+02
1.550000000000000000e+02
1.580000000000000000e+02
1.190000000000000000e+02
1.590000000000000000e+02
1.220000000000000000e+02
1.580000000000000000e+02
1.180000000000000000e+02
1.590000000000000000e+02
1.610000000000000000e+02
1.580000000000000000e+02
1.590000000000000000e+02
