0.000000000000000000e+00 0.000000000000000000e+00 0.000000000000000000e+00
-1.959299751375996212e+00 0.000000000000000000e+00 0.000000000000000000e+00
-1.926304428272570979e+00 -1.964813207931601857e+00 0.000000000000000000e+00
-1.058260712966304240e+01 -1.071225928778889269e+01 -1.060130903296919236e+01
-1.767741995884307826e+01 -1.650679024865209854e+01 -1.743716901922216422e+01
-1.682538041631014636e+01 -1.765984739867431941e+01 -1.761421562548799358e+01
-1.781708374099433101e+01 -1.781473951768777653e+01 -1.755137276952599734e+01
-1.752471046650353514e+01 -1.785748701192596144e+01 -1.783702575499034282e+01
-1.787978742135360477e+01 -1.790513361667685288e+01 -1.786329723492334054e+01
-1.761313598762998467e+01 -1.792276490154984359e+01 -1.785218370266488819e+01
-1.688771152645939111e+01 -1.685222959755128258e+01 -1.609309387729652840e+01
-1.656017495920610116e+01 -1.652781528458288562e+01 -1.559404729499599362e+01
-1.676919057789417877e+01 -1.495584606028929819e+01 -1.587159916413026650e+01
0.000000000000000000e+00 0.000000000000000000e+00 0.000000000000000000e+00
0.000000000000000000e+00 -1.868940003950049222e+00 0.000000000000000000e+00
0.000000000000000000e+00 0.000000000000000000e+00 0.000000000000000000e+00
-3.620570070538782215e+00 -1.968867841900094451e+00 -1.972770104267379088e+00
0.000000000000000000e+00 0.000000000000000000e+00 -1.590536495190662425e+00
-3.706883779478741481e+00 -1.966771582911274185e+00 -1.980066033313167217e+00
0.000000000000000000e+00 0.000000000000000000e+00 -1.877744731764661168e+00
0.000000000000000000e+00 0.000000000000000000e+00 0.000000000000000000e+00
-1.951447007233133579e+00 -1.971505077523788119e+00 0.000000000000000000e+00
-3.717337547339083059e+00 -3.738602137446104479e+00 -1.967878271287498926e+00
-1.554763567249328027e+01 -1.583237230207743806e+01 -1.640416491031309931e+01
-1.778604448335745403e+01 -1.706198068113272015e+01 -1.764999902342914240e+01
-1.818544567944289980e+01 -1.790181276595124871e+01 -1.808085243356789462e+01
-1.818403047538534167e+01 -1.814528457882992285e+01 -1.805979785021925110e+01
-1.817083237292193232e+01 -1.818153264651884271e+01 -1.827777585695217155e+01
-1.807338970272081724e+01 -1.803935555470697238e+01 -1.799157563204545340e+01
-1.787084149348399364e+01 -1.779357957904959164e+01 -1.768075965520642967e+01
-1.758676353619939903e+01 -1.755207039781601353e+01 -1.769996067496295922e+01
-1.743595864798267669e+01 -1.676855080900768513e+01 -1.722396609943945478e+01
-1.602626797703251427e+01 -1.592347036158784768e+01 -1.476868693376626496e+01
-1.474113995221506990e+01 -1.489622355414629240e+01 -1.462237933920999389e+01
-4.137769657880083329e+00 -3.742791553280187422e+00 -3.223754073298225720e+00
-3.693216851403312795e+00 -1.965914169646919563e+00 0.000000000000000000e+00
-1.964882285242010473e+00 -3.696693851852216106e+00 -1.966750636625208104e+00
-1.950278333057055891e+00 -3.684868610362475039e+00 -1.961698682208780076e+00
0.000000000000000000e+00 0.000000000000000000e+00 0.000000000000000000e+00
-1.976892403251242714e+00 0.000000000000000000e+00 0.000000000000000000e+00
0.000000000000000000e+00 0.000000000000000000e+00 0.000000000000000000e+00
0.000000000000000000e+00 0.000000000000000000e+00 0.000000000000000000e+00
-6.806110213334591208e+00 -7.212423638343335774e+00 -7.755848511499166875e+00
-1.675961680742979709e+01 -1.627889688558192915e+01 -1.695240303031506457e+01
-1.772908246312690750e+01 -1.828431407844701440e+01 -1.819355543681297860e+01
-1.844744243534447037e+01 -1.835984952988779995e+01 -1.835583305054036174e+01
-1.841083777269675181e+01 -1.839163077465947893e+01 -1.850780001758475990e+01
-1.836116863824902623e+01 -1.829873977027096643e+01 -1.836736549465434720e+01
-1.821011027239200430e+01 -1.821660303881171572e+01 -1.819621830389414896e+01
-1.813834865394206730e+01 -1.808444077494565860e+01 -1.807841168766135453e+01
-1.800340137910148286e+01 -1.798057870206334030e+01 -1.806470602453382313e+01
-1.777155905878402109e+01 -1.776848812403142475e+01 -1.773306626060863778e+01
-1.716139029200162014e+01 -1.713414369571841434e+01 -1.718585978401400638e+01
-1.603970579010072228e+01 -1.589442136932069438e+01 -1.478999346728599917e+01
-1.505499464569218127e+01 -1.496280837523836560e+01 -1.352871266630606328e+01
-9.229733874479840949e+00 -9.313826263739473532e+00 -9.398361773228874227e+00
-1.966441222875997319e+00 -1.967370456437997461e+00 0.000000000000000000e+00
-1.971525969516682686e+00 -1.657462571725901057e+00 -1.977736975358610483e+00
0.000000000000000000e+00 -1.945417760492110792e+00 0.000000000000000000e+00
-1.961937356978394664e+00 0.000000000000000000e+00 0.000000000000000000e+00
0.000000000000000000e+00 0.000000000000000000e+00 0.000000000000000000e+00
0.000000000000000000e+00 0.000000000000000000e+00 -1.966292649074175447e+00
-1.271375174606277625e+01 -1.409023319952546949e+01 -1.425961945893741500e+01
-1.675660209226495923e+01 -1.713790002823726866e+01 -1.749853363002940299e+01
-1.837683863456357614e+01 -1.848379134057625706e+01 -1.846697025260460379e+01
-1.856015343446752652e+01 -1.856172800990427874e+01 -1.857813498866103785e+01
-1.866313460019597770e+01 -1.865402997200036239e+01 -1.859621653247696926e+01
-1.858647671626224351e+01 -1.859014991040363896e+01 -1.848872074817895594e+01
-1.857095491095487816e+01 -1.862557159473627166e+01 -1.844976123905513887e+01
-1.854954346030379853e+01 -1.853247324430990872e+01 -1.836590271054726031e+01
-1.841782249782137626e+01 -1.837740413372260662e+01 -1.821189096254757800e+01
-1.819136887971379579e+01 -1.819524730830565318e+01 -1.789300109557331808e+01
-1.778615869140671890e+01 -1.784957869311256218e+01 -1.765840745422174507e+01
-1.745433268885570399e+01 -1.744418186445259167e+01 -1.745676705747393953e+01
-1.624083103356678137e+01 -1.505814837771739434e+01 -1.624901963691204898e+01
-1.470460959250522492e+01 -1.443679736018888882e+01 -1.281295028280623960e+01
-8.613033423991447890e+00 -8.893573541723062803e+00 -9.006994014781362523e+00
-3.726513224655020551e+00 -1.965537327571904358e+00 0.000000000000000000e+00
-1.965046705407113015e+00 0.000000000000000000e+00 0.000000000000000000e+00
0.000000000000000000e+00 0.000000000000000000e+00 0.000000000000000000e+00
0.000000000000000000e+00 0.000000000000000000e+00 0.000000000000000000e+00
-1.961485144724195440e+00 0.000000000000000000e+00 0.000000000000000000e+00
-1.439087451341659651e+01 -1.623246572682284850e+01 -1.705685895519159345e+01
-1.720767299247595261e+01 -1.784290317868188680e+01 -1.788613056610271457e+01
-1.864894253739838348e+01 -1.862545167599103380e+01 -1.872599177654765867e+01
-1.883694942853675869e+01 -1.890578890577170057e+01 -1.883491085483750993e+01
-1.880602113773673167e+01 -1.881818178340020609e+01 -1.881846162800236044e+01
-1.882869782190972074e+01 -1.897060343260883286e+01 -1.892812781417687162e+01
-1.906399540539722892e+01 -1.907813706913532315e+01 -1.911238475492726963e+01
-1.916327214250068067e+01 -1.916704033963124587e+01 -1.913704746415957914e+01
-1.920666234188965404e+01 -1.921275666470724630e+01 -1.923409170682252878e+01
-1.907919326102575752e+01 -1.895047545254346133e+01 -1.904134046956192350e+01
-1.846114072542163598e+01 -1.824113534669782055e+01 -1.808040448655510346e+01
-1.767462340838847368e+01 -1.754238264790742363e+01 -1.751156536032363320e+01
-1.725253315058869319e+01 -1.726633390783587885e+01 -1.723890076039936403e+01
-1.552478517799475632e+01 -1.447241598678542118e+01 -1.563388373290122857e+01
-1.417890638432400685e+01 -1.439657790973842033e+01 -1.345646521829045739e+01
-1.878356008105837693e+00 0.000000000000000000e+00 0.000000000000000000e+00
-3.719238544136417079e+00 -3.738996459688415541e+00 -5.298032292431312129e+00
0.000000000000000000e+00 0.000000000000000000e+00 0.000000000000000000e+00
0.000000000000000000e+00 0.000000000000000000e+00 0.000000000000000000e+00
0.000000000000000000e+00 0.000000000000000000e+00 -3.405493018183778808e+00
-1.543646975421449596e+01 -1.597064796575153522e+01 -1.678099028625355515e+01
-1.777092968808414142e+01 -1.805419879356048796e+01 -1.820868298651886619e+01
-1.877268839001079215e+01 -1.876684234676508822e+01 -1.881580690141491274e+01
-1.896743075730187655e+01 -1.897489413667378955e+01 -1.895218964988104915e+01
-1.893577475180635261e+01 -1.904304265148214270e+01 -1.900922412802793815e+01
-1.917270851596938286e+01 -1.920554658384997282e+01 -1.922232254433972898e+01
-1.953781392527559646e+01 -1.953089548343195503e+01 -1.953283784894697561e+01
-1.960143541333298245e+01 -1.959519570691672286e+01 -1.952698389943000379e+01
-1.958862595662147044e+01 -1.959245358016025307e+01 -1.953601969447641196e+01
-1.954336479693263939e+01 -1.951525338057942349e+01 -1.946970650992148677e+01
-1.934494485061830815e+01 -1.933525178388513766e+01 -1.933405921422838958e+01
-1.858459124090483883e+01 -1.862506211552610580e+01 -1.791203089825060601e+01
-1.767697782217582869e+01 -1.735055289332413864e+01 -1.742486886958542058e+01
-1.677550971900564747e+01 -1.680932996943483460e+01 -1.674945619669010810e+01
-1.409552061749702823e+01 -1.398917036545222103e+01 -1.289948267976580532e+01
-1.092571986311478938e+01 -1.052694378284815180e+01 -1.068532000824072981e+01
-1.972533785091833636e+00 -3.680443965597372191e+00 -3.742614229844113183e+00
0.000000000000000000e+00 0.000000000000000000e+00 0.000000000000000000e+00
0.000000000000000000e+00 0.000000000000000000e+00 0.000000000000000000e+00
-1.000000000000000056e-01 0.000000000000000000e+00 -1.976105126046027838e+00
-1.595688567638122635e+01 -1.637206615203344384e+01 -1.686228982998166614e+01
-1.738489564499078810e+01 -1.817439668416398746e+01 -1.817319189629344223e+01
-1.879360064491577731e+01 -1.890074098832219107e+01 -1.889347421098059243e+01
-1.906670790078593924e+01 -1.908253959096696661e+01 -1.908103818879203928e+01
-1.907349759800481337e+01 -1.915789036510326682e+01 -1.920437346163636505e+01
-1.921073871935795196e+01 -1.927969401258477689e+01 -1.931587284961015527e+01
-1.961577055142907966e+01 -1.963353279811430596e+01 -1.964781741342970278e+01
-1.969607550447971889e+01 -1.972167862619912171e+01 -1.972499328102832905e+01
-1.976997963873216335e+01 -1.976595432367746241e+01 -1.971565287772473951e+01
-1.964646172987145079e+01 -1.964068043194226831e+01 -1.958061239229157735e+01
-1.952470297576954650e+01 -1.954894868884544223e+01 -1.944938254689901314e+01
-1.926234737351814630e+01 -1.925478937043467553e+01 -1.924850555351538972e+01
-1.801983356440065620e+01 -1.795450711375327657e+01 -1.764020011332986115e+01
-1.736929389126215639e+01 -1.727259499181145586e+01 -1.727210442463119833e+01
-1.498579469202737258e+01 -1.461044746313201514e+01 -1.455313911506117819e+01
-1.450585213672595231e+01 -1.451109813015630579e+01 -1.450021130915006395e+01
-3.675034728983139765e+00 -3.735374568504987280e+00 -1.975222134625918446e+00
0.000000000000000000e+00 0.000000000000000000e+00 0.000000000000000000e+00
0.000000000000000000e+00 0.000000000000000000e+00 0.000000000000000000e+00
-1.850028352591924108e+00 -1.960684975098356153e+00 -1.972508079782008039e+00
-1.632989163745879324e+01 -1.647802736464609197e+01 -1.642912981641799774e+01
-1.700059802035666934e+01 -1.803390382994331986e+01 -1.847989492178740534e+01
-1.887536175119743476e+01 -1.872051061525741744e+01 -1.887185160457346100e+01
-1.916052061704462162e+01 -1.915030727147054534e+01 -1.920660302216013804e+01
-1.918535919604334339e+01 -1.924005603515613672e+01 -1.924260459313067173e+01
-1.929509324023859307e+01 -1.935577589427847656e+01 -1.936428474861837046e+01
-1.966203094086240100e+01 -1.965631823923325072e+01 -1.966381948729341644e+01
-1.971572035423387703e+01 -1.972556755515963545e+01 -1.973221882953694006e+01
-1.975517392956261986e+01 -1.977418054221316623e+01 -1.977006902503226726e+01
-1.974872985437943740e+01 -1.976103763323047247e+01 -1.971094513645650892e+01
-1.960455524254043524e+01 -1.961787090475700168e+01 -1.955652025158679663e+01
-1.949220780527531716e+01 -1.950085271018911115e+01 -1.948666300406598140e+01
-1.848673452990383126e+01 -1.842514910302511666e+01 -1.816216984495463649e+01
-1.744285590662969199e+01 -1.741487529672122747e+01 -1.718448408018331008e+01
-1.518699916081344270e+01 -1.505867821026361320e+01 -1.482458174589820743e+01
-1.447243309686391299e+01 -1.447432991257451107e+01 -1.455107297018858326e+01
-1.963325176691339768e+00 -3.726593741231951640e+00 -3.420089695543498287e+00
0.000000000000000000e+00 0.000000000000000000e+00 0.000000000000000000e+00
0.000000000000000000e+00 0.000000000000000000e+00 0.000000000000000000e+00
-1.956415495261639936e+00 0.000000000000000000e+00 0.000000000000000000e+00
-1.578945623956779443e+01 -1.571306437734788553e+01 -1.575389873162809096e+01
-1.694787137092389173e+01 -1.763995655416667319e+01 -1.760666817476922930e+01
-1.840932247596023785e+01 -1.866154115396294699e+01 -1.868526083687287453e+01
-1.919578835492656310e+01 -1.915828440624425255e+01 -1.915837326641745264e+01
-1.925310323531924439e+01 -1.929172613870647623e+01 -1.928886099785819752e+01
-1.933996372534423003e+01 -1.936823139085926115e+01 -1.938468962533036688e+01
-1.946516661751844168e+01 -1.949465773564546112e+01 -1.951421509619364514e+01
-1.970565398413815217e+01 -1.970068609294290951e+01 -1.970452147354178507e+01
-1.971077190687138980e+01 -1.971387454394070460e+01 -1.971088651930890023e+01
-1.969784140279822537e+01 -1.971076039207178354e+01 -1.970515872362349796e+01
-1.962998624832395222e+01 -1.963690106907660038e+01 -1.960295540215796706e+01
-1.948040579678926676e+01 -1.948183281521098920e+01 -1.946629748150165184e+01
-1.884106404987751660e+01 -1.875565000123876302e+01 -1.851830058630126530e+01
-1.747935326435134229e+01 -1.733202098584208883e+01 -1.685570064077874264e+01
-1.517817030799894162e+01 -1.491234857217754239e+01 -1.487942297718623763e+01
-1.426449841016613540e+01 -1.430408041440658096e+01 -1.423248420437375295e+01
0.000000000000000000e+00 -1.937477832677402478e+00 0.000000000000000000e+00
0.000000000000000000e+00 0.000000000000000000e+00 0.000000000000000000e+00
0.000000000000000000e+00 0.000000000000000000e+00 0.000000000000000000e+00
-1.977319813827669082e+00 -1.956466431057265032e+00 -3.724048597682236394e+00
-8.569776236483662046e+00 -8.506639399770529408e+00 -8.670080068537146190e+00
-1.702074078571979143e+01 -1.745003286905758699e+01 -1.743539325991378419e+01
-1.728547869112008328e+01 -1.817735404026609558e+01 -1.822709193684186246e+01
-1.882927762079053835e+01 -1.883905986949910627e+01 -1.879435699910757762e+01
-1.924764106040274925e+01 -1.921765074363304038e+01 -1.925013251860116270e+01
-1.932750778554133575e+01 -1.937287300861739681e+01 -1.938047905793781922e+01
-1.942715918156574517e+01 -1.945204895993390792e+01 -1.944263521482873713e+01
-1.954798421758272298e+01 -1.951752862489519913e+01 -1.954741080017955923e+01
-1.957681601634567059e+01 -1.959309299677001803e+01 -1.959387649189011427e+01
-1.959934660293649600e+01 -1.960139989431491969e+01 -1.960584161490405464e+01
-1.958072452959132548e+01 -1.956553831119908438e+01 -1.958115019378369581e+01
-1.942759412821754950e+01 -1.940222773229810826e+01 -1.941511448950786445e+01
-1.859350320445310700e+01 -1.848067972269846493e+01 -1.854103437943280142e+01
-1.710169102656586659e+01 -1.718277424212152482e+01 -1.690694472197374765e+01
-1.527678170721893025e+01 -1.506017840067359614e+01 -1.487223148384431681e+01
-1.410639617494183007e+01 -1.397634662227132907e+01 -1.382370820913546616e+01
-1.965450971375566569e+00 -1.960884937426767172e+00 0.000000000000000000e+00
-3.723218350124147591e+00 0.000000000000000000e+00 0.000000000000000000e+00
0.000000000000000000e+00 0.000000000000000000e+00 0.000000000000000000e+00
-1.968894402781698139e+00 0.000000000000000000e+00 0.000000000000000000e+00
0.000000000000000000e+00 -1.967543290940047873e+00 0.000000000000000000e+00
-1.550583370020124008e+01 -1.602044199658066503e+01 -1.607253007542708545e+01
-1.708273938106491485e+01 -1.743391698240014875e+01 -1.757831203838765433e+01
-1.749357408540885572e+01 -1.840484508477558379e+01 -1.839682518313489368e+01
-1.887269261168615841e+01 -1.885456272217460949e+01 -1.886107621340031670e+01
-1.923726126197706421e+01 -1.921918963966177074e+01 -1.926512962580377675e+01
-1.936575737116967488e+01 -1.938714466639256528e+01 -1.939639579596567742e+01
-1.943748826811485131e+01 -1.945044772383265297e+01 -1.944862201860777873e+01
-1.949932687029811262e+01 -1.949867378437960141e+01 -1.949480706623587523e+01
-1.951204184939129860e+01 -1.950363361587175248e+01 -1.951311854274881696e+01
-1.946910278754694090e+01 -1.947950544189829358e+01 -1.947973281896690878e+01
-1.918439530271098548e+01 -1.918179434702648223e+01 -1.919526123528122952e+01
-1.804583103375255959e+01 -1.812636182742392776e+01 -1.755611332347046982e+01
-1.671619733691489174e+01 -1.662099568075714373e+01 -1.666514144351052806e+01
-1.475807047559388963e+01 -1.470044759254817990e+01 -1.458014442297381486e+01
-1.329299475704383404e+01 -1.335788587290478624e+01 -1.336633267966570848e+01
0.000000000000000000e+00 -6.747352953739898851e+00 0.000000000000000000e+00
0.000000000000000000e+00 0.000000000000000000e+00 0.000000000000000000e+00
0.000000000000000000e+00 0.000000000000000000e+00 0.000000000000000000e+00
-1.962782885487096785e+00 0.000000000000000000e+00 0.000000000000000000e+00
-1.982938331031815382e+00 0.000000000000000000e+00 -1.985731845408749141e+00
-7.721236885664307437e+00 -7.462739353105216189e+00 -7.232231142488217301e+00
-1.693205917090113743e+01 -1.693568709311617582e+01 -1.692220887639146909e+01
-1.748068725456112205e+01 -1.735251341348273968e+01 -1.757224619706464352e+01
-1.808732330770628138e+01 -1.830780126844996403e+01 -1.835153827849253716e+01
-1.879704507628891363e+01 -1.882468173565433744e+01 -1.881268574681604733e+01
-1.897633453170866602e+01 -1.900689589524629852e+01 -1.911606544732312329e+01
-1.926238553035562262e+01 -1.926591758108058983e+01 -1.927361844465420759e+01
-1.928898830446330948e+01 -1.928824488064201503e+01 -1.928561629202025429e+01
-1.926927845312317800e+01 -1.926607198931027654e+01 -1.926169166936804800e+01
-1.911289533390053208e+01 -1.912748989015648249e+01 -1.911862725989287171e+01
-1.867916268965827697e+01 -1.861548239240318736e+01 -1.838673325128941727e+01
-1.778579613556844308e+01 -1.748581148760631265e+01 -1.719181576639156006e+01
-1.618278306076872752e+01 -1.608662707656376512e+01 -1.614053126105599034e+01
-1.443434353946678250e+01 -1.443402721177117343e+01 -1.403726424376138660e+01
-1.066442493343282827e+01 -1.055003743194151156e+01 -1.142791369336802099e+01
-1.951106280170972873e+00 -1.898559684130499026e+00 0.000000000000000000e+00
0.000000000000000000e+00 0.000000000000000000e+00 0.000000000000000000e+00
0.000000000000000000e+00 0.000000000000000000e+00 0.000000000000000000e+00
-1.958180614957777621e+00 -1.965596794666979452e+00 -1.975526621155710094e+00
-5.315466145627774530e+00 -3.730871316155736750e+00 -3.744498769608487265e+00
-1.964752377911224146e+00 -1.973255679082130953e+00 -1.946121849490034084e+00
-1.474434904047320316e+01 -1.535691807061689218e+01 -1.532561346949266756e+01
-1.726119008799746624e+01 -1.727462468120100780e+01 -1.728624459962185966e+01
-1.750136345371148749e+01 -1.757490321878857387e+01 -1.767186985634726781e+01
-1.794187554039391586e+01 -1.807876829401936902e+01 -1.801921328053764171e+01
-1.851236627610326124e+01 -1.855343066887622072e+01 -1.847978602164641515e+01
-1.885346620985244925e+01 -1.884111902802141714e+01 -1.877400037627230844e+01
-1.873363489532934523e+01 -1.880682033714054668e+01 -1.873609431835154027e+01
-1.876199630648904559e+01 -1.875958980530782938e+01 -1.876107722830711566e+01
-1.866121958560837868e+01 -1.860402459833025546e+01 -1.852742482554087289e+01
-1.799695733381932783e+01 -1.801549946879226738e+01 -1.770758628123257949e+01
-1.706288329059323061e+01 -1.690752522708436700e+01 -1.684428966220962209e+01
-1.492112685619493284e+01 -1.472221098467939804e+01 -1.454748924831943135e+01
-1.294262358227327070e+01 -1.292244337384805242e+01 -1.299000509247465729e+01
-3.683775250283543912e+00 -3.735335234521981462e+00 -3.636621320630617049e+00
-3.713448825809932963e+00 -3.738541872808252009e+00 -3.741639964674716712e+00
0.000000000000000000e+00 0.000000000000000000e+00 0.000000000000000000e+00
0.000000000000000000e+00 0.000000000000000000e+00 0.000000000000000000e+00
0.000000000000000000e+00 -1.943311535465250817e+00 -3.655806760142460643e+00
-1.961935679923736631e+00 -1.971519504395391920e+00 -3.686002710335770871e+00
-1.954148721035308345e+00 -1.980434050631100451e+00 -1.976301399496306566e+00
-3.725886204942741919e+00 0.000000000000000000e+00 0.000000000000000000e+00
-1.640621785370283447e+01 -1.637154622803712201e+01 -1.641218955635126875e+01
-1.751060735328596962e+01 -1.753306212331194658e+01 -1.750297090099810049e+01
-1.773939099006280173e+01 -1.777444100358236412e+01 -1.779512325657222860e+01
-1.792125105131956531e+01 -1.811883183475694281e+01 -1.815469187163223808e+01
-1.842280592357262492e+01 -1.841530296067283956e+01 -1.840110813918163757e+01
-1.844548115492663243e+01 -1.844173472759543841e+01 -1.844822802655699334e+01
-1.849445482359601201e+01 -1.856684070384713081e+01 -1.853572655750153331e+01
-1.818330654284428860e+01 -1.818270317881964360e+01 -1.805518125996901801e+01
-1.749918809228118022e+01 -1.747459910170334041e+01 -1.753807695567698133e+01
-1.567495870373825895e+01 -1.556736894042925989e+01 -1.541283703587443910e+01
-1.404459429211261501e+01 -1.379467465361448220e+01 -1.377265371732364407e+01
-9.804976326250166352e+00 -1.015502858173242373e+01 -9.778002497355808842e+00
-1.966835763250547764e+00 0.000000000000000000e+00 0.000000000000000000e+00
-1.975207821313967216e+00 -1.962782885487096785e+00 0.000000000000000000e+00
0.000000000000000000e+00 0.000000000000000000e+00 0.000000000000000000e+00
0.000000000000000000e+00 0.000000000000000000e+00 0.000000000000000000e+00
-1.969300206029186873e+00 -3.705072909461477160e+00 0.000000000000000000e+00
-1.959499119037687143e+00 -3.749623849792038222e+00 -3.714670656347221822e+00
-1.964259615263659331e+00 -2.622949844085427529e+00 -1.974655364215582853e+00
-3.707905675607697127e+00 -3.730729254001733608e+00 -3.751980787941716411e+00
0.000000000000000000e+00 -1.962826881214733366e+00 0.000000000000000000e+00
-1.686680602251055205e+01 -1.689577073783549821e+01 -1.692700321686732678e+01
-1.753484557115486098e+01 -1.764018301418692047e+01 -1.764083839220398175e+01
-1.796278872918658465e+01 -1.794640036853812148e+01 -1.797974192710322328e+01
-1.812211323542576125e+01 -1.815200464824691551e+01 -1.814466188606409958e+01
-1.830018523969411959e+01 -1.831498703429021191e+01 -1.831332023166047307e+01
-1.829098076536296347e+01 -1.831915151264687935e+01 -1.845097721719796979e+01
-1.780120116393232621e+01 -1.783027328719425597e+01 -1.782468389672094489e+01
-1.616241427222630733e+01 -1.629751368926139321e+01 -1.544183894314989836e+01
-1.413401442865261792e+01 -1.402453989187237937e+01 -1.369143844766123763e+01
-1.147727121520816240e+01 -1.156569130056461958e+01 -1.147976568796078389e+01
-4.268504312160221303e+00 -5.813437976167168841e+00 -4.309025221809528183e+00
0.000000000000000000e+00 -3.686997330266498452e+00 -1.000000000000000056e-01
0.000000000000000000e+00 -1.975909447069623681e+00 0.000000000000000000e+00
0.000000000000000000e+00 0.000000000000000000e+00 0.000000000000000000e+00
0.000000000000000000e+00 0.000000000000000000e+00 0.000000000000000000e+00
0.000000000000000000e+00 0.000000000000000000e+00 0.000000000000000000e+00
-3.734706840062655075e+00 -1.968609700568975773e+00 -1.961437822550225363e+00
-1.962922973081655531e+00 -1.966733802817282273e+00 -1.970060358880541873e+00
-1.969587455858785363e+00 0.000000000000000000e+00 0.000000000000000000e+00
-1.947743370551492381e+00 0.000000000000000000e+00 0.000000000000000000e+00
-4.738400816200993404e+00 -3.419718796085699175e+00 -3.594033892740766678e+00
-1.546228265328857532e+01 -1.623277028234344499e+01 -1.662446444366992537e+01
-1.730237959324975350e+01 -1.713172583336529087e+01 -1.746076776207865677e+01
-1.775822803297147345e+01 -1.776387499524937752e+01 -1.780313568526009504e+01
-1.794243069959289727e+01 -1.793366155269983153e+01 -1.795103442242999137e+01
-1.743341890888901702e+01 -1.737532956748472301e+01 -1.732159258218214859e+01
-1.584046787664031264e+01 -1.579374185849530221e+01 -1.540644204608546453e+01
-1.466513550337157845e+01 -1.466367780696206680e+01 -1.443492972175516265e+01
-1.276257229804137694e+01 -1.268925449568006059e+01 -1.197747332740409121e+01
-8.012278772306995478e+00 -7.848815565621009682e+00 -8.056604214326767988e+00
0.000000000000000000e+00 0.000000000000000000e+00 0.000000000000000000e+00
-1.954402396370825246e+00 -1.962147004491104019e+00 0.000000000000000000e+00
-3.722303713951259141e+00 0.000000000000000000e+00 0.000000000000000000e+00
-1.967567634946192801e+00 0.000000000000000000e+00 0.000000000000000000e+00
0.000000000000000000e+00 0.000000000000000000e+00 0.000000000000000000e+00
-1.933265640492541015e+00 -3.400434178177957900e+00 0.000000000000000000e+00
-3.568202060278479415e+00 -3.153100731901308240e+00 -1.947931200091341797e+00
-3.697395857550746179e+00 -1.927502694749007262e+00 -1.964443845832982039e+00
-3.707754289135841486e+00 -1.961291543042969598e+00 0.000000000000000000e+00
-1.955769910579746140e+00 -2.829790415450244900e+00 0.000000000000000000e+00
-1.958442322258765023e+00 0.000000000000000000e+00 0.000000000000000000e+00
-4.801991395424862752e+00 -1.954163501379959200e+00 -3.029188502560805851e+00
-1.501551971495883997e+01 -1.620539860595926385e+01 -1.648360441569120738e+01
-1.653526050639246137e+01 -1.711457486450723664e+01 -1.711652756232454919e+01
-1.706118159838425186e+01 -1.701097225322418183e+01 -1.707569739555218291e+01
-1.599331915020626127e+01 -1.600011098761889272e+01 -1.544946959753407967e+01
-1.474981191242059886e+01 -1.466970370536895629e+01 -1.465384007898781960e+01
-1.323462745876407354e+01 -1.316102969433617531e+01 -1.307966719574285364e+01
-9.869045233519866400e+00 -9.641907615410936216e+00 -9.534615548965886589e+00
-5.321470559109983789e+00 -4.353984954386802997e+00 -4.422717468610583680e+00
-3.706446461661982106e+00 -3.727213519978660017e+00 -1.959316685418739157e+00
-3.735426557455225449e+00 -3.710361585048920219e+00 -5.260048137910461108e+00
-1.970105686683972124e+00 -1.972712804992722724e+00 0.000000000000000000e+00
0.000000000000000000e+00 0.000000000000000000e+00 -1.961716728245851415e+00
0.000000000000000000e+00 0.000000000000000000e+00 0.000000000000000000e+00
0.000000000000000000e+00 -1.971556342345616830e+00 0.000000000000000000e+00
-1.947300191313855011e+00 -1.979560399316539820e+00 0.000000000000000000e+00
-1.958536344211612379e+00 -1.980758714666950304e+00 0.000000000000000000e+00
0.000000000000000000e+00 0.000000000000000000e+00 0.000000000000000000e+00
-1.924810026386407857e+00 -1.960505251835002571e+00 0.000000000000000000e+00
-1.961083075316694790e+00 -1.925171522244744526e+00 -1.976071186120332612e+00
-1.954630384388971187e+00 -3.741420104189031370e+00 0.000000000000000000e+00
-3.249114170180234851e+00 -1.965556747552740235e+00 -3.739931933588625412e+00
-1.426858815285506310e+01 -1.413010032389540704e+01 -1.406244770573755432e+01
-1.512861577040941263e+01 -1.484698181125540906e+01 -1.468336092832058348e+01
-1.433611355792814024e+01 -1.432608433416636551e+01 -1.431127632478843914e+01
-1.358644947587090712e+01 -1.356935739959425469e+01 -1.355414206191241355e+01
-1.227350271275984817e+01 -1.226220603639186635e+01 -1.228635669007235087e+01
-8.527937991010661634e+00 -8.356777052503833403e+00 -8.381133191437710295e+00
-3.626401584545122070e+00 -3.405052084800273882e+00 -3.174284689855949360e+00
-1.969405913042527434e+00 -1.957323557510092904e+00 0.000000000000000000e+00
-3.741529035078427157e+00 -3.709836276938220045e+00 -1.968039891745938963e+00
-1.958637614199699506e+00 0.000000000000000000e+00 -1.543453426866195466e+00
0.000000000000000000e+00 0.000000000000000000e+00 0.000000000000000000e+00
0.000000000000000000e+00 0.000000000000000000e+00 0.000000000000000000e+00
0.000000000000000000e+00 0.000000000000000000e+00 0.000000000000000000e+00
-1.959533998927442955e+00 -1.973468863495901005e+00 0.000000000000000000e+00
-1.967144062383956005e+00 -1.964512733815142687e+00 0.000000000000000000e+00
-1.956270245784221151e+00 0.000000000000000000e+00 0.000000000000000000e+00
0.000000000000000000e+00 -1.968930701237534997e+00 0.000000000000000000e+00
-3.637758123244105413e+00 -1.974260147254537134e+00 0.000000000000000000e+00
0.000000000000000000e+00 0.000000000000000000e+00 0.000000000000000000e+00
-1.964607061139006738e+00 -1.971682804954884904e+00 0.000000000000000000e+00
-1.955052134344962944e+00 -1.971860195359167456e+00 0.000000000000000000e+00
0.000000000000000000e+00 -1.959270862054277806e+00 0.000000000000000000e+00
-1.949405118560769701e+00 -1.972279554749486241e+00 -1.967119203611055189e+00
-1.960917370465702803e+00 -1.967110049061835841e+00 0.000000000000000000e+00
-1.966809570098995152e+00 0.000000000000000000e+00 0.000000000000000000e+00
-1.946174085942513843e+00 -1.967350772683740034e+00 0.000000000000000000e+00
-1.970843372065172794e+00 -3.727134495020354432e+00 -5.341646717007385803e+00
-3.711662095181061716e+00 0.000000000000000000e+00 0.000000000000000000e+00
0.000000000000000000e+00 0.000000000000000000e+00 0.000000000000000000e+00
0.000000000000000000e+00 0.000000000000000000e+00 0.000000000000000000e+00
0.000000000000000000e+00 0.000000000000000000e+00 0.000000000000000000e+00
0.000000000000000000e+00 0.000000000000000000e+00 0.000000000000000000e+00
0.000000000000000000e+00 0.000000000000000000e+00 0.000000000000000000e+00
0.000000000000000000e+00 0.000000000000000000e+00 0.000000000000000000e+00
0.000000000000000000e+00 0.000000000000000000e+00 0.000000000000000000e+00
0.000000000000000000e+00 0.000000000000000000e+00 0.000000000000000000e+00
0.000000000000000000e+00 0.000000000000000000e+00 0.000000000000000000e+00
0.000000000000000000e+00 0.000000000000000000e+00 0.000000000000000000e+00
0.000000000000000000e+00 0.000000000000000000e+00 0.000000000000000000e+00
0.000000000000000000e+00 0.000000000000000000e+00 0.000000000000000000e+00
0.000000000000000000e+00 0.000000000000000000e+00 0.000000000000000000e+00
0.000000000000000000e+00 0.000000000000000000e+00 0.000000000000000000e+00
0.000000000000000000e+00 0.000000000000000000e+00 0.000000000000000000e+00
0.000000000000000000e+00 0.000000000000000000e+00 0.000000000000000000e+00
0.000000000000000000e+00 0.000000000000000000e+00 0.000000000000000000e+00
0.000000000000000000e+00 0.000000000000000000e+00 0.000000000000000000e+00
0.000000000000000000e+00 0.000000000000000000e+00 0.000000000000000000e+00
0.000000000000000000e+00 0.000000000000000000e+00 0.000000000000000000e+00
0.000000000000000000e+00 0.000000000000000000e+00 0.000000000000000000e+00
0.000000000000000000e+00 0.000000000000000000e+00 0.000000000000000000e+00
0.000000000000000000e+00 0.000000000000000000e+00 0.000000000000000000e+00
