0.000000000000000000e+00 0.000000000000000000e+00 0.000000000000000000e+00
0.000000000000000000e+00 0.000000000000000000e+00 0.000000000000000000e+00
0.000000000000000000e+00 0.000000000000000000e+00 0.000000000000000000e+00
-3.641760357489226330e+00 -3.553591052675695305e+00 -3.548145017929695832e+00
-2.234583122066859318e+01 -2.234250558374038320e+01 -2.234061332820192192e+01
-2.460113666417779754e+01 -2.417166382355926046e+01 -2.445977613905933623e+01
-2.420967549280003794e+01 -2.420809616742657155e+01 -2.421223513109663728e+01
-2.435036144510858946e+01 -2.437238431872994582e+01 -2.434878218596352895e+01
-2.464891458217409337e+01 -2.464383948806868929e+01 -2.464926774518494668e+01
-2.487720842302492130e+01 -2.498474775968869466e+01 -2.477669016333079099e+01
-2.482611586234173373e+01 -2.523995027662947876e+01 -2.353318984396847569e+01
-2.279659520437576958e+01 -2.243962930245811904e+01 -2.225894026894173905e+01
-2.204997640732177899e+01 -2.125748783608910486e+01 -2.019550804404956423e+01
-4.864639066182741445e+00 -1.879280701137064247e+00 0.000000000000000000e+00
-2.509681451485122228e+00 0.000000000000000000e+00 -6.860669811568120835e-01
-4.445105411420031238e+00 -5.619486598146932188e-01 0.000000000000000000e+00
-1.364196954290146424e+00 -3.730805984209619730e-01 0.000000000000000000e+00
0.000000000000000000e+00 0.000000000000000000e+00 0.000000000000000000e+00
-2.036315902673767830e+00 -2.401402597518372262e-01 -2.134063533319846273e-01
0.000000000000000000e+00 0.000000000000000000e+00 0.000000000000000000e+00
0.000000000000000000e+00 0.000000000000000000e+00 0.000000000000000000e+00
-4.641596506592287952e+00 0.000000000000000000e+00 0.000000000000000000e+00
-1.713199195603406277e+00 0.000000000000000000e+00 0.000000000000000000e+00
-1.444653897784862018e+01 -1.445508673878959094e+01 -1.465383415323580607e+01
-2.354441666505566388e+01 -2.354545666967847950e+01 -2.353447672122366541e+01
-2.515167532501227754e+01 -2.516345409135066191e+01 -2.515385254302899298e+01
-2.578021825903239517e+01 -2.578259318449692472e+01 -2.577652027384140609e+01
-2.693603408871102545e+01 -2.689490632687171257e+01 -2.692112973710974799e+01
-2.734105099685908513e+01 -2.748777525996007753e+01 -2.749587564129837247e+01
-2.647281869242460672e+01 -2.646723235952257980e+01 -2.651703404414478271e+01
-2.526714933904119320e+01 -2.518187722782408500e+01 -2.511199681482819912e+01
-2.347269575292870769e+01 -2.294631694790937004e+01 -2.324523931068062765e+01
-2.092640715529420348e+01 -2.066888146756073397e+01 -1.966249672173110952e+01
-1.966838297625789167e+01 -1.965843221921242545e+01 -1.904730058007645965e+01
-1.715348614556318196e+01 -1.714283744913159069e+01 -1.714584439742507627e+01
-2.339629288073695745e-01 0.000000000000000000e+00 0.000000000000000000e+00
-6.402866706691766829e+00 -6.292284176261708772e+00 -6.764880254317350960e+00
-4.179426303588348546e+00 -4.137985843107880313e-01 0.000000000000000000e+00
-2.934121024928938670e+00 -2.749448952321536854e+00 -1.415085884463332278e+00
0.000000000000000000e+00 0.000000000000000000e+00 0.000000000000000000e+00
0.000000000000000000e+00 0.000000000000000000e+00 0.000000000000000000e+00
-1.832399328319892939e+00 -6.721532776285956690e-01 -2.341261280738325956e-01
-4.454192855444813581e+00 -1.545445399382082696e+00 -1.554556589903738351e+00
-1.752752069890682307e+01 -1.754466984784358274e+01 -1.751420006296256204e+01
-2.394961208597183955e+01 -2.394895455176045829e+01 -2.395380406383955929e+01
-2.581002625905388470e+01 -2.581076792768642747e+01 -2.581080724209860833e+01
-2.723082271397899490e+01 -2.723520307404100649e+01 -2.723724226112437563e+01
-2.868756896927386890e+01 -2.868344528584681541e+01 -2.868665000578471691e+01
-2.929602341758733886e+01 -2.929821563476598811e+01 -2.929875645792354177e+01
-2.915257748569574758e+01 -2.915487750812485501e+01 -2.915007151569409416e+01
-2.820415938457183458e+01 -2.816385602785042508e+01 -2.817365836164463033e+01
-2.666589710501480681e+01 -2.666085699219947713e+01 -2.666402354301402866e+01
-2.427860962137379275e+01 -2.428274617051945938e+01 -2.432429286347190356e+01
-2.148394801870754733e+01 -2.147425909107819564e+01 -2.144923439415995503e+01
-1.978394872386918379e+01 -1.977634885098615669e+01 -1.978058862589795552e+01
-1.073478781758688960e+01 -1.072138821142604748e+01 -1.072878748656547820e+01
-2.321507184135712443e+00 -2.467052391651120224e+00 -6.419821960744285239e-01
-1.118802486524567152e+00 -4.592537437598005479e-01 0.000000000000000000e+00
-6.181320790684664557e-01 -4.830142216547294032e-01 -4.672667845492318728e-01
0.000000000000000000e+00 0.000000000000000000e+00 0.000000000000000000e+00
0.000000000000000000e+00 0.000000000000000000e+00 0.000000000000000000e+00
-2.596204428489449878e+00 -2.421487339293691143e-01 0.000000000000000000e+00
-1.020149728895207808e+01 -1.016684283414809542e+01 -1.016413659517184520e+01
-1.915213382581833201e+01 -1.915890621637961289e+01 -1.913493001382850522e+01
-2.440055196304500029e+01 -2.439548451594426126e+01 -2.440395834959246812e+01
-2.686153414775155923e+01 -2.688014603578735517e+01 -2.686926407050396293e+01
-2.956231424960039789e+01 -2.955754620321776116e+01 -2.955800134902713339e+01
-3.097829554987492529e+01 -3.097918593071980098e+01 -3.097711813579856255e+01
-3.188520536086148383e+01 -3.188695880033419883e+01 -3.188376526964269075e+01
-3.185681366125814051e+01 -3.185549541571272059e+01 -3.185616464434018269e+01
-3.139223186630627183e+01 -3.141159472080952142e+01 -3.138499688399135223e+01
-3.005482007837781211e+01 -2.973847701714840497e+01 -3.018828623149546786e+01
-2.719483107517842413e+01 -2.717459741056569911e+01 -2.716353450230519684e+01
-2.537565451947470052e+01 -2.466093885721160817e+01 -2.465254910083604045e+01
-2.135294741964573362e+01 -2.130098808982242531e+01 -2.134856680992896472e+01
-1.978554642266591301e+01 -1.977265398586605727e+01 -1.968311533675086977e+01
-1.054779802079704432e+01 -1.054789844511485164e+01 -1.050640376315686098e+01
-4.480094736113799492e+00 -2.221021682514934259e+00 -2.139168380072737019e+00
-3.152271553586631470e+00 0.000000000000000000e+00 0.000000000000000000e+00
0.000000000000000000e+00 0.000000000000000000e+00 0.000000000000000000e+00
0.000000000000000000e+00 0.000000000000000000e+00 0.000000000000000000e+00
-4.219107637903058983e-01 0.000000000000000000e+00 0.000000000000000000e+00
-1.297433116394857677e+01 -1.296374869794002649e+01 -1.299293070627838809e+01
-2.056793163145397330e+01 -2.055832239884540158e+01 -2.055237040319357789e+01
-2.495964368155632229e+01 -2.500917908642436061e+01 -2.495900151023537816e+01
-2.834111043516941919e+01 -2.834825009453610534e+01 -2.834090845821352644e+01
-3.084619770297451780e+01 -3.085134578196263533e+01 -3.085360980948339815e+01
-3.303042341481792477e+01 -3.304592422871132129e+01 -3.303896243077736727e+01
-3.554316218675962347e+01 -3.550566534748674741e+01 -3.547143355016569899e+01
-3.647766609561640649e+01 -3.647243284846373967e+01 -3.647649630702634482e+01
-3.632953901564678034e+01 -3.633432912159044292e+01 -3.631567130497276708e+01
-3.433196336775809243e+01 -3.432560910742733284e+01 -3.426622278370432184e+01
-3.183584508962111670e+01 -3.186018214429625672e+01 -3.128146155500342473e+01
-2.766093172509792453e+01 -2.756177988311757332e+01 -2.718461643364153346e+01
-2.441600884717366782e+01 -2.440991146026732395e+01 -2.441811246923603562e+01
-2.071316958426383081e+01 -2.070569286593883263e+01 -2.070551106814444964e+01
-1.999849716392015253e+01 -2.000210216829875165e+01 -1.999586047643439457e+01
-2.562284092794653745e+00 -2.373872268006480990e+00 -2.374707052562774923e+00
0.000000000000000000e+00 0.000000000000000000e+00 0.000000000000000000e+00
-3.683174055808287939e+00 0.000000000000000000e+00 0.000000000000000000e+00
0.000000000000000000e+00 0.000000000000000000e+00 0.000000000000000000e+00
-1.792509650160600376e+00 0.000000000000000000e+00 0.000000000000000000e+00
-1.418402275580944583e+01 -1.419886947851598968e+01 -1.418603779210422644e+01
-2.113912788778047513e+01 -2.114482686516979015e+01 -2.115491965048106593e+01
-2.541879396538931957e+01 -2.550534073029945503e+01 -2.541862221685415690e+01
-2.943132313785636711e+01 -2.943629793820706197e+01 -2.945441959552294264e+01
-3.248118514913771548e+01 -3.249929288396964466e+01 -3.247980933168212658e+01
-3.608245625031264581e+01 -3.602362032512772316e+01 -3.611352236422441564e+01
-4.009443420684689130e+01 -4.009954523761263800e+01 -4.009333200707870759e+01
-4.088573512018936640e+01 -4.088871276848338709e+01 -4.087286679804948619e+01
-3.978369592027142687e+01 -3.978406402690229271e+01 -3.977648973048713543e+01
-3.824706213789144016e+01 -3.826138073868857248e+01 -3.824878883422336884e+01
-3.551663985346947072e+01 -3.552082792378941889e+01 -3.543227984892002524e+01
-3.204201961183211012e+01 -3.203137473744055796e+01 -3.133717445097326859e+01
-2.700838456848158131e+01 -2.697504472907430539e+01 -2.594987803148334038e+01
-2.310097338226618291e+01 -2.310206853038090813e+01 -2.310241623638101061e+01
-1.990791200315213771e+01 -1.990646077765001820e+01 -1.990562782782491169e+01
-1.463615097343117100e+01 -1.451269246759962250e+01 -1.453584144386845445e+01
-4.666185874335883277e+00 -2.423045577181603960e-01 0.000000000000000000e+00
-8.976326130339918885e-01 0.000000000000000000e+00 0.000000000000000000e+00
0.000000000000000000e+00 0.000000000000000000e+00 0.000000000000000000e+00
0.000000000000000000e+00 0.000000000000000000e+00 0.000000000000000000e+00
-1.383012825631494458e+01 -1.383849352102698660e+01 -1.385447893212172232e+01
-2.012995176143907727e+01 -2.012136835721346628e+01 -2.014298568001793655e+01
-2.530413259407731985e+01 -2.542508482756504407e+01 -2.545132850122681489e+01
-2.970872090268832011e+01 -2.972777621035007911e+01 -2.973375863713034661e+01
-3.325302681384175685e+01 -3.325428965399730430e+01 -3.326936395975450722e+01
-3.702857814439705919e+01 -3.703196525751008039e+01 -3.705761875608357769e+01
-4.229070069177316782e+01 -4.228250930510036909e+01 -4.229722586934571638e+01
-4.506270076734579533e+01 -4.653590955556720132e+01 -4.653095747604476173e+01
-4.672690796207756136e+01 -4.670937806608799292e+01 -4.655103629595159020e+01
-4.209682572363533382e+01 -4.209368976327439071e+01 -4.093061244080918470e+01
-3.789487777209380681e+01 -3.776670598412782454e+01 -3.701256506805719937e+01
-3.413641762171237559e+01 -3.412114103243658292e+01 -3.401566509505322955e+01
-2.947842307238354564e+01 -2.974032595803948809e+01 -2.898724915678149472e+01
-2.443443518396730596e+01 -2.442979451082129927e+01 -2.442605132505376275e+01
-2.036124322170148204e+01 -2.034991259692500520e+01 -2.030249419411226341e+01
-1.872072340090273457e+01 -1.871729205745146274e+01 -1.871364491953976028e+01
-4.826087551178151358e+00 -1.910488573947025648e+00 0.000000000000000000e+00
-1.649684566558004217e+00 0.000000000000000000e+00 0.000000000000000000e+00
0.000000000000000000e+00 0.000000000000000000e+00 0.000000000000000000e+00
-4.467386595017011075e+00 -1.460923977101996896e-01 0.000000000000000000e+00
-1.331748908603113613e+01 -1.331836272775763597e+01 -1.331393634981611562e+01
-1.865403428223602589e+01 -1.866112001179615021e+01 -1.864989900942359213e+01
-2.425728025531715204e+01 -2.455868775009639648e+01 -2.456948083176910558e+01
-2.883242392327390036e+01 -2.882701192669149037e+01 -2.884624659236752464e+01
-3.252054740899817631e+01 -3.252030819761156266e+01 -3.252520290549484372e+01
-3.544258498682996361e+01 -3.596959510449347164e+01 -3.596510700862182830e+01
-4.187186407296708524e+01 -4.187525664724297769e+01 -4.188926543492612353e+01
-4.553181907987615773e+01 -4.683421140305233621e+01 -4.689406079044066189e+01
-4.778615322518434283e+01 -4.921214779807264961e+01 -4.913533106388469207e+01
-4.288225512699565201e+01 -4.282031642459665477e+01 -4.227396059855756505e+01
-3.843271122669148099e+01 -3.839452066749102954e+01 -3.753281416381062741e+01
-3.487873585814757860e+01 -3.486594656538912318e+01 -3.486480492888247085e+01
-3.076755795057033183e+01 -3.076168244714707711e+01 -3.033610780880732349e+01
-2.495543910181082126e+01 -2.495438310700513540e+01 -2.495285488779858696e+01
-2.082046501788272508e+01 -2.081880789054595482e+01 -2.077451064310055173e+01
-1.866220567063810165e+01 -1.869966110893108890e+01 -1.866624310969927336e+01
-4.384466640945634097e+00 0.000000000000000000e+00 0.000000000000000000e+00
0.000000000000000000e+00 0.000000000000000000e+00 0.000000000000000000e+00
0.000000000000000000e+00 0.000000000000000000e+00 0.000000000000000000e+00
-2.345017518626256958e+00 -2.436480459693843026e-01 0.000000000000000000e+00
-1.171122857968896724e+01 -1.178520839050226066e+01 -1.170250451142265646e+01
-1.652855514592614483e+01 -1.651715926264218126e+01 -1.653274922095828003e+01
-2.113449844787177057e+01 -2.193086613125331397e+01 -2.204300727001211513e+01
-2.682097250538305389e+01 -2.680303913417770190e+01 -2.682478448847629338e+01
-3.075524867994078804e+01 -3.075948677013956356e+01 -3.076732210201807760e+01
-3.358641355312482801e+01 -3.434696817675292380e+01 -3.444210137008119688e+01
-3.735847910642952741e+01 -3.783996775061683593e+01 -3.782472519163565750e+01
-4.262806147695456360e+01 -4.265274898869135001e+01 -4.266012499404854452e+01
-4.235878100844148264e+01 -4.235601372758123517e+01 -4.235648453210705355e+01
-4.041556069520319738e+01 -4.041861627785752376e+01 -4.035049663295017552e+01
-3.817800903548647540e+01 -3.806205042793732929e+01 -3.738207437959154333e+01
-3.456280297347225883e+01 -3.457367801360635440e+01 -3.456423906114802236e+01
-3.026589742223151447e+01 -3.027728639584572790e+01 -3.019844199895827330e+01
-2.480877334185215588e+01 -2.480544857550252047e+01 -2.479455225788255390e+01
-2.084453368865804990e+01 -2.084004682285967647e+01 -2.069573637077379757e+01
-1.783417044333103263e+01 -1.779455482797454380e+01 -1.778795868631584298e+01
-3.105382440791616627e+00 -2.345486947504306752e+00 -2.136498605141687601e-01
0.000000000000000000e+00 0.000000000000000000e+00 0.000000000000000000e+00
0.000000000000000000e+00 0.000000000000000000e+00 0.000000000000000000e+00
-2.137786923084312452e-01 -2.344841301734143513e-01 0.000000000000000000e+00
-4.670473210526716379e+00 -4.714765881178907492e+00 -4.684544126438099809e+00
-1.414922115462720598e+01 -1.414401371588485645e+01 -1.413900271663237085e+01
-1.881442515435705687e+01 -1.881913634846454286e+01 -1.882781335456251526e+01
-2.423714484523557644e+01 -2.404631814997327410e+01 -2.423036680485403238e+01
-2.806649621575380849e+01 -2.809356634823234344e+01 -2.806016992472276783e+01
-3.082548100362734544e+01 -3.083469566516135885e+01 -3.084160565527259479e+01
-3.439787413096564705e+01 -3.395850994087717822e+01 -3.461603706133703184e+01
-3.618504919545954834e+01 -3.649309406220095298e+01 -3.655863226615434058e+01
-3.739397407207093949e+01 -3.739524046640216426e+01 -3.737485378611305009e+01
-3.745544076788676335e+01 -3.712513416650313758e+01 -3.740710237976358599e+01
-3.535383384933422235e+01 -3.535039918139508330e+01 -3.534669077289665040e+01
-3.279366826673841473e+01 -3.278650917821473598e+01 -3.278552691436785693e+01
-2.890342672449896000e+01 -2.890834919446400875e+01 -2.813695805282917917e+01
-2.367586350731741973e+01 -2.369230586999055177e+01 -2.368406288270834281e+01
-1.958699040434585825e+01 -1.944711278337891969e+01 -1.947809570694885295e+01
-1.669771613035534941e+01 -1.670162878391564476e+01 -1.670622571508907228e+01
-1.815806453947736765e+00 -1.449361573092763367e+00 -6.842200236455856510e-01
0.000000000000000000e+00 0.000000000000000000e+00 0.000000000000000000e+00
0.000000000000000000e+00 0.000000000000000000e+00 0.000000000000000000e+00
-2.434886090842937278e+00 -2.340084828970611652e-01 -2.420626301748624309e-01
0.000000000000000000e+00 0.000000000000000000e+00 0.000000000000000000e+00
-1.315949233392242768e+01 -1.318213608192609954e+01 -1.312833608201497881e+01
-1.648915648843569315e+01 -1.650195345656117141e+01 -1.649031952223989705e+01
-2.130926655916476520e+01 -2.038921148256407179e+01 -2.117515433798633140e+01
-2.495119659100017273e+01 -2.484174418720290234e+01 -2.494208807868455224e+01
-2.785620542423339074e+01 -2.780435189145133634e+01 -2.779879763225110523e+01
-3.023644547855849041e+01 -3.022911499826675907e+01 -3.023359113704614387e+01
-3.186857134430060512e+01 -3.188846872802628596e+01 -3.186911630608165069e+01
-3.301564779309802589e+01 -3.301672986355229966e+01 -3.301044086456238347e+01
-3.321693691903177381e+01 -3.321725097068987509e+01 -3.321510788674716963e+01
-3.219232920308635215e+01 -3.218402849800791188e+01 -3.219155791378578613e+01
-2.987764377673371641e+01 -2.991529774473272596e+01 -2.987131646377371297e+01
-2.579219886422718133e+01 -2.590654135068058750e+01 -2.498882614409877334e+01
-2.197440207933367518e+01 -2.198716522798473960e+01 -2.195771681180648827e+01
-1.803003554985970780e+01 -1.802299636052790888e+01 -1.802001123363018920e+01
-1.480063121505725121e+01 -1.479961200395339382e+01 -1.480875208147542388e+01
-4.478141107607799043e+00 -5.695176059812292468e-01 -6.744803986645293570e-01
-1.136126371827578474e+00 0.000000000000000000e+00 0.000000000000000000e+00
0.000000000000000000e+00 0.000000000000000000e+00 0.000000000000000000e+00
-4.328988051351641886e+00 -2.358184322166511748e+00 -5.442431972560813902e-01
-1.377547228967159532e+00 -8.691959746247640561e-01 -2.423171531711501847e-01
-5.049547402181137734e+00 -5.070595706511374701e+00 -5.082172341482016797e+00
-1.459614273752168856e+01 -1.458302180254326963e+01 -1.459396942000211261e+01
-1.800601499255572335e+01 -1.800641056640278848e+01 -1.800520700713230582e+01
-2.069451555591141911e+01 -2.168001473986425509e+01 -2.148394226044349864e+01
-2.428316139961167153e+01 -2.460817195841110561e+01 -2.464155365611798487e+01
-2.687923965711968677e+01 -2.690388235192972388e+01 -2.689775084830360186e+01
-2.879400713909092246e+01 -2.879235623611520012e+01 -2.878390492296701453e+01
-2.964117956723418246e+01 -2.964278252598008123e+01 -2.964935503373661163e+01
-2.983202476364103717e+01 -2.990235572202823633e+01 -2.982996358980842189e+01
-2.905217514683673841e+01 -2.896608279865670710e+01 -2.895963376405169143e+01
-2.655729547399592860e+01 -2.664263495076843924e+01 -2.546465734873202180e+01
-2.309005576963468798e+01 -2.309168986892203534e+01 -2.310479838619918880e+01
-1.979149278380644716e+01 -1.979824366664440660e+01 -1.960225611971700843e+01
-1.696567280248372356e+01 -1.682396717381431372e+01 -1.681169553621692359e+01
-9.722645256881378373e+00 -9.808895383425701553e+00 -9.745810009745524027e+00
0.000000000000000000e+00 0.000000000000000000e+00 0.000000000000000000e+00
0.000000000000000000e+00 0.000000000000000000e+00 0.000000000000000000e+00
0.000000000000000000e+00 0.000000000000000000e+00 0.000000000000000000e+00
0.000000000000000000e+00 0.000000000000000000e+00 0.000000000000000000e+00
-4.426833422739066215e+00 -2.497646102064463303e-01 0.000000000000000000e+00
-2.133309932019082367e-01 0.000000000000000000e+00 0.000000000000000000e+00
-1.016924020838837350e+01 -1.033420914342715946e+01 -1.016444799331793014e+01
-1.509902076428546813e+01 -1.510960204120782180e+01 -1.509195336964366341e+01
-1.842354773370182741e+01 -1.841684239712798643e+01 -1.842720317458361734e+01
-2.070765817265427700e+01 -2.070536278659325191e+01 -2.068592362668508855e+01
-2.389258715533640753e+01 -2.386993253723047914e+01 -2.384324808734916346e+01
-2.531465382634683081e+01 -2.540423646219044329e+01 -2.539221261660490114e+01
-2.591872208970726632e+01 -2.599460472689068880e+01 -2.591910116646288031e+01
-2.599418990367295734e+01 -2.583259465003020949e+01 -2.607360703795505685e+01
-2.487130992852676314e+01 -2.435590758614055673e+01 -2.497543653986658185e+01
-2.287219113203284238e+01 -2.287631378912120539e+01 -2.286653543382210430e+01
-2.044910491180696255e+01 -2.043515354122539307e+01 -2.044808952236760291e+01
-1.732478885242156608e+01 -1.729892685853293344e+01 -1.727437646301468988e+01
-1.506132636007766479e+01 -1.507636316720182279e+01 -1.506559350831020616e+01
-4.239727327340625962e+00 -3.956397685701408262e-01 -3.734411558544998844e-01
0.000000000000000000e+00 0.000000000000000000e+00 0.000000000000000000e+00
0.000000000000000000e+00 0.000000000000000000e+00 0.000000000000000000e+00
0.000000000000000000e+00 0.000000000000000000e+00 0.000000000000000000e+00
-2.080161316397756366e+00 -1.283778050161651585e+00 -1.472504689328851368e+00
-5.726425496459607301e-01 -5.223290139158185408e-01 -4.769104783783769674e-01
-1.801486159907842444e+00 0.000000000000000000e+00 0.000000000000000000e+00
-4.262718497339388790e+00 -2.997798262368613909e-01 0.000000000000000000e+00
-1.247635370473883043e+01 -1.241837189807836062e+01 -1.242867264227809621e+01
-1.572634400688012235e+01 -1.571912156837580277e+01 -1.571508255536977572e+01
-1.852762457216796221e+01 -1.854068833696629071e+01 -1.854089320181056877e+01
-2.019821640361255888e+01 -2.019337025388420770e+01 -2.021237931322486503e+01
-2.122165336949001357e+01 -2.122641700429067768e+01 -2.122934153359003062e+01
-2.189418388864611842e+01 -2.189171163597251635e+01 -2.189385833917085122e+01
-2.204826499618391367e+01 -2.204646369748565604e+01 -2.204918401701254638e+01
-2.113283062425279013e+01 -2.112780232136941194e+01 -2.116463713482113107e+01
-1.973474026054412533e+01 -1.972705837702427090e+01 -1.973644455473013792e+01
-1.763193236514616657e+01 -1.763274020123147068e+01 -1.733882747224193110e+01
-1.509678833915871721e+01 -1.509683143714871711e+01 -1.507152051914454738e+01
-9.369764028633582598e+00 -9.383796325532941296e+00 -9.527324319129947483e+00
-4.709415785346459771e+00 -1.332974340503898958e+00 -1.352218019186824050e+00
-4.941966356676666949e-01 0.000000000000000000e+00 0.000000000000000000e+00
0.000000000000000000e+00 0.000000000000000000e+00 0.000000000000000000e+00
0.000000000000000000e+00 0.000000000000000000e+00 0.000000000000000000e+00
-4.077403261153825120e+00 -1.167283121879140406e+00 -2.342765930092959026e-01
-1.069966119055187015e+00 -8.114884759314685558e-01 0.000000000000000000e+00
-9.739384490376341574e-01 -8.875740782374188509e-01 -5.348301559934036664e-01
-2.249768429867869290e+00 -1.258020649569520311e+00 -8.995584769205764442e-01
-3.635811177018589913e+00 -1.412364840014925571e+00 -4.838718698167678856e-01
-1.352045342347964585e+01 -1.351880943635912935e+01 -1.363129702856799597e+01
-1.629654913587387455e+01 -1.627405464093188314e+01 -1.627336398678823315e+01
-1.853702673984694016e+01 -1.854325377640968497e+01 -1.854108551947027905e+01
-1.890828261785877018e+01 -1.890660141584084286e+01 -1.892201660413686781e+01
-1.925841788761844953e+01 -1.925957300230790636e+01 -1.933702134955883523e+01
-1.919740263275245340e+01 -1.920057682422971368e+01 -1.919650424852470039e+01
-1.860794071400985317e+01 -1.860357687177498676e+01 -1.869637266385317531e+01
-1.778997353045270202e+01 -1.778956595712155675e+01 -1.774053381843213018e+01
-1.481088424782385360e+01 -1.530586228493073087e+01 -1.414677134185005869e+01
-1.218760573885400333e+01 -1.216397023785307852e+01 -1.211822478152282123e+01
-2.463646725502282919e+00 -1.012184547147409797e+00 -9.102973930949618264e-01
0.000000000000000000e+00 0.000000000000000000e+00 0.000000000000000000e+00
-4.598794932777882316e+00 -1.955577770160169759e+00 -2.317019699548796829e+00
0.000000000000000000e+00 0.000000000000000000e+00 0.000000000000000000e+00
0.000000000000000000e+00 0.000000000000000000e+00 0.000000000000000000e+00
-2.306128684786987737e+00 -2.422695257294484594e-01 0.000000000000000000e+00
-2.127945308873187891e+00 -2.628034454547634624e+00 -9.453628912060690892e-01
-3.800042941411712949e+00 -6.085594879736655471e-01 -4.960745925339585249e-01
-9.947938213310071331e-01 -9.414553761198606319e-01 -7.574785251106683770e-01
-1.420555473724789408e+00 -9.674755928340246225e-01 -4.331438787372213106e+00
-4.238316991864730987e+00 -1.786545799764111209e+00 -1.551960230005635433e+00
-1.309547346941292290e+01 -1.316283742138883994e+01 -1.302527383200158617e+01
-1.591110955392982440e+01 -1.581163897002448060e+01 -1.581666797765763732e+01
-1.736938102877388701e+01 -1.748781477370625126e+01 -1.738054361657554736e+01
-1.776493500179206464e+01 -1.791024036302999178e+01 -1.776364134438499676e+01
-1.751408668735772167e+01 -1.751221721201825687e+01 -1.751005555438953820e+01
-1.680467281481865527e+01 -1.670497639228612741e+01 -1.682287304660309957e+01
-1.477415991099422321e+01 -1.476479261955662814e+01 -1.472626422567018345e+01
-1.143097567636838541e+01 -1.141331287629903279e+01 -1.143364338315540252e+01
-5.729878684407185396e+00 -5.712892741930398088e+00 -5.868372610319333660e+00
-4.666116053099049310e+00 -6.627327489786077885e-01 -2.343402502692533973e-01
-4.528497476756611739e+00 -1.465774384987808876e+00 -7.603822974058980222e-01
-1.521812783661440793e+00 -2.960529940097312296e-01 -4.490375746739874163e-01
0.000000000000000000e+00 0.000000000000000000e+00 0.000000000000000000e+00
0.000000000000000000e+00 0.000000000000000000e+00 0.000000000000000000e+00
-8.816985552978584550e-01 -2.342352422471765394e-01 0.000000000000000000e+00
-3.202308236844826350e+00 -3.752593783650216341e+00 0.000000000000000000e+00
-4.206031045570536975e+00 -4.759894737557925914e+00 -1.454256600721961501e+00
-2.893241061338371889e+00 -1.049626138358555449e+00 -1.250568007139577720e+00
-2.972600761903785305e-01 -3.237005813543203381e-01 -2.343475597395678067e-01
-1.095865932366312911e+00 -2.131480243263866869e-01 0.000000000000000000e+00
-2.575483150511436392e+00 -2.137930033738158209e-01 0.000000000000000000e+00
-1.223941229551324561e+01 -1.240682732095689289e+01 -1.223702139768298736e+01
-1.609357498044310830e+01 -1.611636066420218327e+01 -1.611746643260438816e+01
-1.664037389018756841e+01 -1.672646153716307893e+01 -1.663971988922160250e+01
-1.556515896303751489e+01 -1.547225264365883035e+01 -1.545405619835402966e+01
-1.381230701827374929e+01 -1.379664737633037674e+01 -1.381260608895688691e+01
-1.190460579107268835e+01 -1.191524896730782324e+01 -1.177667919868402002e+01
-8.276192026795159862e+00 -8.277814509252507946e+00 -8.269281307179616292e+00
-3.862377414979818457e+00 -2.364035499717935807e+00 -1.664472131247977993e+00
-4.264137600845128162e+00 -2.188058209383520580e+00 -9.261232591404241488e-01
-2.838160285653519743e+00 -4.006241887275975522e+00 -4.850519612982310824e-01
-2.423450361781250006e-01 0.000000000000000000e+00 0.000000000000000000e+00
0.000000000000000000e+00 0.000000000000000000e+00 0.000000000000000000e+00
0.000000000000000000e+00 0.000000000000000000e+00 0.000000000000000000e+00
-4.373935286853376958e+00 -2.563421977454193534e+00 -6.692318846851693648e-01
-5.177675501477486675e-01 -3.641640074352891498e-01 0.000000000000000000e+00
-1.703608396163268868e+00 -3.674970149420448418e-01 -2.913908429351869112e-01
-1.222409239658860836e+00 -6.282585001069325159e-01 -2.138645479681551831e-01
-2.948735251818734859e+00 -2.361196457681119298e+00 -2.140037854787970040e-01
-9.210183501145140506e-01 0.000000000000000000e+00 0.000000000000000000e+00
-4.948677285685733729e+00 -4.899054403708168692e+00 -5.296988563119764848e+00
-7.366827033981393491e-01 -6.232549954710924212e-01 -8.372042551834248947e-01
-6.375870253784563069e+00 -6.376966647363303764e+00 -6.426465797725955831e+00
-1.063375770316462265e+01 -1.080156561766172629e+01 -1.068408315689632104e+01
-9.228692204171750291e+00 -9.250703465024377792e+00 -9.191082877256679495e+00
-1.025296424178645260e+01 -1.027484126772666428e+01 -1.043351089130260512e+01
-9.684342398036994481e+00 -9.688132092779495608e+00 -9.553662898213275412e+00
-6.401028264247407229e+00 -6.403419685533929595e+00 -6.403504387999428893e+00
-4.758039645407790563e-01 -1.835237694938697484e+00 -4.147005521940690942e-01
-4.727383217042436137e+00 -3.904247304020354914e+00 -1.189867832004201764e+00
-1.220340167831918787e+00 -1.040984179621916361e+00 0.000000000000000000e+00
-4.894333755749980419e+00 -2.947568141081292836e+00 0.000000000000000000e+00
0.000000000000000000e+00 0.000000000000000000e+00 0.000000000000000000e+00
0.000000000000000000e+00 0.000000000000000000e+00 0.000000000000000000e+00
0.000000000000000000e+00 0.000000000000000000e+00 0.000000000000000000e+00
0.000000000000000000e+00 0.000000000000000000e+00 0.000000000000000000e+00
0.000000000000000000e+00 0.000000000000000000e+00 0.000000000000000000e+00
-4.252413715246177617e+00 -3.559519940418243600e+00 -4.467652346122093499e-01
-2.416673315514093479e-01 0.000000000000000000e+00 0.000000000000000000e+00
0.000000000000000000e+00 0.000000000000000000e+00 0.000000000000000000e+00
-2.339810784628121032e-01 0.000000000000000000e+00 0.000000000000000000e+00
0.000000000000000000e+00 0.000000000000000000e+00 0.000000000000000000e+00
-2.675161894219077574e+00 -2.168145549819756379e+00 0.000000000000000000e+00
0.000000000000000000e+00 0.000000000000000000e+00 0.000000000000000000e+00
-2.131352676650483946e-01 0.000000000000000000e+00 0.000000000000000000e+00
-6.759054407333354719e-01 0.000000000000000000e+00 0.000000000000000000e+00
-1.196672755951325717e+00 0.000000000000000000e+00 0.000000000000000000e+00
-2.988991972466925162e+00 -1.339382150497418378e+00 -1.174577398404389461e+00
-3.044812457223825541e-01 -2.132740301315181053e-01 -2.423249926496473527e-01
-4.717288867273695452e+00 -1.024420390350998522e+00 -2.429777006408986584e-01
0.000000000000000000e+00 0.000000000000000000e+00 0.000000000000000000e+00
-8.244293544383792804e-01 0.000000000000000000e+00 0.000000000000000000e+00
0.000000000000000000e+00 0.000000000000000000e+00 0.000000000000000000e+00
0.000000000000000000e+00 0.000000000000000000e+00 0.000000000000000000e+00
0.000000000000000000e+00 0.000000000000000000e+00 0.000000000000000000e+00
0.000000000000000000e+00 0.000000000000000000e+00 0.000000000000000000e+00
0.000000000000000000e+00 0.000000000000000000e+00 0.000000000000000000e+00
0.000000000000000000e+00 0.000000000000000000e+00 0.000000000000000000e+00
0.000000000000000000e+00 0.000000000000000000e+00 0.000000000000000000e+00
0.000000000000000000e+00 0.000000000000000000e+00 0.000000000000000000e+00
0.000000000000000000e+00 0.000000000000000000e+00 0.000000000000000000e+00
0.000000000000000000e+00 0.000000000000000000e+00 0.000000000000000000e+00
0.000000000000000000e+00 0.000000000000000000e+00 0.000000000000000000e+00
0.000000000000000000e+00 0.000000000000000000e+00 0.000000000000000000e+00
0.000000000000000000e+00 0.000000000000000000e+00 0.000000000000000000e+00
0.000000000000000000e+00 0.000000000000000000e+00 0.000000000000000000e+00
0.000000000000000000e+00 0.000000000000000000e+00 0.000000000000000000e+00
0.000000000000000000e+00 0.000000000000000000e+00 0.000000000000000000e+00
0.000000000000000000e+00 0.000000000000000000e+00 0.000000000000000000e+00
0.000000000000000000e+00 0.000000000000000000e+00 0.000000000000000000e+00
0.000000000000000000e+00 0.000000000000000000e+00 0.000000000000000000e+00
0.000000000000000000e+00 0.000000000000000000e+00 0.000000000000000000e+00
0.000000000000000000e+00 0.000000000000000000e+00 0.000000000000000000e+00
