3.955000000000000000e+03
7.905000000000000000e+03
9.205000000000000000e+03
1.673000000000000000e+03
2.153000000000000000e+03
5.542000000000000000e+03
6.905000000000000000e+03
2.969000000000000000e+03
6.716000000000000000e+03
6.758000000000000000e+03
5.846000000000000000e+03
2.816000000000000000e+03
2.234000000000000000e+03
4.821000000000000000e+03
6.898000000000000000e+03
5.998000000000000000e+03
5.637000000000000000e+03
4.495000000000000000e+03
3.870000000000000000e+03
3.220000000000000000e+03
7.047000000000000000e+03
4.196000000000000000e+03
8.687000000000000000e+03
2.177000000000000000e+03
9.594000000000000000e+03
2.431000000000000000e+03
1.336000000000000000e+03
2.385000000000000000e+03
6.331000000000000000e+03
1.125000000000000000e+03
2.482000000000000000e+03
4.181000000000000000e+03
2.039000000000000000e+03
1.492000000000000000e+03
1.624000000000000000e+03
9.280000000000000000e+02
5.303000000000000000e+03
4.586000000000000000e+03
1.828000000000000000e+03
9.158000000000000000e+03
2.308000000000000000e+03
1.166000000000000000e+03
7.209000000000000000e+03
3.958000000000000000e+03
1.686000000000000000e+03
3.127000000000000000e+03
6.577000000000000000e+03
1.880000000000000000e+03
1.903000000000000000e+03
3.008000000000000000e+03
1.422000000000000000e+03
1.765000000000000000e+03
2.192000000000000000e+03
4.969000000000000000e+03
1.475000000000000000e+03
1.632000000000000000e+03
1.280000000000000000e+03
4.923000000000000000e+03
2.200000000000000000e+03
8.809000000000000000e+03
5.790000000000000000e+02
2.616000000000000000e+03
6.255000000000000000e+03
9.860000000000000000e+02
1.727000000000000000e+03
1.002000000000000000e+03
2.291000000000000000e+03
7.958000000000000000e+03
2.150000000000000000e+03
7.500000000000000000e+02
5.669000000000000000e+03
1.960000000000000000e+03
2.013000000000000000e+03
8.230000000000000000e+02
2.311000000000000000e+03
1.494000000000000000e+03
1.423000000000000000e+03
3.127000000000000000e+03
6.718000000000000000e+03
7.308000000000000000e+03
1.352000000000000000e+03
1.683000000000000000e+03
5.925000000000000000e+03
7.350000000000000000e+02
2.684000000000000000e+03
1.227000000000000000e+03
2.843000000000000000e+03
5.160000000000000000e+02
2.455000000000000000e+03
1.219000000000000000e+03
1.893000000000000000e+03
8.710000000000000000e+02
2.359000000000000000e+03
1.801000000000000000e+03
1.361000000000000000e+03
1.053000000000000000e+03
1.633000000000000000e+03
1.703000000000000000e+03
1.729000000000000000e+03
7.670000000000000000e+02
1.572000000000000000e+03
2.129000000000000000e+03
1.604000000000000000e+03
6.540000000000000000e+02
1.077000000000000000e+03
1.248000000000000000e+03
6.920000000000000000e+02
1.185000000000000000e+03
6.060000000000000000e+02
8.570000000000000000e+02
1.022000000000000000e+03
1.584000000000000000e+03
1.612000000000000000e+03
1.936000000000000000e+03
6.510000000000000000e+02
5.650000000000000000e+02
1.627000000000000000e+03
1.488000000000000000e+03
4.909000000000000000e+03
1.237000000000000000e+03
1.715000000000000000e+03
7.500000000000000000e+02
9.220000000000000000e+02
1.442000000000000000e+03
5.030000000000000000e+02
6.320000000000000000e+02
7.820000000000000000e+02
6.890000000000000000e+02
4.810000000000000000e+02
5.770000000000000000e+02
1.434000000000000000e+03
8.250000000000000000e+02
7.670000000000000000e+02
6.560000000000000000e+02
6.960000000000000000e+02
2.366000000000000000e+03
1.417000000000000000e+03
6.820000000000000000e+02
5.780000000000000000e+02
5.360000000000000000e+02
9.490000000000000000e+02
9.630000000000000000e+02
9.520000000000000000e+02
1.594000000000000000e+03
1.091000000000000000e+03
1.203000000000000000e+03
4.190000000000000000e+02
1.462000000000000000e+03
6.480000000000000000e+02
6.880000000000000000e+02
2.515000000000000000e+03
2.980000000000000000e+03
2.261000000000000000e+03
1.666000000000000000e+03
6.720000000000000000e+02
1.432000000000000000e+03
1.660000000000000000e+03
9.770000000000000000e+02
5.490000000000000000e+02
4.000000000000000000e+02
5.680000000000000000e+02
9.510000000000000000e+02
1.567000000000000000e+03
9.590000000000000000e+02
9.980000000000000000e+02
1.253000000000000000e+03
7.520000000000000000e+02
2.618000000000000000e+03
7.720000000000000000e+02
1.767000000000000000e+03
1.133000000000000000e+03
2.270000000000000000e+03
2.232000000000000000e+03
1.383000000000000000e+03
4.760000000000000000e+02
9.960000000000000000e+02
7.000000000000000000e+02
6.120000000000000000e+02
4.370000000000000000e+02
4.650000000000000000e+02
3.340000000000000000e+02
3.290000000000000000e+02
8.760000000000000000e+02
6.570000000000000000e+02
4.510000000000000000e+02
8.080000000000000000e+02
5.120000000000000000e+02
4.050000000000000000e+02
6.640000000000000000e+02
6.670000000000000000e+02
7.860000000000000000e+02
5.220000000000000000e+02
4.180000000000000000e+02
4.140000000000000000e+02
5.040000000000000000e+02
6.100000000000000000e+02
6.850000000000000000e+02
3.760000000000000000e+02
3.950000000000000000e+02
4.960000000000000000e+02
6.930000000000000000e+02
3.110000000000000000e+02
3.290000000000000000e+02
4.860000000000000000e+02
5.020000000000000000e+02
4.100000000000000000e+02
4.910000000000000000e+02
4.050000000000000000e+02
3.320000000000000000e+02
5.340000000000000000e+02
8.320000000000000000e+02
1.279000000000000000e+03
1.301000000000000000e+03
4.350000000000000000e+02
5.850000000000000000e+02
6.800000000000000000e+02
9.680000000000000000e+02
1.483000000000000000e+03
5.850000000000000000e+02
3.680000000000000000e+02
5.270000000000000000e+02
8.440000000000000000e+02
8.290000000000000000e+02
4.080000000000000000e+02
5.100000000000000000e+02
5.760000000000000000e+02
1.004000000000000000e+03
4.160000000000000000e+02
4.920000000000000000e+02
4.970000000000000000e+02
6.000000000000000000e+02
4.380000000000000000e+02
4.390000000000000000e+02
5.480000000000000000e+02
5.440000000000000000e+02
3.150000000000000000e+02
8.620000000000000000e+02
3.660000000000000000e+02
5.120000000000000000e+02
7.300000000000000000e+02
3.830000000000000000e+02
5.010000000000000000e+02
7.130000000000000000e+02
2.860000000000000000e+02
2.870000000000000000e+02
5.370000000000000000e+02
4.660000000000000000e+02
4.400000000000000000e+02
3.610000000000000000e+02
5.960000000000000000e+02
4.670000000000000000e+02
5.590000000000000000e+02
6.610000000000000000e+02
2.550000000000000000e+02
3.990000000000000000e+02
3.110000000000000000e+02
7.190000000000000000e+02
6.360000000000000000e+02
4.090000000000000000e+02
3.880000000000000000e+02
3.680000000000000000e+02
3.570000000000000000e+02
3.680000000000000000e+02
5.420000000000000000e+02
3.200000000000000000e+02
3.190000000000000000e+02
7.630000000000000000e+02
5.950000000000000000e+02
2.980000000000000000e+02
4.530000000000000000e+02
3.200000000000000000e+02
3.750000000000000000e+02
5.050000000000000000e+02
6.100000000000000000e+02
4.250000000000000000e+02
7.200000000000000000e+02
3.050000000000000000e+02
5.990000000000000000e+02
3.160000000000000000e+02
4.700000000000000000e+02
5.060000000000000000e+02
4.020000000000000000e+02
3.100000000000000000e+02
6.200000000000000000e+02
4.050000000000000000e+02
3.190000000000000000e+02
5.590000000000000000e+02
7.450000000000000000e+02
5.430000000000000000e+02
3.490000000000000000e+02
5.270000000000000000e+02
2.680000000000000000e+02
3.600000000000000000e+02
2.800000000000000000e+02
4.260000000000000000e+02
2.760000000000000000e+02
3.470000000000000000e+02
5.030000000000000000e+02
3.350000000000000000e+02
3.200000000000000000e+02
3.100000000000000000e+02
2.300000000000000000e+02
3.140000000000000000e+02
3.400000000000000000e+02
3.890000000000000000e+02
3.880000000000000000e+02
3.210000000000000000e+02
4.580000000000000000e+02
4.190000000000000000e+02
3.350000000000000000e+02
3.330000000000000000e+02
6.490000000000000000e+02
4.610000000000000000e+02
3.130000000000000000e+02
3.500000000000000000e+02
4.860000000000000000e+02
3.210000000000000000e+02
3.140000000000000000e+02
2.870000000000000000e+02
2.380000000000000000e+02
2.550000000000000000e+02
3.970000000000000000e+02
3.900000000000000000e+02
4.760000000000000000e+02
3.110000000000000000e+02
3.940000000000000000e+02
3.150000000000000000e+02
3.720000000000000000e+02
4.280000000000000000e+02
3.570000000000000000e+02
4.680000000000000000e+02
3.370000000000000000e+02
4.160000000000000000e+02
2.420000000000000000e+02
3.030000000000000000e+02
2.220000000000000000e+02
2.410000000000000000e+02
5.090000000000000000e+02
4.150000000000000000e+02
2.370000000000000000e+02
3.110000000000000000e+02
3.460000000000000000e+02
3.390000000000000000e+02
2.750000000000000000e+02
3.210000000000000000e+02
2.830000000000000000e+02
2.400000000000000000e+02
4.200000000000000000e+02
3.010000000000000000e+02
3.190000000000000000e+02
3.760000000000000000e+02
4.280000000000000000e+02
3.040000000000000000e+02
4.040000000000000000e+02
4.120000000000000000e+02
4.190000000000000000e+02
3.250000000000000000e+02
3.340000000000000000e+02
4.470000000000000000e+02
3.160000000000000000e+02
2.810000000000000000e+02
4.710000000000000000e+02
3.150000000000000000e+02
2.460000000000000000e+02
3.340000000000000000e+02
2.660000000000000000e+02
3.500000000000000000e+02
2.480000000000000000e+02
4.460000000000000000e+02
1.690000000000000000e+02
3.860000000000000000e+02
3.640000000000000000e+02
3.080000000000000000e+02
2.280000000000000000e+02
3.230000000000000000e+02
7.750000000000000000e+02
4.040000000000000000e+02
3.060000000000000000e+02
3.490000000000000000e+02
4.190000000000000000e+02
3.950000000000000000e+02
2.330000000000000000e+02
2.540000000000000000e+02
2.430000000000000000e+02
3.210000000000000000e+02
3.420000000000000000e+02
2.260000000000000000e+02
3.220000000000000000e+02
3.720000000000000000e+02
2.480000000000000000e+02
3.140000000000000000e+02
2.350000000000000000e+02
3.800000000000000000e+02
2.460000000000000000e+02
3.810000000000000000e+02
3.220000000000000000e+02
2.820000000000000000e+02
2.380000000000000000e+02
2.550000000000000000e+02
2.260000000000000000e+02
3.270000000000000000e+02
2.060000000000000000e+02
2.040000000000000000e+02
2.590000000000000000e+02
2.420000000000000000e+02
3.090000000000000000e+02
2.760000000000000000e+02
3.130000000000000000e+02
3.560000000000000000e+02
2.440000000000000000e+02
2.440000000000000000e+02
2.350000000000000000e+02
2.400000000000000000e+02
2.570000000000000000e+02
2.710000000000000000e+02
2.550000000000000000e+02
3.190000000000000000e+02
3.000000000000000000e+02
2.330000000000000000e+02
3.400000000000000000e+02
3.140000000000000000e+02
2.710000000000000000e+02
2.340000000000000000e+02
2.990000000000000000e+02
2.850000000000000000e+02
2.460000000000000000e+02
3.070000000000000000e+02
3.120000000000000000e+02
2.810000000000000000e+02
3.130000000000000000e+02
3.450000000000000000e+02
2.240000000000000000e+02
3.120000000000000000e+02
3.490000000000000000e+02
2.640000000000000000e+02
2.580000000000000000e+02
2.450000000000000000e+02
4.500000000000000000e+02
2.960000000000000000e+02
2.330000000000000000e+02
4.420000000000000000e+02
2.740000000000000000e+02
2.440000000000000000e+02
3.410000000000000000e+02
4.060000000000000000e+02
3.270000000000000000e+02
2.180000000000000000e+02
2.410000000000000000e+02
5.020000000000000000e+02
2.370000000000000000e+02
3.060000000000000000e+02
2.510000000000000000e+02
2.780000000000000000e+02
2.760000000000000000e+02
2.520000000000000000e+02
3.990000000000000000e+02
2.940000000000000000e+02
2.420000000000000000e+02
2.430000000000000000e+02
2.330000000000000000e+02
2.340000000000000000e+02
3.130000000000000000e+02
2.320000000000000000e+02
2.500000000000000000e+02
3.150000000000000000e+02
2.710000000000000000e+02
2.930000000000000000e+02
2.990000000000000000e+02
3.610000000000000000e+02
3.400000000000000000e+02
2.340000000000000000e+02
2.380000000000000000e+02
3.030000000000000000e+02
2.270000000000000000e+02
2.560000000000000000e+02
2.230000000000000000e+02
2.410000000000000000e+02
2.350000000000000000e+02
2.390000000000000000e+02
2.390000000000000000e+02
2.380000000000000000e+02
3.100000000000000000e+02
3.080000000000000000e+02
2.320000000000000000e+02
2.200000000000000000e+02
2.290000000000000000e+02
2.460000000000000000e+02
2.310000000000000000e+02
3.080000000000000000e+02
2.640000000000000000e+02
3.510000000000000000e+02
2.280000000000000000e+02
2.680000000000000000e+02
2.340000000000000000e+02
2.310000000000000000e+02
2.550000000000000000e+02
3.320000000000000000e+02
2.430000000000000000e+02
2.480000000000000000e+02
2.330000000000000000e+02
2.350000000000000000e+02
2.490000000000000000e+02
2.660000000000000000e+02
3.050000000000000000e+02
2.540000000000000000e+02
2.100000000000000000e+02
2.370000000000000000e+02
1.720000000000000000e+02
2.360000000000000000e+02
3.290000000000000000e+02
2.320000000000000000e+02
2.340000000000000000e+02
2.360000000000000000e+02
2.230000000000000000e+02
1.910000000000000000e+02
3.750000000000000000e+02
3.090000000000000000e+02
2.850000000000000000e+02
2.050000000000000000e+02
2.320000000000000000e+02
1.660000000000000000e+02
2.540000000000000000e+02
1.720000000000000000e+02
2.740000000000000000e+02
2.620000000000000000e+02
2.410000000000000000e+02
2.330000000000000000e+02
2.620000000000000000e+02
1.710000000000000000e+02
1.570000000000000000e+02
2.330000000000000000e+02
2.740000000000000000e+02
2.600000000000000000e+02
2.740000000000000000e+02
2.690000000000000000e+02
2.340000000000000000e+02
2.670000000000000000e+02
2.290000000000000000e+02
2.380000000000000000e+02
1.680000000000000000e+02
2.560000000000000000e+02
2.280000000000000000e+02
2.480000000000000000e+02
2.430000000000000000e+02
2.270000000000000000e+02
2.260000000000000000e+02
2.460000000000000000e+02
2.790000000000000000e+02
2.690000000000000000e+02
2.370000000000000000e+02
2.320000000000000000e+02
2.280000000000000000e+02
2.280000000000000000e+02
2.400000000000000000e+02
2.290000000000000000e+02
2.480000000000000000e+02
1.650000000000000000e+02
2.340000000000000000e+02
2.340000000000000000e+02
2.380000000000000000e+02
2.380000000000000000e+02
2.320000000000000000e+02
2.540000000000000000e+02
2.260000000000000000e+02
2.450000000000000000e+02
2.500000000000000000e+02
2.460000000000000000e+02
2.870000000000000000e+02
2.670000000000000000e+02
2.720000000000000000e+02
2.980000000000000000e+02
6.530000000000000000e+02
2.790000000000000000e+02
3.380000000000000000e+02
2.760000000000000000e+02
2.600000000000000000e+02
3.050000000000000000e+02
3.150000000000000000e+02
2.370000000000000000e+02
2.550000000000000000e+02
2.680000000000000000e+02
2.340000000000000000e+02
2.420000000000000000e+02
2.570000000000000000e+02
3.420000000000000000e+02
2.410000000000000000e+02
2.410000000000000000e+02
2.660000000000000000e+02
3.370000000000000000e+02
2.830000000000000000e+02
3.110000000000000000e+02
2.370000000000000000e+02
2.410000000000000000e+02
2.440000000000000000e+02
3.700000000000000000e+02
3.470000000000000000e+02
2.430000000000000000e+02
2.390000000000000000e+02
2.650000000000000000e+02
2.610000000000000000e+02
2.380000000000000000e+02
2.180000000000000000e+02
2.360000000000000000e+02
2.320000000000000000e+02
2.960000000000000000e+02
2.330000000000000000e+02
2.370000000000000000e+02
2.510000000000000000e+02
3.130000000000000000e+02
2.250000000000000000e+02
2.230000000000000000e+02
2.280000000000000000e+02
2.570000000000000000e+02
3.040000000000000000e+02
2.540000000000000000e+02
2.570000000000000000e+02
2.290000000000000000e+02
2.300000000000000000e+02
2.320000000000000000e+02
2.280000000000000000e+02
2.360000000000000000e+02
2.240000000000000000e+02
3.730000000000000000e+02
2.300000000000000000e+02
2.360000000000000000e+02
3.150000000000000000e+02
3.200000000000000000e+02
2.370000000000000000e+02
2.220000000000000000e+02
3.880000000000000000e+02
3.580000000000000000e+02
2.450000000000000000e+02
2.350000000000000000e+02
2.310000000000000000e+02
2.440000000000000000e+02
2.770000000000000000e+02
2.420000000000000000e+02
2.020000000000000000e+02
1.610000000000000000e+02
2.030000000000000000e+02
2.690000000000000000e+02
2.380000000000000000e+02
3.000000000000000000e+02
2.300000000000000000e+02
5.090000000000000000e+02
2.280000000000000000e+02
7.750000000000000000e+02
2.350000000000000000e+02
5.280000000000000000e+02
2.090000000000000000e+02
4.080000000000000000e+02
2.710000000000000000e+02
1.580000000000000000e+02
2.390000000000000000e+02
3.190000000000000000e+02
2.040000000000000000e+02
1.550000000000000000e+02
2.140000000000000000e+02
1.900000000000000000e+02
3.420000000000000000e+02
1.900000000000000000e+02
2.550000000000000000e+02
1.930000000000000000e+02
2.240000000000000000e+02
2.240000000000000000e+02
6.150000000000000000e+02
2.040000000000000000e+02
1.530000000000000000e+02
3.070000000000000000e+02
2.750000000000000000e+02
2.450000000000000000e+02
1.560000000000000000e+02
2.710000000000000000e+02
2.070000000000000000e+02
2.440000000000000000e+02
2.110000000000000000e+02
2.220000000000000000e+02
2.180000000000000000e+02
2.210000000000000000e+02
2.890000000000000000e+02
2.170000000000000000e+02
2.130000000000000000e+02
2.230000000000000000e+02
1.530000000000000000e+02
2.550000000000000000e+02
2.210000000000000000e+02
1.540000000000000000e+02
1.650000000000000000e+02
2.330000000000000000e+02
2.010000000000000000e+02
1.540000000000000000e+02
1.580000000000000000e+02
1.580000000000000000e+02
1.520000000000000000e+02
1.500000000000000000e+02
7.070000000000000000e+02
2.350000000000000000e+02
1.920000000000000000e+02
2.300000000000000000e+02
1.620000000000000000e+02
2.320000000000000000e+02
6.360000000000000000e+02
1.970000000000000000e+02
1.560000000000000000e+02
2.910000000000000000e+02
1.970000000000000000e+02
2.160000000000000000e+02
1.970000000000000000e+02
2.280000000000000000e+02
2.270000000000000000e+02
3.410000000000000000e+02
2.250000000000000000e+02
1.870000000000000000e+02
2.120000000000000000e+02
1.970000000000000000e+02
1.700000000000000000e+02
6.690000000000000000e+02
2.240000000000000000e+02
2.210000000000000000e+02
2.450000000000000000e+02
1.940000000000000000e+02
1.960000000000000000e+02
1.690000000000000000e+02
2.140000000000000000e+02
3.570000000000000000e+02
2.250000000000000000e+02
3.750000000000000000e+02
3.230000000000000000e+02
8.580000000000000000e+02
2.460000000000000000e+02
2.370000000000000000e+02
2.350000000000000000e+02
2.720000000000000000e+02
3.180000000000000000e+02
2.470000000000000000e+02
3.670000000000000000e+02
2.090000000000000000e+02
1.610000000000000000e+02
1.890000000000000000e+02
2.240000000000000000e+02
1.710000000000000000e+02
1.840000000000000000e+02
2.190000000000000000e+02
1.830000000000000000e+02
2.350000000000000000e+02
1.940000000000000000e+02
3.350000000000000000e+02
3.720000000000000000e+02
1.830000000000000000e+02
2.340000000000000000e+02
3.070000000000000000e+02
2.510000000000000000e+02
2.390000000000000000e+02
2.310000000000000000e+02
4.320000000000000000e+02
3.710000000000000000e+02
2.230000000000000000e+02
2.820000000000000000e+02
1.630000000000000000e+02
8.350000000000000000e+02
2.320000000000000000e+02
2.610000000000000000e+02
2.270000000000000000e+02
2.300000000000000000e+02
1.690000000000000000e+02
4.130000000000000000e+02
2.390000000000000000e+02
2.490000000000000000e+02
2.390000000000000000e+02
2.380000000000000000e+02
3.730000000000000000e+02
2.190000000000000000e+02
2.290000000000000000e+02
3.610000000000000000e+02
3.840000000000000000e+02
2.430000000000000000e+02
2.050000000000000000e+02
4.460000000000000000e+02
2.330000000000000000e+02
3.260000000000000000e+02
4.110000000000000000e+02
2.360000000000000000e+02
2.340000000000000000e+02
2.240000000000000000e+02
1.940000000000000000e+02
3.850000000000000000e+02
2.290000000000000000e+02
5.050000000000000000e+02
2.310000000000000000e+02
3.430000000000000000e+02
2.000000000000000000e+02
2.010000000000000000e+02
1.790000000000000000e+02
2.340000000000000000e+02
1.910000000000000000e+02
2.460000000000000000e+02
1.730000000000000000e+02
3.780000000000000000e+02
3.430000000000000000e+02
3.830000000000000000e+02
2.250000000000000000e+02
2.630000000000000000e+02
2.360000000000000000e+02
1.700000000000000000e+02
5.450000000000000000e+02
2.110000000000000000e+02
2.330000000000000000e+02
2.450000000000000000e+02
2.450000000000000000e+02
2.750000000000000000e+02
2.390000000000000000e+02
3.190000000000000000e+02
1.640000000000000000e+02
2.300000000000000000e+02
4.390000000000000000e+02
2.530000000000000000e+02
2.450000000000000000e+02
1.880000000000000000e+02
3.760000000000000000e+02
1.690000000000000000e+02
2.200000000000000000e+02
3.420000000000000000e+02
5.920000000000000000e+02
1.480000000000000000e+02
4.740000000000000000e+02
3.320000000000000000e+02
2.500000000000000000e+02
2.540000000000000000e+02
2.860000000000000000e+02
1.730000000000000000e+02
6.170000000000000000e+02
2.270000000000000000e+02
2.440000000000000000e+02
3.350000000000000000e+02
6.260000000000000000e+02
2.260000000000000000e+02
2.410000000000000000e+02
1.540000000000000000e+02
2.260000000000000000e+02
3.410000000000000000e+02
2.370000000000000000e+02
2.400000000000000000e+02
2.310000000000000000e+02
2.370000000000000000e+02
1.900000000000000000e+02
2.370000000000000000e+02
2.330000000000000000e+02
2.330000000000000000e+02
2.040000000000000000e+02
2.250000000000000000e+02
2.190000000000000000e+02
1.960000000000000000e+02
2.280000000000000000e+02
2.200000000000000000e+02
2.230000000000000000e+02
2.210000000000000000e+02
2.230000000000000000e+02
2.250000000000000000e+02
2.180000000000000000e+02
2.770000000000000000e+02
4.540000000000000000e+02
2.170000000000000000e+02
2.350000000000000000e+02
2.140000000000000000e+02
3.120000000000000000e+02
2.130000000000000000e+02
2.860000000000000000e+02
2.610000000000000000e+02
2.570000000000000000e+02
2.920000000000000000e+02
2.630000000000000000e+02
2.750000000000000000e+02
4.500000000000000000e+02
1.840000000000000000e+02
2.260000000000000000e+02
1.620000000000000000e+02
4.440000000000000000e+02
6.290000000000000000e+02
2.640000000000000000e+02
4.810000000000000000e+02
2.280000000000000000e+02
3.340000000000000000e+02
1.890000000000000000e+02
2.250000000000000000e+02
1.590000000000000000e+02
2.390000000000000000e+02
3.720000000000000000e+02
2.680000000000000000e+02
2.870000000000000000e+02
2.760000000000000000e+02
1.530000000000000000e+02
2.530000000000000000e+02
2.530000000000000000e+02
1.800000000000000000e+02
2.510000000000000000e+02
2.750000000000000000e+02
1.910000000000000000e+02
1.570000000000000000e+02
2.660000000000000000e+02
1.450000000000000000e+02
1.960000000000000000e+02
2.550000000000000000e+02
2.410000000000000000e+02
2.400000000000000000e+02
2.670000000000000000e+02
2.470000000000000000e+02
1.880000000000000000e+02
1.550000000000000000e+02
2.530000000000000000e+02
1.850000000000000000e+02
2.090000000000000000e+02
1.540000000000000000e+02
1.510000000000000000e+02
2.460000000000000000e+02
1.620000000000000000e+02
2.480000000000000000e+02
1.630000000000000000e+02
2.790000000000000000e+02
1.640000000000000000e+02
2.700000000000000000e+02
3.330000000000000000e+02
1.540000000000000000e+02
2.320000000000000000e+02
1.650000000000000000e+02
1.580000000000000000e+02
2.560000000000000000e+02
2.420000000000000000e+02
1.580000000000000000e+02
2.290000000000000000e+02
2.610000000000000000e+02
1.610000000000000000e+02
3.530000000000000000e+02
3.100000000000000000e+02
2.820000000000000000e+02
1.620000000000000000e+02
5.540000000000000000e+02
2.410000000000000000e+02
2.560000000000000000e+02
1.590000000000000000e+02
2.550000000000000000e+02
2.700000000000000000e+02
2.340000000000000000e+02
1.990000000000000000e+02
2.820000000000000000e+02
1.770000000000000000e+02
2.320000000000000000e+02
1.640000000000000000e+02
3.340000000000000000e+02
1.750000000000000000e+02
1.770000000000000000e+02
2.600000000000000000e+02
3.200000000000000000e+02
4.050000000000000000e+02
1.700000000000000000e+02
2.490000000000000000e+02
2.530000000000000000e+02
2.450000000000000000e+02
2.360000000000000000e+02
3.830000000000000000e+02
2.410000000000000000e+02
2.390000000000000000e+02
2.470000000000000000e+02
2.370000000000000000e+02
2.230000000000000000e+02
2.660000000000000000e+02
2.370000000000000000e+02
2.850000000000000000e+02
3.210000000000000000e+02
2.040000000000000000e+02
2.370000000000000000e+02
2.380000000000000000e+02
2.260000000000000000e+02
2.320000000000000000e+02
3.130000000000000000e+02
2.320000000000000000e+02
3.250000000000000000e+02
2.440000000000000000e+02
2.560000000000000000e+02
2.330000000000000000e+02
2.170000000000000000e+02
2.440000000000000000e+02
