-5.005000000000000000e+02
-5.005000000000000000e+02
-5.005000000000000000e+02
-5.005000000000000000e+02
-5.005000000000000000e+02
-5.005000000000000000e+02
-5.005000000000000000e+02
-5.005000000000000000e+02
-5.005000000000000000e+02
-5.005000000000000000e+02
-5.005000000000000000e+02
-5.005000000000000000e+02
-5.005000000000000000e+02
-4.918758303525804649e+02
-4.899273267732677368e+02
-5.005000000000000000e+02
-4.940641559232565214e+02
-4.787897479527809992e+02
-4.860809691447504406e+02
-4.953915638276350251e+02
-4.893200454404626498e+02
-5.005000000000000000e+02
-4.958730046474034907e+02
-4.918758303525804649e+02
-4.745426666666666620e+02
-4.863018946060668668e+02
-4.898083820063530993e+02
-4.756290826775897358e+02
-4.764370497795935648e+02
-4.856082313912502855e+02
-4.928996339231238721e+02
-4.905975972892493928e+02
-4.832807347109163061e+02
-4.379413358463894497e+02
-4.707699967528953380e+02
-4.600654281098546221e+02
-4.604724900737379585e+02
-4.710170387145475956e+02
-4.327485651483697779e+02
-4.932266395526182237e+02
-4.756483978854245152e+02
-4.460993000355913978e+02
-4.500368621126598327e+02
-4.754268253109789271e+02
-4.118066797642435972e+02
-4.776247865072587615e+02
-4.702367712037935235e+02
-4.874995884773662738e+02
-4.612571817872147335e+02
-4.593770291305314686e+02
-4.209262124002455607e+02
-4.969619105199516298e+02
-4.230311177835403100e+02
-3.718422717469446184e+02
-4.311036156892806730e+02
-4.862900842784309816e+02
-4.402867593269934332e+02
-4.504184274333217672e+02
-4.636820240857363729e+02
-4.662826918748593243e+02
-4.460993337371290295e+02
-4.062328199818817325e+02
-3.400145218600339945e+02
-4.921176110884630930e+02
-3.600950167078308937e+02
-3.108134366925064569e+02
-3.693532103321033446e+02
-2.931441391941391998e+02
-2.868190923957481573e+02
-3.016923602802939399e+02
-3.444504383007417232e+02
-4.526671929626705833e+02
-4.210791247932833130e+02
-4.201546160937705849e+02
-3.269610472541506851e+02
-3.486042737789202874e+02
-3.398793215916503527e+02
-3.184803365962562225e+02
-3.293421052631579187e+02
-3.652023486901535421e+02
-3.609048340657675453e+02
-3.795474629418471864e+02
-4.532977055228870995e+02
-3.908987865810135531e+02
-4.404291160352632915e+02
-3.834086388178459970e+02
-2.888731019522776364e+02
-2.960116913484021666e+02
-3.265096377534064231e+02
-3.597834498455535481e+02
-3.134632457386363740e+02
-2.755058306251194722e+02
-3.229359500446030324e+02
-3.395325223033252087e+02
-4.166486486486486456e+02
-3.288569538614189014e+02
-2.663346588530765757e+02
-3.761142057382785424e+02
-3.792100840336134411e+02
-3.154996606718697194e+02
