-5.005000000000000000e+02
-5.005000000000000000e+02
-5.005000000000000000e+02
-5.005000000000000000e+02
-5.005000000000000000e+02
-5.005000000000000000e+02
-5.005000000000000000e+02
-4.786370449678800583e+02
-4.908315551908083876e+02
-4.793186103167037118e+02
-5.005000000000000000e+02
-4.686284218562547608e+02
-4.533829713891761344e+02
-4.922740355174525462e+02
-4.391621001810501070e+02
-4.678875085479826907e+02
-4.734886804657180051e+02
-4.110047368421052738e+02
-4.384785341555977425e+02
-3.526102134146341314e+02
-3.972113888888889051e+02
-2.891665126593975401e+02
-3.973105117565698379e+02
-4.176327566020553945e+02
-3.609276110068793173e+02
-3.803584561616775659e+02
-2.554808844802645069e+02
-2.184155349058851527e+02
-2.974949922958397792e+02
-2.950725732179038232e+02
-3.018439208294062155e+02
-3.821426764127073170e+02
-2.706193329338925651e+02
-3.174044230769230808e+02
-2.819005992973754928e+02
-3.636410548591892962e+02
-2.847469148713658456e+02
-2.810533433508639973e+02
-2.013405720338982974e+02
-2.576602377214622379e+02
-1.990117524157743674e+02
-2.154278870398386232e+02
-2.587950326141495339e+02
-2.658817744755244803e+02
-2.637975344755536753e+02
-1.843472877358490507e+02
-1.837968262964012354e+02
-2.118529118964659119e+02
-1.925740740740740762e+02
-1.623040562120728225e+02
-2.019375951293759499e+02
-3.567946096654275152e+02
-2.866726380891448116e+02
-1.677397044954416856e+02
-1.568882352941176350e+02
-1.477138419054194003e+02
-1.548481346979201021e+02
-1.483658876874781924e+02
-1.650113672245026919e+02
-1.349017996870109641e+02
-1.848826863134032408e+02
-1.856459288990825769e+02
-1.764176362522963757e+02
-1.966301408450704287e+02
-1.741313982521847663e+02
-1.252955465587044586e+02
-1.585855915399867797e+02
-1.405950897764749072e+02
-1.296691729323308380e+02
-1.141688370004490309e+02
-1.289375755134917370e+02
-1.312550495049505059e+02
-1.349519718859820330e+02
-1.317047539616347080e+02
-1.948860643185298613e+02
-1.296366533864541850e+02
-1.274734954165005973e+02
-1.175087108013937325e+02
-1.420845225027442496e+02
-1.509695667740780607e+02
-1.588454713493530619e+02
-1.778411030860144422e+02
-3.944998501199040675e+02
-2.442359850507207568e+02
-3.595923997917751080e+02
-2.362881272949816491e+02
-2.069513287548521987e+02
-2.179463107378524285e+02
-1.918582887700534627e+02
-1.272329382917858567e+02
-1.243304878048780466e+02
-1.290882940471434210e+02
-1.409299687010954756e+02
-1.434200716845878105e+02
-1.318527679623086044e+02
-1.353475095785440487e+02
-1.178502887605508676e+02
-2.360914438502673818e+02
-3.816460317460317242e+02
-2.388142303433001246e+02
