-5.005000000000000000e+02
-5.005000000000000000e+02
-5.005000000000000000e+02
-5.005000000000000000e+02
-5.005000000000000000e+02
-5.005000000000000000e+02
-5.005000000000000000e+02
-5.005000000000000000e+02
-5.005000000000000000e+02
-5.005000000000000000e+02
-5.005000000000000000e+02
-5.005000000000000000e+02
-5.005000000000000000e+02
-4.984797148021690987e+02
-5.005000000000000000e+02
-4.916096563011456624e+02
-5.005000000000000000e+02
-5.005000000000000000e+02
-5.005000000000000000e+02
-5.005000000000000000e+02
-4.674976733879902326e+02
-5.005000000000000000e+02
-4.747312733084709748e+02
-5.005000000000000000e+02
-4.916681325424422084e+02
-4.923310260586319487e+02
-4.968759322717194209e+02
-4.958730046474034907e+02
-4.903623664749383693e+02
-4.891054590570719824e+02
-4.800572719630096685e+02
-4.791875402792696264e+02
-4.783486626493286735e+02
-4.602155841276878618e+02
-4.297946643064862542e+02
-4.966625995764848085e+02
-4.982498744097256917e+02
-4.911281893636643190e+02
-4.643482609684019167e+02
-3.978701138389795915e+02
-4.383712084737602481e+02
-4.853200912768385251e+02
-4.844204545454545610e+02
-4.740794894760412035e+02
-4.186820707070706931e+02
-4.381387019230769511e+02
-3.854357476635514104e+02
-4.816821615949632474e+02
-4.741290753310337323e+02
-4.335476391740127724e+02
-4.439282584199323765e+02
-4.655063319017729100e+02
-3.958846102240708547e+02
-3.337047898338220762e+02
-3.854715598965814252e+02
-4.463652869476891851e+02
-4.373150292616112438e+02
-4.209959264126150060e+02
-3.899650438720634043e+02
-3.827195085849614884e+02
-4.948468395461912337e+02
-4.167897749447118372e+02
-4.466542553191489446e+02
-3.424405213661112271e+02
-3.943424695846734949e+02
-4.465506541623248609e+02
-3.864884861090476988e+02
-5.004500450045004527e+02
-3.946194990802320604e+02
-4.552987896253602571e+02
-2.273015028901734240e+02
-4.137664662476086619e+02
-3.233504456327985963e+02
-3.863728131289673229e+02
-4.386207559256886839e+02
-4.917565688579899756e+02
-4.830248589931063066e+02
-3.697575708238358629e+02
-3.176672149122807127e+02
-2.994241549876339832e+02
-2.788069529652351548e+02
-3.806932721712537955e+02
-4.354141562576537012e+02
-4.487898089171974334e+02
-3.788624226881882464e+02
-3.035552575107296320e+02
-3.022059534883720744e+02
-2.374350679793717802e+02
-3.443825938566552622e+02
-3.691528733792220009e+02
-3.026260146888287750e+02
-2.942519669551534207e+02
-3.496992266308002968e+02
-3.613976291278577264e+02
-3.639868354430379895e+02
-3.185621541866469784e+02
-3.765519928079112901e+02
-3.092824412003243992e+02
-3.955736582694414096e+02
-4.442610776973119187e+02
