-5.005000000000000000e+02
-5.005000000000000000e+02
-5.005000000000000000e+02
-5.005000000000000000e+02
-5.005000000000000000e+02
-5.005000000000000000e+02
-5.005000000000000000e+02
-4.932887374097059592e+02
-5.005000000000000000e+02
-4.875041911148365443e+02
-4.886298600311042151e+02
-4.813287943856709035e+02
-4.876778606965174276e+02
-4.598776231751824639e+02
-4.956306105944197498e+02
-4.785348985445660333e+02
-4.854454240134340921e+02
-4.582346926783405934e+02
-4.764758942457231683e+02
-4.066801445976703917e+02
-4.111811734364925996e+02
-3.767672532517215132e+02
-3.244095285524568339e+02
-3.401569758378799406e+02
-3.991664870689655231e+02
-4.079177755460707999e+02
-3.069534567691523534e+02
-4.307790230235107742e+02
-3.466871612466124475e+02
-3.228443165969316624e+02
-2.797016113376043336e+02
-2.976481584305015531e+02
-2.869806710430343060e+02
-3.598706924315620199e+02
-3.721452513966480637e+02
-4.114092797783933406e+02
-3.202956078302352125e+02
-3.230442718446602157e+02
-2.151246671508109500e+02
-3.039543260304492946e+02
-2.954288443170964911e+02
-2.801167048054919633e+02
-2.770757448594209222e+02
-2.538850959393128051e+02
-2.106086049543676779e+02
-2.219429711335367301e+02
-2.242941453091935102e+02
-2.505952177625960644e+02
-2.194712066905615302e+02
-2.123194786030496743e+02
-2.662431468687319125e+02
-2.041552863436123459e+02
-1.760070314888413350e+02
-1.828734141528051964e+02
-1.743060796645702339e+02
-2.295780081986978587e+02
-2.044596064215432420e+02
-1.796956004756242464e+02
-2.499494640122511555e+02
-1.654823374050841949e+02
-2.599684036783777401e+02
-1.997509157509157376e+02
-1.810593437945791777e+02
-1.249287185826122766e+02
-1.822835868187579251e+02
-1.575968804159445540e+02
-1.988857782754759285e+02
-2.034401585204755634e+02
-1.526139502762430880e+02
-1.965831466965285586e+02
-2.697493201483312646e+02
-2.586472984562607280e+02
-3.075041690905565019e+02
-1.900696386946386838e+02
-1.874257955505491395e+02
-2.837070686070686065e+02
-2.170143866073763945e+02
-1.763714723926380259e+02
-1.758109589041095830e+02
-1.986368315699170637e+02
-1.744832610043397381e+02
-1.542097274922386987e+02
-2.558879452701108619e+02
-2.337114238015740568e+02
-2.514929059379926457e+02
-2.736926087957633058e+02
-3.065617260061919751e+02
-1.895002873563218486e+02
-2.036215448204598317e+02
-1.749511084117825703e+02
-1.598380672543258356e+02
-1.528321529745042540e+02
-2.476793760831889131e+02
-1.741530003141690202e+02
-1.832606649014416007e+02
-1.714674353381115566e+02
-3.591551753061567069e+02
-1.605937813440320951e+02
-1.433365695792880388e+02
-1.428427527873894576e+02
