-5.005000000000000000e+02
-5.005000000000000000e+02
-5.005000000000000000e+02
-5.005000000000000000e+02
-5.005000000000000000e+02
-4.963492031470647703e+02
-5.005000000000000000e+02
-4.944689718109916612e+02
-4.942467532467532578e+02
-4.945063368143567004e+02
-4.666320285467127746e+02
-4.680202205882353041e+02
-4.545601915184678319e+02
-4.693313442551806247e+02
-4.775474002810506704e+02
-5.005000000000000000e+02
-4.317141082960754943e+02
-4.472058722723637629e+02
-4.059711690363349135e+02
-3.039736096351398942e+02
-4.569116653070737470e+02
-4.331863117870722704e+02
-4.552011291460832467e+02
-3.821991741225051555e+02
-3.515263972751199617e+02
-3.553565095660289330e+02
-4.220438261725963116e+02
-3.365952723207155373e+02
-2.590764842594549009e+02
-3.573570893846384138e+02
-3.658436004322988992e+02
-3.787937508958004855e+02
-4.097028090650020431e+02
-4.315106147993618606e+02
-4.053023555155103850e+02
-2.222841372690184869e+02
-3.429426609442060112e+02
-2.694074290159471161e+02
-2.927542295797707652e+02
-2.677785780669145197e+02
-2.569526076606795186e+02
-3.054399326347305532e+02
-2.373246511627907012e+02
-2.118100530436979057e+02
-3.629010606562810608e+02
-2.742994071146245005e+02
-3.265286977631350851e+02
-2.415691441441441327e+02
-2.136435243625347198e+02
-2.371087335157999405e+02
-2.208128328683743291e+02
-2.500136099955377063e+02
-1.791453796350794505e+02
-2.899379749435202029e+02
-3.211651667548967453e+02
-2.726685777287761994e+02
-1.917248448880496312e+02
-1.541688829787234170e+02
-1.896912355936746053e+02
-1.684134146341463349e+02
-1.959602829162132878e+02
-1.675553061878807171e+02
-1.873376963350785331e+02
-1.943827683615819240e+02
-1.940616515837104146e+02
-2.442416982922201214e+02
-2.073025596778832380e+02
-1.819171060339777455e+02
-1.892293475217026071e+02
-1.899501523123788331e+02
-1.643562904875554125e+02
-2.092368495077355703e+02
-1.496406084188185446e+02
-1.559832663989290609e+02
-1.294345022168480455e+02
-1.830391428571428492e+02
-2.163994550408719419e+02
-3.004271899886234110e+02
-2.164239265326383759e+02
-1.848838150289017221e+02
-1.663284278535534781e+02
-1.486342494714587872e+02
-1.348204833141541883e+02
-1.155200540784136933e+02
-1.306815311760063025e+02
-1.448265267890595851e+02
-1.657212643678161044e+02
-1.779740018570102222e+02
-2.371706293706293707e+02
-2.013724373576309858e+02
-2.048677876689746142e+02
-2.561889302820649164e+02
-3.365190212196520747e+02
-3.531338289962825456e+02
-1.309624600638977654e+02
-1.269184006527947730e+02
-1.229471292854192512e+02
-1.198834538494257771e+02
-1.168320312500000000e+02
-1.362158408408408548e+02
