-5.005000000000000000e+02
-5.005000000000000000e+02
-5.005000000000000000e+02
-5.005000000000000000e+02
-5.005000000000000000e+02
-5.005000000000000000e+02
-4.875041911148365443e+02
-5.005000000000000000e+02
-5.005000000000000000e+02
-4.988521974714027465e+02
-5.005000000000000000e+02
-4.823708018471872379e+02
-4.703866955110870549e+02
-4.753867673651739096e+02
-4.970915684496827112e+02
-4.337626784835056810e+02
-4.767762081784386510e+02
-4.722575200173122880e+02
-4.593223631584961595e+02
-4.367059820779849701e+02
-4.642594249916098192e+02
-4.677700428901352439e+02
-4.019672064777328160e+02
-4.210318430773149885e+02
-4.568678675188843954e+02
-4.389959706091490830e+02
-4.219828113063406931e+02
-3.900625604198315273e+02
-3.419039797852179277e+02
-2.826786565977742498e+02
-3.972994923857867775e+02
-3.764299837686291994e+02
-3.939979255981191955e+02
-3.674891433670434253e+02
-3.365435251202122231e+02
-2.996994988434849461e+02
-2.611664957965962799e+02
-2.414990257631521899e+02
-2.024549697968149360e+02
-2.445591703056768438e+02
-3.108155305692199590e+02
-3.719247393078434243e+02
-3.660452144188937496e+02
-2.247025712300208511e+02
-3.313110966482265098e+02
-3.798616314199395561e+02
-2.746598368808434429e+02
-2.747324723247232328e+02
-3.591851426697277816e+02
-1.734657082958969738e+02
-1.893756402959590162e+02
-1.807059902200489034e+02
-1.912235795454545553e+02
-1.775884773662551481e+02
-1.703215063803299074e+02
-3.408793960923623558e+02
-2.327673518742442695e+02
-2.107516832749797970e+02
-2.269249823071479000e+02
-1.789396786905122667e+02
-1.456495575221238994e+02
-2.130785042100049509e+02
-2.434803451581975082e+02
-2.848976063829787222e+02
-1.698063593004769416e+02
-2.808280839895012946e+02
-2.193012737197816477e+02
-3.144318666408218519e+02
-1.783386666666666542e+02
-1.688321119253830886e+02
-1.129670991658943535e+02
-1.443884150675195315e+02
-1.922161111111111040e+02
-1.318881987577639734e+02
-1.222358569051580730e+02
-1.293898094449047278e+02
-1.271292157659487998e+02
-3.154829325058184395e+02
-2.571681052198931638e+02
-4.282126690772733468e+02
-1.930024868748272979e+02
-1.667091421415153434e+02
-1.683381410256410220e+02
-1.586198019801980195e+02
-1.514692499111269228e+02
-1.522952146375791642e+02
-1.478236344162799014e+02
-1.737470369116153108e+02
-1.215548442168160506e+02
-1.721045241809672461e+02
-1.459017341040462554e+02
-2.304543946932006691e+02
-1.372506646410938060e+02
-1.308139171227521445e+02
-1.287468152866242121e+02
-1.517549599721545519e+02
-2.159561752988047942e+02
-2.707186495176848666e+02
-3.236243386243386340e+02
-4.588489970700924232e+02
