-5.005000000000000000e+02
-5.005000000000000000e+02
-5.005000000000000000e+02
-5.005000000000000000e+02
-5.005000000000000000e+02
-5.005000000000000000e+02
-5.005000000000000000e+02
-5.005000000000000000e+02
-4.932545787545787448e+02
-5.005000000000000000e+02
-4.874684319833852442e+02
-5.005000000000000000e+02
-4.903623664749383693e+02
-5.005000000000000000e+02
-5.005000000000000000e+02
-5.005000000000000000e+02
-5.005000000000000000e+02
-4.926884109672816408e+02
-5.005000000000000000e+02
-4.894628482972136112e+02
-4.814285563640198120e+02
-4.751223121141154024e+02
-5.005000000000000000e+02
-5.005000000000000000e+02
-5.005000000000000000e+02
-5.005000000000000000e+02
-4.874758708852668860e+02
-4.717889288438487370e+02
-5.005000000000000000e+02
-4.874447707961816718e+02
-4.873347748127834507e+02
-4.721419452558693024e+02
-4.825634684780301313e+02
-4.360876699484294363e+02
-4.770603789744138794e+02
-4.849186046511628092e+02
-4.376787692307692055e+02
-4.846026601921249721e+02
-4.409781611969111736e+02
-4.484953654816379185e+02
-2.930245310245310293e+02
-4.382189825545931399e+02
-4.132773400988115782e+02
-3.806641553172993326e+02
-4.357277191259514098e+02
-4.123014929316950656e+02
-3.823085214857975416e+02
-4.162289539970834085e+02
-4.386907910849865289e+02
-3.993052057639880559e+02
-3.297777777777777715e+02
-3.910292389068468992e+02
-4.061724867724867636e+02
-3.880979983319433018e+02
-4.177108465962284072e+02
-4.457089720736779554e+02
-4.824387873666420319e+02
-4.512308422301304631e+02
-3.832187688593844541e+02
-3.236218274111674873e+02
-3.396761011289553380e+02
-3.847896901160229390e+02
-3.294746635653763178e+02
-3.620520751144074438e+02
-3.736126476072094533e+02
-4.042502454762238813e+02
-3.993911913357400749e+02
-4.859345231918646846e+02
-4.397977877206064932e+02
-4.303587166602242178e+02
-3.992476780185758685e+02
-2.872862365198318457e+02
-3.693111631537860831e+02
-3.707645274584929780e+02
-4.368252343364578110e+02
-4.117258923814598006e+02
-4.689417989417989361e+02
-4.694169004207573721e+02
-3.410631927212572236e+02
-3.223698581560283856e+02
-2.591065591632163887e+02
-3.325231660231660271e+02
-3.238477521722704751e+02
-2.131709531013615617e+02
-2.713806515301085938e+02
-3.589593238246170017e+02
-4.424004942767950297e+02
-3.531941436632606610e+02
-4.102593861527480499e+02
-2.915834928738566418e+02
-2.514940801457194937e+02
-3.227849788007268330e+02
-3.269360820674689307e+02
-3.751835582052086693e+02
-3.179897035327534240e+02
-2.772705706347510386e+02
-2.920044345898004394e+02
-2.116242694127469974e+02
-1.315357566179375794e+02
-2.432398058252427120e+02
