-5.005000000000000000e+02
-5.005000000000000000e+02
-5.005000000000000000e+02
-5.005000000000000000e+02
-5.005000000000000000e+02
-5.005000000000000000e+02
-5.005000000000000000e+02
-5.005000000000000000e+02
-5.005000000000000000e+02
-5.005000000000000000e+02
-5.005000000000000000e+02
-5.005000000000000000e+02
-5.005000000000000000e+02
-5.005000000000000000e+02
-5.005000000000000000e+02
-5.005000000000000000e+02
-5.005000000000000000e+02
-5.005000000000000000e+02
-5.005000000000000000e+02
-5.005000000000000000e+02
-4.940641559232565214e+02
-4.876943573667711576e+02
-5.005000000000000000e+02
-5.005000000000000000e+02
-5.005000000000000000e+02
-5.005000000000000000e+02
-5.005000000000000000e+02
-4.988053186151530554e+02
-4.873435427849699977e+02
-5.005000000000000000e+02
-4.924043203586712707e+02
-5.001522065445811904e+02
-5.005000000000000000e+02
-5.005000000000000000e+02
-5.005000000000000000e+02
-4.976629778672032103e+02
-5.005000000000000000e+02
-5.005000000000000000e+02
-5.005000000000000000e+02
-4.853367378843147435e+02
-5.005000000000000000e+02
-5.005000000000000000e+02
-4.874702243656951168e+02
-4.946558606017627540e+02
-4.897629843363561690e+02
-4.873384226597872839e+02
-5.005000000000000000e+02
-5.005000000000000000e+02
-4.786536663124335860e+02
-5.005000000000000000e+02
-5.005000000000000000e+02
-4.859466791393825815e+02
-5.005000000000000000e+02
-4.909112911496256970e+02
-5.005000000000000000e+02
-5.005000000000000000e+02
-5.005000000000000000e+02
-5.005000000000000000e+02
-5.005000000000000000e+02
-4.999064877853423923e+02
-4.964935942701503109e+02
-4.780244006849314928e+02
-5.005000000000000000e+02
-4.963678102926336919e+02
-4.975619843026765921e+02
-4.685988700564971623e+02
-4.913230595945115624e+02
-4.814828532235939633e+02
-4.640275053545259993e+02
-4.650565638570315059e+02
-4.791519871106337405e+02
-4.889178743961352893e+02
-4.374842548076923094e+02
-4.602264064817984490e+02
-5.004001800360072139e+02
-4.696586774158404864e+02
-4.561128831580138012e+02
-4.409101002865329519e+02
-4.773230079042939451e+02
-4.981585770274344327e+02
-5.005000000000000000e+02
-4.979529506383834132e+02
-4.889029086015940493e+02
-4.675691065779426481e+02
-4.737605633802816669e+02
-4.698490483958673281e+02
-4.394406261465085208e+02
-4.619618059648709050e+02
-4.637789966860930235e+02
-4.891627906976744384e+02
-4.830837549790074377e+02
-3.982591774772288318e+02
-4.414340590590590523e+02
-4.379238745882640274e+02
-4.807871596567433130e+02
-4.926884109672816408e+02
-4.761801043774630102e+02
-4.761488244942591450e+02
-4.603301786348042128e+02
-4.904210850801479751e+02
