-5.005000000000000000e+02
-5.005000000000000000e+02
-5.005000000000000000e+02
-5.005000000000000000e+02
-5.005000000000000000e+02
-5.005000000000000000e+02
-5.005000000000000000e+02
-5.005000000000000000e+02
-5.005000000000000000e+02
-5.005000000000000000e+02
-4.900482384268742067e+02
-4.880845217029249739e+02
-5.005000000000000000e+02
-4.955106684194559534e+02
-4.448898236717759573e+02
-4.676250281848928694e+02
-4.306065830721003067e+02
-4.611178421401724563e+02
-4.513293775190326755e+02
-4.232596165739022922e+02
-4.401111384010806660e+02
-3.850666098565544644e+02
-4.445649758454106291e+02
-4.363203154337213618e+02
-4.391692797648211695e+02
-2.545076303518440000e+02
-3.293917134367778203e+02
-4.226343013835223701e+02
-2.929492984097287263e+02
-2.862161838161838432e+02
-2.936726366322008630e+02
-2.785535781191457545e+02
-3.206238772455089929e+02
-3.150899414582224836e+02
-3.414782385195339316e+02
-3.831898811338006681e+02
-2.268469864698647029e+02
-2.643182967959527900e+02
-3.328601160013647018e+02
-2.958115484589677067e+02
-2.847301334395538674e+02
-2.750793618739903081e+02
-2.769217089125102120e+02
-4.417196122296793419e+02
-3.101568393885249293e+02
-2.544695688926458104e+02
-3.229721072521144265e+02
-2.207422289613343480e+02
-1.813402453271027923e+02
-1.895335768474290603e+02
-1.991881999453701155e+02
-1.787607542722451512e+02
-1.711290322580645125e+02
-1.608919091781260136e+02
-1.560454090150250295e+02
-1.695179012345678871e+02
-1.732291666666666572e+02
-1.515884732052578272e+02
-3.192494192185849897e+02
-4.756207199297629700e+02
-3.724927838636758679e+02
-1.942581945190757722e+02
-2.022959553695955321e+02
-1.722770932069510366e+02
-1.942328452483491219e+02
-2.251649601820250268e+02
-1.857367516470925182e+02
-1.928160983789826730e+02
-1.944755301794453430e+02
-2.043108604407135260e+02
-2.095325365205843298e+02
-1.583590820943762196e+02
-2.022788985823337100e+02
-1.342322256568778869e+02
-1.220646356525319050e+02
-1.717863463969658540e+02
-2.026519414743950449e+02
-3.135441458733205309e+02
-1.814203180785459324e+02
-3.421029579067121631e+02
-1.344947491248541382e+02
-1.313552735923869932e+02
-1.510597595473833223e+02
-1.209631490787269712e+02
-1.550256143994461695e+02
-2.117690936106983770e+02
-1.632816326530612230e+02
-1.546289529163738621e+02
-1.594007965242577711e+02
-1.678407136030583047e+02
-2.714703216058709359e+02
-2.639345122962144501e+02
-2.571736702909198016e+02
-1.519166364624863945e+02
-3.067585784313725412e+02
-2.041965199590583495e+02
-2.658719346049046521e+02
-3.251421954608615010e+02
-1.486723823422108808e+02
-3.320046483427647672e+02
