-5.005000000000000000e+02
-5.005000000000000000e+02
-5.005000000000000000e+02
-5.005000000000000000e+02
-5.005000000000000000e+02
-5.005000000000000000e+02
-5.005000000000000000e+02
-4.793098845216654240e+02
-4.930516188149053391e+02
-5.005000000000000000e+02
-5.005000000000000000e+02
-4.540813940025471993e+02
-5.005000000000000000e+02
-4.820843297671491428e+02
-4.953126264670174237e+02
-4.934221748400852903e+02
-4.856582737540151129e+02
-4.721760722347629553e+02
-4.942467532467532578e+02
-4.918229718711781402e+02
-4.715851339671564233e+02
-5.005000000000000000e+02
-4.743229813664596008e+02
-4.364540489194965289e+02
-4.633486166889781543e+02
-5.005000000000000000e+02
-4.195657696177062235e+02
-4.579683422217179327e+02
-4.470350580270792875e+02
-4.894215524360033100e+02
-4.371088166192654967e+02
-4.164822244794311814e+02
-4.212367468321696151e+02
-4.302085672443251383e+02
-4.001979967069154895e+02
-3.969433685054093530e+02
-4.110902058476465299e+02
-4.016111697913916032e+02
-3.642233371559632928e+02
-3.795092881557437750e+02
-3.232330479452054988e+02
-4.103876273653566500e+02
-4.660298524026190421e+02
-4.102644605864944651e+02
-4.760313930673642631e+02
-3.382651001158365034e+02
-3.622196331930246629e+02
-3.420911734519329457e+02
-4.699785969084423414e+02
-4.497396919431279798e+02
-4.405691096305269525e+02
-3.615484532828282909e+02
-3.140876629173362176e+02
-1.963078721745908126e+02
-3.336300820101204181e+02
-3.876416605972323168e+02
-3.622467151027979639e+02
-4.295464237014999185e+02
-3.664929200755191800e+02
-3.839020552799432835e+02
-2.980588341454611054e+02
-3.542082917082917106e+02
-2.486241772707327868e+02
-3.332305997966790869e+02
-2.527896932515337483e+02
-2.689277543648404389e+02
-2.469580731489741368e+02
-2.165944003964321212e+02
-3.252222418670438628e+02
-4.105997037834926573e+02
-2.976383756735950783e+02
-2.833904761904761926e+02
-3.271644167532018059e+02
-2.448298017771701893e+02
-2.770743169398907071e+02
-3.403170269843774918e+02
-3.634561545956479449e+02
-2.789613106987761739e+02
-2.449645313843508063e+02
-3.101663389697208117e+02
-4.073474479612204391e+02
-4.368602736255384116e+02
-3.231801817546312350e+02
-2.355436720142602383e+02
-3.511530025170802105e+02
-3.195241498808750293e+02
-2.003968512486427755e+02
-1.919015081563557885e+02
-1.789737600922722152e+02
-1.525884759631776433e+02
-2.933452905811623168e+02
-4.967476560137110368e+02
-4.659853345554537327e+02
-5.005000000000000000e+02
-4.187941724321447623e+02
-4.873581616481774859e+02
-4.876147227533460864e+02
-4.081784345922276884e+02
-3.490295604823025997e+02
-4.608192468619246824e+02
