-5.005000000000000000e+02
-5.005000000000000000e+02
-5.005000000000000000e+02
-5.005000000000000000e+02
-5.005000000000000000e+02
-5.005000000000000000e+02
-5.005000000000000000e+02
-5.005000000000000000e+02
-5.005000000000000000e+02
-5.005000000000000000e+02
-5.005000000000000000e+02
-5.005000000000000000e+02
-5.005000000000000000e+02
-4.882684752104771064e+02
-4.861188597875249684e+02
-5.005000000000000000e+02
-4.962844166330237954e+02
-5.005000000000000000e+02
-4.873807922664705075e+02
-5.005000000000000000e+02
-4.752918107173725275e+02
-5.005000000000000000e+02
-5.005000000000000000e+02
-5.005000000000000000e+02
-4.902011724776303367e+02
-4.992781954887217921e+02
-5.005000000000000000e+02
-4.900589688175362539e+02
-4.815731030873888017e+02
-5.005000000000000000e+02
-4.932545787545787448e+02
-4.726569449100458087e+02
-5.005000000000000000e+02
-4.873611987381703443e+02
-4.604083192804946520e+02
-4.694015824842835514e+02
-4.752255697609783169e+02
-4.883678853344412119e+02
-4.345463084056592606e+02
-4.761381460733537665e+02
-4.547993670170679366e+02
-4.472158927716610606e+02
-4.682873839432004388e+02
-4.640248667850799507e+02
-4.584189069095756395e+02
-4.439997585124365855e+02
-4.792442233632862667e+02
-4.781963151207115743e+02
-4.542284657185801962e+02
-3.709003302311618313e+02
-4.330958120282444384e+02
-4.706320426365020921e+02
-4.689046842734485381e+02
-4.214080335579000689e+02
-4.812906486941870412e+02
-4.485637330183106997e+02
-3.731770199518890649e+02
-4.559879897388059931e+02
-4.413792517006802996e+02
-4.581748785565579283e+02
-4.244284043659043846e+02
-2.987540483901695438e+02
-3.962850727990202699e+02
-4.296660882498760543e+02
-4.636303536130023986e+02
-4.179040561622464907e+02
-4.163404172099087077e+02
-4.461782178217821979e+02
-4.181928515318145969e+02
-4.391466219453761255e+02
-4.881740170584563998e+02
-4.421753139066572089e+02
-4.354325741890959307e+02
-4.267829387545033342e+02
-4.030518203560988582e+02
-3.949084375449187974e+02
-3.270852598483447196e+02
-4.266224311618535694e+02
-4.611581513908899410e+02
-4.543877108433734975e+02
-4.851175794314381164e+02
-4.071371420348251604e+02
-4.125490973741794392e+02
-3.928307783018867667e+02
-4.835289399523086900e+02
-3.915752842855185918e+02
-3.967325172365273716e+02
-3.026419536874878418e+02
-3.418214907697666263e+02
-2.823448082319925447e+02
-4.603335222121486936e+02
-4.307687255273461915e+02
-4.419161098737936300e+02
-4.784046603216278299e+02
-4.201572525363312138e+02
-5.005000000000000000e+02
-3.782847141190198386e+02
-5.005000000000000000e+02
-4.560439507365370559e+02
-4.404587072441149758e+02
