-5.005000000000000000e+02
-5.005000000000000000e+02
-5.005000000000000000e+02
-5.005000000000000000e+02
-5.005000000000000000e+02
-5.005000000000000000e+02
-5.005000000000000000e+02
-5.005000000000000000e+02
-5.005000000000000000e+02
-5.005000000000000000e+02
-5.005000000000000000e+02
-5.005000000000000000e+02
-5.005000000000000000e+02
-4.929417564545639152e+02
-5.005000000000000000e+02
-4.903193492274634195e+02
-5.005000000000000000e+02
-5.005000000000000000e+02
-4.888850931677018821e+02
-5.005000000000000000e+02
-4.689952225841476547e+02
-5.005000000000000000e+02
-5.005000000000000000e+02
-5.005000000000000000e+02
-4.876688617121354810e+02
-4.617678914641040251e+02
-5.005000000000000000e+02
-4.740514870482891183e+02
-4.758244686589707726e+02
-4.728166145889451286e+02
-4.811660729253981685e+02
-4.872876840140991135e+02
-5.005000000000000000e+02
-4.875041911148365443e+02
-4.862702534275031212e+02
-4.806313733769661098e+02
-4.647071732721913122e+02
-4.508160787906550695e+02
-4.497563586143399448e+02
-4.205675675675675507e+02
-4.674797790055248470e+02
-4.540385980987286416e+02
-4.931865458986362682e+02
-4.392559999999999718e+02
-4.385652431791222057e+02
-4.562879281302638788e+02
-4.880598646538261391e+02
-4.546859156530635460e+02
-4.418102377884502516e+02
-3.993523809523809405e+02
-4.207427478089124975e+02
-4.657671447781264078e+02
-3.973273253519273567e+02
-4.243007389162561367e+02
-4.447946958241246875e+02
-4.863299989358305879e+02
-3.936782422866301658e+02
-4.606574367088607573e+02
-4.267453847998082210e+02
-4.538939132435853026e+02
-4.730617085211418953e+02
-4.603344229035166677e+02
-4.287671807526218117e+02
-4.330919402985074385e+02
-4.263007565422299194e+02
-2.753740126382306244e+02
-2.906256549232159045e+02
-3.504712208421690320e+02
-3.978346435709527213e+02
-3.361597772903660939e+02
-3.514726858877086215e+02
-3.741604248944573214e+02
-4.041685993485342010e+02
-3.400644067796609988e+02
-3.031814323607426900e+02
-2.612820359281437277e+02
-2.817252665045820095e+02
-2.704476299694189834e+02
-2.865951550743255893e+02
-2.407104197741316796e+02
-3.008960325894438483e+02
-2.906869088157396845e+02
-2.961831060740216230e+02
-3.192899539484905063e+02
-3.367127903173045524e+02
-3.143300398682613945e+02
-2.801712989222915553e+02
-2.539072874493927259e+02
-4.000124708784431959e+02
-4.501608223872073040e+02
-4.334908551655956330e+02
-3.584395820714718184e+02
-4.217626105044201950e+02
-3.410487652391372535e+02
-2.854608365019011558e+02
-3.224278129816749470e+02
-2.988730425055928208e+02
-2.112459222082810584e+02
-2.339348907635734349e+02
-2.407798895027624440e+02
