-5.005000000000000000e+02
-5.005000000000000000e+02
-5.005000000000000000e+02
-5.005000000000000000e+02
-5.005000000000000000e+02
-5.005000000000000000e+02
-5.005000000000000000e+02
-5.005000000000000000e+02
-5.005000000000000000e+02
-5.005000000000000000e+02
-5.005000000000000000e+02
-4.876053980541897772e+02
-5.005000000000000000e+02
-5.005000000000000000e+02
-5.005000000000000000e+02
-5.005000000000000000e+02
-5.005000000000000000e+02
-5.005000000000000000e+02
-5.005000000000000000e+02
-5.005000000000000000e+02
-4.926884109672816408e+02
-5.005000000000000000e+02
-5.005000000000000000e+02
-5.005000000000000000e+02
-5.005000000000000000e+02
-5.005000000000000000e+02
-5.005000000000000000e+02
-5.005000000000000000e+02
-4.891821000413394245e+02
-4.878117546848381494e+02
-4.978419147224457220e+02
-5.005000000000000000e+02
-4.852540546196505034e+02
-5.005000000000000000e+02
-5.005000000000000000e+02
-5.005000000000000000e+02
-4.898878073770491710e+02
-5.005000000000000000e+02
-5.005000000000000000e+02
-4.945813482007095558e+02
-5.005000000000000000e+02
-4.822885645279848745e+02
-5.005000000000000000e+02
-4.875629975586455771e+02
-4.893401486988847751e+02
-4.952732975817059469e+02
-4.912668988119623350e+02
-5.005000000000000000e+02
-4.815075662042875138e+02
-4.815824257954302539e+02
-4.876943573667711576e+02
-5.005000000000000000e+02
-4.944317006388804430e+02
-5.005000000000000000e+02
-5.005000000000000000e+02
-4.955505561172901707e+02
-5.005000000000000000e+02
-4.957513895907023880e+02
-4.913796068796068539e+02
-4.467849020082264815e+02
-4.950780522372950259e+02
-5.005000000000000000e+02
-5.005000000000000000e+02
-5.005000000000000000e+02
-5.005000000000000000e+02
-5.005000000000000000e+02
-5.005000000000000000e+02
-5.005000000000000000e+02
-5.005000000000000000e+02
-5.005000000000000000e+02
-5.005000000000000000e+02
-5.005000000000000000e+02
-5.005000000000000000e+02
-5.005000000000000000e+02
-5.005000000000000000e+02
-5.005000000000000000e+02
-5.005000000000000000e+02
-5.005000000000000000e+02
-5.005000000000000000e+02
-5.005000000000000000e+02
-5.005000000000000000e+02
-5.005000000000000000e+02
-5.005000000000000000e+02
-5.005000000000000000e+02
-5.005000000000000000e+02
-5.005000000000000000e+02
-5.005000000000000000e+02
-5.005000000000000000e+02
-5.005000000000000000e+02
-5.005000000000000000e+02
-5.005000000000000000e+02
-5.005000000000000000e+02
-5.005000000000000000e+02
-4.920882352941176237e+02
-4.893806524881271685e+02
-5.005000000000000000e+02
-4.695697128507479192e+02
-4.084069159630076342e+02
-4.677826493627966897e+02
-4.736577996715927839e+02
