-5.005000000000000000e+02
-5.005000000000000000e+02
-5.005000000000000000e+02
-5.005000000000000000e+02
-5.005000000000000000e+02
-5.005000000000000000e+02
-5.005000000000000000e+02
-5.005000000000000000e+02
-5.005000000000000000e+02
-5.005000000000000000e+02
-5.005000000000000000e+02
-5.005000000000000000e+02
-5.005000000000000000e+02
-5.005000000000000000e+02
-4.995180360721442980e+02
-4.758908755960121653e+02
-4.831992269118261447e+02
-4.520376549646622379e+02
-4.886852487135506067e+02
-4.816705536295829120e+02
-4.876523784631468743e+02
-4.742328284982935429e+02
-5.001028823058446733e+02
-4.591141225221189188e+02
-4.907962925030724932e+02
-4.469791048320075788e+02
-4.787615143997411451e+02
-4.612464122816775784e+02
-3.712505344164172811e+02
-4.216818593810695575e+02
-4.792265973254085907e+02
-4.513658731975280602e+02
-4.733400067483972293e+02
-3.863944156026378778e+02
-4.330428729826290351e+02
-3.274975780858526946e+02
-4.080798639455782109e+02
-3.909497573508421624e+02
-4.142101669195751015e+02
-4.181216389244558513e+02
-4.125547222575314663e+02
-4.011260139049826421e+02
-4.420192625856771542e+02
-4.155982873693489523e+02
-3.849968349660888975e+02
-3.909768705587292743e+02
-3.432931883811788794e+02
-3.690274181264280173e+02
-3.551763695689506903e+02
-4.036422030524220190e+02
-3.573755166931637746e+02
-2.843776625300981777e+02
-4.208969627066512658e+02
-3.409051539601514946e+02
-2.902130631516820927e+02
-2.111430642822619745e+02
-3.753382419233658993e+02
-3.318734311472512104e+02
-3.233343278016035924e+02
-3.427210553723311932e+02
-3.089039448080665125e+02
-3.856101920236336582e+02
-2.302743708771072590e+02
-2.441275440976933453e+02
-2.841326569678407168e+02
-3.504171020550330695e+02
-3.362957177957177919e+02
-2.149366839122936597e+02
-2.902469209376241679e+02
-2.895507874015747802e+02
-3.677420031463030909e+02
-1.984196933010492216e+02
-3.972228236355435342e+02
-3.089139048991354457e+02
-3.294441229656419523e+02
-2.598913825958077268e+02
-2.849387975778546434e+02
-2.322260240963855438e+02
-2.069569946875790549e+02
-2.261795443288756928e+02
-1.803260561383612242e+02
-1.651786068009243991e+02
-2.060375684842160240e+02
-2.181907661085743371e+02
-2.040506024096385431e+02
-2.030614382785956877e+02
-1.745557224391709212e+02
-1.706558483290488368e+02
-2.553702726473175062e+02
-2.061580935774484260e+02
-1.864224631135200241e+02
-1.578278823918070657e+02
-1.588147049126277750e+02
-3.282618855761482450e+02
-2.741208865010073623e+02
-2.318056171470805680e+02
-3.446975601193610714e+02
-1.923575236966824775e+02
-2.205748677248677154e+02
-2.394118932038834942e+02
