-5.005000000000000000e+02
-5.005000000000000000e+02
-5.005000000000000000e+02
-4.973973223273605981e+02
-5.005000000000000000e+02
-5.005000000000000000e+02
-5.005000000000000000e+02
-5.005000000000000000e+02
-4.739924705368834452e+02
-5.005000000000000000e+02
-4.726764705882353041e+02
-4.659088973554460154e+02
-4.685640765765765536e+02
-4.801373997467285903e+02
-4.623150992041250902e+02
-4.548866989396034910e+02
-4.645322580645161565e+02
-4.437678147268408679e+02
-4.432244201106793753e+02
-4.305472807447329728e+02
-3.951816915145603843e+02
-4.584922498290403610e+02
-3.138677130044843011e+02
-3.502560580336471503e+02
-3.090936021034180499e+02
-3.407528890296026702e+02
-4.545891259463179495e+02
-3.095661338485859915e+02
-4.117635099685204523e+02
-2.841149056603773602e+02
-2.770695112179487296e+02
-2.455732328827830599e+02
-2.126778968861664225e+02
-2.226755155250059204e+02
-2.082214142427281729e+02
-2.134970559371933234e+02
-3.003444691907943707e+02
-2.314198171485050750e+02
-2.170042173158025207e+02
-2.053877498053464876e+02
-2.076798212956068426e+02
-2.763005802707930343e+02
-3.196537833424060864e+02
-2.837535787321063481e+02
-4.149947339246119782e+02
-3.401167771545129881e+02
-2.443083043262058709e+02
-2.776427543679342307e+02
-2.146335248563577238e+02
-1.792242549424609024e+02
-2.032045159615883847e+02
-1.984050838290968102e+02
-1.670080495356037034e+02
-1.933815250068324758e+02
-2.769743257820927624e+02
-1.916593225006885177e+02
-2.066821419150619761e+02
-2.798975141735717216e+02
-2.305082703213610671e+02
-2.256135654885654844e+02
-3.317567801001900420e+02
-3.546963164148701253e+02
-3.692987838083136580e+02
-1.386890694239291122e+02
-2.723803019410495949e+02
-2.276751256882930363e+02
-2.844165803108808177e+02
-1.636308232291002014e+02
-1.683016212909146532e+02
-1.465892661555312202e+02
-1.937211167211167151e+02
-2.215471645143177852e+02
-1.904185342216838421e+02
-2.098217573221757277e+02
-1.634369501466275665e+02
-1.511068728522336642e+02
-1.597644401419812823e+02
-1.432260198456449700e+02
-1.363786299329858593e+02
-1.398026219956300054e+02
-2.156990420436402474e+02
-1.230368682684341337e+02
-1.897621969929426200e+02
-2.886845360824742102e+02
-1.468549458231387632e+02
-1.534050583657587481e+02
-1.190160173160173116e+02
-1.720499837715027525e+02
-1.139323892188213847e+02
-1.791358695652174049e+02
-1.647141049968374489e+02
-1.587474262182566918e+02
-2.061433104177683902e+02
-3.202343215507411855e+02
-3.455703093611892314e+02
-1.424305856832971813e+02
-1.314011484823626006e+02
-1.125305747126436842e+02
-1.297371589085072117e+02
-1.220123142250530748e+02
