-5.005000000000000000e+02
-5.005000000000000000e+02
-5.005000000000000000e+02
-5.005000000000000000e+02
-5.005000000000000000e+02
-5.005000000000000000e+02
-5.005000000000000000e+02
-5.005000000000000000e+02
-5.005000000000000000e+02
-5.005000000000000000e+02
-5.005000000000000000e+02
-5.005000000000000000e+02
-5.005000000000000000e+02
-5.005000000000000000e+02
-4.877481203007519071e+02
-5.005000000000000000e+02
-5.005000000000000000e+02
-4.791969921626774180e+02
-4.958730046474034907e+02
-5.000045045045044958e+02
-4.999064877853423923e+02
-4.939197725195490989e+02
-4.900901723430447419e+02
-4.888673775753183577e+02
-4.990406218655967905e+02
-5.005000000000000000e+02
-4.839037399729138542e+02
-4.700286178861788358e+02
-4.670800267498885319e+02
-4.775853684776761838e+02
-4.731236136534941465e+02
-4.678775733683749536e+02
-4.838011884904086628e+02
-4.830916368232568061e+02
-4.707308233257600136e+02
-4.809985275557425553e+02
-4.498039056143205698e+02
-4.524255535472209431e+02
-4.622717403469501960e+02
-4.441000000000000227e+02
-4.606657507144427086e+02
-4.288667475728155409e+02
-4.854738751814223292e+02
-4.858499584372402182e+02
-4.629709741992882641e+02
-4.566477196135699614e+02
-4.645027806151401819e+02
-4.706529551851049860e+02
-4.721888277795750923e+02
-4.933229908443540239e+02
-4.293744258224705277e+02
-4.439773607038123373e+02
-4.624851261169550867e+02
-4.168745058028312656e+02
-4.734157617460488154e+02
-4.666330275229357767e+02
-3.857239025695931218e+02
-4.609156399156399289e+02
-4.219763769737659800e+02
-4.014907168993088362e+02
-4.144507653061224346e+02
-4.221294830571358148e+02
-3.908417679262918796e+02
-3.623410576351752752e+02
-2.873362976406533562e+02
-3.781983628124543202e+02
-3.072575256655646285e+02
-3.576345162268729041e+02
-2.778834933182759528e+02
-2.612239984211565229e+02
-2.645819688700222514e+02
-2.796880060252306635e+02
-2.779948596283115876e+02
-2.459822193658954461e+02
-2.650738175341381293e+02
-2.656539144153027223e+02
-2.434183006535947698e+02
-2.676038256754092117e+02
-3.022264716249559342e+02
-2.395026408450704309e+02
-2.556596477019639622e+02
-3.094895305639986418e+02
-2.773459778879146143e+02
-3.073673687968582726e+02
-2.577958442606415019e+02
-2.800835579514824758e+02
-2.317930168872660772e+02
-2.290227743271221641e+02
-2.603730898987894307e+02
-2.800075304112763206e+02
-2.786872773003562997e+02
-2.817317744154057664e+02
-2.580870406189554842e+02
-2.420049019607843093e+02
-2.692822112282211151e+02
-2.098778093515887235e+02
-2.471170353982300867e+02
-2.514912124582869808e+02
-3.224516407599309105e+02
-2.288993078812234785e+02
