-5.005000000000000000e+02
-5.005000000000000000e+02
-5.005000000000000000e+02
-5.005000000000000000e+02
-5.005000000000000000e+02
-5.005000000000000000e+02
-5.005000000000000000e+02
-5.005000000000000000e+02
-5.005000000000000000e+02
-5.005000000000000000e+02
-5.005000000000000000e+02
-5.005000000000000000e+02
-5.005000000000000000e+02
-5.005000000000000000e+02
-5.005000000000000000e+02
-5.005000000000000000e+02
-5.005000000000000000e+02
-5.005000000000000000e+02
-5.005000000000000000e+02
-5.005000000000000000e+02
-5.005000000000000000e+02
-5.005000000000000000e+02
-4.939917758148035318e+02
-4.892015087320450561e+02
-5.005000000000000000e+02
-5.005000000000000000e+02
-5.005000000000000000e+02
-5.005000000000000000e+02
-4.977522631261315382e+02
-4.873342121915207485e+02
-5.005000000000000000e+02
-5.005000000000000000e+02
-4.940641559232565214e+02
-4.893506053765647721e+02
-4.928779743746186455e+02
-5.005000000000000000e+02
-4.882138920661328712e+02
-5.005000000000000000e+02
-4.895255338904364066e+02
-4.969619105199516298e+02
-4.939557270511779166e+02
-4.872779783393501702e+02
-5.005000000000000000e+02
-5.005000000000000000e+02
-4.852799203521274194e+02
-4.847003636363636474e+02
-4.835718306922435090e+02
-4.926825348387753252e+02
-4.933917819365337891e+02
-4.802752679134271716e+02
-5.005000000000000000e+02
-4.873717679209585754e+02
-5.005000000000000000e+02
-4.889569536423841214e+02
-4.775438633938100566e+02
-4.923998163640073358e+02
-4.580719103692694603e+02
-4.913796068796068539e+02
-4.823347994554403613e+02
-4.769972091026191379e+02
-4.674387378314870602e+02
-4.765380835380835265e+02
-4.837573090223200438e+02
-4.563873508890389417e+02
-5.005000000000000000e+02
-5.005000000000000000e+02
-4.671945082594901919e+02
-4.914938600081866298e+02
-4.832068712684612706e+02
-4.948468395461912337e+02
-4.915777120114297531e+02
-4.630063779791876186e+02
-4.506032460608932411e+02
-4.849397652923460100e+02
-3.973307352559106107e+02
-4.597572513812154966e+02
-4.743968682505399670e+02
-4.676127008584635973e+02
-4.771151730831446116e+02
-4.833369644914632772e+02
-4.222196237925775222e+02
-4.003385978428351564e+02
-4.570727578475336372e+02
-4.098686972101356787e+02
-4.132385355966557086e+02
-4.511688029297321805e+02
-4.707667790710323175e+02
-4.477000803766218837e+02
-4.599618051733626771e+02
-4.852274940433026131e+02
-4.366783276450511835e+02
-3.696990129292367442e+02
-4.303747889022919253e+02
-3.510199757869249311e+02
-4.461398364485981460e+02
-3.700143785427899843e+02
-3.927393905663002442e+02
-3.994609929078014261e+02
-4.426485660554772039e+02
-4.568262916059621261e+02
