-5.005000000000000000e+02
-5.005000000000000000e+02
-5.005000000000000000e+02
-5.005000000000000000e+02
-5.005000000000000000e+02
-5.005000000000000000e+02
-5.005000000000000000e+02
-5.005000000000000000e+02
-5.005000000000000000e+02
-5.005000000000000000e+02
-5.005000000000000000e+02
-5.005000000000000000e+02
-4.978868778280543097e+02
-5.005000000000000000e+02
-5.005000000000000000e+02
-4.977522631261315382e+02
-4.869111088168490369e+02
-4.799826403771967307e+02
-4.979319324351498040e+02
-4.922428294375829410e+02
-4.782933060256548288e+02
-5.005000000000000000e+02
-4.911833828501178232e+02
-4.876225432911930397e+02
-4.579156840934371644e+02
-4.873588179619308107e+02
-5.005000000000000000e+02
-4.793593055261486597e+02
-4.716300496867573884e+02
-4.882145447011291708e+02
-4.983415369161225499e+02
-4.937193302891932944e+02
-4.838748427672956041e+02
-4.555153153153153198e+02
-4.673951595159516046e+02
-4.966202097620007976e+02
-4.620796421557931239e+02
-5.005000000000000000e+02
-4.731703907539900911e+02
-4.828028095188174689e+02
-4.748579252577319494e+02
-4.784010574018126931e+02
-4.533907382246376869e+02
-4.564815689981096511e+02
-4.624381100266193698e+02
-4.142188518425670622e+02
-4.404804001395835940e+02
-4.338752688172043008e+02
-4.163012033398821359e+02
-4.561365748611583513e+02
-4.174117573949788493e+02
-4.410355171586273286e+02
-3.633648988033683054e+02
-4.165617300131061711e+02
-4.391378410438908872e+02
-4.518138219658409866e+02
-4.787916268196790952e+02
-4.167769221057947107e+02
-4.473795729948067219e+02
-4.624669993195735742e+02
-4.752348978704910678e+02
-4.817082459085186770e+02
-3.843771567089690393e+02
-2.952462568257882936e+02
-3.446834209712341703e+02
-3.298370831338758649e+02
-3.424439662043679391e+02
-3.346294040171221695e+02
-3.154668632893823883e+02
-2.907109318996415936e+02
-3.521927966101694665e+02
-2.860834242093783928e+02
-2.756352566504308470e+02
-2.412918398599868794e+02
-3.121038681948423914e+02
-2.843321100917431181e+02
-2.561331269349845456e+02
-2.803017422937009542e+02
-2.241192958072735735e+02
-2.697039204212990171e+02
-3.473754005798870708e+02
-2.328917405506299474e+02
-2.451207792207792124e+02
-2.049433628318583942e+02
-2.523048218029350096e+02
-2.995614035087719458e+02
-2.514490103270223642e+02
-3.466764525053796433e+02
-3.378207796498182915e+02
-3.430318584070796533e+02
-3.023693071061492219e+02
-2.625127272727272612e+02
-2.410162636421998741e+02
-2.379506423258958705e+02
-2.570181043663471883e+02
-3.112689667312092752e+02
-3.109977683100020158e+02
-2.117549603174603305e+02
-2.409122639254123897e+02
-2.692558797909407531e+02
