-5.005000000000000000e+02
-5.005000000000000000e+02
-5.005000000000000000e+02
-5.005000000000000000e+02
-5.005000000000000000e+02
-5.005000000000000000e+02
-4.873395451674036849e+02
-5.005000000000000000e+02
-5.005000000000000000e+02
-4.963260672116257979e+02
-5.005000000000000000e+02
-4.839549558899844328e+02
-4.926884109672816408e+02
-4.819916379220236422e+02
-4.637304561168729720e+02
-4.656161382650814744e+02
-4.888497618554566202e+02
-4.710831353919239746e+02
-4.726891574353809915e+02
-4.737680906713164859e+02
-4.381164638688850346e+02
-4.675889650669278694e+02
-4.253422927865983070e+02
-4.049881545295463638e+02
-4.343514296055012665e+02
-4.116145552560647047e+02
-4.407192386955994721e+02
-4.328235942668136431e+02
-4.075702308960967457e+02
-3.438044063235788599e+02
-3.695708101422387131e+02
-3.214991505266734748e+02
-3.687033565164801985e+02
-2.591497504159733580e+02
-2.690288097043214748e+02
-2.825003977724741731e+02
-3.511253405994550576e+02
-3.204334984082065603e+02
-2.973711884284597318e+02
-3.157712024123633796e+02
-2.756482110733559807e+02
-3.413469189713730998e+02
-2.829182544560541146e+02
-2.696880864953080277e+02
-3.118782931354359675e+02
-2.258973225251780832e+02
-1.733487118034751404e+02
-1.485682054842068851e+02
-1.583575600259571843e+02
-1.759026050917702833e+02
-1.649702694332610804e+02
-2.441117129316181433e+02
-2.593343841477145020e+02
-1.700129669651126960e+02
-1.801180654338548948e+02
-2.225625610948191593e+02
-2.472278269184795647e+02
-2.279008505467800774e+02
-3.317754010695186935e+02
-2.017372162975116225e+02
-2.589018899978764239e+02
-2.524974476773864183e+02
-3.610638431372548780e+02
-2.661290190456686560e+02
-2.161779448621553854e+02
-2.236396276595744723e+02
-2.368362258616475060e+02
-1.495422021535255226e+02
-2.305684523809523796e+02
-1.878021170244045948e+02
-1.927406759906759817e+02
-2.608556789069171487e+02
-2.353779348649331098e+02
-1.345990765679107426e+02
-1.383260188087774338e+02
-1.362793893129770879e+02
-2.538715390371663716e+02
-1.332760336906584939e+02
-1.373473053892215603e+02
-1.722082270408163254e+02
-2.374189566837447671e+02
-2.053767356562745476e+02
-2.422723681152684208e+02
-1.620788714331516474e+02
-2.286119519832985247e+02
-2.326568002041337024e+02
-2.084297782470960954e+02
-2.299298457087753036e+02
-1.887462025316455652e+02
-1.706250388319353704e+02
-1.493852920478536248e+02
-1.753886462882095998e+02
-1.331296296296296191e+02
-1.457996409335727037e+02
-1.563324441480493476e+02
-2.044096310193871204e+02
-1.941075370545569285e+02
-2.001310582162317075e+02
-1.743167146053052079e+02
-2.281836002208724494e+02
