-5.005000000000000000e+02
-5.005000000000000000e+02
-5.005000000000000000e+02
-5.005000000000000000e+02
-5.005000000000000000e+02
-5.005000000000000000e+02
-5.005000000000000000e+02
-5.005000000000000000e+02
-5.005000000000000000e+02
-5.005000000000000000e+02
-5.005000000000000000e+02
-5.005000000000000000e+02
-5.005000000000000000e+02
-5.005000000000000000e+02
-5.005000000000000000e+02
-5.005000000000000000e+02
-5.005000000000000000e+02
-5.005000000000000000e+02
-5.005000000000000000e+02
-5.005000000000000000e+02
-4.929514207149404115e+02
-4.960775522568918632e+02
-5.005000000000000000e+02
-5.005000000000000000e+02
-5.005000000000000000e+02
-5.005000000000000000e+02
-5.005000000000000000e+02
-5.005000000000000000e+02
-5.005000000000000000e+02
-5.005000000000000000e+02
-5.005000000000000000e+02
-5.005000000000000000e+02
-5.005000000000000000e+02
-5.005000000000000000e+02
-5.005000000000000000e+02
-4.892175873731679872e+02
-4.782921503887528161e+02
-5.005000000000000000e+02
-5.005000000000000000e+02
-5.005000000000000000e+02
-4.761193981730252744e+02
-4.730818091120718236e+02
-4.938124746038195667e+02
-5.005000000000000000e+02
-4.874447707961816718e+02
-4.795410695187165970e+02
-4.905975972892493928e+02
-4.706537132987910468e+02
-4.534313003452243720e+02
-4.881479400749063871e+02
-4.501221392149887492e+02
-4.888673775753183577e+02
-4.720688042752170759e+02
-4.800049707279354720e+02
-4.915226644837818526e+02
-5.005000000000000000e+02
-4.902051308363263047e+02
-4.581527809831525246e+02
-4.829915307402760618e+02
-4.746275619128949756e+02
-4.728481081670482808e+02
-4.736706366392377845e+02
-4.963940096813230980e+02
-4.936707317073170884e+02
-4.471914608928354369e+02
-4.580738843351548439e+02
-4.789283931865032287e+02
-4.854467898939079191e+02
-4.623382501970498879e+02
-4.857789165446559423e+02
-3.999927090779128207e+02
-4.243326535814427984e+02
-4.078419461242440889e+02
-4.238413165640888565e+02
-4.577417975970425346e+02
-4.873689687795647956e+02
-3.928140019447145619e+02
-4.095151071476108200e+02
-4.923367346938775313e+02
-4.975297373452752367e+02
-4.890304095986760444e+02
-4.773206470028544004e+02
-4.601959634682602314e+02
-4.816543660158764055e+02
-4.914938600081866298e+02
-4.127184265010351965e+02
-4.577542201215395039e+02
-4.882684752104771064e+02
-4.899891908585546503e+02
-4.711861349559925998e+02
-3.996161518215819228e+02
-4.546290563008829508e+02
-4.187054709995886697e+02
-4.532846476901539745e+02
-3.426473029045642988e+02
-4.070745967741935374e+02
-4.405714464308038600e+02
-4.623056866446436857e+02
-3.594828111769686529e+02
-4.415363800360793789e+02
