-5.005000000000000000e+02
-5.005000000000000000e+02
-5.005000000000000000e+02
-5.005000000000000000e+02
-5.000536482834551180e+02
-5.005000000000000000e+02
-5.005000000000000000e+02
-5.005000000000000000e+02
-4.692206026324377035e+02
-4.854597424353470956e+02
-5.005000000000000000e+02
-4.737042238069116706e+02
-4.918758303525804649e+02
-4.790653956757907963e+02
-4.872316985028394356e+02
-4.719878298330640973e+02
-4.741069742489270311e+02
-3.953835964677548986e+02
-4.774791380585190836e+02
-4.901296296296296191e+02
-4.518993558776167561e+02
-4.819910157488637310e+02
-4.589433875773550540e+02
-4.738062593144560424e+02
-4.262566892843425990e+02
-4.442204987471662321e+02
-4.225287341772151990e+02
-4.301596502186133648e+02
-4.741024549918166713e+02
-4.422516167664670661e+02
-4.555155639720676959e+02
-2.896906641000962281e+02
-3.738061283764159271e+02
-2.055668367346938794e+02
-2.677091857200160234e+02
-3.806214422651526093e+02
-3.534512443261856447e+02
-3.631515622571117774e+02
-3.527328304258997491e+02
-2.763697299397707638e+02
-3.768743486675599002e+02
-3.434312311304931313e+02
-3.229139996424101469e+02
-2.184334657398212585e+02
-3.269625239672302541e+02
-2.894653911086099924e+02
-3.842805234581651348e+02
-2.346537574919317706e+02
-3.789290738569753785e+02
-4.098117817989697755e+02
-3.505077404222048472e+02
-2.376263157894736935e+02
-3.076605108055009623e+02
-2.592305377207062520e+02
-3.128903270946300381e+02
-2.539715821812596062e+02
-3.508985607768337331e+02
-2.631877759702533126e+02
-3.414427715996578172e+02
-2.621038781163434805e+02
-2.412727694090382329e+02
-3.172976670759516082e+02
-3.548717343405728570e+02
-2.190385075340827541e+02
-1.837553370786516780e+02
-1.728598647818070049e+02
-2.075916187345932542e+02
-2.262894337714863582e+02
-2.519652896602297858e+02
-1.724397717032141770e+02
-1.962781495490253008e+02
-1.922401129943502838e+02
-3.023087871287128792e+02
-2.297927691904637015e+02
-2.558054160297008082e+02
-1.556125947906363365e+02
-1.842981366459627282e+02
-1.605719471947194847e+02
-1.672582056892779008e+02
-1.635732331853874939e+02
-3.043525567089581045e+02
-4.526227294455067067e+02
-3.231807146520772562e+02
-2.021621909066737430e+02
-1.726429433051869751e+02
-2.700842311459353482e+02
-1.988727578475336202e+02
-2.705564166856621569e+02
-2.025569997292174378e+02
-2.319339285714285666e+02
-1.320340954673084752e+02
-1.233321002877106451e+02
-2.004978479196556691e+02
-2.711290322580645125e+02
-2.425828516377649464e+02
-2.792637362637362912e+02
-1.307558411214953367e+02
-3.284821500200561673e+02
-1.611726405787569831e+02
-3.983277677496991487e+02
