-5.005000000000000000e+02
-5.005000000000000000e+02
-5.005000000000000000e+02
-5.005000000000000000e+02
-5.005000000000000000e+02
-5.005000000000000000e+02
-5.005000000000000000e+02
-5.005000000000000000e+02
-5.005000000000000000e+02
-5.005000000000000000e+02
-4.914365404298874296e+02
-5.005000000000000000e+02
-4.947324956935859745e+02
-5.005000000000000000e+02
-4.509495200451722212e+02
-4.920270684371807874e+02
-5.005000000000000000e+02
-5.005000000000000000e+02
-4.847622312246805905e+02
-4.780242210840802386e+02
-4.869896821261073683e+02
-5.005000000000000000e+02
-5.005000000000000000e+02
-4.610350836963999086e+02
-4.537483496471659237e+02
-4.644016100178890838e+02
-4.565609423011266585e+02
-4.397289042072736152e+02
-4.044977019041365907e+02
-4.633449120463148461e+02
-4.652496410029824574e+02
-4.624348706411698799e+02
-4.358199256683851104e+02
-3.823934059793238589e+02
-4.823226144338535732e+02
-4.729450721557221300e+02
-4.105735941953873862e+02
-4.143328697850821527e+02
-4.601286439929328367e+02
-4.185068764713170708e+02
-4.923527491584208633e+02
-4.159952237305178642e+02
-3.430197717408776725e+02
-4.525795682434823561e+02
-3.529410876132930639e+02
-4.582883271202236983e+02
-3.195952138492871768e+02
-2.992737538940809827e+02
-3.825663651193830788e+02
-3.859720436537598971e+02
-4.668843204800533613e+02
-3.306651530440632314e+02
-2.942716479017400388e+02
-2.942033647624329546e+02
-3.075386247127452748e+02
-2.797938164251207809e+02
-3.603838729763387505e+02
-3.507648106183230539e+02
-2.127748119388497798e+02
-2.705330774441183053e+02
-3.083598318364226998e+02
-3.947312211810203735e+02
-2.712958809575156351e+02
-2.149201318458417802e+02
-3.440081925243215437e+02
-3.179805052715337297e+02
-4.454710466370938775e+02
-4.420004809426475845e+02
-2.659008229584300693e+02
-2.847980168931325693e+02
-2.943908977556109789e+02
-2.160764563106796174e+02
-2.596749101669837501e+02
-2.367854860794157901e+02
-3.632367563860792075e+02
-2.814589259180640965e+02
-2.743273142382731180e+02
-2.948564433999216590e+02
-1.926163323782234897e+02
-2.387990218910107103e+02
-3.243832123580867233e+02
-2.209892802450229681e+02
-2.863313127090301009e+02
-3.578504266623731951e+02
-2.941880971337579354e+02
-3.239560858231401426e+02
-4.009591448931116133e+02
-2.238275862068965409e+02
-2.749676267555344111e+02
-3.635883397932816479e+02
-2.315722748815165914e+02
-2.399819152090127545e+02
-1.355482041587901563e+02
-2.050576187875477956e+02
-2.116935947712418340e+02
-2.855329853862212985e+02
-2.881955894476504341e+02
-2.039154633762142339e+02
-2.639631713554987300e+02
-2.887813953488372363e+02
