-5.005000000000000000e+02
-5.005000000000000000e+02
-5.005000000000000000e+02
-5.005000000000000000e+02
-5.005000000000000000e+02
-5.005000000000000000e+02
-5.005000000000000000e+02
-5.005000000000000000e+02
-5.005000000000000000e+02
-5.005000000000000000e+02
-5.005000000000000000e+02
-5.005000000000000000e+02
-5.005000000000000000e+02
-5.005000000000000000e+02
-4.926559633027522977e+02
-5.005000000000000000e+02
-5.005000000000000000e+02
-5.005000000000000000e+02
-5.005000000000000000e+02
-5.005000000000000000e+02
-5.005000000000000000e+02
-5.005000000000000000e+02
-5.005000000000000000e+02
-4.931188925081433467e+02
-4.902252159605100701e+02
-5.000045045045044958e+02
-5.005000000000000000e+02
-4.776725775807473156e+02
-4.905720887245840913e+02
-5.005000000000000000e+02
-4.952340619307832412e+02
-5.005000000000000000e+02
-5.004500450045004527e+02
-5.005000000000000000e+02
-4.873380816714150114e+02
-4.914938600081866298e+02
-5.005000000000000000e+02
-4.831252367922542703e+02
-4.552265867987559318e+02
-4.901302029936436497e+02
-5.005000000000000000e+02
-5.005000000000000000e+02
-4.478961799859386019e+02
-5.005000000000000000e+02
-5.005000000000000000e+02
-4.626221831372980091e+02
-4.909919007586631210e+02
-4.762428397655644972e+02
-4.991828938132958911e+02
-4.581872452649244565e+02
-4.571796536796536543e+02
-4.904460084249460579e+02
-5.005000000000000000e+02
-4.751070776500912984e+02
-4.571400091136933383e+02
-4.495896980461811836e+02
-4.967476560137110368e+02
-5.005000000000000000e+02
-4.739268772543447312e+02
-4.848307098926300682e+02
-5.004001800360072139e+02
-4.908315551908083876e+02
-5.005000000000000000e+02
-4.767477506426735090e+02
-5.005000000000000000e+02
-5.005000000000000000e+02
-4.275775353016688314e+02
-4.722655759020478854e+02
-5.005000000000000000e+02
-4.874756260950221645e+02
-5.005000000000000000e+02
-4.702443137690003141e+02
-4.533108124182228948e+02
-4.787188891244434785e+02
-4.841750320375907677e+02
-4.635475008657509193e+02
-4.573322851153039892e+02
-4.897170219338893844e+02
-3.385272376667202252e+02
-4.905213640098602923e+02
-4.942835548341280401e+02
-5.005000000000000000e+02
-4.897606126015006680e+02
-4.456074698795180780e+02
-4.133457957110609300e+02
-4.640338821283702941e+02
-4.155386328831964420e+02
-3.294350137488542600e+02
-4.467582223270069335e+02
-3.307272422464375268e+02
-4.337866208041750724e+02
-4.964096458480476031e+02
-4.917269938650306926e+02
-3.915658695344559419e+02
-3.300920110192837456e+02
-4.320368121442125471e+02
-3.972689556509299109e+02
-3.661774898532625571e+02
-4.407901828681424377e+02
-3.687489204194941408e+02
