-5.005000000000000000e+02
-5.005000000000000000e+02
-5.005000000000000000e+02
-5.005000000000000000e+02
-5.005000000000000000e+02
-5.005000000000000000e+02
-5.005000000000000000e+02
-4.893401486988847751e+02
-5.005000000000000000e+02
-4.907331561190062530e+02
-5.005000000000000000e+02
-5.005000000000000000e+02
-5.005000000000000000e+02
-4.855318685874183871e+02
-5.005000000000000000e+02
-4.877389033942558854e+02
-5.005000000000000000e+02
-4.876257086898257853e+02
-4.580915729685870019e+02
-4.731539880629408685e+02
-4.868720677896042162e+02
-4.858725062344139474e+02
-4.804841938883034800e+02
-4.596470723306543960e+02
-5.005000000000000000e+02
-4.954311722463841647e+02
-4.928520782396088293e+02
-5.005000000000000000e+02
-4.615462138696560146e+02
-4.898224827728067226e+02
-4.478719735443486343e+02
-3.953080671358960672e+02
-4.537332422897462152e+02
-4.701162406346408034e+02
-4.748837386018237225e+02
-4.465149478563151888e+02
-4.467744147552613185e+02
-4.238515933631814505e+02
-4.244583657587548373e+02
-4.879382371198013857e+02
-4.589112473964360106e+02
-4.719580712788259689e+02
-4.083244121086137284e+02
-4.687402683819452136e+02
-4.790744692088306920e+02
-4.206214375788146071e+02
-4.780218631178707369e+02
-3.968728246318607944e+02
-4.470216486261448949e+02
-2.937318291104124341e+02
-3.724104054859868711e+02
-3.924366159947124970e+02
-4.856923556294141804e+02
-3.895822215980901433e+02
-4.572245584524810624e+02
-3.670846356181339729e+02
-3.028891710502448973e+02
-4.149351216469120232e+02
-3.940979573579841713e+02
-4.505381670256041957e+02
-3.772678755712811380e+02
-3.687190609452736112e+02
-4.354303874092009892e+02
-3.945335179248032773e+02
-3.087594232749742673e+02
-3.949390855668625591e+02
-3.522828678752245537e+02
-4.788378731749836561e+02
-3.759668661509268759e+02
-2.800382638492289971e+02
-3.074971026490066492e+02
-4.356267457669014789e+02
-3.488534619032564024e+02
-3.311023231069338522e+02
-2.352458706937234467e+02
-1.890821367030442275e+02
-3.964410813987657889e+02
-2.587996031746031917e+02
-3.477467005883288493e+02
-3.199989336745574633e+02
-3.253570742944903031e+02
-2.669670903313663075e+02
-1.796850895839659756e+02
-2.715229848193286557e+02
-3.060468805704099964e+02
-3.278918424987539311e+02
-4.748149267091865227e+02
-3.609236734073285788e+02
-2.642334715252018214e+02
-4.147454396950721502e+02
-4.250168804861580156e+02
-2.888450964300369037e+02
-2.348662061908416376e+02
-3.508078025477706774e+02
-2.101559464426358659e+02
-2.304972677595628454e+02
-2.324972838388410992e+02
-3.708515912897822204e+02
-3.219734088179790774e+02
-2.090740551583248248e+02
