-5.005000000000000000e+02
-5.005000000000000000e+02
-5.005000000000000000e+02
-5.005000000000000000e+02
-5.005000000000000000e+02
-5.005000000000000000e+02
-5.005000000000000000e+02
-5.005000000000000000e+02
-5.005000000000000000e+02
-4.970482571025589209e+02
-5.005000000000000000e+02
-4.968330813426065902e+02
-5.005000000000000000e+02
-5.005000000000000000e+02
-5.005000000000000000e+02
-5.005000000000000000e+02
-4.937414143466775158e+02
-5.005000000000000000e+02
-4.945437956204379475e+02
-4.973095046314941783e+02
-5.005000000000000000e+02
-5.005000000000000000e+02
-4.967050816696914808e+02
-4.920270684371807874e+02
-5.005000000000000000e+02
-5.005000000000000000e+02
-4.980223160434258034e+02
-4.873407727129171576e+02
-4.997601402103154555e+02
-5.005000000000000000e+02
-5.005000000000000000e+02
-5.005000000000000000e+02
-4.837005442746493600e+02
-4.825609704862934564e+02
-4.870184169684428070e+02
-4.915852290115270762e+02
-4.726334156555352592e+02
-4.884506490830414123e+02
-4.883447460415381443e+02
-4.595448081264108282e+02
-4.911813725490196134e+02
-4.608068721688211440e+02
-4.556454742609291202e+02
-4.757286971453101501e+02
-4.935959606211306436e+02
-4.807647860738255190e+02
-4.704928057553956933e+02
-4.324371644704734194e+02
-4.472375703295441554e+02
-4.311110835298497932e+02
-4.222490009990009980e+02
-4.119130050505050349e+02
-3.948339444735463530e+02
-4.105957068461831341e+02
-4.066960334592552613e+02
-3.776157066551176626e+02
-3.298246889642915107e+02
-3.510123550945698412e+02
-3.681827925414769993e+02
-3.670908306984765659e+02
-3.975522687725873539e+02
-4.103584807492195523e+02
-3.557510416666666515e+02
-3.997880686461454616e+02
-3.451824037706205672e+02
-3.835172120696982461e+02
-3.067149153737658480e+02
-2.947388439088683754e+02
-2.439905660377358458e+02
-2.872062067676201309e+02
-3.561492242166108895e+02
-2.665745856353591421e+02
-2.783403608736941806e+02
-2.883503675811368225e+02
-2.578143939393939377e+02
-2.639926650366747936e+02
-2.574059590316573463e+02
-3.058176208433321790e+02
-3.426034312108214976e+02
-2.804395412130637624e+02
-3.862717839374555524e+02
-2.772626166444486557e+02
-2.664830614805520668e+02
-2.524387733218957806e+02
-2.933318677117185871e+02
-3.297517241379310349e+02
-2.347242779783393587e+02
-3.026376328401750584e+02
-2.267001218026796607e+02
-2.668474680938658139e+02
-2.610119504908237218e+02
-2.936590951405697183e+02
-4.332990805168985844e+02
-3.968483399371498876e+02
-4.571674687199230220e+02
-4.632227694422173840e+02
-3.642200812885744199e+02
-4.816825949711549129e+02
-4.750562418725617704e+02
-2.658017293384274922e+02
