-5.005000000000000000e+02
-5.005000000000000000e+02
-5.005000000000000000e+02
-5.005000000000000000e+02
-5.005000000000000000e+02
-5.005000000000000000e+02
-5.005000000000000000e+02
-5.005000000000000000e+02
-5.005000000000000000e+02
-5.005000000000000000e+02
-5.005000000000000000e+02
-5.005000000000000000e+02
-5.005000000000000000e+02
-5.005000000000000000e+02
-5.005000000000000000e+02
-5.005000000000000000e+02
-4.891244701747131103e+02
-5.005000000000000000e+02
-5.005000000000000000e+02
-4.917565688579899756e+02
-4.902493573264781617e+02
-4.998088323653114458e+02
-5.005000000000000000e+02
-5.005000000000000000e+02
-4.874028037383177434e+02
-4.817191565253881436e+02
-5.001028823058446733e+02
-5.005000000000000000e+02
-5.005000000000000000e+02
-4.823395944503735109e+02
-4.961187399030694678e+02
-4.936004269160398508e+02
-5.005000000000000000e+02
-4.875062643558154036e+02
-4.938481462671406916e+02
-4.949620253164557084e+02
-4.792195906119387132e+02
-4.655036091060521812e+02
-4.953762636473918519e+02
-4.656300423445509296e+02
-4.775075451647184082e+02
-5.005000000000000000e+02
-5.005000000000000000e+02
-4.774135468513308638e+02
-4.646885245901639223e+02
-4.611909399773499558e+02
-4.406488720916499346e+02
-5.005000000000000000e+02
-5.005000000000000000e+02
-4.098913374913374810e+02
-4.672568306010928723e+02
-4.719239420935411999e+02
-4.721276990185386921e+02
-4.181280101394169719e+02
-4.823407376362112586e+02
-5.005000000000000000e+02
-5.005000000000000000e+02
-4.889934823091247722e+02
-5.005000000000000000e+02
-4.287753550423181537e+02
-4.392315221483247569e+02
-4.877389033942558854e+02
-4.427632808657156716e+02
-3.106422659554901884e+02
-5.005000000000000000e+02
-4.774582917912927655e+02
-4.877916755375771913e+02
-5.005000000000000000e+02
-4.874982709839673021e+02
-4.447478382502543468e+02
-4.810787949015063987e+02
-3.888256142332674585e+02
-3.289419132328916362e+02
-5.005000000000000000e+02
-5.005000000000000000e+02
-5.005000000000000000e+02
-5.005000000000000000e+02
-5.005000000000000000e+02
-5.005000000000000000e+02
-5.005000000000000000e+02
-5.005000000000000000e+02
-5.005000000000000000e+02
-4.613159582999198278e+02
-4.519391528200327457e+02
-4.468824033284385564e+02
-4.795744500846023470e+02
-4.637233155823107040e+02
-2.965055118110236094e+02
-5.005000000000000000e+02
-4.742592793574994516e+02
-2.358993273022500716e+02
-2.257836905641783574e+02
-4.894836446187184151e+02
-5.005000000000000000e+02
-5.005000000000000000e+02
-5.005000000000000000e+02
-3.984250288350634150e+02
-4.300634962455539494e+02
-5.005000000000000000e+02
-5.005000000000000000e+02
