-5.005000000000000000e+02
-5.005000000000000000e+02
-5.005000000000000000e+02
-5.005000000000000000e+02
-5.005000000000000000e+02
-5.005000000000000000e+02
-5.005000000000000000e+02
-5.005000000000000000e+02
-5.005000000000000000e+02
-5.005000000000000000e+02
-5.005000000000000000e+02
-5.005000000000000000e+02
-5.005000000000000000e+02
-5.005000000000000000e+02
-5.005000000000000000e+02
-5.005000000000000000e+02
-5.005000000000000000e+02
-5.005000000000000000e+02
-5.005000000000000000e+02
-5.005000000000000000e+02
-5.005000000000000000e+02
-5.005000000000000000e+02
-4.890034932703174491e+02
-5.005000000000000000e+02
-4.875353440150801134e+02
-4.995180360721442980e+02
-5.005000000000000000e+02
-5.005000000000000000e+02
-5.005000000000000000e+02
-5.005000000000000000e+02
-5.005000000000000000e+02
-5.005000000000000000e+02
-5.005000000000000000e+02
-5.005000000000000000e+02
-5.003504051215364825e+02
-5.005000000000000000e+02
-5.005000000000000000e+02
-4.817140457694730458e+02
-4.922428294375829410e+02
-5.005000000000000000e+02
-5.005000000000000000e+02
-4.976629778672032103e+02
-4.961446160056514145e+02
-4.845823970037453137e+02
-4.657582224177758121e+02
-4.608826479438315005e+02
-4.688400582828962229e+02
-4.613560437109723580e+02
-4.859538797133063213e+02
-4.524610910782831183e+02
-4.938124746038195667e+02
-4.774491642712658290e+02
-4.547756521739130449e+02
-4.542814595884960909e+02
-4.589918662952646287e+02
-4.773369646480828692e+02
-4.413950359545349329e+02
-4.373002085633664819e+02
-4.462725282323115721e+02
-4.191355718252966653e+02
-4.581613154093989806e+02
-3.877425271739130608e+02
-3.549732197200243604e+02
-3.948734687995388413e+02
-3.644130690161526900e+02
-3.368749201277955194e+02
-3.427951899509803866e+02
-3.091713215258855598e+02
-3.173414592567337422e+02
-3.972735348713869143e+02
-3.959213012958963418e+02
-3.041411684084289959e+02
-3.892606093579978506e+02
-3.772316530231221918e+02
-3.114618651566094627e+02
-3.372988375847594398e+02
-3.186545302013422543e+02
-3.688929265739494667e+02
-3.455521323171720383e+02
-2.948237210193523765e+02
-2.841737495298984300e+02
-3.588123227229751251e+02
-3.698415914805502211e+02
-4.225453470031545748e+02
-3.484535133476526312e+02
-4.519174193548387279e+02
-4.679565790920083828e+02
-4.391527469820152874e+02
-3.608475073313783241e+02
-4.854968186085324078e+02
-4.634541587372663116e+02
-3.834254257193188664e+02
-2.832562206996033183e+02
-2.487008454368090042e+02
-2.628918690601900607e+02
-2.417857618097139039e+02
-3.351648705163261752e+02
-2.361110626227361990e+02
-3.358428475486903722e+02
-2.502555923777961766e+02
