-5.005000000000000000e+02
-5.005000000000000000e+02
-5.005000000000000000e+02
-5.005000000000000000e+02
-5.005000000000000000e+02
-5.005000000000000000e+02
-5.005000000000000000e+02
-5.005000000000000000e+02
-5.005000000000000000e+02
-5.005000000000000000e+02
-5.005000000000000000e+02
-5.005000000000000000e+02
-5.005000000000000000e+02
-5.005000000000000000e+02
-5.005000000000000000e+02
-4.889934823091247722e+02
-5.005000000000000000e+02
-5.005000000000000000e+02
-4.896104980921934384e+02
-4.886461745801368579e+02
-5.005000000000000000e+02
-4.874087204995237812e+02
-4.977970431459318092e+02
-4.924104234527687254e+02
-5.005000000000000000e+02
-4.888850931677018821e+02
-4.729697165642849654e+02
-4.885497925311203176e+02
-5.005000000000000000e+02
-5.005000000000000000e+02
-4.824019783226349318e+02
-4.769679235262878478e+02
-4.459081494267044832e+02
-4.976184726833685659e+02
-4.824336734693877702e+02
-4.636921616793211456e+02
-4.738559247923043358e+02
-4.414220572640509204e+02
-4.704250460006494450e+02
-4.681618923611110858e+02
-4.222742288073840200e+02
-3.793999144568006727e+02
-4.549795068122959378e+02
-4.212462036345531260e+02
-3.903038210624417275e+02
-4.419395565092989955e+02
-4.582549778761061816e+02
-4.712463048872585887e+02
-4.462959399202065356e+02
-4.640995855270527386e+02
-4.391025156489902201e+02
-4.548442037335791497e+02
-4.916143804181539849e+02
-4.803010289794204368e+02
-4.877244687435527339e+02
-4.472473105706267802e+02
-3.950448815625433099e+02
-4.503609845031905365e+02
-4.547703805910084043e+02
-3.067161524500907603e+02
-3.815406350131080444e+02
-4.251201474201474184e+02
-4.021528366914104140e+02
-3.206155030800821351e+02
-3.306190250828206558e+02
-2.722728839525086073e+02
-3.676097908068877018e+02
-3.388010527945502304e+02
-2.741731376555823658e+02
-3.273421954004240888e+02
-2.811081507795539665e+02
-2.900390821082825141e+02
-3.105646853146853346e+02
-2.916508741258741111e+02
-2.836136965569428412e+02
-3.080839262908228307e+02
-2.472052510939779211e+02
-3.048145636266285692e+02
-2.650557628117023228e+02
-3.252441051738761644e+02
-3.512481169026815451e+02
-3.017293923260510269e+02
-2.444409685022498309e+02
-3.184675454697146506e+02
-3.204923798358734075e+02
-2.972806918593720411e+02
-2.304156177156177137e+02
-2.743871983210913186e+02
-2.718989119683481590e+02
-2.322207115341037706e+02
-2.445685626102292645e+02
-2.356791940230926059e+02
-2.097001466275659709e+02
-2.999177178342712864e+02
-2.100024906600249039e+02
-2.482998944033790849e+02
-2.273826335877862732e+02
-2.204378051615903189e+02
-2.513837505303351634e+02
-2.231295261239368131e+02
