-5.005000000000000000e+02
-5.005000000000000000e+02
-5.005000000000000000e+02
-5.005000000000000000e+02
-5.005000000000000000e+02
-5.005000000000000000e+02
-5.005000000000000000e+02
-5.005000000000000000e+02
-5.005000000000000000e+02
-5.005000000000000000e+02
-4.891627906976744384e+02
-5.005000000000000000e+02
-5.005000000000000000e+02
-5.005000000000000000e+02
-5.005000000000000000e+02
-4.978868778280543097e+02
-5.005000000000000000e+02
-4.900356113627007062e+02
-5.005000000000000000e+02
-5.005000000000000000e+02
-5.005000000000000000e+02
-5.005000000000000000e+02
-4.942100456621004696e+02
-5.005000000000000000e+02
-4.743074050362782828e+02
-5.005000000000000000e+02
-5.005000000000000000e+02
-4.978419147224457220e+02
-4.926236109695178129e+02
-4.967737579361080407e+02
-4.874219143576826241e+02
-4.556563499314755745e+02
-4.309132899179932679e+02
-5.005000000000000000e+02
-5.005000000000000000e+02
-4.746114192495921884e+02
-4.649018157363819910e+02
-4.145915565250866166e+02
-4.752984054669703937e+02
-4.348955279043981932e+02
-4.438344354935674119e+02
-4.627181669776119293e+02
-4.413136441298511272e+02
-4.318746646224607275e+02
-2.919199706314243485e+02
-4.801318563131856081e+02
-3.686329650370818740e+02
-3.569942775393419083e+02
-4.601321580827284379e+02
-4.447554636739515672e+02
-4.602230892816157848e+02
-4.463352783288598289e+02
-4.490395645557766784e+02
-4.572380517851032096e+02
-3.279543713572023194e+02
-3.710001509661835826e+02
-4.362218905472636834e+02
-3.385629594119527042e+02
-2.998823974286254384e+02
-4.044809356408869689e+02
-3.323739851150202753e+02
-2.866676013805004573e+02
-4.116847001574352589e+02
-3.748279922492174592e+02
-3.289472733838931049e+02
-3.069801515698304115e+02
-2.770446251923499403e+02
-2.087365591397849585e+02
-3.008283511938334414e+02
-3.427817364233829380e+02
-3.634863013698629857e+02
-3.704074647669196452e+02
-3.805366266543551887e+02
-3.438901743264659103e+02
-4.355326781326781429e+02
-3.367902446877012039e+02
-3.607220562804590713e+02
-3.911599757612482904e+02
-4.019474741676233975e+02
-2.798549697853719636e+02
-2.874744552967693494e+02
-4.002071570576540580e+02
-3.848626534190531743e+02
-3.425071886367572915e+02
-2.977103866565580006e+02
-3.734695322793148762e+02
-2.290411599625818440e+02
-2.291090673575129415e+02
-2.229528349222277939e+02
-3.202416996387407266e+02
-2.650071736011477697e+02
-2.508699239956569045e+02
-1.965152439024390105e+02
-2.294767857142857110e+02
-2.479211497890295277e+02
-2.312075296304903418e+02
-4.132642672784628530e+02
-4.168528797373918451e+02
-3.779611289504816796e+02
-3.855324432960092054e+02
