-5.005000000000000000e+02
-5.005000000000000000e+02
-5.005000000000000000e+02
-5.005000000000000000e+02
-5.005000000000000000e+02
-5.005000000000000000e+02
-5.005000000000000000e+02
-5.005000000000000000e+02
-5.005000000000000000e+02
-5.005000000000000000e+02
-5.005000000000000000e+02
-5.005000000000000000e+02
-5.005000000000000000e+02
-4.674881121945874725e+02
-4.896319859764900002e+02
-4.880476884631403323e+02
-4.752510160427807477e+02
-4.681063122923587798e+02
-4.812098532494758842e+02
-4.664720967013104200e+02
-4.102178937800285894e+02
-4.553913404507710538e+02
-4.600020313734341357e+02
-4.735293544194107653e+02
-4.799659030930011454e+02
-4.438701969260326337e+02
-4.244955379276152598e+02
-4.403902996750511534e+02
-4.124886115043108816e+02
-4.255019662565013050e+02
-4.300846411113969907e+02
-3.494561322211924903e+02
-3.896126530612244778e+02
-3.994712882247129073e+02
-4.599066416774042523e+02
-2.165298542548189857e+02
-3.073434849653045262e+02
-4.519210334788937189e+02
-3.839810964083175691e+02
-4.649339546657461710e+02
-3.132512638082756098e+02
-3.713874639550766688e+02
-2.345992730577010548e+02
-2.617703121769691847e+02
-2.927730753728335458e+02
-3.345753399143229672e+02
-3.284502327246688083e+02
-4.197611806797853546e+02
-4.875994052676295496e+02
-4.433032999629217557e+02
-4.353195170525267486e+02
-3.614963639176853007e+02
-3.825729196050775727e+02
-4.548659211011429306e+02
-3.612945368171021414e+02
-2.384220584849182671e+02
-3.490233644859812898e+02
-4.122778788666493597e+02
-4.244684608915054582e+02
-2.903421993741618508e+02
-3.598924432081594773e+02
-2.952772579721214470e+02
-2.675582926829268331e+02
-2.687900165016501433e+02
-2.184259211543416654e+02
-4.010058571428571668e+02
-4.072364016736401595e+02
-3.170073203621652738e+02
-3.322454481792717047e+02
-3.484964515038864761e+02
-3.464098569157392831e+02
-4.245024205155044115e+02
-4.198318249358368348e+02
-3.195180195941217676e+02
-3.453422588396841775e+02
-4.357708124373119176e+02
-5.005000000000000000e+02
-5.005000000000000000e+02
-4.177254818594104222e+02
-2.442092429168602052e+02
-4.092278372591006246e+02
-3.228270747277506416e+02
-3.512255109231853680e+02
-3.066670937042459855e+02
-4.272999872562762675e+02
-4.626562116307623569e+02
-3.889817497103128403e+02
-3.879852587244283768e+02
-4.347838907327035827e+02
-4.326447225244831429e+02
-4.779872095502025218e+02
-5.005000000000000000e+02
-4.692495937601560172e+02
-4.873356856962291772e+02
-5.005000000000000000e+02
-5.005000000000000000e+02
-5.005000000000000000e+02
-4.927209539339584126e+02
-4.462394753279200472e+02
-3.210753101520181758e+02
