-5.005000000000000000e+02
-5.005000000000000000e+02
-5.005000000000000000e+02
-5.005000000000000000e+02
-5.005000000000000000e+02
-5.005000000000000000e+02
-5.005000000000000000e+02
-4.892603305785124235e+02
-5.005000000000000000e+02
-4.914365404298874296e+02
-5.005000000000000000e+02
-5.005000000000000000e+02
-5.005000000000000000e+02
-5.005000000000000000e+02
-5.005000000000000000e+02
-4.794583952451708910e+02
-4.907266009852216939e+02
-5.005000000000000000e+02
-5.000536482834551180e+02
-5.005000000000000000e+02
-4.970915684496827112e+02
-4.778982118294360362e+02
-4.509441327444192211e+02
-4.883533811156123647e+02
-4.962844166330237954e+02
-4.924951555328913742e+02
-4.965779122541603670e+02
-5.005000000000000000e+02
-4.844209372716835560e+02
-4.515332008417115048e+02
-4.494550758459743065e+02
-4.717124659771366169e+02
-4.673488973897389656e+02
-4.942100456621004696e+02
-4.483632059129229788e+02
-4.476329397141081472e+02
-4.550365674176384232e+02
-4.123543216209284310e+02
-4.419116042197162528e+02
-4.331416707982151593e+02
-4.099470085470085223e+02
-4.436767257177764350e+02
-4.887124352331606474e+02
-4.824087683998729403e+02
-4.165437151545869483e+02
-4.361299386503067694e+02
-4.204521189120809481e+02
-4.450544590643274887e+02
-4.311141196834817038e+02
-4.350296296296296532e+02
-4.432646172393007760e+02
-4.544321145784816167e+02
-4.651780075605959723e+02
-3.878244388286011599e+02
-3.580906009244992561e+02
-3.473068236042627746e+02
-3.833307816870307647e+02
-4.233665959835349781e+02
-2.936164410437512515e+02
-3.663427819083023564e+02
-4.527313133694883049e+02
-4.208590394377196162e+02
-4.474888340385519427e+02
-4.058237604985098983e+02
-3.399510224274406482e+02
-4.659023255813953597e+02
-4.433806946891517669e+02
-3.283715741391426377e+02
-3.933131875414181309e+02
-3.077148936170212892e+02
-3.903612207713331372e+02
-4.528423049561299649e+02
-2.683356984478935487e+02
-2.682880408361691593e+02
-2.922276090342679140e+02
-3.390707723715549378e+02
-3.044493010435124916e+02
-3.635482023544384447e+02
-2.706302452868437172e+02
-2.846503965832824861e+02
-4.234395026916175198e+02
-4.120202073916511836e+02
-2.656158375634517483e+02
-3.364996455157745459e+02
-3.491613542229425775e+02
-3.520652281337506224e+02
-4.877613648077517610e+02
-2.273101204819276973e+02
-3.827863247863247693e+02
-4.264968080578805711e+02
-4.460494691119691311e+02
-2.448863157894736844e+02
-3.806979362101313313e+02
-3.144881831610044287e+02
-3.119418008137272409e+02
-4.684289920724801846e+02
-4.044323600321457093e+02
-4.528356940509914921e+02
-2.917924035369774742e+02
-2.691089087344805080e+02
