-5.005000000000000000e+02
-5.005000000000000000e+02
-5.005000000000000000e+02
-5.005000000000000000e+02
-5.005000000000000000e+02
-5.005000000000000000e+02
-5.005000000000000000e+02
-5.005000000000000000e+02
-5.005000000000000000e+02
-5.005000000000000000e+02
-4.884506839452843678e+02
-5.005000000000000000e+02
-4.789765723934149264e+02
-4.900824243671537488e+02
-4.697865681373614279e+02
-4.515119390933210184e+02
-4.492415671728294910e+02
-4.678654223968565589e+02
-4.735285650524436392e+02
-4.594441483455474327e+02
-4.688415258855586103e+02
-5.005000000000000000e+02
-4.725744313894577999e+02
-4.012495553427281152e+02
-3.471968565203859498e+02
-4.205428988197851936e+02
-3.843896032831737557e+02
-4.599127673796791669e+02
-4.717704809286898922e+02
-4.718939098396185727e+02
-3.593761745983631499e+02
-4.495830886670581208e+02
-2.903747750989564338e+02
-3.254748982360922582e+02
-2.666698592650508317e+02
-3.040534258456200973e+02
-3.373694893751982136e+02
-2.353036614777461182e+02
-2.604262003556609102e+02
-3.833250037185779888e+02
-2.708722005342099806e+02
-3.008702037818982831e+02
-2.120673524369336178e+02
-2.907140825035561988e+02
-2.222702960840496758e+02
-2.844563276397515779e+02
-2.377195150384705187e+02
-2.070713128038897821e+02
-2.556886479309581830e+02
-2.588790778599391160e+02
-2.680320111343075951e+02
-1.811689855072463899e+02
-2.111687873279667542e+02
-3.382643946188341033e+02
-2.406181102362204740e+02
-2.192349261946459933e+02
-2.067757331799884923e+02
-2.124872287833013047e+02
-1.660666442275328052e+02
-2.295088389870998640e+02
-2.606532924238848068e+02
-1.648990322580645227e+02
-2.019097007223942342e+02
-1.770312590448625087e+02
-2.440346929207688618e+02
-2.281941644562334091e+02
-1.822642651296829968e+02
-1.745503736920777271e+02
-1.962709305517430778e+02
-3.794065267300754272e+02
-2.763484915705412845e+02
-3.319763891354518250e+02
-2.242889807832644067e+02
-2.500370619946091608e+02
-2.984898183819482824e+02
-1.725449119665771320e+02
-1.484171907756813482e+02
-1.616253746253746328e+02
-1.426954479768786257e+02
-2.047872509960159277e+02
-1.830917874396135403e+02
-1.371892197512250391e+02
-1.943347096063858999e+02
-1.602830604534005090e+02
-1.431558345642540644e+02
-1.623434547908232162e+02
-1.760911069651741343e+02
-1.890940493468795296e+02
-2.386636629871592561e+02
-1.926011938601478164e+02
-1.432101910828025382e+02
-1.149895927601809973e+02
-1.224427447552447603e+02
-1.281380135620263161e+02
-1.319074509803921558e+02
-1.667098497495826450e+02
-1.293331988705122910e+02
-1.718459244532803041e+02
-1.705497851002865275e+02
-1.253174265019173390e+02
