-5.005000000000000000e+02
-5.005000000000000000e+02
-5.005000000000000000e+02
-5.005000000000000000e+02
-5.005000000000000000e+02
-5.005000000000000000e+02
-5.005000000000000000e+02
-5.005000000000000000e+02
-5.005000000000000000e+02
-5.005000000000000000e+02
-5.005000000000000000e+02
-4.873899936534800190e+02
-4.909112911496256970e+02
-4.876363065983478009e+02
-5.005000000000000000e+02
-5.005000000000000000e+02
-4.920576039219691324e+02
-4.938839122486288602e+02
-4.829524158125914823e+02
-4.737848392036753467e+02
-4.991828938132958911e+02
-4.478196037539103145e+02
-4.874399916072177916e+02
-4.665422394678492424e+02
-4.540788367601953723e+02
-4.959137286594605598e+02
-4.793511765952936230e+02
-4.878016608112424137e+02
-4.293570707070707044e+02
-4.935654162854528977e+02
-4.093484320557491287e+02
-4.605898838767307097e+02
-4.570516245896071723e+02
-4.235252236580516865e+02
-4.550253938396426179e+02
-3.870183750949126988e+02
-4.127078925956062108e+02
-4.250184197154471804e+02
-4.348731487443657215e+02
-4.649929665343165084e+02
-4.593716270990156545e+02
-4.435059818731118071e+02
-4.451363253519431851e+02
-3.949378231292516830e+02
-4.075776218001651614e+02
-5.005000000000000000e+02
-4.378085131894484334e+02
-4.151750000000000114e+02
-4.465979369219824662e+02
-4.764297913739055161e+02
-4.875405544676904128e+02
-5.005000000000000000e+02
-5.005000000000000000e+02
-5.005000000000000000e+02
-5.005000000000000000e+02
-5.005000000000000000e+02
-5.005000000000000000e+02
-5.005000000000000000e+02
-5.005000000000000000e+02
-5.005000000000000000e+02
-5.005000000000000000e+02
-5.005000000000000000e+02
-5.005000000000000000e+02
-5.005000000000000000e+02
-5.005000000000000000e+02
-5.005000000000000000e+02
-5.005000000000000000e+02
-5.005000000000000000e+02
-5.005000000000000000e+02
-5.005000000000000000e+02
-5.005000000000000000e+02
-5.005000000000000000e+02
-5.005000000000000000e+02
-5.005000000000000000e+02
-5.005000000000000000e+02
-5.005000000000000000e+02
-5.005000000000000000e+02
-5.005000000000000000e+02
-5.005000000000000000e+02
-5.005000000000000000e+02
-5.005000000000000000e+02
-5.005000000000000000e+02
-5.005000000000000000e+02
-5.005000000000000000e+02
-5.005000000000000000e+02
-5.005000000000000000e+02
-5.005000000000000000e+02
-5.005000000000000000e+02
-5.005000000000000000e+02
-5.005000000000000000e+02
-5.005000000000000000e+02
-5.005000000000000000e+02
-5.005000000000000000e+02
-5.005000000000000000e+02
-5.005000000000000000e+02
-5.005000000000000000e+02
-5.005000000000000000e+02
-5.005000000000000000e+02
-5.005000000000000000e+02
-5.005000000000000000e+02
