-5.005000000000000000e+02
-5.005000000000000000e+02
-5.005000000000000000e+02
-5.005000000000000000e+02
-5.005000000000000000e+02
-5.005000000000000000e+02
-5.005000000000000000e+02
-5.005000000000000000e+02
-5.005000000000000000e+02
-5.005000000000000000e+02
-5.005000000000000000e+02
-5.005000000000000000e+02
-5.005000000000000000e+02
-4.921189625242520265e+02
-4.951169146674764647e+02
-5.005000000000000000e+02
-4.958323734464989343e+02
-5.005000000000000000e+02
-5.005000000000000000e+02
-5.005000000000000000e+02
-4.977522631261315382e+02
-5.005000000000000000e+02
-5.005000000000000000e+02
-5.005000000000000000e+02
-5.005000000000000000e+02
-5.005000000000000000e+02
-4.874541178929765692e+02
-5.005000000000000000e+02
-5.005000000000000000e+02
-4.849090057261842617e+02
-4.826833298473122795e+02
-5.005000000000000000e+02
-5.005000000000000000e+02
-4.922117190690077564e+02
-4.867508543025784320e+02
-5.005000000000000000e+02
-4.688170375365250493e+02
-4.873662741799831792e+02
-5.005000000000000000e+02
-4.731312402928777487e+02
-4.941004872107186543e+02
-4.307993618379068153e+02
-4.888850931677018821e+02
-5.005000000000000000e+02
-4.965779122541603670e+02
-4.973095046314941783e+02
-4.875491881566380243e+02
-4.997115384615384528e+02
-4.872429725363489297e+02
-4.583464972527472696e+02
-4.775718877223055756e+02
-4.690961013432346931e+02
-4.564167048579284938e+02
-4.967050816696914808e+02
-4.928850972802281944e+02
-4.230520582647245078e+02
-5.005000000000000000e+02
-4.619445524179718632e+02
-4.480180083482409259e+02
-4.803576626938086633e+02
-4.312383426097711663e+02
-4.277114170245011451e+02
-4.771642857142857110e+02
-4.880120395143033534e+02
-5.005000000000000000e+02
-5.005000000000000000e+02
-4.184714073272948553e+02
-4.904961479198767051e+02
-4.769903481184253451e+02
-4.740998401704848106e+02
-4.716070175438596266e+02
-4.396542416452442126e+02
-5.005000000000000000e+02
-4.553200312116820783e+02
-4.718680273562727052e+02
-4.709617349711925272e+02
-4.905561924257932560e+02
-4.374894003634161095e+02
-3.556044288672932794e+02
-3.185989838504808631e+02
-4.764494307505250390e+02
-4.056109479305740706e+02
-4.840082417582417520e+02
-4.501093333333333248e+02
-4.550769408502772535e+02
-3.894446620959843131e+02
-4.581163777427566970e+02
-4.423594713656387398e+02
-4.139499684940138877e+02
-4.440338898579616398e+02
-4.090008012820512704e+02
-3.315715778474399258e+02
-4.143187946074543788e+02
-4.034914123491838041e+02
-4.798375607123583109e+02
-4.742769772654498865e+02
-4.154536527886881458e+02
-4.208808337703198958e+02
-4.595717652339804999e+02
-4.583078880407124416e+02
