-5.005000000000000000e+02
-5.005000000000000000e+02
-5.005000000000000000e+02
-5.005000000000000000e+02
-5.005000000000000000e+02
-5.005000000000000000e+02
-5.005000000000000000e+02
-5.005000000000000000e+02
-4.942835548341280401e+02
-4.802753455005802152e+02
-4.921497855830099866e+02
-4.909560372150086778e+02
-4.821613717652009541e+02
-4.808663340057331084e+02
-4.830092742370322298e+02
-4.396831126215867585e+02
-4.225360525318853320e+02
-4.220088495575221259e+02
-4.667326544315129695e+02
-4.514435747663551410e+02
-4.131219050196184526e+02
-4.784921841541755612e+02
-3.727045187793427203e+02
-3.565143271088216466e+02
-3.693036090225563726e+02
-3.543840375586854634e+02
-3.443614244279729064e+02
-2.647141405932547968e+02
-2.419223280423280471e+02
-2.906985765124555314e+02
-3.288446875517984154e+02
-2.580086824397655505e+02
-2.313569461827284215e+02
-2.213040921919096888e+02
-1.890357535753575462e+02
-3.126563335114911979e+02
-2.120517870167760748e+02
-2.023430599369085314e+02
-1.976857142857142833e+02
-2.148846054998714976e+02
-3.954249498710971125e+02
-2.262880629020729089e+02
-3.402016851918250495e+02
-2.166393849206349103e+02
-1.940581556355580233e+02
-2.249304799604156244e+02
-1.979793121282648087e+02
-2.026981081081081015e+02
-3.409944103858636595e+02
-1.958120858733103660e+02
-1.908135922330097003e+02
-2.377101134443639978e+02
-2.347729074376311473e+02
-2.333315713599231174e+02
-2.036405264601041836e+02
-1.960885106382978620e+02
-1.803342245989304899e+02
-1.497294652219503632e+02
-1.372775919732441423e+02
-1.449642198450756041e+02
-1.645543478260869676e+02
-1.973045836723623552e+02
-1.939709519700891462e+02
-1.403959484346224542e+02
-1.401748148148148232e+02
-2.059694814814814947e+02
-1.653203050524308821e+02
-2.007986033519553075e+02
-1.570805126519881583e+02
-1.641437046802900568e+02
-1.614192269573835574e+02
-1.969263399254800788e+02
-2.045962943632567885e+02
-2.663608757062146992e+02
-2.093537234042553052e+02
-3.565638788277905746e+02
-1.691561036528254647e+02
-1.666715280079549188e+02
-1.680973587223587344e+02
-3.121591633466135249e+02
-3.142783442088091306e+02
-2.968864654333008843e+02
-2.143243967828418306e+02
-1.951400278940027988e+02
-1.683779232927969929e+02
-1.641120662209487477e+02
-1.614461279461279446e+02
-1.238223070398642989e+02
-1.249433650268706089e+02
-1.295780757097791707e+02
-1.215252225519287776e+02
-1.116222838650023164e+02
-1.345841194968553509e+02
-1.314953907815631169e+02
-1.224177109440267373e+02
-1.882736017100106949e+02
-1.233359148112294292e+02
-1.746255613126079425e+02
-1.230713685978169565e+02
-1.337424775302852709e+02
