-5.005000000000000000e+02
-5.005000000000000000e+02
-5.005000000000000000e+02
-5.005000000000000000e+02
-4.940279187817258730e+02
-5.005000000000000000e+02
-5.005000000000000000e+02
-5.005000000000000000e+02
-5.005000000000000000e+02
-5.005000000000000000e+02
-4.676674904515838875e+02
-4.883971962616822680e+02
-4.873334036271615446e+02
-4.517870212524150588e+02
-4.750374742770497392e+02
-4.813140616832200749e+02
-4.868694971833924683e+02
-4.736321863646078327e+02
-4.675810546875000000e+02
-4.874219143576826241e+02
-4.640389118073363761e+02
-4.666523052820053863e+02
-4.682755180353031506e+02
-4.586538373946709157e+02
-4.299138950480414110e+02
-4.914847866040432791e+02
-4.346010199125789200e+02
-4.703741625725770632e+02
-4.091891958865072638e+02
-3.843214787742479643e+02
-4.013557851239669390e+02
-3.875041344720075926e+02
-3.240815487407915043e+02
-4.172047822602190763e+02
-4.128097350906955398e+02
-3.340646110938952802e+02
-4.458392152171312546e+02
-3.847398141529664031e+02
-4.105616006578046040e+02
-4.088831390017031140e+02
-3.399478435305917969e+02
-3.593349491032477090e+02
-3.531528239202658028e+02
-2.811608720165382351e+02
-2.626329164985881448e+02
-3.537028241335045209e+02
-2.980931280510702095e+02
-2.152295548654244328e+02
-1.858005722460657978e+02
-1.448247787610619355e+02
-1.813332350339132972e+02
-2.313500275178866161e+02
-2.111364857603439020e+02
-1.796475602586713762e+02
-2.272710843373494072e+02
-1.753318439082514146e+02
-1.454071834992887489e+02
-1.962843985487021996e+02
-2.501926425772747109e+02
-2.390422867942357641e+02
-1.630876963350785331e+02
-2.089333511063716458e+02
-1.708266301035953632e+02
-1.627008237232290071e+02
-1.655195830701200350e+02
-1.853496665700203039e+02
-2.980659463487332346e+02
-2.936828193832599254e+02
-2.484608204372389935e+02
-1.619216828478964487e+02
-1.457387165021156648e+02
-2.070424862313139158e+02
-1.678637055065409243e+02
-1.673777322404371546e+02
-1.367649925037481182e+02
-1.572147390691114310e+02
-1.536087246087246001e+02
-2.406265027322404251e+02
-1.590580386924616505e+02
-1.435997145915090982e+02
-1.399908710536325600e+02
-2.043076268783668752e+02
-1.906459121326738568e+02
-1.815241508258024226e+02
-1.763689034369885462e+02
-1.679140961857379750e+02
-1.985742927767096830e+02
-1.359522663457681517e+02
-1.354218561671353882e+02
-1.434591337099811597e+02
-1.334241260084517933e+02
-1.334757318952234186e+02
-1.155408947130592026e+02
-1.206544991511035647e+02
-2.443408862034239633e+02
-1.388966691900075716e+02
-1.451283443195036966e+02
-1.787173708920187778e+02
-1.539889540904383978e+02
-1.312556036177742840e+02
