-5.005000000000000000e+02
-4.873343868520859701e+02
-5.005000000000000000e+02
-5.005000000000000000e+02
-5.005000000000000000e+02
-5.005000000000000000e+02
-5.005000000000000000e+02
-5.005000000000000000e+02
-5.005000000000000000e+02
-5.005000000000000000e+02
-5.005000000000000000e+02
-5.005000000000000000e+02
-5.005000000000000000e+02
-5.005000000000000000e+02
-4.961600201918222979e+02
-4.878155066263174149e+02
-5.005000000000000000e+02
-5.005000000000000000e+02
-5.005000000000000000e+02
-4.999554509960956921e+02
-5.005000000000000000e+02
-4.853537131548796992e+02
-5.005000000000000000e+02
-5.005000000000000000e+02
-4.931526717557251800e+02
-4.888673775753183577e+02
-5.005000000000000000e+02
-4.901772269080436217e+02
-4.943474164133738782e+02
-5.005000000000000000e+02
-4.937060258103851424e+02
-4.922117190690077564e+02
-5.005000000000000000e+02
-5.005000000000000000e+02
-4.971784671165273721e+02
-5.005000000000000000e+02
-4.883678853344412119e+02
-5.005000000000000000e+02
-4.961187399030694678e+02
-4.901296296296296191e+02
-5.005000000000000000e+02
-4.895466267794512305e+02
-4.940279187817258730e+02
-5.005000000000000000e+02
-5.005000000000000000e+02
-4.735403786501229888e+02
-4.893739452562255678e+02
-4.913627911728647177e+02
-4.925591924135821387e+02
-5.005000000000000000e+02
-4.936707317073170884e+02
-4.999554509960956921e+02
-4.966641798568404056e+02
-4.941129473790935549e+02
-5.005000000000000000e+02
-5.005000000000000000e+02
-4.930516188149053391e+02
-4.977970431459318092e+02
-5.005000000000000000e+02
-4.588378647214854027e+02
-4.927535921736471778e+02
-4.654490991488891609e+02
-5.005000000000000000e+02
-4.775661756800344051e+02
-4.741320672342283160e+02
-5.005000000000000000e+02
-4.642240169321599410e+02
-4.842069469072702645e+02
-4.357551802611091034e+02
-4.461046064139941905e+02
-4.704936806242444050e+02
-4.743296996900716067e+02
-4.899202965708989836e+02
-4.813046315113916194e+02
-4.243459843290891058e+02
-4.696136986301369802e+02
-4.873430803335796213e+02
-4.903715313463515031e+02
-4.802053904335783727e+02
-4.673488525310200998e+02
-4.560925947253253412e+02
-4.540116174148432151e+02
-4.592671232876712111e+02
-4.596710336405018325e+02
-4.172238578680203318e+02
-4.766821397941681084e+02
-4.724785636561479691e+02
-3.880449130494317274e+02
-4.923367346938775313e+02
-4.919360376008991693e+02
-4.919966288691388172e+02
-4.338128878281622747e+02
-4.506655689302747874e+02
-4.126922388441375915e+02
-4.268545031815957032e+02
-3.638482508666876925e+02
-3.841302545038604421e+02
-4.521298397473388491e+02
-3.569553821233986355e+02
-3.787903540563144702e+02
