-5.005000000000000000e+02
-5.005000000000000000e+02
-5.005000000000000000e+02
-5.005000000000000000e+02
-5.005000000000000000e+02
-5.005000000000000000e+02
-5.005000000000000000e+02
-5.005000000000000000e+02
-5.005000000000000000e+02
-5.005000000000000000e+02
-5.005000000000000000e+02
-5.005000000000000000e+02
-5.005000000000000000e+02
-5.005000000000000000e+02
-5.005000000000000000e+02
-5.005000000000000000e+02
-5.005000000000000000e+02
-5.005000000000000000e+02
-5.005000000000000000e+02
-4.930181244272477556e+02
-5.005000000000000000e+02
-5.005000000000000000e+02
-5.005000000000000000e+02
-4.959137286594605598e+02
-5.005000000000000000e+02
-5.005000000000000000e+02
-5.005000000000000000e+02
-5.005000000000000000e+02
-5.005000000000000000e+02
-5.005000000000000000e+02
-5.005000000000000000e+02
-5.005000000000000000e+02
-5.005000000000000000e+02
-5.005000000000000000e+02
-5.005000000000000000e+02
-5.005000000000000000e+02
-5.005000000000000000e+02
-5.005000000000000000e+02
-5.005000000000000000e+02
-5.005000000000000000e+02
-5.005000000000000000e+02
-5.005000000000000000e+02
-5.005000000000000000e+02
-5.005000000000000000e+02
-5.005000000000000000e+02
-4.917862400327131240e+02
-4.948086313443420181e+02
-4.959954550045450219e+02
-4.958323734464989343e+02
-5.005000000000000000e+02
-5.005000000000000000e+02
-5.005000000000000000e+02
-5.005000000000000000e+02
-4.956707773172950624e+02
-4.932143437626980926e+02
-5.005000000000000000e+02
-4.910461254612546327e+02
-4.970482571025589209e+02
-4.873335089567966065e+02
-4.922623701893708130e+02
-5.005000000000000000e+02
-4.930181244272477556e+02
-4.934263195362554484e+02
-4.988991672519313738e+02
-5.005000000000000000e+02
-4.951169146674764647e+02
-4.714557971806360115e+02
-4.979319324351498040e+02
-4.703892221984144157e+02
-4.809438392384981285e+02
-4.611990693451367633e+02
-4.795066568047337228e+02
-5.005000000000000000e+02
-4.787471821342041380e+02
-4.977522631261315382e+02
-4.618515101592531664e+02
-4.663515454941227745e+02
-4.787236842105263008e+02
-4.620728424386381903e+02
-4.430752966051920794e+02
-4.687477053951197945e+02
-4.720650900412236979e+02
-4.859795189580926262e+02
-4.914304960195958643e+02
-4.879653016567677355e+02
-4.376188060405851843e+02
-4.780254273053386669e+02
-4.728897317502198803e+02
-4.987585307105580341e+02
-4.820282148101531448e+02
-4.796046609722661742e+02
-4.989462279293740039e+02
-4.746830506643620993e+02
-4.553209355390758901e+02
-4.064822190611664041e+02
-3.861905879105713666e+02
-3.165366655705360017e+02
-4.099721485411140520e+02
-4.227566190180236276e+02
-4.185439159975293251e+02
