-5.005000000000000000e+02
-5.005000000000000000e+02
-5.005000000000000000e+02
-5.005000000000000000e+02
-5.005000000000000000e+02
-5.005000000000000000e+02
-5.005000000000000000e+02
-5.005000000000000000e+02
-5.005000000000000000e+02
-5.005000000000000000e+02
-5.005000000000000000e+02
-4.985259564213274643e+02
-5.005000000000000000e+02
-5.005000000000000000e+02
-5.005000000000000000e+02
-5.005000000000000000e+02
-5.005000000000000000e+02
-5.000045045045044958e+02
-5.005000000000000000e+02
-5.005000000000000000e+02
-4.877763858440338254e+02
-4.998088323653114458e+02
-4.937060258103851424e+02
-4.924632802937576344e+02
-5.005000000000000000e+02
-5.005000000000000000e+02
-5.005000000000000000e+02
-5.005000000000000000e+02
-4.939917758148035318e+02
-4.774925981549023959e+02
-5.005000000000000000e+02
-4.883971962616822680e+02
-4.987585307105580341e+02
-4.919058859595340323e+02
-5.005000000000000000e+02
-4.841558971141781740e+02
-4.891054590570719824e+02
-4.920576039219691324e+02
-4.877668615577364903e+02
-4.877340425531915002e+02
-4.892801363495506735e+02
-4.631398172905525712e+02
-5.005000000000000000e+02
-4.870306819375853706e+02
-4.843974399000936728e+02
-4.913796068796068539e+02
-4.730901797175866363e+02
-4.874353163361661814e+02
-4.716946432444155448e+02
-4.776935380678182810e+02
-4.947931976920741022e+02
-4.877720306513409696e+02
-5.005000000000000000e+02
-4.592165394691878078e+02
-4.847157402597402438e+02
-4.901277249002149006e+02
-4.726912150349650119e+02
-4.575157639450283114e+02
-4.944317006388804430e+02
-4.499861745752782554e+02
-4.842683873675375139e+02
-4.820211134453781483e+02
-5.005000000000000000e+02
-5.005000000000000000e+02
-4.825306079443683416e+02
-4.646902863559797652e+02
-4.764498460184777855e+02
-4.616542619779219194e+02
-4.647485932928201464e+02
-4.958730046474034907e+02
-5.005000000000000000e+02
-4.453433418772122536e+02
-4.526974657995066309e+02
-3.749227514885615733e+02
-3.801755974469348303e+02
-4.536910958104796237e+02
-4.767604970008569012e+02
-4.557764800183213083e+02
-4.914007750356924475e+02
-4.580631213872832177e+02
-4.565959810874704772e+02
-4.733143333333333089e+02
-4.468426650366748163e+02
-4.876284250156870712e+02
-4.911007378561180303e+02
-4.919662852472415011e+02
-4.524328989483310579e+02
-4.572274204782911511e+02
-4.651202965914121137e+02
-4.787249892657792998e+02
-3.795646802325581461e+02
-4.166034059945504282e+02
-4.271292698412698314e+02
-4.524008590666356895e+02
-4.058955932203389807e+02
-3.793826279917578290e+02
-4.528604181515799496e+02
-4.873581616481774859e+02
-4.743704167615577489e+02
-4.159045014724442808e+02
