-5.005000000000000000e+02
-5.005000000000000000e+02
-5.005000000000000000e+02
-5.005000000000000000e+02
-5.005000000000000000e+02
-5.005000000000000000e+02
-5.005000000000000000e+02
-5.005000000000000000e+02
-5.005000000000000000e+02
-5.005000000000000000e+02
-5.005000000000000000e+02
-5.005000000000000000e+02
-5.005000000000000000e+02
-5.005000000000000000e+02
-5.005000000000000000e+02
-5.005000000000000000e+02
-5.005000000000000000e+02
-5.005000000000000000e+02
-5.005000000000000000e+02
-5.005000000000000000e+02
-5.005000000000000000e+02
-5.005000000000000000e+02
-5.005000000000000000e+02
-4.881350535844345018e+02
-5.005000000000000000e+02
-5.005000000000000000e+02
-5.005000000000000000e+02
-4.892210167389956723e+02
-5.005000000000000000e+02
-4.946189945266572181e+02
-5.005000000000000000e+02
-5.005000000000000000e+02
-5.005000000000000000e+02
-5.005000000000000000e+02
-5.005000000000000000e+02
-5.005000000000000000e+02
-5.005000000000000000e+02
-5.005000000000000000e+02
-4.948468395461912337e+02
-5.005000000000000000e+02
-5.005000000000000000e+02
-4.953915638276350251e+02
-4.913796068796068539e+02
-5.005000000000000000e+02
-4.932205149079067610e+02
-4.895466267794512305e+02
-4.893401486988847751e+02
-5.005000000000000000e+02
-5.005000000000000000e+02
-5.005000000000000000e+02
-4.931865458986362682e+02
-4.925913539967373822e+02
-4.894010529575720057e+02
-4.959031704361873949e+02
-4.728666091085689800e+02
-4.884430785123967098e+02
-4.897629843363561690e+02
-5.001028823058446733e+02
-4.806927194860813870e+02
-4.869623167458187254e+02
-4.802189106936719440e+02
-4.546965470700708352e+02
-4.771864352298296126e+02
-4.990759201684886079e+02
-4.452455125177137347e+02
-4.612166494904385559e+02
-4.818798748696559073e+02
-4.628595392529635433e+02
-4.714404402244281300e+02
-4.639441793363666875e+02
-4.399815185403178361e+02
-4.314038783816135947e+02
-3.992410477915563547e+02
-2.674811796662785923e+02
-3.824229947285938351e+02
-4.246967883746489179e+02
-4.730842588637334529e+02
-3.629813655553937792e+02
-3.771128040257198677e+02
-3.190689655172413950e+02
-3.217559633027523205e+02
-2.929369225302061182e+02
-3.658102103869354096e+02
-2.550270769230769190e+02
-3.119726933514247094e+02
-2.914471990915972697e+02
-3.513182758072212550e+02
-3.553109077040427337e+02
-3.437854638189352841e+02
-2.642421646468867493e+02
-2.839737147274835820e+02
-2.543607763023493362e+02
-3.281502999684243491e+02
-2.676886368081360956e+02
-2.481572769953051534e+02
-3.605106090673179438e+02
-3.124396025797454968e+02
-2.490848692670381581e+02
-3.371806545690213852e+02
-2.551649874055415523e+02
