-5.005000000000000000e+02
-5.005000000000000000e+02
-5.005000000000000000e+02
-5.005000000000000000e+02
-4.901533792819668633e+02
-4.923280277522702022e+02
-5.005000000000000000e+02
-5.005000000000000000e+02
-4.707932188748515046e+02
-4.923367346938775313e+02
-4.949620253164557084e+02
-4.880476884631403323e+02
-4.711961773864490510e+02
-3.983540055248618614e+02
-4.846326785157468180e+02
-4.238926041019266790e+02
-4.451526372187165066e+02
-4.294354202612768177e+02
-4.378307902245379069e+02
-4.514940427993059302e+02
-3.742545697726259277e+02
-3.321719559585492334e+02
-4.109239086904285045e+02
-3.900940991120023114e+02
-3.406305781321883046e+02
-2.859604130808950231e+02
-3.071064132172677432e+02
-3.154222103956004730e+02
-2.985416275136252580e+02
-3.976345936794582485e+02
-4.053682621819750125e+02
-3.735112804878048678e+02
-3.342373560340510608e+02
-3.078428597025622366e+02
-2.532315281276238466e+02
-3.459496946319511608e+02
-2.153842784132392296e+02
-2.651887796887796753e+02
-2.124171029668411848e+02
-2.112245100471347143e+02
-2.848996031746031576e+02
-2.835433175355450430e+02
-1.926674897119341665e+02
-1.864758426966292006e+02
-1.927169657422512330e+02
-1.807287609370589792e+02
-1.729804216867469790e+02
-2.043961108151305268e+02
-1.739207950163156227e+02
-1.637198007471980077e+02
-1.757805309734513344e+02
-1.909789674952198766e+02
-1.623893691962856280e+02
-1.744546252927400474e+02
-1.542774869109947531e+02
-1.845931825422108830e+02
-1.546567413850786181e+02
-1.272739726027397325e+02
-2.253162065439672688e+02
-2.222897770945426714e+02
-1.520666666666666629e+02
-1.576844708209693238e+02
-1.603604381015599074e+02
-1.923226167179200559e+02
-1.580778620917189130e+02
-1.540366108786610937e+02
-2.230237892948173339e+02
-1.611782786885245855e+02
-1.717358895705521604e+02
-1.469111341632088568e+02
-2.324721753794266306e+02
-1.663371634931057201e+02
-2.129390316796174432e+02
-1.573181499649614636e+02
-2.497154123479044756e+02
-2.697385042950985508e+02
-2.028782481751824776e+02
-1.766428126944617247e+02
-1.830109114249037248e+02
-1.726513157894736707e+02
-1.253415821501014165e+02
-1.261159302796919377e+02
-1.336877862595419799e+02
-1.275766049625837013e+02
-1.214499790707408948e+02
-1.338579721362229122e+02
-1.132905677246312024e+02
-1.294674130347860910e+02
-1.400773765659543244e+02
-1.337724271844660109e+02
-1.283568209750102369e+02
-1.392197110040755774e+02
-1.131250000000000000e+02
-1.485743125652628009e+02
-1.737163305139882823e+02
-1.500809820447050242e+02
-1.466086497890295277e+02
-2.099741758241758305e+02
-1.404936186186186262e+02
-2.209398581560283787e+02
