-5.005000000000000000e+02
-5.005000000000000000e+02
-5.005000000000000000e+02
-5.005000000000000000e+02
-5.005000000000000000e+02
-4.912949308755760285e+02
-5.005000000000000000e+02
-5.005000000000000000e+02
-5.005000000000000000e+02
-5.005000000000000000e+02
-5.005000000000000000e+02
-4.901059779812737816e+02
-5.005000000000000000e+02
-5.005000000000000000e+02
-4.909919007586631210e+02
-5.005000000000000000e+02
-4.840631302521008479e+02
-5.005000000000000000e+02
-4.806419025570872350e+02
-4.841242566510172196e+02
-4.820165635810881781e+02
-4.800996188863010730e+02
-4.874262776786651443e+02
-4.816240506329114055e+02
-4.922541042112776495e+02
-5.005000000000000000e+02
-4.750223936569163357e+02
-4.988053186151530554e+02
-4.767636167922497066e+02
-4.843304347826086769e+02
-4.880356138706654292e+02
-4.399581219771145584e+02
-4.648969199640287684e+02
-4.798555626462454597e+02
-4.884820655534941238e+02
-4.760634388846860361e+02
-4.394728529121421730e+02
-4.701169140751977693e+02
-4.676499621171122385e+02
-4.613423804226918605e+02
-4.552552306091781134e+02
-4.774532188841201901e+02
-5.005000000000000000e+02
-4.873407727129171576e+02
-4.754795392210641580e+02
-4.490488997555012247e+02
-4.939601136709631533e+02
-5.005000000000000000e+02
-4.962844166330237954e+02
-4.567541705282669113e+02
-4.400930761859128211e+02
-2.788617142857142994e+02
-3.098224610822831551e+02
-3.874957708049113307e+02
-4.608148610323312369e+02
-4.469194198227236257e+02
-3.745764172335601074e+02
-3.717563168501007453e+02
-3.944638410966568927e+02
-4.665440638510143003e+02
-3.836284741917186807e+02
-3.152502253470344158e+02
-4.555169352954916917e+02
-4.382672225785760247e+02
-3.017905445840813741e+02
-3.065899781268641959e+02
-4.744522425704573152e+02
-4.394842721287490690e+02
-3.187187275341481154e+02
-3.997463799912242166e+02
-3.976896704595832830e+02
-4.566892531876138150e+02
-4.237112095484188785e+02
-3.612610961933343674e+02
-4.372788035450516873e+02
-2.912334742505764780e+02
-3.236611955770559916e+02
-3.902570343275182836e+02
-3.464546675621222107e+02
-3.264688561721404199e+02
-3.993226475058726237e+02
-3.823044572782467299e+02
-4.341353775299963900e+02
-2.849940338722093998e+02
-2.752658808120497724e+02
-3.299152723389106541e+02
-3.419511011571481731e+02
-3.997590111863002562e+02
-2.238414945462984349e+02
-3.855319840449106437e+02
-3.059646197641317826e+02
-3.336536082474226532e+02
-2.944125369822485254e+02
-4.338204742190440584e+02
-4.368831120943953010e+02
-3.322002133712659884e+02
-4.085967302452315835e+02
-4.291111662531017146e+02
-3.066810248793167375e+02
-3.784041347626339871e+02
