0.000000000000000000e+00 0.000000000000000000e+00 0.000000000000000000e+00
0.000000000000000000e+00 -1.966227943977751080e-02 0.000000000000000000e+00
0.000000000000000000e+00 0.000000000000000000e+00 0.000000000000000000e+00
0.000000000000000000e+00 0.000000000000000000e+00 -1.781003385488443003e-02
-4.206807504899757189e-01 -4.272962315880818873e-01 -4.181586104328761100e-01
-1.676161930199706829e+00 -1.660290151477637366e+00 -1.660295655758621924e+00
-2.289498850500230720e+00 -2.287119144617754785e+00 -2.284678234895613613e+00
-2.310730745405479070e+00 -2.312345675739430284e+00 -2.315038761578569915e+00
-2.310377501747124196e+00 -2.312812265991950333e+00 -2.310956266496831724e+00
-2.557803150810121995e+00 -2.563673326615977022e+00 -2.564428660031662588e+00
-3.459369795323238073e+00 -3.450754604586226737e+00 -3.432850750115937988e+00
-3.158618936106371677e+00 -3.140312092125550958e+00 -3.138388148065732075e+00
-2.410455032267712294e+00 -2.409033974452177596e+00 -2.406002287496673997e+00
-1.977378328948622976e-02 0.000000000000000000e+00 0.000000000000000000e+00
0.000000000000000000e+00 0.000000000000000000e+00 0.000000000000000000e+00
-1.826767561928168901e-02 -1.790587828112611898e-02 0.000000000000000000e+00
0.000000000000000000e+00 0.000000000000000000e+00 0.000000000000000000e+00
-1.652561829917369510e-02 -1.993274292873472783e-02 -1.986814566400223886e-02
-1.985226251155733715e-02 0.000000000000000000e+00 0.000000000000000000e+00
0.000000000000000000e+00 0.000000000000000000e+00 0.000000000000000000e+00
0.000000000000000000e+00 0.000000000000000000e+00 0.000000000000000000e+00
-1.900190847491679824e-02 0.000000000000000000e+00 0.000000000000000000e+00
-1.965865384417051637e-02 0.000000000000000000e+00 0.000000000000000000e+00
-7.470617569780253764e-02 -7.910216071134244797e-02 -7.061560635756593263e-02
-1.060359003186373883e+00 -1.057405395385630609e+00 -1.058337758555833341e+00
-2.142227202767213345e+00 -2.139410702020644539e+00 -2.140925105910819415e+00
-2.572580198659188522e+00 -2.573183325384456932e+00 -2.572398183020339069e+00
-2.868988967372505527e+00 -2.870475253756934464e+00 -2.869269194773190979e+00
-3.075092991067374548e+00 -3.074436674438543626e+00 -3.072615805787071608e+00
-3.219641544603815575e+00 -3.218837458227891357e+00 -3.219959266322391933e+00
-3.289734269130311528e+00 -3.290023118004489877e+00 -3.290398328330298217e+00
-3.340394141028858677e+00 -3.340583401787291518e+00 -3.341244138728879598e+00
-3.488096962257937861e+00 -3.488138001795165533e+00 -3.487995530711802683e+00
-3.357613102025851060e+00 -3.357961523720351948e+00 -3.357302867235795407e+00
-1.700870686747544755e-02 -1.993610731782502823e-02 -1.900950125034326851e-02
-5.501307982652740153e-02 -5.777153015131615554e-02 -5.915751312289277419e-02
-1.396182636605434839e-02 -3.524471440981833542e-02 -1.958097404324072796e-02
-1.697812175646840407e-02 -5.829351555037391025e-02 -1.900797762383459738e-02
0.000000000000000000e+00 -1.932544502486894383e-02 0.000000000000000000e+00
0.000000000000000000e+00 0.000000000000000000e+00 0.000000000000000000e+00
0.000000000000000000e+00 0.000000000000000000e+00 0.000000000000000000e+00
-1.983364710127523758e-02 0.000000000000000000e+00 -1.731732067587708063e-02
-1.970101610768684036e-02 -1.989823275810838690e-02 -2.158415798825850246e-02
-4.625964304233536328e-01 -4.665265720135232108e-01 -4.715064912347493586e-01
-1.894161251221438080e+00 -1.893305075285502292e+00 -1.898754167833706319e+00
-2.581204432789028669e+00 -2.581390316451590117e+00 -2.584518855451002572e+00
-3.013102727332966246e+00 -3.013234881985257019e+00 -3.013355225450956798e+00
-3.302298291962030063e+00 -3.303638726081549848e+00 -3.303479658646103267e+00
-3.447812644671071958e+00 -3.447225407746904668e+00 -3.446666158664503321e+00
-3.517200581675199444e+00 -3.517378578138044887e+00 -3.517300939304292218e+00
-3.518699259856229666e+00 -3.518716467278999449e+00 -3.518985558521320112e+00
-3.473327447613026919e+00 -3.473436568731341989e+00 -3.473388324556607731e+00
-3.396803331682730853e+00 -3.396464044277216487e+00 -3.396421220484913128e+00
-3.365502276604642518e+00 -3.365863925698357129e+00 -3.365541357370837261e+00
-3.273800668128168390e+00 -3.272534667094091798e+00 -3.272191472218633379e+00
-1.763082029752393448e-02 -1.965778141143963154e-02 -1.989255423477152493e-02
-1.954990934683047132e-02 -1.933209137111432940e-02 0.000000000000000000e+00
-1.959663123485715780e-02 0.000000000000000000e+00 0.000000000000000000e+00
0.000000000000000000e+00 0.000000000000000000e+00 0.000000000000000000e+00
0.000000000000000000e+00 0.000000000000000000e+00 0.000000000000000000e+00
0.000000000000000000e+00 0.000000000000000000e+00 0.000000000000000000e+00
0.000000000000000000e+00 0.000000000000000000e+00 0.000000000000000000e+00
-6.845763746813113282e-02 -6.278066387976663498e-02 -7.050743808712042759e-02
-1.343201341967002582e+00 -1.340297760776767211e+00 -1.347267232384349755e+00
-2.407474761698559895e+00 -2.408523626517039329e+00 -2.408475486222931394e+00
-2.983399403543222306e+00 -2.984727678655820338e+00 -2.990571669282481082e+00
-3.358136346872591105e+00 -3.358784468973358805e+00 -3.359419767360783737e+00
-3.540417193892131831e+00 -3.542219190228708126e+00 -3.541071419720338120e+00
-3.637413262274538983e+00 -3.637823595901034324e+00 -3.638017792108860338e+00
-3.682493095801550709e+00 -3.682384193490055413e+00 -3.682281988450598842e+00
-3.679561459534912871e+00 -3.679512772020532285e+00 -3.679948132194089894e+00
-3.635464647255656434e+00 -3.635250127989690938e+00 -3.635183414344224317e+00
-3.548017600916636649e+00 -3.547210923697128759e+00 -3.546778836104167887e+00
-3.412611841880440533e+00 -3.412534448410321275e+00 -3.412891233173422023e+00
-3.255742357096061745e+00 -3.255437554430367531e+00 -3.256223750534446015e+00
-3.026532324549787933e+00 -3.027485705102443969e+00 -3.028135556299407227e+00
-1.932446318921727385e-02 -1.987314664575146397e-02 0.000000000000000000e+00
-1.839941193457738863e-02 -1.903175732908145984e-02 0.000000000000000000e+00
-1.849641807854294356e-02 -1.977299122870768144e-02 0.000000000000000000e+00
0.000000000000000000e+00 0.000000000000000000e+00 0.000000000000000000e+00
0.000000000000000000e+00 0.000000000000000000e+00 0.000000000000000000e+00
-1.880003406324183210e-02 0.000000000000000000e+00 -1.785820073847320388e-02
-3.511965549084410387e-01 -3.588138784046014385e-01 -3.509715429299914424e-01
-1.975006880596012593e+00 -1.974950220086129526e+00 -1.976263709262999102e+00
-2.759700771700536848e+00 -2.764383722562481438e+00 -2.761607814236447300e+00
-3.277887191283905821e+00 -3.277278435055219763e+00 -3.278141876680855660e+00
-3.539706559506158534e+00 -3.541262404460923996e+00 -3.539588973692396667e+00
-3.691098404349312023e+00 -3.691152530466157433e+00 -3.690522157532682090e+00
-3.780182618456331856e+00 -3.780322860040413957e+00 -3.780527210433541008e+00
-3.816285150340879895e+00 -3.816390706710291347e+00 -3.816394829028459057e+00
-3.811328481823419434e+00 -3.811443159589139817e+00 -3.811374835041827502e+00
-3.771599872634584738e+00 -3.771844554224903501e+00 -3.771561889312381677e+00
-3.688217066858686444e+00 -3.687977302738577379e+00 -3.687572946698958187e+00
-3.558876214363654533e+00 -3.559013832168980596e+00 -3.559887718471367979e+00
-3.369821884317513394e+00 -3.368215969179039426e+00 -3.367950531499944500e+00
-3.148103312042678681e+00 -3.149562827810482357e+00 -3.149284530840469998e+00
-1.393810554854856276e+00 -1.385246220590000021e+00 -1.395723298919195221e+00
-1.965952804129264542e-02 0.000000000000000000e+00 -1.786240505626673913e-02
-1.779252314914939875e-02 -1.699160701304360671e-02 0.000000000000000000e+00
0.000000000000000000e+00 0.000000000000000000e+00 0.000000000000000000e+00
0.000000000000000000e+00 0.000000000000000000e+00 0.000000000000000000e+00
0.000000000000000000e+00 0.000000000000000000e+00 -1.976909660670638988e-02
-6.669974873437015672e-01 -6.578248265077037971e-01 -6.747436519417518985e-01
-2.291010014495119762e+00 -2.291339552205986063e+00 -2.292389664072973066e+00
-3.000426219697323482e+00 -3.000222973185927788e+00 -3.002271655944571460e+00
-3.430412859326896324e+00 -3.430660654715792734e+00 -3.430660551076313514e+00
-3.649716420920728677e+00 -3.649922945682551045e+00 -3.649599693690806390e+00
-3.793077256859502366e+00 -3.793218113904790467e+00 -3.793732160155775635e+00
-3.874298313165120966e+00 -3.874512753814072230e+00 -3.873852362105689284e+00
-3.919747285776750356e+00 -3.919383814044191894e+00 -3.919743671240009775e+00
-3.905552632705302951e+00 -3.905480693900591938e+00 -3.905468706333082629e+00
-3.873058007245218537e+00 -3.873076909606698148e+00 -3.872867147481714678e+00
-3.796253827668876202e+00 -3.795358397217881929e+00 -3.795612102850246306e+00
-3.673322083130180715e+00 -3.673064950046931898e+00 -3.673089789187271581e+00
-3.506869158344029458e+00 -3.507445860170476326e+00 -3.507245780533173818e+00
-3.254568064734230326e+00 -3.254314864877138724e+00 -3.254366344760319496e+00
-3.181967617391766812e+00 -3.181526327035474999e+00 -3.182278113300955447e+00
-1.895992170143295102e-02 -1.957642962835704978e-02 0.000000000000000000e+00
-3.765235846144213833e-02 -3.969682892678864927e-02 -3.807721456494295165e-02
0.000000000000000000e+00 0.000000000000000000e+00 0.000000000000000000e+00
0.000000000000000000e+00 0.000000000000000000e+00 0.000000000000000000e+00
-1.906883285806760045e-02 -7.271310625024960186e-03 0.000000000000000000e+00
-8.228245178709179264e-01 -8.200210279259612101e-01 -8.234310777294416850e-01
-2.428114741459870274e+00 -2.427821084265370022e+00 -2.428229023307765022e+00
-3.096874889538363540e+00 -3.097540494980525416e+00 -3.097717299670052160e+00
-3.492773264514349663e+00 -3.492593707348043974e+00 -3.492503603082641295e+00
-3.701728543490933276e+00 -3.701570457840310358e+00 -3.701936965829803583e+00
-3.840613073698292190e+00 -3.840621028217130917e+00 -3.840705183796889521e+00
-3.931670834052999552e+00 -3.931874541996596584e+00 -3.931817572537696481e+00
-3.956778093600037405e+00 -3.959142092424610571e+00 -3.959402530256782349e+00
-3.966068647517785095e+00 -3.966171578056508995e+00 -3.966070764459888043e+00
-3.912292469814438789e+00 -3.912237248781710974e+00 -3.912260081230653164e+00
-3.868658045344834040e+00 -3.868276214929659229e+00 -3.868567655348256196e+00
-3.754522357733428795e+00 -3.754363949044646098e+00 -3.754273000780573799e+00
-3.572794367393810067e+00 -3.572438459102444064e+00 -3.572943352155570018e+00
-3.327192265212605360e+00 -3.329382524298059920e+00 -3.327274748458047160e+00
-3.104092369569342313e+00 -3.100112632028658055e+00 -3.055662659825898242e+00
-1.931436377605161847e-01 -1.791268582714605762e-01 -1.820699239177665796e-01
-1.748391615109455566e-02 -5.847534702229770925e-02 -1.974953435616684863e-02
0.000000000000000000e+00 0.000000000000000000e+00 0.000000000000000000e+00
0.000000000000000000e+00 0.000000000000000000e+00 0.000000000000000000e+00
0.000000000000000000e+00 0.000000000000000000e+00 -1.973098673603290373e-02
-6.743147715525444896e-01 -6.730191797689013544e-01 -6.720766520785116382e-01
-2.383338576540541265e+00 -2.412267668279571176e+00 -2.415841009595546485e+00
-3.077733581094182824e+00 -3.078261350011813224e+00 -3.079456662763924601e+00
-3.486507861799098329e+00 -3.486212394942206583e+00 -3.486225160367568687e+00
-3.695687592988677217e+00 -3.694860237446588869e+00 -3.694915138044453595e+00
-3.839825817921369566e+00 -3.840293531636306934e+00 -3.839958020661683680e+00
-3.933243275782513315e+00 -3.933208705789262183e+00 -3.933398053085032764e+00
-3.961082989822154676e+00 -3.964768308777024686e+00 -3.965403397832790500e+00
-3.983854053941980222e+00 -3.984170266250400605e+00 -3.982000497715938447e+00
-3.951002148508585332e+00 -3.950899648257190755e+00 -3.950877856136363331e+00
-3.891217406334410711e+00 -3.891077335419747207e+00 -3.889821326414000691e+00
-3.782823416472258060e+00 -3.782624216654911109e+00 -3.782620019044273807e+00
-3.608796815167422789e+00 -3.608545341260249284e+00 -3.608471262124657741e+00
-3.366111509813340064e+00 -3.365908157454535310e+00 -3.364833888880449653e+00
-3.008640064956059401e+00 -3.022452151117740904e+00 -2.962793738561277923e+00
-7.378262557161279211e-01 -7.357525323215665658e-01 -7.318237587797525867e-01
-1.731595338960626590e-02 0.000000000000000000e+00 0.000000000000000000e+00
0.000000000000000000e+00 0.000000000000000000e+00 -1.965473624842007522e-02
0.000000000000000000e+00 0.000000000000000000e+00 0.000000000000000000e+00
-1.993104296764188280e-02 0.000000000000000000e+00 0.000000000000000000e+00
-2.803751962244087625e-01 -2.882800589084101861e-01 -2.973057590607320333e-01
-2.292947679555851437e+00 -2.299085154672728226e+00 -2.298864267572937603e+00
-2.934343326229649218e+00 -2.934764537355736280e+00 -2.935986012706819359e+00
-3.426782132197412345e+00 -3.426782890295468231e+00 -3.427474784055285273e+00
-3.638434711234273422e+00 -3.637806237359876071e+00 -3.638433606589498659e+00
-3.787956036044654251e+00 -3.787969855060832725e+00 -3.787931717301326273e+00
-3.867074750262058380e+00 -3.866938593815675063e+00 -3.867431152975594699e+00
-3.937209351703875093e+00 -3.937382229236006559e+00 -3.937204458312117517e+00
-3.957060100117617552e+00 -3.957130485787418106e+00 -3.957083630562375109e+00
-3.923105309845892119e+00 -3.923267683373038217e+00 -3.923018024563402317e+00
-3.872823280925256739e+00 -3.872976550040447385e+00 -3.873043178604791859e+00
-3.762577903469570106e+00 -3.762521942612732762e+00 -3.762464755815707829e+00
-3.602898822925720612e+00 -3.603139423711144040e+00 -3.602674339936978942e+00
-3.344541230770470275e+00 -3.344733674173082427e+00 -3.344883251756282760e+00
-3.057361854085951069e+00 -3.055610554736855278e+00 -3.051295983284170177e+00
-9.780433807054507156e-01 -9.766058052546550128e-01 -9.669873319882034135e-01
-3.791833945711275272e-02 0.000000000000000000e+00 -1.037015635172271015e-02
-1.993311135942476414e-02 0.000000000000000000e+00 0.000000000000000000e+00
0.000000000000000000e+00 0.000000000000000000e+00 0.000000000000000000e+00
-1.431734966428288569e-02 -1.970192909272561188e-02 0.000000000000000000e+00
-4.398032669897139479e-02 -4.672915672142142346e-02 -4.759902378188152899e-02
-1.962028902020509724e+00 -1.960427357499916701e+00 -1.960207680698434540e+00
-2.685445372780684625e+00 -2.686894200591129156e+00 -2.686334470103011629e+00
-3.260330234416507267e+00 -3.258358663436729419e+00 -3.259991604363203788e+00
-3.533404319897961443e+00 -3.534756011923167573e+00 -3.533894890317332393e+00
-3.693816085261483639e+00 -3.694014689898413639e+00 -3.693650516935099049e+00
-3.797914811813791314e+00 -3.798157085261408383e+00 -3.798054148239822236e+00
-3.851505667344747419e+00 -3.851644585275935562e+00 -3.851720555926610334e+00
-3.870100759531916790e+00 -3.870097431281114275e+00 -3.870166497375524095e+00
-3.862515308016392535e+00 -3.861999409875859435e+00 -3.862524906515804712e+00
-3.799255589112265241e+00 -3.799238602090732719e+00 -3.799184024100340284e+00
-3.690128484688393939e+00 -3.689606277466769502e+00 -3.689532386818236365e+00
-3.531227070093684084e+00 -3.531877995907615642e+00 -3.531207003297438085e+00
-3.236154449984991466e+00 -3.236915873567061563e+00 -3.236198151397411404e+00
-2.853920926197883734e+00 -2.853356849858428301e+00 -2.853007547092210494e+00
-5.874159454046489204e-01 -5.859179397435592129e-01 -5.816266467799938722e-01
0.000000000000000000e+00 0.000000000000000000e+00 0.000000000000000000e+00
-3.452777576262987952e-02 0.000000000000000000e+00 0.000000000000000000e+00
0.000000000000000000e+00 0.000000000000000000e+00 0.000000000000000000e+00
-1.976476094759749974e-02 -3.960304117994136591e-02 0.000000000000000000e+00
-1.950527568922436061e-02 -1.986579143913200576e-02 0.000000000000000000e+00
-8.163164531820945591e-01 -8.188452575448290638e-01 -8.239523425718586758e-01
-2.353284860549827773e+00 -2.375972188525030226e+00 -2.371366559341500313e+00
-2.967409545795509640e+00 -2.968498423020320409e+00 -2.969727626945488197e+00
-3.364468584014487007e+00 -3.365702314873479928e+00 -3.364443127816065804e+00
-3.563482404732060793e+00 -3.562858046046744942e+00 -3.563067410791414868e+00
-3.672743248084776813e+00 -3.672393809486905969e+00 -3.672468733383037254e+00
-3.736194504639803515e+00 -3.735779324258257095e+00 -3.736240443602739436e+00
-3.757020867274490250e+00 -3.756887506821178668e+00 -3.756945177948519454e+00
-3.740329946588643484e+00 -3.740393088640631358e+00 -3.740270248027139921e+00
-3.686900517311118897e+00 -3.686734759439910469e+00 -3.687064310860168170e+00
-3.572485503178320698e+00 -3.572573663151968670e+00 -3.572329419136835327e+00
-3.383981364833783534e+00 -3.385090822561602319e+00 -3.384964470882294574e+00
-3.050571519465501424e+00 -3.052658361191017633e+00 -3.050932901818044662e+00
-2.413426730991695912e+00 -2.411082212357539944e+00 -2.408238050302450528e+00
-8.587859296078317883e-02 -7.765325096088140922e-02 -7.327455684970941852e-02
-1.771228017195786847e-02 -1.985993110831268602e-02 -1.974539344945051150e-02
0.000000000000000000e+00 0.000000000000000000e+00 0.000000000000000000e+00
0.000000000000000000e+00 0.000000000000000000e+00 0.000000000000000000e+00
-3.538756625341892004e-02 -1.858152837054998646e-02 -1.955657728202466958e-02
-3.949734712218590932e-02 -3.912297599056083208e-02 -1.985833696570221338e-02
-4.819309382749526610e-02 -4.579504120043772358e-02 -4.278317502864108224e-02
-1.798315580239550071e+00 -1.801010713477389613e+00 -1.798042333187969133e+00
-2.615151281854147136e+00 -2.611735917438917642e+00 -2.613910962639992341e+00
-3.071953326463433775e+00 -3.073354252050332303e+00 -3.073403240506577205e+00
-3.361280483565673993e+00 -3.362261440523579115e+00 -3.360962547685005575e+00
-3.520009118046405039e+00 -3.519538706032960373e+00 -3.519153732543930602e+00
-3.597388945741749389e+00 -3.597602277186001452e+00 -3.597390269357284787e+00
-3.628803900028701346e+00 -3.628577874253363422e+00 -3.628563599688713115e+00
-3.605082278561741127e+00 -3.605252582918708981e+00 -3.605500387273177232e+00
-3.534681239927639052e+00 -3.534991831096419457e+00 -3.534685538708793651e+00
-3.392226401311173589e+00 -3.392434649718239381e+00 -3.391884657874505216e+00
-3.126890903142767630e+00 -3.124921962741288972e+00 -3.125304306255648701e+00
-2.753904654547111086e+00 -2.749196383279405520e+00 -2.753849625658256972e+00
-1.244782381962878270e+00 -1.238557013791112604e+00 -1.241920376493491851e+00
-3.868098612077039422e-02 -4.728247194923528712e-02 -3.935391367171342525e-02
-3.756743768178516518e-02 -3.800227002043107122e-02 -1.970583540968244909e-02
0.000000000000000000e+00 0.000000000000000000e+00 0.000000000000000000e+00
0.000000000000000000e+00 0.000000000000000000e+00 0.000000000000000000e+00
-1.993059308924328976e-02 0.000000000000000000e+00 0.000000000000000000e+00
-1.966766350682963224e-02 -1.987424305782416536e-02 -6.179402138865816053e-03
0.000000000000000000e+00 -1.320599787232708960e-02 0.000000000000000000e+00
-2.135329893077640151e-01 -2.216227263269165970e-01 -2.221320743166536049e-01
-2.162194066709031137e+00 -2.168305454325429427e+00 -2.165541243360225465e+00
-2.719741874990178054e+00 -2.721919750863061704e+00 -2.719057169949044450e+00
-3.059023929797134222e+00 -3.058371021211061080e+00 -3.058665021947664986e+00
-3.273865490560029734e+00 -3.274129744359340233e+00 -3.274139481532777118e+00
-3.378897029125770057e+00 -3.377865793505087311e+00 -3.377827695530929208e+00
-3.403607826589124752e+00 -3.403552888426785827e+00 -3.404884236073554504e+00
-3.377632806844659275e+00 -3.379170887889068275e+00 -3.378337552069356153e+00
-3.271933341854381450e+00 -3.271278014257280375e+00 -3.271772266472083857e+00
-3.103177690214293349e+00 -3.102755101476159627e+00 -3.103412730893440497e+00
-2.854081607066286441e+00 -2.851030053850627688e+00 -2.852788345333462150e+00
-2.045666260512895018e+00 -2.038102315679792387e+00 -2.041224240852919092e+00
-1.421801271955420443e-01 -1.378074916206370737e-01 -1.435871242146476157e-01
-3.624850749357050317e-02 -1.934509953085102388e-02 -1.985600521019817086e-02
-1.626977248939816267e-02 0.000000000000000000e+00 0.000000000000000000e+00
-1.846748177537399158e-02 0.000000000000000000e+00 -1.966688192663653550e-02
0.000000000000000000e+00 0.000000000000000000e+00 0.000000000000000000e+00
-1.913325447477431940e-02 0.000000000000000000e+00 -1.914023879957714447e-02
-1.849886236043180379e-02 -2.914576445387092804e-02 -3.797203094422070546e-02
-3.964667666341394059e-02 -3.695975565486074588e-02 0.000000000000000000e+00
-1.813586463046167746e-02 -1.784104744038273946e-02 -3.539479144405385108e-02
-5.559471283223793581e-01 -5.550625902668643308e-01 -5.512524930445972249e-01
-2.222962291503148169e+00 -2.222916173798890949e+00 -2.226890511417723761e+00
-2.750937232204285987e+00 -2.751634863843885892e+00 -2.753461900216199520e+00
-2.991595913166947618e+00 -2.990132818313055107e+00 -2.992117914103911147e+00
-3.116380489706064516e+00 -3.116117608432913855e+00 -3.116736320998377163e+00
-3.170255797543821252e+00 -3.169521904240082844e+00 -3.170398865314146608e+00
-3.133989856203324376e+00 -3.134176417362065870e+00 -3.134856432533022375e+00
-3.064818111273336143e+00 -3.064062925340249599e+00 -3.064251810262437647e+00
-2.851972385558886103e+00 -2.853074003604346487e+00 -2.849760487915823148e+00
-2.275192111192018363e+00 -2.276866330798834159e+00 -2.271499417937953513e+00
-5.191303173307268981e-01 -5.129056945661498723e-01 -5.140675591774946929e-01
-1.944278998634756811e-02 -1.735919221732933060e-02 -3.853611800881147353e-02
0.000000000000000000e+00 0.000000000000000000e+00 0.000000000000000000e+00
-1.542868222753119613e-02 0.000000000000000000e+00 -2.473380898052384216e-02
0.000000000000000000e+00 0.000000000000000000e+00 0.000000000000000000e+00
0.000000000000000000e+00 0.000000000000000000e+00 0.000000000000000000e+00
-1.636487809563436438e-02 -1.824266461600388203e-02 -1.954998443262315894e-02
-3.871021208940537972e-02 -1.951007875088526036e-02 -1.977178274297733754e-02
-1.988764505503003155e-02 0.000000000000000000e+00 0.000000000000000000e+00
-1.993141388480689988e-02 -1.993194629376081675e-02 0.000000000000000000e+00
-1.225139239084155514e-02 -1.983628042629763388e-02 -1.979311271192635974e-02
-6.921730925787504818e-01 -6.923902871617014787e-01 -6.971532754574100155e-01
-2.189112251057894198e+00 -2.197849456493141229e+00 -2.199878802649827048e+00
-2.693770270570866376e+00 -2.694503612506973234e+00 -2.693051563725903375e+00
-2.917137314878008425e+00 -2.917313106595984529e+00 -2.917195792498829654e+00
-3.009543020294117799e+00 -3.012222512701252963e+00 -3.009669146968697806e+00
-2.976074528325629576e+00 -2.975686922670025325e+00 -2.975597267205893015e+00
-2.754454278793218691e+00 -2.755107111975850120e+00 -2.752811151381374444e+00
-2.258087797293835131e+00 -2.257896187339783811e+00 -2.254896119376853303e+00
-8.203532144918871394e-01 -8.115944793410440061e-01 -8.188062225984842346e-01
-4.014866462017083887e-02 -3.706592741287949300e-02 -4.275759756137971490e-02
-5.642005941109047573e-02 -3.747359886916294680e-02 -3.937626143354397423e-02
-5.219746302567117996e-02 -1.950911057343824792e-02 -1.993510510110705139e-02
-3.932525812665667309e-02 -3.832049034924098208e-02 -3.484686539560677421e-02
-1.949808756756354206e-02 0.000000000000000000e+00 0.000000000000000000e+00
0.000000000000000000e+00 0.000000000000000000e+00 0.000000000000000000e+00
-1.974104437810360671e-02 -1.972081248965742301e-02 -5.681941760732354962e-02
-3.555127490792114875e-02 -1.977688444237219942e-02 0.000000000000000000e+00
-1.976351234185088138e-02 -1.941785462913463503e-02 0.000000000000000000e+00
-3.559440458928549156e-02 -1.943142463329157119e-02 -1.993651287448045678e-02
-1.310222616868854904e-02 -1.885660239136064883e-02 -1.965993100398329835e-02
-1.840744000452618212e-02 -1.704751125551838553e-02 -1.977108941519192462e-02
-6.261831064748544229e-01 -6.181632184442847899e-01 -6.222659890648363223e-01
-2.088729952758558550e+00 -2.090514401843386327e+00 -2.090093201781895615e+00
-2.505462217341808184e+00 -2.505249845039732026e+00 -2.506703721841992305e+00
-2.624031347858314600e+00 -2.623627279735005757e+00 -2.622969964585279534e+00
-2.528787444668057383e+00 -2.530686800479199583e+00 -2.530903498738105828e+00
-2.125011682723206619e+00 -2.119445410325690560e+00 -2.121070191278829675e+00
-9.557605445502515007e-01 -9.620988299547051925e-01 -9.544016482532855505e-01
-1.029188414652635469e-01 -1.117761936310359833e-01 -1.035458430574133643e-01
-1.874869610730900069e-02 -3.970005452949366964e-02 0.000000000000000000e+00
-1.805806655263942836e-02 0.000000000000000000e+00 -1.946970224192773671e-02
-5.000000000000000104e-03 -1.930213610955021017e-02 0.000000000000000000e+00
-3.900909290487263731e-02 0.000000000000000000e+00 0.000000000000000000e+00
-1.866039181633356858e-02 0.000000000000000000e+00 0.000000000000000000e+00
0.000000000000000000e+00 0.000000000000000000e+00 0.000000000000000000e+00
0.000000000000000000e+00 -1.514783124317097170e-02 -1.815498553961593722e-02
-3.708127233718008786e-02 -1.865236775142125464e-02 -3.154034930031089645e-02
-1.873610006918741480e-02 -1.955771036750776626e-02 -3.767285626619318317e-02
-3.913883930232054525e-02 -1.989543810430364351e-02 -5.053724959395237970e-02
-2.680625255150831387e-02 -1.857620151988776183e-02 -7.094719737498339507e-02
-3.321728272122097259e-02 -3.944416800551310553e-02 0.000000000000000000e+00
-1.993210209701606547e-02 -1.986884441051403258e-02 0.000000000000000000e+00
-5.127313978963775609e-01 -5.106563569988866735e-01 -5.200371509628713973e-01
-1.705079343063813369e+00 -1.703873268664886531e+00 -1.706679270791642500e+00
-2.043732281463266798e+00 -2.042031250794444475e+00 -2.047224350256461989e+00
-1.848549806373834370e+00 -1.852758961061218734e+00 -1.851817448505712171e+00
-1.113049701400651514e+00 -1.112113936560659377e+00 -1.106865705625651675e+00
-3.036996938573542915e-01 -3.030263011583046451e-01 -2.981364533544467732e-01
-3.776614833122367981e-02 -4.125676927681089928e-02 -3.968782490731384560e-02
-3.805296780085595104e-02 -1.887267137157451133e-02 -1.965506052275057744e-02
-1.942010249256136828e-02 0.000000000000000000e+00 -5.713301731070724587e-02
-1.813085676541132882e-02 -1.887570119565307181e-02 -1.983616880944750679e-02
-1.929602701123332709e-02 -1.965694574292653138e-02 0.000000000000000000e+00
0.000000000000000000e+00 0.000000000000000000e+00 0.000000000000000000e+00
0.000000000000000000e+00 0.000000000000000000e+00 0.000000000000000000e+00
-1.993342645017845416e-02 0.000000000000000000e+00 0.000000000000000000e+00
-1.897138259997042248e-02 -1.443747773152270417e-02 -1.682575685298660570e-02
-1.548802445279640755e-02 -1.966590423513378885e-02 -1.977351166706498367e-02
0.000000000000000000e+00 0.000000000000000000e+00 0.000000000000000000e+00
-1.810124728364731136e-02 -1.978040201841146928e-02 -3.895614935021739916e-02
-5.046256435182418232e-02 -1.591936944573676266e-02 -1.773562404008541260e-02
0.000000000000000000e+00 0.000000000000000000e+00 0.000000000000000000e+00
-1.987550444657461626e-02 0.000000000000000000e+00 0.000000000000000000e+00
-2.570542184482958459e-01 -2.578968896377835107e-01 -2.509802594816421539e-01
-9.707968101814085093e-01 -9.743255462438853431e-01 -9.716525939817719504e-01
-8.937027556961207875e-01 -8.905246039397610724e-01 -8.931625180369008321e-01
-3.718709846396943131e-01 -3.720818874243363994e-01 -3.711012610335941431e-01
-8.972719669472552229e-02 -8.418903457168944171e-02 -8.413701617451962989e-02
-2.822479385289006562e-02 -3.932786468404462360e-02 -4.441201709163521139e-02
-1.957980514232781494e-02 -1.978620989945943306e-02 0.000000000000000000e+00
-1.955205800053767123e-02 -1.978063051181064638e-02 0.000000000000000000e+00
-3.836134198835484260e-02 -3.752420283011433100e-02 -1.935338609051514766e-02
-2.954213732856574015e-02 -3.679877088980068600e-02 -3.931471442180839437e-02
0.000000000000000000e+00 0.000000000000000000e+00 0.000000000000000000e+00
0.000000000000000000e+00 0.000000000000000000e+00 0.000000000000000000e+00
-1.980964697339391428e-02 0.000000000000000000e+00 -1.821148098116505062e-02
0.000000000000000000e+00 0.000000000000000000e+00 0.000000000000000000e+00
0.000000000000000000e+00 0.000000000000000000e+00 0.000000000000000000e+00
-3.343646073202911906e-02 -1.966322993749148804e-02 -3.683521745297721472e-02
-1.785769265013505483e-02 -1.673324195158344685e-02 0.000000000000000000e+00
-1.733044231383041103e-02 -1.979351576046060185e-02 0.000000000000000000e+00
-1.968724199450580178e-02 0.000000000000000000e+00 0.000000000000000000e+00
0.000000000000000000e+00 -1.947210607316245123e-02 0.000000000000000000e+00
-1.977302968491690544e-02 0.000000000000000000e+00 0.000000000000000000e+00
0.000000000000000000e+00 0.000000000000000000e+00 0.000000000000000000e+00
-1.760157089938318292e-02 0.000000000000000000e+00 0.000000000000000000e+00
0.000000000000000000e+00 0.000000000000000000e+00 0.000000000000000000e+00
-1.759142044501313396e-02 -1.985978469373293406e-02 0.000000000000000000e+00
-1.993488579406062569e-02 0.000000000000000000e+00 0.000000000000000000e+00
-1.705336590499549609e-02 -1.976927839139915391e-02 0.000000000000000000e+00
-1.895385202141132777e-02 0.000000000000000000e+00 0.000000000000000000e+00
-1.916516091030321181e-02 0.000000000000000000e+00 0.000000000000000000e+00
-1.993226869650288266e-02 0.000000000000000000e+00 0.000000000000000000e+00
-1.987904469704776175e-02 0.000000000000000000e+00 0.000000000000000000e+00
0.000000000000000000e+00 0.000000000000000000e+00 0.000000000000000000e+00
0.000000000000000000e+00 0.000000000000000000e+00 0.000000000000000000e+00
0.000000000000000000e+00 0.000000000000000000e+00 0.000000000000000000e+00
0.000000000000000000e+00 0.000000000000000000e+00 0.000000000000000000e+00
0.000000000000000000e+00 0.000000000000000000e+00 0.000000000000000000e+00
0.000000000000000000e+00 0.000000000000000000e+00 0.000000000000000000e+00
0.000000000000000000e+00 0.000000000000000000e+00 0.000000000000000000e+00
0.000000000000000000e+00 0.000000000000000000e+00 0.000000000000000000e+00
0.000000000000000000e+00 0.000000000000000000e+00 0.000000000000000000e+00
0.000000000000000000e+00 0.000000000000000000e+00 0.000000000000000000e+00
0.000000000000000000e+00 0.000000000000000000e+00 0.000000000000000000e+00
0.000000000000000000e+00 0.000000000000000000e+00 0.000000000000000000e+00
0.000000000000000000e+00 0.000000000000000000e+00 0.000000000000000000e+00
0.000000000000000000e+00 0.000000000000000000e+00 0.000000000000000000e+00
0.000000000000000000e+00 0.000000000000000000e+00 0.000000000000000000e+00
0.000000000000000000e+00 0.000000000000000000e+00 0.000000000000000000e+00
0.000000000000000000e+00 0.000000000000000000e+00 0.000000000000000000e+00
0.000000000000000000e+00 0.000000000000000000e+00 0.000000000000000000e+00
0.000000000000000000e+00 0.000000000000000000e+00 0.000000000000000000e+00
0.000000000000000000e+00 0.000000000000000000e+00 0.000000000000000000e+00
