0.000000000000000000e+00 0.000000000000000000e+00 0.000000000000000000e+00
0.000000000000000000e+00 0.000000000000000000e+00 0.000000000000000000e+00
-2.565666376185870234e+01 0.000000000000000000e+00 -2.575320835084901816e+01
-5.635839752730873187e+01 -5.817782680024001252e+01 -6.162340932522001680e+01
-5.907353199813683631e+01 -5.921635058456631384e+01 -5.930203077957384750e+01
-5.980124864951250174e+01 -5.977184458468326511e+01 -5.975945437727584419e+01
-5.943664189257300023e+01 -5.965415879440037372e+01 -5.945927255678533641e+01
-6.004436082780276962e+01 -6.005098340081016062e+01 -5.997245560538315345e+01
-5.975683778156653858e+01 -5.963346131262857597e+01 -5.974023710265948495e+01
-6.005099702970301223e+01 -6.000506997337047466e+01 -6.026079314019420252e+01
-5.991145229727999322e+01 -5.996852563545429149e+01 -5.970568926472557791e+01
-5.951680589689651413e+01 -5.953357982639664669e+01 -5.937636492594156579e+01
-5.829347848971753621e+01 -5.822716120522218830e+01 -5.840631630081582415e+01
-2.005973764263883297e+01 0.000000000000000000e+00 0.000000000000000000e+00
0.000000000000000000e+00 0.000000000000000000e+00 0.000000000000000000e+00
-1.530954664573854451e+01 -2.450695397559077193e+01 -2.588256729145904345e+01
0.000000000000000000e+00 0.000000000000000000e+00 0.000000000000000000e+00
-2.201985918372494311e+01 -1.682177413588745907e+01 -2.535405671981971665e+01
-3.310372690475993807e+01 0.000000000000000000e+00 0.000000000000000000e+00
0.000000000000000000e+00 0.000000000000000000e+00 0.000000000000000000e+00
0.000000000000000000e+00 0.000000000000000000e+00 0.000000000000000000e+00
-2.526229212166536797e+01 -8.828659542839989882e+00 0.000000000000000000e+00
-3.793166032004441490e+01 -2.108926677784184278e+01 -2.210416370526739271e+01
-5.863688905484731606e+01 -5.939735752335528929e+01 -5.874470091624407786e+01
-5.960515995521245713e+01 -5.953074586032232673e+01 -5.964173674004961612e+01
-6.006948711761176440e+01 -6.005783457786100854e+01 -6.019601960268526142e+01
-6.047167461356648488e+01 -6.046146356715530601e+01 -6.043370706616384069e+01
-6.017088436220059577e+01 -6.017950973670539128e+01 -6.011022675226799095e+01
-5.987712290046552965e+01 -5.993019741716958038e+01 -5.989382233216835516e+01
-5.987363860649809055e+01 -5.987973158989331068e+01 -5.986268860235896483e+01
-5.962346184362880308e+01 -5.955755129383338442e+01 -5.965179497985945289e+01
-5.950196999464527181e+01 -5.956912855610721635e+01 -5.918258024949376761e+01
-5.887023817785104995e+01 -5.833664880483260617e+01 -5.838187050413821311e+01
-5.756882018002912105e+01 -5.778302143161084814e+01 -5.948853242104092232e+01
-4.573687823168455679e+01 -3.477547687906572804e+01 -5.250485526756799715e+01
-2.224193113875420735e+01 -1.313608701949459245e+01 -1.436925193472900908e+01
0.000000000000000000e+00 0.000000000000000000e+00 -1.432951463464070052e+01
0.000000000000000000e+00 0.000000000000000000e+00 0.000000000000000000e+00
-2.253849062076287169e+01 -2.548032061902706857e+01 0.000000000000000000e+00
0.000000000000000000e+00 0.000000000000000000e+00 0.000000000000000000e+00
0.000000000000000000e+00 0.000000000000000000e+00 0.000000000000000000e+00
0.000000000000000000e+00 0.000000000000000000e+00 0.000000000000000000e+00
-5.800545633872592077e+01 -4.858163120555808945e+01 -5.041172279372752740e+01
-6.511825093225657213e+01 -5.960502210693459091e+01 -5.948810299994509876e+01
-5.992949047674868979e+01 -6.403622857337494167e+01 -6.038550450593149321e+01
-6.091960731768404713e+01 -6.091245049757701224e+01 -6.091730307783728193e+01
-6.086295103003287466e+01 -6.088100054666247729e+01 -6.106156960611730256e+01
-6.118514756447453351e+01 -6.085164094554679792e+01 -6.106396153165518115e+01
-6.179013293751031455e+01 -6.150642572152031562e+01 -6.149869019264603764e+01
-6.232032069815877406e+01 -6.230360990967950130e+01 -6.223057487186667913e+01
-6.185800737943242211e+01 -6.197794379038738555e+01 -6.204698556833869105e+01
-6.232493523663150370e+01 -6.276621460874218172e+01 -6.276127926090504161e+01
-5.971176416863582403e+01 -6.006919332080190799e+01 -5.894614631840559582e+01
-5.718869655482682646e+01 -5.725573283886223663e+01 -5.741064013059610716e+01
-5.680323665237010999e+01 -5.663834109909689118e+01 -5.676790704051911263e+01
-4.156420708485962479e+01 -4.480069890850899839e+01 -4.471366117469635526e+01
-3.807978224019402091e+01 -1.163553843630018036e+01 0.000000000000000000e+00
-3.268443218096339820e+01 -5.289810471288873828e+01 -3.352228815813982266e+01
-3.809857974289720062e+01 -2.523043857017762548e+01 -2.571769463309093950e+01
0.000000000000000000e+00 0.000000000000000000e+00 0.000000000000000000e+00
0.000000000000000000e+00 0.000000000000000000e+00 0.000000000000000000e+00
-3.349271313202177680e+01 0.000000000000000000e+00 0.000000000000000000e+00
-5.821650608222540768e+01 -5.842389985332052760e+01 -5.893065177903964980e+01
-6.016358499392523385e+01 -6.004331946322264457e+01 -5.992830762789003529e+01
-6.110144139647001538e+01 -6.098262739351302741e+01 -6.093878996664401626e+01
-6.185247144783818385e+01 -6.175925250458632121e+01 -6.246520150186420040e+01
-6.160827092730915666e+01 -6.311762003921398900e+01 -6.273508562164547442e+01
-6.403063270166103393e+01 -6.403476295067846991e+01 -6.337156474121182015e+01
-6.397209453082730590e+01 -6.680167488652908503e+01 -6.311853489643552706e+01
-6.369845278116666520e+01 -6.381628033227423202e+01 -6.371243123210778236e+01
-6.365555604850511884e+01 -6.493899838578759898e+01 -6.356603264909880835e+01
-6.352529853827478235e+01 -6.354048165971367013e+01 -6.309773303576953651e+01
-6.372712477410649257e+01 -6.218974006309748859e+01 -6.250663220784815621e+01
-5.944635480008172124e+01 -6.072323722811795932e+01 -6.136409052830056510e+01
-5.640409807320786229e+01 -5.651441472102519725e+01 -5.579697976496637324e+01
-5.544301079834956170e+01 -5.571092869162661998e+01 -5.556666755751788145e+01
-2.021270978138496943e+01 -2.435017842474707450e+01 -3.851844378465263219e+01
-2.574648890039897609e+01 -2.686014144121759983e+01 -3.362575764613691831e+01
-1.992913255335411193e+01 -9.478284871402307132e+00 -1.727995560425101473e+01
0.000000000000000000e+00 0.000000000000000000e+00 0.000000000000000000e+00
0.000000000000000000e+00 0.000000000000000000e+00 0.000000000000000000e+00
-3.285486012637983322e+01 -2.436417830483941316e+01 -2.308702896915670522e+01
-6.007954258349564469e+01 -6.014645162224457664e+01 -6.676075287676069081e+01
-6.031951912735461008e+01 -6.066630930264454236e+01 -6.030817150289433215e+01
-6.155435369155055980e+01 -6.147060484672019953e+01 -6.162977876315872550e+01
-6.190475771637776603e+01 -6.316730035501485219e+01 -6.282913037308983206e+01
-6.460010845011315439e+01 -6.423284692940708851e+01 -6.458106243952707359e+01
-6.432694539069780149e+01 -6.586406865621259499e+01 -6.552864131517205237e+01
-6.886993929807498205e+01 -6.880955104608273132e+01 -6.884764810780251310e+01
-6.920273634948988217e+01 -6.903150892717731324e+01 -6.903019816609301529e+01
-6.905252339533936379e+01 -6.853164390629606828e+01 -6.897694659601107503e+01
-6.876316930459182686e+01 -6.924288626143905390e+01 -6.775693025660675062e+01
-6.569533529735591060e+01 -6.529409170479925706e+01 -6.496485540368689726e+01
-6.488085419343137517e+01 -6.575378421657291028e+01 -6.162658371002947177e+01
-6.018941412607697572e+01 -6.059721011465889262e+01 -6.108464337404485889e+01
-5.595491308740749048e+01 -5.441853125412205827e+01 -5.570801984066970647e+01
-5.413320937838758340e+01 -5.291238356041784385e+01 -5.370244597442678014e+01
0.000000000000000000e+00 0.000000000000000000e+00 -3.785136062712811622e+01
-2.765753877276916484e+01 -2.518238334997539596e+01 -3.978011751478632618e+01
0.000000000000000000e+00 0.000000000000000000e+00 0.000000000000000000e+00
0.000000000000000000e+00 0.000000000000000000e+00 0.000000000000000000e+00
-1.762105670431578375e+01 -1.774022197504480758e+01 -2.553635954982024003e+01
-6.014079385889615992e+01 -6.034532493384850227e+01 -6.030096965194427838e+01
-6.099118484578983868e+01 -6.096867352018236375e+01 -6.110668937614966723e+01
-6.220275320644629602e+01 -6.211444026217719028e+01 -6.322100223497649552e+01
-6.288507167736339198e+01 -6.380585054487219310e+01 -6.384105756162704637e+01
-6.532313788131001786e+01 -6.529584802381744169e+01 -6.492709830002812055e+01
-6.778820322849487923e+01 -6.819418203657633626e+01 -6.789607867326061807e+01
-6.918139437170781036e+01 -6.964437729770220642e+01 -6.998299290022204389e+01
-7.267058304807613922e+01 -7.227289996684302764e+01 -7.230028394870348052e+01
-7.253525330633797807e+01 -7.216759334076589028e+01 -7.270199063198376166e+01
-7.129898042994145158e+01 -7.170957700343667796e+01 -6.971793471280767562e+01
-6.972040771546339499e+01 -6.886719528946106550e+01 -6.834868480754170150e+01
-6.869311889503546809e+01 -6.944417071422054732e+01 -6.845062457579058446e+01
-6.343905111475514502e+01 -6.387319484416413218e+01 -6.032970827491135424e+01
-5.770044075240316062e+01 -5.625911597997200886e+01 -5.366641079210871368e+01
-5.308060949074143764e+01 -5.317612378281310725e+01 -5.320741925056314869e+01
-2.649169314682884391e+01 -2.844589174052829605e+01 -2.350841452550875488e+01
-2.329803739211657643e+01 0.000000000000000000e+00 -2.198121377096779128e+01
-2.219124160614477859e+01 0.000000000000000000e+00 0.000000000000000000e+00
0.000000000000000000e+00 0.000000000000000000e+00 0.000000000000000000e+00
-2.349409206466717137e+01 -3.499999999999999778e-01 -2.470614750842005947e+01
-6.071976409302592970e+01 -6.090943778181137702e+01 -6.060918158501193176e+01
-6.127657296068340287e+01 -6.135175517694427327e+01 -6.141525891214171651e+01
-6.255071937660988368e+01 -6.284085086492616767e+01 -6.282066758131271911e+01
-6.375452930008658825e+01 -6.467023670670978674e+01 -6.466297848250866309e+01
-6.547984534774127496e+01 -6.567819831834975730e+01 -6.571853415025876188e+01
-6.760337390706706628e+01 -6.834265561545433343e+01 -6.817679663283193747e+01
-6.823952255314800652e+01 -7.189782641890566595e+01 -7.216735827823374905e+01
-8.005542537032553696e+01 -7.890208918555381956e+01 -7.811305249211309842e+01
-7.759852894748136976e+01 -7.825073711022714917e+01 -7.528124297115921593e+01
-7.523544325034413305e+01 -7.453374940453412023e+01 -7.456585565587828057e+01
-7.227616346716790474e+01 -7.219444113583013234e+01 -7.223682357428359069e+01
-7.104593646218620506e+01 -7.105915064273003168e+01 -6.665318742265185392e+01
-6.529875956314982943e+01 -6.287511153926891438e+01 -6.608615816526111075e+01
-5.983667713457342785e+01 -5.835632158510320977e+01 -5.895244968062024782e+01
-5.532227468761745826e+01 -5.306771963186441354e+01 -5.260237127471285135e+01
-5.499299068724291573e+01 -5.076481095718415304e+01 -5.139939062417829518e+01
0.000000000000000000e+00 -1.755147246419876339e+01 0.000000000000000000e+00
0.000000000000000000e+00 0.000000000000000000e+00 0.000000000000000000e+00
0.000000000000000000e+00 0.000000000000000000e+00 0.000000000000000000e+00
-2.342189424200013192e+01 -1.122755827766910208e+01 0.000000000000000000e+00
-6.090907378612131140e+01 -6.098198155460934089e+01 -6.104030598701977084e+01
-6.175838109451329672e+01 -6.164832969856318101e+01 -6.183114963374825379e+01
-6.842642651369231999e+01 -6.293070152823479901e+01 -6.334855272336798038e+01
-6.364144224555570872e+01 -6.454962512217902315e+01 -6.409564908411370254e+01
-6.563895077265920008e+01 -6.639995604441875798e+01 -6.656600070484654452e+01
-6.720960873195681984e+01 -6.741357113045063443e+01 -6.769791434340844205e+01
-6.965734503978708858e+01 -7.181652551250338945e+01 -7.216894054005784653e+01
-7.963723162395217514e+01 -7.799666764158094168e+01 -7.977867293097966694e+01
-7.984242934180731766e+01 -8.024472586862984258e+01 -8.031319743740527883e+01
-7.478786154539216113e+01 -7.515857592153369637e+01 -7.447105887786071321e+01
-7.310428278766862320e+01 -7.327442545761380188e+01 -7.242384647946931864e+01
-7.188692433791445069e+01 -7.124645717276047208e+01 -7.112413965497241009e+01
-6.666772751120747387e+01 -6.498383180770694878e+01 -6.343686332556397645e+01
-6.241221327483015102e+01 -6.085991342110830260e+01 -6.091500793084143339e+01
-5.520405897383323435e+01 -5.229593925823037637e+01 -5.179258478781941477e+01
-5.098765055596174989e+01 -5.089943881584883911e+01 -5.067673670420145271e+01
-1.312610464391838327e+01 -2.290469401604735467e+01 -2.546337799004020042e+01
0.000000000000000000e+00 0.000000000000000000e+00 0.000000000000000000e+00
0.000000000000000000e+00 0.000000000000000000e+00 0.000000000000000000e+00
-2.579587217361608609e+01 0.000000000000000000e+00 0.000000000000000000e+00
-6.091920331778632658e+01 -6.097042884372542915e+01 -6.099902871675501359e+01
-6.180760966741865303e+01 -6.201824199323275622e+01 -6.180838946924122013e+01
-6.335082801151919085e+01 -6.341342351136726307e+01 -6.342130548987601912e+01
-6.440403876848759523e+01 -6.423291552341893862e+01 -6.416890682591768780e+01
-6.621205936673682402e+01 -6.616306034073963360e+01 -6.621653452234423298e+01
-6.692820634173678229e+01 -6.806147024608752361e+01 -6.806591415837186787e+01
-7.055586341065040301e+01 -7.075409220337172655e+01 -7.077509682421892023e+01
-7.229581746518569219e+01 -7.521658491148743053e+01 -7.529885921214771827e+01
-7.435878621046092007e+01 -7.379650282200223899e+01 -7.440299085778309518e+01
-7.386436928762951482e+01 -7.384174861945363944e+01 -7.381115098432158561e+01
-7.255369222237106897e+01 -7.264984669262248929e+01 -7.179749214256177936e+01
-7.124635137212959535e+01 -7.150476181954884680e+01 -7.145641902035846726e+01
-6.723262541770770895e+01 -6.604020507830323083e+01 -6.427587672977192312e+01
-6.210708407919526763e+01 -6.038894072790377976e+01 -6.373699679130080398e+01
-5.243118429149684090e+01 -5.326086142411448066e+01 -5.071063323412595025e+01
-5.101536306237876772e+01 -5.072029744726359013e+01 -6.096904124937243807e+01
-3.334354947859979745e+01 -3.583893498562576241e+01 -3.732153005643637300e+01
0.000000000000000000e+00 0.000000000000000000e+00 0.000000000000000000e+00
0.000000000000000000e+00 0.000000000000000000e+00 0.000000000000000000e+00
0.000000000000000000e+00 0.000000000000000000e+00 0.000000000000000000e+00
-5.749255294354206569e+01 -5.720148537227235863e+01 -5.644413704775751484e+01
-6.051879220432500972e+01 -6.155926608485140861e+01 -6.227822223912557575e+01
-6.314424403865768909e+01 -6.314241904843817110e+01 -6.323750152491010112e+01
-6.395627947560043225e+01 -6.466114870286618554e+01 -6.476590065626170656e+01
-6.554708188622961984e+01 -6.573191450361338184e+01 -6.543849493621539182e+01
-6.610896282836010585e+01 -6.703944845333673186e+01 -6.737944716331509198e+01
-6.767681393002479240e+01 -6.844809619330197847e+01 -6.899140653921764965e+01
-6.993421157137311184e+01 -6.896104472997248536e+01 -6.987855576807278624e+01
-6.981908940828557775e+01 -7.058632589696919979e+01 -7.018738745239909349e+01
-7.030592103172382679e+01 -7.085199554328028171e+01 -7.096304106233544928e+01
-7.073272757523335486e+01 -7.216959559667608914e+01 -7.129008928300031300e+01
-7.087832189588351639e+01 -7.083790869828479231e+01 -7.061548815052231021e+01
-6.642503891469438315e+01 -6.585354638429458873e+01 -6.407298022667706050e+01
-6.212776785766389764e+01 -6.160582340221706232e+01 -5.770276067393221098e+01
-5.112039972854825010e+01 -5.149229490146564103e+01 -4.959879856516242569e+01
-5.147387226967010321e+01 -5.157663698248981632e+01 -5.036330887533488010e+01
-3.182373341266692535e+01 -2.550993350563412676e+01 -2.666431104042251476e+01
0.000000000000000000e+00 0.000000000000000000e+00 0.000000000000000000e+00
0.000000000000000000e+00 0.000000000000000000e+00 0.000000000000000000e+00
-1.772991639248542128e+01 0.000000000000000000e+00 0.000000000000000000e+00
0.000000000000000000e+00 0.000000000000000000e+00 0.000000000000000000e+00
-6.022992241079692377e+01 -6.191899944752296392e+01 -6.202015598600460322e+01
-6.139298848077993398e+01 -6.298728422636047952e+01 -6.265752093157052371e+01
-6.426445475919176431e+01 -6.413418160025265990e+01 -6.399566002114723062e+01
-6.453282857838236453e+01 -6.467568796596293623e+01 -6.500782600546958179e+01
-6.603388804824729164e+01 -6.642449794831338750e+01 -6.637770659093582992e+01
-6.773018875625949420e+01 -6.781575104111615815e+01 -6.782077911622423017e+01
-6.822181605427878992e+01 -6.865736652856243438e+01 -6.860064070330322750e+01
-6.876253293663464206e+01 -6.909779662710225523e+01 -6.914029731434642656e+01
-6.927843979563431276e+01 -6.953941577645099414e+01 -6.956737186740814138e+01
-6.964848105650246168e+01 -6.993145051285009117e+01 -6.977887235853152958e+01
-6.994591011962324956e+01 -6.867945060518739808e+01 -6.872088854994761675e+01
-6.604667614299083311e+01 -6.515423990799145315e+01 -6.410152785574939571e+01
-5.981889375777414841e+01 -6.056292762122464524e+01 -5.494396549588471146e+01
-5.500017009484752606e+01 -4.983114449300783377e+01 -4.875142004539239338e+01
-5.028288181795153378e+01 -4.900136663223960909e+01 -4.571033914373607132e+01
0.000000000000000000e+00 0.000000000000000000e+00 0.000000000000000000e+00
0.000000000000000000e+00 0.000000000000000000e+00 0.000000000000000000e+00
0.000000000000000000e+00 0.000000000000000000e+00 0.000000000000000000e+00
-2.452946162266632157e+01 0.000000000000000000e+00 0.000000000000000000e+00
-3.796965516829311582e+01 -3.817307886432645603e+01 -3.387789892711067097e+01
-4.946983534215199541e+01 -5.218007528189180277e+01 -5.018652604175166942e+01
-5.862181891482838836e+01 -6.317346280986755858e+01 -6.329487925846159868e+01
-6.315412804863403551e+01 -6.306780637206507834e+01 -6.400784115408609409e+01
-6.537483350718325426e+01 -6.470376071465038592e+01 -6.539527949162577158e+01
-6.515852318423918632e+01 -6.610025842807371532e+01 -6.598252077468806931e+01
-6.586462998776120514e+01 -6.679827536019375600e+01 -6.682991192925572932e+01
-6.666911119287635756e+01 -6.787871562819599092e+01 -6.797767784442943650e+01
-6.841090135983260723e+01 -6.777365456646465702e+01 -6.836426645162242721e+01
-6.877681577284671732e+01 -6.824064023522230116e+01 -6.900107440821726357e+01
-6.868821107841293383e+01 -6.898522674838788760e+01 -6.875954386098793236e+01
-6.852701206055445482e+01 -6.859135866837418405e+01 -6.966627353385926824e+01
-6.511061867296929506e+01 -6.511979939769726400e+01 -6.403506027084219454e+01
-4.733252312434917286e+01 -5.411350741833260258e+01 -5.238896947539542737e+01
-4.894080165411133265e+01 -4.929385881340158448e+01 -4.797101890227573762e+01
-7.879784960755057632e+00 0.000000000000000000e+00 -7.979964316323275852e+00
-3.374541780744996089e+01 -1.987237751610105718e+01 -3.584134325168881219e+01
-2.568016659062826079e+01 -2.355093974976961846e+01 0.000000000000000000e+00
0.000000000000000000e+00 0.000000000000000000e+00 0.000000000000000000e+00
-1.861869290756400375e+01 -1.498818004322270170e+01 -1.324113756700442579e+01
-1.915663563842052142e+01 -2.604952829239460854e+01 0.000000000000000000e+00
-1.991801253588141307e+01 -1.504630167573038868e+01 -2.530234741741010396e+01
-6.176886614097492156e+01 -6.176509364984568151e+01 -6.199691883022968852e+01
-6.316080084024430619e+01 -6.160462893454946709e+01 -6.362911361152846013e+01
-6.982327582263721411e+01 -6.487658129449491184e+01 -6.497630517490530622e+01
-6.559243688524792049e+01 -6.550054038139921886e+01 -6.558564090293285176e+01
-6.690415925936045483e+01 -6.655288363224819648e+01 -6.605711478862467345e+01
-6.689788027491735534e+01 -6.681833014924818315e+01 -6.684512906537493393e+01
-6.723369374550055966e+01 -6.897896317217799833e+01 -6.751819068156245862e+01
-6.771221016873573717e+01 -6.784434886364134343e+01 -6.801541869583128630e+01
-6.805584459243030437e+01 -6.769512690649105480e+01 -6.812845479037424923e+01
-6.743243777066842881e+01 -6.716050907925328772e+01 -6.652933635278475322e+01
-5.929065180327144446e+01 -6.014532296615350049e+01 -5.278331122970175215e+01
-5.100330940649055123e+01 -4.719712461752713040e+01 -4.714787494770900622e+01
-5.004141179450894583e+01 -5.088790098178397869e+01 -4.687523496246095789e+01
-1.129571065044604516e+01 0.000000000000000000e+00 -1.407505541210324473e+01
-3.074695195463085540e+01 -3.804129836529501318e+01 -2.002388513910321421e+01
0.000000000000000000e+00 0.000000000000000000e+00 0.000000000000000000e+00
0.000000000000000000e+00 0.000000000000000000e+00 0.000000000000000000e+00
-2.509116874191413871e+01 0.000000000000000000e+00 0.000000000000000000e+00
-1.265312458752798896e+01 -2.495696596591959349e+01 -3.272305031112419726e+01
-2.811905983527297082e+01 -4.052420606170014139e+01 -2.430578834555381462e+01
-1.559788039026687301e+01 -1.779067861012945073e+01 -2.584789513070502665e+01
-6.289547875777099506e+01 -6.366645542668569391e+01 -6.263664365465856321e+01
-6.390064252971743741e+01 -6.444056217882283022e+01 -6.439663747488003764e+01
-6.447447556490742215e+01 -6.513944853442610849e+01 -6.526683349029894998e+01
-6.579281445895114189e+01 -6.588162807633854356e+01 -6.603674317143642725e+01
-6.659968492408295049e+01 -6.701251903016681410e+01 -6.696725075578955000e+01
-6.717983784917481671e+01 -6.753560083021781679e+01 -6.742677085572172757e+01
-6.770947267921594914e+01 -6.788078975549271377e+01 -6.784017212251080764e+01
-6.748539030118678284e+01 -6.723028607318715899e+01 -6.739983388449536506e+01
-6.059969725155283982e+01 -5.889535978222393453e+01 -4.896501017040112202e+01
-4.605189831094743624e+01 -4.896065556838605914e+01 -4.818409788790874160e+01
-4.709931983882894002e+01 -4.749797078526182759e+01 -4.982367117674336043e+01
-3.757846074594623076e+01 -3.226869676472014703e+01 -2.412459540951307346e+01
-2.591209867522019294e+01 0.000000000000000000e+00 0.000000000000000000e+00
-7.345371048086147603e+00 -2.155207853915325344e+01 -2.478399505242019174e+01
0.000000000000000000e+00 0.000000000000000000e+00 0.000000000000000000e+00
0.000000000000000000e+00 0.000000000000000000e+00 0.000000000000000000e+00
-1.944011390729451705e+01 0.000000000000000000e+00 0.000000000000000000e+00
-1.635735401254879662e+01 -2.163442564518543065e+01 0.000000000000000000e+00
-2.445577242558932696e+01 -3.784051945963889807e+01 -4.067276908821858683e+01
-2.559221540499868652e+01 0.000000000000000000e+00 0.000000000000000000e+00
-2.405113864302704130e+01 -2.774409940224242632e+01 0.000000000000000000e+00
-6.317532220405728793e+01 -6.320566563125326809e+01 -6.301481470764863957e+01
-6.519360869284656701e+01 -6.461672109051031043e+01 -6.518107934065258746e+01
-6.822033794813009422e+01 -6.586813039857527485e+01 -6.583782062286569214e+01
-6.618902860723608228e+01 -6.646706498356624593e+01 -6.653254753576020164e+01
-6.692029546375997029e+01 -6.715768660416497937e+01 -6.716181609987189916e+01
-6.534193716028434551e+01 -6.721547906458579291e+01 -6.719103415816600489e+01
-6.439929733830969383e+01 -6.549055364739020035e+01 -6.659583937129286824e+01
-5.249773172323535420e+01 -5.079982293456120601e+01 -4.622731799862258839e+01
-4.621736580523410254e+01 -4.580213015123167963e+01 -4.003256859915080668e+01
-5.366791468258047360e+01 -4.362181120451440108e+01 -4.764265850700446947e+01
-2.401384579004272979e+01 -3.878809938549150615e+01 -2.620596053298034533e+01
-2.992451695098990072e+01 0.000000000000000000e+00 -2.017575968380131002e+01
-2.470665015646969209e+01 -2.495492638630056703e+01 0.000000000000000000e+00
0.000000000000000000e+00 0.000000000000000000e+00 0.000000000000000000e+00
0.000000000000000000e+00 0.000000000000000000e+00 0.000000000000000000e+00
-2.504600231075830052e+01 -1.970980062478760431e+01 0.000000000000000000e+00
-2.392642008328210679e+01 -1.786980246365120806e+01 0.000000000000000000e+00
-1.176626535688228792e+01 -1.975482967857092831e+01 -2.785196467624508898e+01
-9.756757289134773359e+00 0.000000000000000000e+00 -8.963044987942319963e+00
0.000000000000000000e+00 -2.131261992705799102e+01 0.000000000000000000e+00
-4.138183957817838632e+01 -3.850352977915902386e+01 -3.589027519047736803e+01
-6.888517604813701212e+01 -6.367910795918596989e+01 -6.387956888298214153e+01
-6.468936591230996669e+01 -6.424720033701682098e+01 -6.468725653091104277e+01
-6.534360474831599674e+01 -6.966980229480391529e+01 -6.523833665147000715e+01
-6.567515476150069276e+01 -6.547056868302271937e+01 -6.567542336613392706e+01
-6.487985020500681799e+01 -6.310073222587569575e+01 -6.488340608841615165e+01
-5.309094267404287848e+01 -5.349278440448272676e+01 -4.546811692792928739e+01
-4.699828079726952978e+01 -4.382957008400869370e+01 -4.640698453560004566e+01
-4.310413071949698605e+01 -4.036217638133338426e+01 -3.833257062463401610e+01
-8.639842400447150794e+00 0.000000000000000000e+00 0.000000000000000000e+00
-2.731936154852221321e+01 -2.635031790183382228e+01 -1.366986052095968418e+01
0.000000000000000000e+00 0.000000000000000000e+00 0.000000000000000000e+00
-2.248448113310489305e+01 -2.054678790674735467e+01 -2.088008323978055003e+01
0.000000000000000000e+00 0.000000000000000000e+00 0.000000000000000000e+00
0.000000000000000000e+00 0.000000000000000000e+00 0.000000000000000000e+00
-2.370333104670539015e+01 -2.465000411449011963e+01 0.000000000000000000e+00
0.000000000000000000e+00 -1.937854679459390539e+01 -2.634530738613544543e+01
-1.507469305661769177e+01 -2.700735471616412298e+01 0.000000000000000000e+00
0.000000000000000000e+00 -2.369118573030320363e+01 -2.247937191707408289e+01
-3.335354523489377243e+01 -2.719652569208691872e+01 -3.442207182174706759e+01
-2.577350152693160723e+01 -1.131294553078475928e+01 -2.580045460803762225e+01
-2.266067587706010400e+01 -2.067828765630661891e+01 -4.017582839631013059e+01
-6.254023563167277189e+01 -6.639539866567642434e+01 -6.423384580963859491e+01
-6.376008146284976874e+01 -6.327724781893738282e+01 -6.338076277901591737e+01
-6.325785223116082534e+01 -6.343630353431191793e+01 -6.342884982162547658e+01
-5.986609464100784095e+01 -6.254363315045268479e+01 -5.388503801129467519e+01
-4.697771067655470034e+01 -4.376156743617160316e+01 -4.424480748066225289e+01
-4.163063826717201010e+01 -4.150700793418307910e+01 -3.934086764183671647e+01
-2.621152050196235805e+01 -3.215745504806765354e+01 -2.591289738253585639e+01
-2.040577857300485576e+01 0.000000000000000000e+00 0.000000000000000000e+00
-1.510955106627968370e+01 -1.250654336475804307e+01 0.000000000000000000e+00
-3.901120103926353977e+01 -4.180482912562531794e+01 -3.887519174389365162e+01
-2.353824886397726956e+01 0.000000000000000000e+00 0.000000000000000000e+00
0.000000000000000000e+00 0.000000000000000000e+00 0.000000000000000000e+00
0.000000000000000000e+00 0.000000000000000000e+00 0.000000000000000000e+00
-1.918841904638569318e+01 -2.533107145414845363e+01 0.000000000000000000e+00
-2.426954616323625302e+01 -3.365008568938011990e+01 -1.680345481934607221e+01
-2.239524377722634441e+01 -2.604113668633382161e+01 -2.650672605003065030e+01
-1.404422735759896312e+01 -1.387543436471282732e+01 0.000000000000000000e+00
0.000000000000000000e+00 -1.514467362575402021e+01 0.000000000000000000e+00
-3.741811086393340702e+01 -2.002430132472493085e+01 -1.684761837324512612e+01
-1.484679649961891457e+01 -2.505336680880458289e+01 -2.591143175820602451e+01
-3.641808097333576200e+01 -3.782733108073846751e+01 -2.613928635697244829e+01
-5.954700632387352499e+01 -6.051835715277001526e+01 -5.947682839286423473e+01
-5.935734126089559481e+01 -6.495443778287706493e+01 -5.926717929178941802e+01
-5.962497759204589443e+01 -6.077055380062791556e+01 -6.048588374690259428e+01
-4.289911103127057146e+01 -4.274333842838739628e+01 -4.281101633726258626e+01
-4.298821310160399634e+01 -4.014182562679495447e+01 -3.696429725514763476e+01
-3.182663269883513379e+01 -4.348652249673130399e+01 -2.900784121705201812e+01
0.000000000000000000e+00 0.000000000000000000e+00 -2.565552246361945876e+01
0.000000000000000000e+00 0.000000000000000000e+00 0.000000000000000000e+00
-3.052789781582247031e+01 -3.249140600547137581e+01 0.000000000000000000e+00
-2.102639186464341492e+01 -1.533354800221594338e+01 -3.367998533000898220e+01
0.000000000000000000e+00 0.000000000000000000e+00 0.000000000000000000e+00
0.000000000000000000e+00 0.000000000000000000e+00 0.000000000000000000e+00
0.000000000000000000e+00 0.000000000000000000e+00 -1.017479367185364580e+01
-2.432796675784381790e+01 0.000000000000000000e+00 0.000000000000000000e+00
0.000000000000000000e+00 0.000000000000000000e+00 0.000000000000000000e+00
-1.027542247884597337e+01 0.000000000000000000e+00 -1.139313209674296701e+01
-2.253463300302503924e+01 -1.873568792418168272e+01 -2.567631422896443993e+01
-1.877218084882450100e+01 -2.291373699291850130e+01 0.000000000000000000e+00
-2.431695604274071343e+01 0.000000000000000000e+00 0.000000000000000000e+00
-2.629694873585060932e+01 0.000000000000000000e+00 0.000000000000000000e+00
-1.547479947355129326e+01 -2.556716766483054570e+01 0.000000000000000000e+00
-1.735418849525351703e+01 0.000000000000000000e+00 0.000000000000000000e+00
-1.959705712005597888e+01 -2.066570257463512306e+01 -1.454659367553092331e+01
0.000000000000000000e+00 0.000000000000000000e+00 -2.543055167925020754e+01
-2.324347982716329142e+01 -2.682598940636858131e+01 -9.975343415940509217e+00
-1.682177413588745907e+01 0.000000000000000000e+00 0.000000000000000000e+00
-2.298076909874115259e+01 -3.556475842620763217e+01 0.000000000000000000e+00
0.000000000000000000e+00 0.000000000000000000e+00 -1.114582444180803655e+00
-2.976151292308133023e+01 -2.379304824294848686e+01 -3.878872385613384211e+01
-2.285571988661341081e+01 0.000000000000000000e+00 -2.554567047257746282e+01
0.000000000000000000e+00 0.000000000000000000e+00 0.000000000000000000e+00
0.000000000000000000e+00 0.000000000000000000e+00 0.000000000000000000e+00
0.000000000000000000e+00 0.000000000000000000e+00 0.000000000000000000e+00
0.000000000000000000e+00 0.000000000000000000e+00 0.000000000000000000e+00
0.000000000000000000e+00 0.000000000000000000e+00 0.000000000000000000e+00
0.000000000000000000e+00 0.000000000000000000e+00 0.000000000000000000e+00
0.000000000000000000e+00 0.000000000000000000e+00 0.000000000000000000e+00
0.000000000000000000e+00 0.000000000000000000e+00 0.000000000000000000e+00
0.000000000000000000e+00 0.000000000000000000e+00 0.000000000000000000e+00
0.000000000000000000e+00 0.000000000000000000e+00 0.000000000000000000e+00
0.000000000000000000e+00 0.000000000000000000e+00 0.000000000000000000e+00
0.000000000000000000e+00 0.000000000000000000e+00 0.000000000000000000e+00
0.000000000000000000e+00 0.000000000000000000e+00 0.000000000000000000e+00
0.000000000000000000e+00 0.000000000000000000e+00 0.000000000000000000e+00
0.000000000000000000e+00 0.000000000000000000e+00 0.000000000000000000e+00
0.000000000000000000e+00 0.000000000000000000e+00 0.000000000000000000e+00
0.000000000000000000e+00 0.000000000000000000e+00 0.000000000000000000e+00
0.000000000000000000e+00 0.000000000000000000e+00 0.000000000000000000e+00
0.000000000000000000e+00 0.000000000000000000e+00 0.000000000000000000e+00
0.000000000000000000e+00 0.000000000000000000e+00 0.000000000000000000e+00
0.000000000000000000e+00 0.000000000000000000e+00 0.000000000000000000e+00
