0.000000000000000000e+00 0.000000000000000000e+00 0.000000000000000000e+00
0.000000000000000000e+00 0.000000000000000000e+00 0.000000000000000000e+00
nan 0.000000000000000000e+00 0.000000000000000000e+00
0.000000000000000000e+00 0.000000000000000000e+00 0.000000000000000000e+00
nan 0.000000000000000000e+00 nan
nan 0.000000000000000000e+00 0.000000000000000000e+00
nan nan nan
nan nan nan
nan nan nan
nan nan nan
nan nan nan
nan nan nan
nan nan 0.000000000000000000e+00
nan 0.000000000000000000e+00 0.000000000000000000e+00
0.000000000000000000e+00 0.000000000000000000e+00 0.000000000000000000e+00
nan 9.009309404458928653e+118 0.000000000000000000e+00
nan 0.000000000000000000e+00 0.000000000000000000e+00
nan 0.000000000000000000e+00 0.000000000000000000e+00
nan 0.000000000000000000e+00 0.000000000000000000e+00
0.000000000000000000e+00 0.000000000000000000e+00 nan
0.000000000000000000e+00 0.000000000000000000e+00 0.000000000000000000e+00
nan 0.000000000000000000e+00 0.000000000000000000e+00
nan 9.507417358896216319e+269 nan
nan 0.000000000000000000e+00 0.000000000000000000e+00
nan 0.000000000000000000e+00 nan
nan nan nan
nan nan nan
nan nan nan
nan nan nan
nan nan nan
nan nan nan
nan nan nan
nan nan nan
nan nan nan
nan nan 0.000000000000000000e+00
nan 1.416331252149247453e+119 nan
nan nan 0.000000000000000000e+00
0.000000000000000000e+00 nan 0.000000000000000000e+00
nan nan 0.000000000000000000e+00
0.000000000000000000e+00 0.000000000000000000e+00 0.000000000000000000e+00
0.000000000000000000e+00 0.000000000000000000e+00 0.000000000000000000e+00
0.000000000000000000e+00 0.000000000000000000e+00 nan
0.000000000000000000e+00 nan nan
0.000000000000000000e+00 nan 0.000000000000000000e+00
nan nan nan
nan nan nan
nan nan nan
nan nan nan
nan nan nan
nan nan nan
nan nan nan
nan nan nan
nan nan nan
nan nan nan
nan nan nan
nan 0.000000000000000000e+00 0.000000000000000000e+00
nan 0.000000000000000000e+00 nan
nan 0.000000000000000000e+00 0.000000000000000000e+00
0.000000000000000000e+00 0.000000000000000000e+00 0.000000000000000000e+00
0.000000000000000000e+00 0.000000000000000000e+00 0.000000000000000000e+00
0.000000000000000000e+00 0.000000000000000000e+00 0.000000000000000000e+00
0.000000000000000000e+00 0.000000000000000000e+00 0.000000000000000000e+00
nan nan nan
8.185562911634158119e+31 0.000000000000000000e+00 nan
nan nan nan
nan nan nan
nan nan nan
nan nan nan
nan nan nan
nan nan nan
nan nan nan
nan nan nan
nan nan nan
nan nan nan
nan nan nan
nan nan nan
nan 0.000000000000000000e+00 0.000000000000000000e+00
nan 0.000000000000000000e+00 0.000000000000000000e+00
nan 0.000000000000000000e+00 0.000000000000000000e+00
0.000000000000000000e+00 0.000000000000000000e+00 0.000000000000000000e+00
0.000000000000000000e+00 0.000000000000000000e+00 0.000000000000000000e+00
0.000000000000000000e+00 0.000000000000000000e+00 0.000000000000000000e+00
nan 0.000000000000000000e+00 0.000000000000000000e+00
0.000000000000000000e+00 0.000000000000000000e+00 nan
nan nan nan
nan nan nan
nan nan nan
nan nan nan
nan nan nan
nan nan nan
nan nan nan
nan nan nan
nan nan nan
nan nan nan
nan nan nan
nan nan nan
0.000000000000000000e+00 nan 0.000000000000000000e+00
nan 0.000000000000000000e+00 0.000000000000000000e+00
0.000000000000000000e+00 0.000000000000000000e+00 nan
0.000000000000000000e+00 0.000000000000000000e+00 0.000000000000000000e+00
0.000000000000000000e+00 0.000000000000000000e+00 0.000000000000000000e+00
0.000000000000000000e+00 0.000000000000000000e+00 nan
nan 0.000000000000000000e+00 0.000000000000000000e+00
nan nan nan
nan nan nan
nan nan nan
nan nan nan
nan nan nan
nan nan nan
nan nan nan
nan nan nan
nan nan nan
nan nan nan
nan nan nan
nan nan nan
nan nan nan
nan nan nan
nan nan nan
0.000000000000000000e+00 0.000000000000000000e+00 0.000000000000000000e+00
0.000000000000000000e+00 0.000000000000000000e+00 0.000000000000000000e+00
0.000000000000000000e+00 0.000000000000000000e+00 0.000000000000000000e+00
0.000000000000000000e+00 0.000000000000000000e+00 nan
nan 0.000000000000000000e+00 0.000000000000000000e+00
nan nan nan
nan nan nan
nan nan nan
nan nan nan
nan nan nan
nan nan nan
nan nan nan
nan nan nan
nan nan nan
nan nan nan
nan nan nan
nan nan nan
nan nan nan
nan nan nan
nan 0.000000000000000000e+00 0.000000000000000000e+00
nan nan nan
0.000000000000000000e+00 0.000000000000000000e+00 0.000000000000000000e+00
0.000000000000000000e+00 0.000000000000000000e+00 0.000000000000000000e+00
0.000000000000000000e+00 nan 0.000000000000000000e+00
nan 0.000000000000000000e+00 nan
nan nan nan
nan nan nan
nan nan nan
nan nan nan
nan nan nan
nan nan nan
nan nan nan
nan nan nan
nan nan nan
nan nan nan
nan nan nan
nan nan nan
nan nan nan
nan nan nan
nan 0.000000000000000000e+00 nan
nan 0.000000000000000000e+00 nan
0.000000000000000000e+00 0.000000000000000000e+00 0.000000000000000000e+00
0.000000000000000000e+00 0.000000000000000000e+00 0.000000000000000000e+00
nan 0.000000000000000000e+00 0.000000000000000000e+00
nan 0.000000000000000000e+00 0.000000000000000000e+00
0.000000000000000000e+00 nan -2.000000000000000000e+00
nan nan nan
nan nan nan
nan nan nan
nan nan nan
nan nan nan
nan nan nan
nan nan nan
nan nan nan
nan nan nan
nan nan nan
nan nan nan
nan nan nan
nan nan nan
nan 0.000000000000000000e+00 0.000000000000000000e+00
nan 0.000000000000000000e+00 nan
nan 0.000000000000000000e+00 0.000000000000000000e+00
0.000000000000000000e+00 0.000000000000000000e+00 0.000000000000000000e+00
0.000000000000000000e+00 0.000000000000000000e+00 0.000000000000000000e+00
nan nan nan
-3.599999999999999645e+00 nan nan
nan nan nan
nan nan nan
nan nan nan
nan nan nan
nan nan nan
nan nan nan
nan nan nan
nan nan nan
nan nan nan
nan nan nan
nan nan nan
nan nan nan
nan nan nan
nan nan 0.000000000000000000e+00
nan 0.000000000000000000e+00 0.000000000000000000e+00
nan 0.000000000000000000e+00 0.000000000000000000e+00
0.000000000000000000e+00 0.000000000000000000e+00 0.000000000000000000e+00
nan 0.000000000000000000e+00 0.000000000000000000e+00
nan nan 0.000000000000000000e+00
nan nan 0.000000000000000000e+00
nan 0.000000000000000000e+00 1.138464922335308765e+200
nan nan nan
nan nan nan
nan nan nan
nan nan nan
nan nan nan
nan nan nan
nan nan nan
nan nan nan
nan nan nan
nan nan nan
nan nan nan
nan 0.000000000000000000e+00 0.000000000000000000e+00
nan nan 0.000000000000000000e+00
nan 0.000000000000000000e+00 0.000000000000000000e+00
0.000000000000000000e+00 0.000000000000000000e+00 0.000000000000000000e+00
0.000000000000000000e+00 0.000000000000000000e+00 0.000000000000000000e+00
0.000000000000000000e+00 0.000000000000000000e+00 0.000000000000000000e+00
nan nan 2.457993236693921384e+54
nan 0.000000000000000000e+00 nan
nan -2.000000000000000000e+00 1.138464922335308765e+200
nan nan -2.000000000000000000e+00
nan nan nan
nan nan nan
nan nan nan
nan nan nan
nan nan nan
nan nan nan
nan nan nan
nan nan nan
nan nan nan
8.700165062053506120e+125 nan nan
nan 0.000000000000000000e+00 0.000000000000000000e+00
nan 0.000000000000000000e+00 0.000000000000000000e+00
0.000000000000000000e+00 0.000000000000000000e+00 nan
0.000000000000000000e+00 0.000000000000000000e+00 1.008175020265927189e+190
0.000000000000000000e+00 0.000000000000000000e+00 0.000000000000000000e+00
nan nan 0.000000000000000000e+00
nan 0.000000000000000000e+00 nan
nan 0.000000000000000000e+00 nan
0.000000000000000000e+00 nan nan
-2.000000000000000000e+00 nan 0.000000000000000000e+00
nan 3.885152324504534844e+102 2.698022447572593697e+102
nan nan nan
nan nan nan
nan nan nan
nan nan nan
nan nan nan
nan nan nan
nan nan nan
nan -2.000000000000000000e+00 8.772950234283261213e+143
nan 0.000000000000000000e+00 0.000000000000000000e+00
nan 0.000000000000000000e+00 nan
nan 0.000000000000000000e+00 0.000000000000000000e+00
0.000000000000000000e+00 0.000000000000000000e+00 nan
nan 0.000000000000000000e+00 0.000000000000000000e+00
0.000000000000000000e+00 0.000000000000000000e+00 0.000000000000000000e+00
nan 0.000000000000000000e+00 0.000000000000000000e+00
nan 0.000000000000000000e+00 0.000000000000000000e+00
nan 0.000000000000000000e+00 0.000000000000000000e+00
nan 0.000000000000000000e+00 0.000000000000000000e+00
nan 0.000000000000000000e+00 0.000000000000000000e+00
nan nan 0.000000000000000000e+00
nan 4.856440405630668555e+102 nan
2.690885737587506683e+192 nan nan
nan nan nan
nan nan nan
nan nan nan
nan -2.000000000000000000e+00 1.599999999999999645e+00
nan 7.279785225700237394e+238 -7.312284266886399380e+238
nan nan 1.316211168039551865e+239
nan nan 0.000000000000000000e+00
nan 0.000000000000000000e+00 0.000000000000000000e+00
nan 0.000000000000000000e+00 0.000000000000000000e+00
nan 0.000000000000000000e+00 0.000000000000000000e+00
0.000000000000000000e+00 0.000000000000000000e+00 0.000000000000000000e+00
0.000000000000000000e+00 0.000000000000000000e+00 0.000000000000000000e+00
nan 0.000000000000000000e+00 0.000000000000000000e+00
nan 0.000000000000000000e+00 0.000000000000000000e+00
0.000000000000000000e+00 0.000000000000000000e+00 nan
0.000000000000000000e+00 0.000000000000000000e+00 nan
nan 0.000000000000000000e+00 0.000000000000000000e+00
nan 0.000000000000000000e+00 0.000000000000000000e+00
-2.000000000000000000e+00 0.000000000000000000e+00 nan
-2.690885737587506683e+192 nan nan
nan nan nan
nan nan nan
nan nan -3.599999999999999645e+00
0.000000000000000000e+00 2.464000000000000412e+00 nan
nan 0.000000000000000000e+00 0.000000000000000000e+00
nan 0.000000000000000000e+00 0.000000000000000000e+00
nan 0.000000000000000000e+00 nan
nan 0.000000000000000000e+00 nan
nan 0.000000000000000000e+00 0.000000000000000000e+00
nan 0.000000000000000000e+00 0.000000000000000000e+00
0.000000000000000000e+00 0.000000000000000000e+00 0.000000000000000000e+00
0.000000000000000000e+00 0.000000000000000000e+00 0.000000000000000000e+00
nan 0.000000000000000000e+00 0.000000000000000000e+00
nan nan nan
nan nan 0.000000000000000000e+00
0.000000000000000000e+00 0.000000000000000000e+00 nan
nan nan nan
0.000000000000000000e+00 nan nan
nan 0.000000000000000000e+00 nan
nan 0.000000000000000000e+00 0.000000000000000000e+00
-7.323429969453041155e+255 nan nan
nan 0.000000000000000000e+00 -2.000000000000000000e+00
-2.000000000000000000e+00 nan nan
nan 7.639180501613764795e+232 0.000000000000000000e+00
nan nan nan
0.000000000000000000e+00 0.000000000000000000e+00 nan
nan nan 0.000000000000000000e+00
0.000000000000000000e+00 nan nan
2.352776118791957911e+95 0.000000000000000000e+00 nan
nan 0.000000000000000000e+00 0.000000000000000000e+00
0.000000000000000000e+00 0.000000000000000000e+00 0.000000000000000000e+00
0.000000000000000000e+00 0.000000000000000000e+00 0.000000000000000000e+00
nan 0.000000000000000000e+00 0.000000000000000000e+00
nan nan 0.000000000000000000e+00
0.000000000000000000e+00 nan 0.000000000000000000e+00
nan 0.000000000000000000e+00 nan
0.000000000000000000e+00 nan 0.000000000000000000e+00
nan nan 0.000000000000000000e+00
nan 0.000000000000000000e+00 nan
0.000000000000000000e+00 0.000000000000000000e+00 nan
nan nan 0.000000000000000000e+00
nan 0.000000000000000000e+00 nan
nan 0.000000000000000000e+00 0.000000000000000000e+00
nan 0.000000000000000000e+00 nan
nan nan 0.000000000000000000e+00
nan 0.000000000000000000e+00 nan
nan 0.000000000000000000e+00 0.000000000000000000e+00
0.000000000000000000e+00 nan 0.000000000000000000e+00
nan 0.000000000000000000e+00 nan
nan 0.000000000000000000e+00 0.000000000000000000e+00
0.000000000000000000e+00 0.000000000000000000e+00 0.000000000000000000e+00
0.000000000000000000e+00 0.000000000000000000e+00 0.000000000000000000e+00
0.000000000000000000e+00 0.000000000000000000e+00 nan
nan 0.000000000000000000e+00 nan
nan nan 0.000000000000000000e+00
0.000000000000000000e+00 nan 0.000000000000000000e+00
nan 0.000000000000000000e+00 0.000000000000000000e+00
nan 0.000000000000000000e+00 0.000000000000000000e+00
nan 0.000000000000000000e+00 0.000000000000000000e+00
nan 0.000000000000000000e+00 0.000000000000000000e+00
0.000000000000000000e+00 0.000000000000000000e+00 nan
0.000000000000000000e+00 0.000000000000000000e+00 0.000000000000000000e+00
nan 0.000000000000000000e+00 0.000000000000000000e+00
0.000000000000000000e+00 0.000000000000000000e+00 nan
0.000000000000000000e+00 nan 0.000000000000000000e+00
0.000000000000000000e+00 nan 0.000000000000000000e+00
3.419210861204893237e+160 0.000000000000000000e+00 nan
nan 0.000000000000000000e+00 0.000000000000000000e+00
nan 0.000000000000000000e+00 0.000000000000000000e+00
nan 0.000000000000000000e+00 nan
0.000000000000000000e+00 0.000000000000000000e+00 0.000000000000000000e+00
0.000000000000000000e+00 0.000000000000000000e+00 0.000000000000000000e+00
nan 0.000000000000000000e+00 0.000000000000000000e+00
nan 0.000000000000000000e+00 0.000000000000000000e+00
0.000000000000000000e+00 0.000000000000000000e+00 0.000000000000000000e+00
0.000000000000000000e+00 nan 0.000000000000000000e+00
nan nan 0.000000000000000000e+00
nan 0.000000000000000000e+00 0.000000000000000000e+00
nan nan 0.000000000000000000e+00
0.000000000000000000e+00 0.000000000000000000e+00 0.000000000000000000e+00
0.000000000000000000e+00 0.000000000000000000e+00 0.000000000000000000e+00
0.000000000000000000e+00 0.000000000000000000e+00 0.000000000000000000e+00
nan 0.000000000000000000e+00 nan
0.000000000000000000e+00 nan 0.000000000000000000e+00
nan 0.000000000000000000e+00 8.093611124617779151e+185
nan nan nan
2.019554315027083749e+137 0.000000000000000000e+00 0.000000000000000000e+00
0.000000000000000000e+00 1.419129877475407536e+129 0.000000000000000000e+00
nan 0.000000000000000000e+00 0.000000000000000000e+00
0.000000000000000000e+00 nan nan
0.000000000000000000e+00 0.000000000000000000e+00 0.000000000000000000e+00
0.000000000000000000e+00 0.000000000000000000e+00 0.000000000000000000e+00
0.000000000000000000e+00 0.000000000000000000e+00 0.000000000000000000e+00
0.000000000000000000e+00 0.000000000000000000e+00 0.000000000000000000e+00
0.000000000000000000e+00 0.000000000000000000e+00 0.000000000000000000e+00
0.000000000000000000e+00 0.000000000000000000e+00 0.000000000000000000e+00
0.000000000000000000e+00 0.000000000000000000e+00 0.000000000000000000e+00
0.000000000000000000e+00 0.000000000000000000e+00 0.000000000000000000e+00
0.000000000000000000e+00 0.000000000000000000e+00 0.000000000000000000e+00
0.000000000000000000e+00 0.000000000000000000e+00 0.000000000000000000e+00
0.000000000000000000e+00 0.000000000000000000e+00 0.000000000000000000e+00
0.000000000000000000e+00 0.000000000000000000e+00 0.000000000000000000e+00
0.000000000000000000e+00 0.000000000000000000e+00 0.000000000000000000e+00
0.000000000000000000e+00 0.000000000000000000e+00 0.000000000000000000e+00
0.000000000000000000e+00 0.000000000000000000e+00 0.000000000000000000e+00
0.000000000000000000e+00 0.000000000000000000e+00 0.000000000000000000e+00
0.000000000000000000e+00 0.000000000000000000e+00 0.000000000000000000e+00
0.000000000000000000e+00 0.000000000000000000e+00 0.000000000000000000e+00
0.000000000000000000e+00 0.000000000000000000e+00 0.000000000000000000e+00
0.000000000000000000e+00 0.000000000000000000e+00 0.000000000000000000e+00
0.000000000000000000e+00 0.000000000000000000e+00 0.000000000000000000e+00
