0.000000000000000000e+00 0.000000000000000000e+00 0.000000000000000000e+00
-2.650777794274490518e+01 0.000000000000000000e+00 0.000000000000000000e+00
-4.233816113660063962e+01 0.000000000000000000e+00 -2.996121553273868443e+01
-3.470502040533826005e+01 -5.249685497473120677e+01 -2.769370266619728582e+01
-9.735142721074777228e+01 -9.771432019432454297e+01 -9.791139717832984957e+01
-9.972834452433558283e+01 -9.775687424244215151e+01 -9.742982475471943360e+01
-9.893982987395845896e+01 -9.650358878643754679e+01 -9.912625001117459078e+01
-9.977620567367620197e+01 -9.913343573913233797e+01 -9.864617548099450062e+01
-1.010380200874645311e+02 -1.004201923574638187e+02 -1.004152062108405659e+02
-1.013124168818817736e+02 -1.005770622836712818e+02 -1.011789050422341489e+02
-1.033975291180425558e+02 -1.025605261391077789e+02 -1.036763007162537065e+02
-1.030355873105530975e+02 -1.028414142611985937e+02 -1.030352487293207560e+02
-9.392880957201741410e+01 -9.290483609121476150e+01 -9.681063118522055788e+01
-4.011448030831734712e+01 0.000000000000000000e+00 0.000000000000000000e+00
0.000000000000000000e+00 0.000000000000000000e+00 0.000000000000000000e+00
-4.636106505242334919e+01 0.000000000000000000e+00 0.000000000000000000e+00
-4.569912722715579179e+01 0.000000000000000000e+00 0.000000000000000000e+00
-5.157695762339690049e+01 0.000000000000000000e+00 -2.361127944309673765e+01
0.000000000000000000e+00 0.000000000000000000e+00 0.000000000000000000e+00
0.000000000000000000e+00 0.000000000000000000e+00 0.000000000000000000e+00
0.000000000000000000e+00 0.000000000000000000e+00 0.000000000000000000e+00
-2.494608282312805869e+01 -1.332562200231836691e+01 0.000000000000000000e+00
-3.028885016141878594e+01 -3.624980480831212049e+01 -2.318974574575782555e+01
-9.517617487238472052e+01 -7.068432167338502836e+01 -1.068966761805237411e+02
-9.770345877652579247e+01 -1.211911372660527775e+02 -1.009926349117183122e+02
-9.937813558639942357e+01 -9.842913452528486573e+01 -9.839388408601236335e+01
-1.005796371085562271e+02 -9.937093177299061608e+01 -1.003943165765224421e+02
-1.003175457274784890e+02 -1.005098421002353177e+02 -1.002855639712969378e+02
-9.996899896579792255e+01 -1.072329308011152023e+02 -1.003080010570108271e+02
-9.889470333858832873e+01 -9.939395133815057193e+01 -9.942732846977702366e+01
-1.009802763819454867e+02 -1.010569829444122831e+02 -1.001515921099059057e+02
-1.006157622593830894e+02 -1.004254125664835584e+02 -1.015462398607481873e+02
-1.030884852560053417e+02 -1.030722176457206416e+02 -1.028727269229414958e+02
-1.015672299497700806e+02 -1.018294684123522416e+02 -1.017984303027261888e+02
-4.705653219853014235e+01 -5.660116022419525450e+01 -1.204879282356905179e+01
-1.909754045625224705e+01 0.000000000000000000e+00 0.000000000000000000e+00
-8.950993215609156550e+01 -6.663592513011123231e+01 -7.940682979585599810e+01
-2.552078662956778388e+01 -4.126333341544962963e+01 -4.178945518702334994e+01
-3.769271953801383290e+01 0.000000000000000000e+00 -2.676324283926491887e+01
0.000000000000000000e+00 0.000000000000000000e+00 0.000000000000000000e+00
0.000000000000000000e+00 0.000000000000000000e+00 0.000000000000000000e+00
0.000000000000000000e+00 0.000000000000000000e+00 0.000000000000000000e+00
-6.012658947177568791e+01 -6.946184126878354448e+01 -4.018018412188152411e+01
-1.013798805631482338e+02 -9.876538574187350150e+01 -9.982230598994792103e+01
-9.912782898718774049e+01 -9.930855533106020516e+01 -9.928348995704135405e+01
-1.014292167339020665e+02 -1.027148006254292198e+02 -1.027250356038639723e+02
-1.056952553535754333e+02 -1.028454569751716861e+02 -1.031127559331943075e+02
-1.046031995282572495e+02 -1.085547542251482724e+02 -1.024089052826734303e+02
-1.088994082429506420e+02 -1.067627438982750618e+02 -1.082082687024290522e+02
-1.090357799581873479e+02 -1.076319721807544170e+02 -1.096984104775419269e+02
-1.076815789029438548e+02 -1.131031553584125362e+02 -1.090001264212083925e+02
-1.089063220543212793e+02 -1.070365258501703067e+02 -1.097677735785142374e+02
-1.019573504017177186e+02 -1.037084855525058060e+02 -1.025821274410837702e+02
-1.023354088660304342e+02 -1.020530782847311286e+02 -1.024070357666053752e+02
-1.011442047082511948e+02 -1.013337127341977606e+02 -1.010556777216484932e+02
-3.921810599872654279e+01 -5.079809134468641219e+01 -4.366829712064193814e+01
-3.617426052366761979e+01 0.000000000000000000e+00 0.000000000000000000e+00
-1.570321435208581384e+01 -2.399200933838388039e+01 -4.672503923416184080e+01
-4.527416734932678111e+01 0.000000000000000000e+00 0.000000000000000000e+00
0.000000000000000000e+00 0.000000000000000000e+00 0.000000000000000000e+00
0.000000000000000000e+00 0.000000000000000000e+00 0.000000000000000000e+00
-3.038706698297923126e+01 -2.788743851515026506e+01 0.000000000000000000e+00
-7.305080195120250153e+01 -1.047443398810576838e+02 -9.398321541136944290e+01
-1.022607075145876792e+02 -1.015222030596404039e+02 -1.022019405475935940e+02
-1.018855494781431474e+02 -1.039441862612209775e+02 -1.032614033223502332e+02
-1.036654199328610559e+02 -1.051925477095864636e+02 -1.036376537842337626e+02
-1.078853759219836803e+02 -1.056210014023359065e+02 -1.071703436982418935e+02
-1.118785364661220001e+02 -1.098391538785451047e+02 -1.123733399979704899e+02
-1.155040601249003487e+02 -1.140797171239725998e+02 -1.115788862011757772e+02
-1.160068593239257098e+02 -1.150829005634554960e+02 -1.137343812028644265e+02
-1.136284726997047159e+02 -1.198307139165990662e+02 -1.184951509818673827e+02
-1.148390367455404117e+02 -1.147642875749187965e+02 -1.148621616678182988e+02
-1.161012258067527370e+02 -1.112734776826118264e+02 -1.181811985296712919e+02
-1.042067219125753610e+02 -1.067386869230286663e+02 -1.076066673371842626e+02
-1.018028854251472808e+02 -1.008248550862636534e+02 -1.012564383599248288e+02
-9.984315096190849204e+01 -1.001583183635295313e+02 -1.003339686978905263e+02
-7.454016221397415620e+01 -5.524126415090927367e+01 -6.952651178906140217e+01
-8.081663168065561820e+01 -8.146940537314691255e+01 -1.008200712732978275e+02
0.000000000000000000e+00 -3.606519402705696109e+01 0.000000000000000000e+00
0.000000000000000000e+00 0.000000000000000000e+00 0.000000000000000000e+00
0.000000000000000000e+00 0.000000000000000000e+00 0.000000000000000000e+00
-5.958992016298807926e+01 -2.631122468530368508e+01 -4.649791039827324823e+01
-1.016943269273464523e+02 -1.189340354384192295e+02 -1.248163050029917542e+02
-1.030872684094611884e+02 -1.027208214617679261e+02 -1.032554869288604351e+02
-1.044424565956776689e+02 -1.037137817940434275e+02 -1.051545036051692392e+02
-1.043784230343710817e+02 -1.051609857631595446e+02 -1.100973667627705339e+02
-1.108580805974445127e+02 -1.121967115338054555e+02 -1.152173255520339552e+02
-1.123564851556141519e+02 -1.175969912511189079e+02 -1.223025262427090354e+02
-1.306504101209546036e+02 -1.307787763212370180e+02 -1.306664842203879005e+02
-1.332847906596973075e+02 -1.304566184859214104e+02 -1.308974204381973721e+02
-1.330624812126604581e+02 -1.299735358128525320e+02 -1.296356424409800923e+02
-1.319537657629458067e+02 -1.308634677146234537e+02 -1.295064369640854238e+02
-1.220378398032410132e+02 -1.238241171027078025e+02 -1.168463072978162103e+02
-1.160465314294020942e+02 -1.158024252056003434e+02 -1.105574755229188924e+02
-1.023084528344904669e+02 -1.050767350769584141e+02 -1.056747929847376923e+02
-1.013657237155927788e+02 -1.011025340082906183e+02 -1.010538391246158056e+02
-8.773097751655265597e+01 -9.032457747227832101e+01 -8.903897297570684088e+01
-7.833750954148860046e+01 -5.494682356403678369e+01 -3.873483904616907836e+01
-2.765911449384713094e+01 -4.957500755812689874e+01 0.000000000000000000e+00
0.000000000000000000e+00 0.000000000000000000e+00 0.000000000000000000e+00
0.000000000000000000e+00 0.000000000000000000e+00 0.000000000000000000e+00
-3.307461081876795816e+01 -2.025146460333948184e+01 0.000000000000000000e+00
-1.066615728332205322e+02 -1.223851214834560892e+02 -1.073943113520311101e+02
-1.170554959512538318e+02 -1.057321075520258518e+02 -1.058712278966989828e+02
-1.061766914987438355e+02 -1.056100167265167329e+02 -1.068273768110596649e+02
-1.071933389166928663e+02 -1.108200224922547648e+02 -1.111965309416711420e+02
-1.117868038780009812e+02 -1.201991262712952988e+02 -1.163676776790063059e+02
-1.223291765022090658e+02 -1.308426491690181024e+02 -1.328423112002641631e+02
-1.366159328353598141e+02 -1.368924758174211718e+02 -1.376420938115120975e+02
-1.410440074321358281e+02 -1.402161171562766526e+02 -1.400258541108492807e+02
-1.421066925548716426e+02 -1.421614352736887668e+02 -1.402685244977373884e+02
-1.368520599261140376e+02 -1.422911908888723929e+02 -1.380538700871510400e+02
-1.285528530294489826e+02 -1.235530772491448488e+02 -1.314528721477611271e+02
-1.217882957602021463e+02 -1.243322793211909385e+02 -1.161312617676124859e+02
-1.084221314507341560e+02 -1.127376983932598762e+02 -1.126999760510593234e+02
-1.015876189413886266e+02 -1.020271223856368010e+02 -1.011033595766177342e+02
-9.903556090575123960e+01 -9.930265517434034450e+01 -9.947901698033867035e+01
-8.792861377219790597e+01 -5.829482649025575114e+01 -5.565103690304755446e+01
-6.916586351805804611e+01 -4.132999773877240557e+01 -8.599075584285461105e+01
0.000000000000000000e+00 0.000000000000000000e+00 0.000000000000000000e+00
0.000000000000000000e+00 0.000000000000000000e+00 0.000000000000000000e+00
-3.499999999999999778e-01 0.000000000000000000e+00 0.000000000000000000e+00
-1.074058266376789703e+02 -1.063549904610602255e+02 -1.067008274989139949e+02
-1.066316090202971907e+02 -1.065075825272917882e+02 -1.065322758142501556e+02
-1.075132963351394011e+02 -1.194199858459452201e+02 -1.097479460432247436e+02
-1.088029263793037842e+02 -1.128248124874159117e+02 -1.099159767671295640e+02
-1.144008763128561981e+02 -1.199522316760356659e+02 -1.198885750396169669e+02
-1.334580881921123421e+02 -1.309816142914516490e+02 -1.334295857211504881e+02
-1.405091658474375720e+02 -1.490748221967094764e+02 -1.433946096847090246e+02
-1.675243879690326310e+02 -1.664357369419484201e+02 -1.675579656723158735e+02
-1.695530989209547670e+02 -1.703482545636838665e+02 -1.582188211036333882e+02
-1.506236330422786409e+02 -1.537450302236995583e+02 -1.477367415853421164e+02
-1.411689348547390921e+02 -1.405559335971342989e+02 -1.403091931231379874e+02
-1.324495182035368543e+02 -1.266222209929776881e+02 -1.327350047363789827e+02
-1.142371373935563383e+02 -1.149010286143548143e+02 -1.142467276140188375e+02
-1.043671414828561694e+02 -1.030916736354230210e+02 -1.036814510857007008e+02
-1.002551869483129110e+02 -9.977615839468568026e+01 -1.002524822950871481e+02
-8.009573183361075621e+01 -8.690349932462109450e+01 -7.773898515800041764e+01
-7.028072415498017733e+01 0.000000000000000000e+00 -2.516964700403725885e+01
0.000000000000000000e+00 0.000000000000000000e+00 0.000000000000000000e+00
0.000000000000000000e+00 0.000000000000000000e+00 0.000000000000000000e+00
0.000000000000000000e+00 0.000000000000000000e+00 0.000000000000000000e+00
-1.070149766058933807e+02 -1.072452770762060510e+02 -1.073098780788621696e+02
-1.077086218595649996e+02 -1.084325352363415220e+02 -1.077590052725602590e+02
-1.086401088133613939e+02 -1.102098162733453677e+02 -1.091811629806691002e+02
-1.091934280788246241e+02 -1.146121315583171878e+02 -1.143084117421065855e+02
-1.241003309923053450e+02 -1.180010889627185691e+02 -1.270056992765580191e+02
-1.347312443330646090e+02 -1.313665426724799090e+02 -1.316146115743656253e+02
-1.403132423973694358e+02 -1.396857179662952717e+02 -1.410800185285434907e+02
-1.548060862030635292e+02 -1.676879833367723052e+02 -1.678875746164152361e+02
-1.649207285825995086e+02 -1.703077876868428575e+02 -1.715594639474249163e+02
-1.567964349565335453e+02 -1.557689163950199145e+02 -1.515525617613031670e+02
-1.445736998741707851e+02 -1.500849590097675161e+02 -1.399414339571622179e+02
-1.386032999459814334e+02 -1.382669788876826260e+02 -1.381288383671546001e+02
-1.172332103079993999e+02 -1.181663694122777031e+02 -1.159434528926103241e+02
-1.026577923889491757e+02 -1.094894214484377528e+02 -1.117550908776178176e+02
-1.027332736287809780e+02 -9.800256766765613747e+01 -9.964230163583461319e+01
-8.191242797937046305e+01 -7.942658991242373645e+01 -7.846199252239473765e+01
-8.250298193183863305e+01 0.000000000000000000e+00 0.000000000000000000e+00
-1.090609869583495239e+01 0.000000000000000000e+00 0.000000000000000000e+00
0.000000000000000000e+00 0.000000000000000000e+00 0.000000000000000000e+00
-3.281844790420822733e+01 -3.094744546628132298e+01 -3.033939431012089472e+01
-1.074609055643948494e+02 -1.073225648972658064e+02 -1.255842664231370378e+02
-1.086522949549805759e+02 -1.087727137783530083e+02 -1.087809648020621296e+02
-1.097134656360913283e+02 -1.116729208433375788e+02 -1.109826433116111843e+02
-1.138218277406505194e+02 -1.105395989457745287e+02 -1.129419050647953071e+02
-1.229088974979058264e+02 -1.209675508415088530e+02 -1.252950052821682192e+02
-1.235982112683362857e+02 -1.261523193890596986e+02 -1.273700394130035818e+02
-1.349700156398679667e+02 -1.317206804702487091e+02 -1.347711855679744986e+02
-1.559692925738237648e+02 -1.506641693169329699e+02 -1.498073291885920355e+02
-1.481537171761755189e+02 -1.486825204966310423e+02 -1.493408701295621483e+02
-1.481863477426936981e+02 -1.495974710123026341e+02 -1.419932158895015561e+02
-1.447078863667729252e+02 -1.451284346342166600e+02 -1.395710986714159390e+02
-1.383811367154627874e+02 -1.384104453432527464e+02 -1.386371665896520824e+02
-1.204076746074552346e+02 -1.155045848367020795e+02 -1.162912759493518706e+02
-1.113762361946919697e+02 -1.032769834821804693e+02 -9.990861050165491974e+01
-9.816458942649501296e+01 -9.593020792298412402e+01 -9.858111129407450335e+01
-7.875184926918701933e+01 -8.552628182794066447e+01 -8.027949385036312435e+01
-5.193067512543404973e+01 0.000000000000000000e+00 0.000000000000000000e+00
0.000000000000000000e+00 0.000000000000000000e+00 0.000000000000000000e+00
0.000000000000000000e+00 0.000000000000000000e+00 0.000000000000000000e+00
-5.967857616677678578e+01 0.000000000000000000e+00 0.000000000000000000e+00
-1.205221133548350849e+02 -9.453184590931697073e+01 -1.115344376381493134e+02
-1.095276715182411493e+02 -1.095875185540197947e+02 -1.098616141791053451e+02
-1.106911626674237255e+02 -1.111965054567777145e+02 -1.112049165783445801e+02
-1.171527390338590351e+02 -1.124431466375544773e+02 -1.131271429369553516e+02
-1.213653210433619449e+02 -1.185518644109623949e+02 -1.200726397084365686e+02
-1.252041396694134079e+02 -1.251048881534882753e+02 -1.268084699666988655e+02
-1.277263946383303903e+02 -1.296709832057913729e+02 -1.305165994601151169e+02
-1.308253912241778210e+02 -1.385991443180490421e+02 -1.386556180599595791e+02
-1.373904969168855814e+02 -1.394185043920057012e+02 -1.395432170482969809e+02
-1.398792655605707864e+02 -1.375342363449076117e+02 -1.355689027702478313e+02
-1.374627132365281739e+02 -1.369757959117359292e+02 -1.375105809483994506e+02
-1.345332209649308197e+02 -1.339806189325346111e+02 -1.344165666523184655e+02
-1.234541324844022654e+02 -1.162014125100601944e+02 -1.098367788595833616e+02
-1.034207651360703437e+02 -1.013236353945770247e+02 -9.515577241606301584e+01
-9.971202984182168905e+01 -9.701370794637030315e+01 -9.839658615583331880e+01
-8.916224189760129093e+01 -7.778457641340740736e+01 -7.807640159968055116e+01
-3.552319184412780828e+01 -4.773496899314174158e+01 -2.124146300891965211e+01
0.000000000000000000e+00 0.000000000000000000e+00 0.000000000000000000e+00
0.000000000000000000e+00 0.000000000000000000e+00 0.000000000000000000e+00
-4.900616688002967436e+01 0.000000000000000000e+00 0.000000000000000000e+00
-3.010117095910602814e+01 -3.445540612236425204e+01 -4.929791030264797769e+01
-1.030335911097086239e+02 -1.110008742789242575e+02 -1.108450157372815852e+02
-1.117474520461067442e+02 -1.110132687285626929e+02 -1.118397343617261299e+02
-1.135141933665904332e+02 -1.240489874583549863e+02 -1.140811974411081735e+02
-1.147647462868193458e+02 -1.183698742842390885e+02 -1.193480172482739761e+02
-1.213533541994284946e+02 -1.213638426797569281e+02 -1.219189713391478023e+02
-1.289520962854222716e+02 -1.285224901611434802e+02 -1.288705073106093550e+02
-1.296526310700214140e+02 -1.313865580012819407e+02 -1.306215632105558200e+02
-1.307183103774766835e+02 -1.311524224566824444e+02 -1.311770656739975038e+02
-1.312986278292950146e+02 -1.315407110732727460e+02 -1.312612708395305958e+02
-1.310847349434250191e+02 -1.329528139700663587e+02 -1.328393668727571537e+02
-1.321271443050978860e+02 -1.243569052577610563e+02 -1.288252342633997785e+02
-1.157197194753114928e+02 -1.139887187174607703e+02 -1.174421764667965817e+02
-9.911962815502938895e+01 -1.019103885496470241e+02 -8.260366757278112004e+01
-9.769261204952560718e+01 -9.007130183514851751e+01 -9.809914812267943773e+01
-9.099063551680680462e+01 -8.393484696190708405e+01 -6.160533259199452516e+01
-5.540197590004150641e+01 -5.713293537861605387e+01 -6.131444732417192256e+01
0.000000000000000000e+00 0.000000000000000000e+00 0.000000000000000000e+00
0.000000000000000000e+00 0.000000000000000000e+00 0.000000000000000000e+00
0.000000000000000000e+00 0.000000000000000000e+00 0.000000000000000000e+00
0.000000000000000000e+00 0.000000000000000000e+00 -2.440024041771680174e+01
-1.024183641305452852e+02 -1.059672879663673370e+02 -9.864856345954675021e+01
-1.093698555226511502e+02 -1.133629435964611503e+02 -1.107348824640563123e+02
-1.122801908145255254e+02 -1.141065366919688415e+02 -1.154644997221914906e+02
-1.171543297879636896e+02 -1.179609634862067509e+02 -1.159278641586529659e+02
-1.217205502910657771e+02 -1.175635924939687698e+02 -1.194123197064991615e+02
-1.211414301775174920e+02 -1.241983562927858884e+02 -1.247351988251650852e+02
-1.228911885074943342e+02 -1.262637046896982156e+02 -1.252810219763752428e+02
-1.270104604862935389e+02 -1.253393202801210435e+02 -1.294711236509230332e+02
-1.282393723403048398e+02 -1.340390016675954712e+02 -1.319289489954016403e+02
-1.300687987967161519e+02 -1.299179764523735514e+02 -1.257834651132555166e+02
-1.240868301950576296e+02 -1.250030011265328937e+02 -1.240723287264847556e+02
-1.154024593638741152e+02 -1.038072035385868048e+02 -1.091013339050298612e+02
-9.548977838101649240e+01 -9.457961474641437860e+01 -7.831957985862590021e+01
-9.092551602109786302e+01 -9.088765405813333587e+01 -8.574908620452109176e+01
-2.231045907624682911e+01 -4.529188067806848750e+01 -3.187042926520039643e+01
-3.629290574988907991e+01 -4.079614540256645228e+01 -6.295757148532008074e+01
-4.225249666319953690e+01 0.000000000000000000e+00 0.000000000000000000e+00
0.000000000000000000e+00 0.000000000000000000e+00 0.000000000000000000e+00
-2.930091957154716553e+01 -4.224982067020999921e+01 0.000000000000000000e+00
-1.845645308207394208e+01 -2.192335666338831501e+01 -5.310845878438937717e+01
-6.261716209251065379e+01 -6.416500840622896362e+01 -4.390192799204674401e+01
-1.113649202239156466e+02 -1.122024572465130632e+02 -1.135274133809306250e+02
-1.120290429174052633e+02 -1.141688552139040240e+02 -1.133368686485156900e+02
-1.162132618105913480e+02 -1.156642142546828751e+02 -1.164454312498851323e+02
-1.197161633298828178e+02 -1.219861345470517620e+02 -1.192554031694048149e+02
-1.201214557227848587e+02 -1.211141980568685170e+02 -1.213721562746227391e+02
-1.218878709001046161e+02 -1.232697281249451891e+02 -1.229465793160733540e+02
-1.250186402510475858e+02 -1.241114392740333727e+02 -1.250028654677655027e+02
-1.260578853556253733e+02 -1.265443011833765468e+02 -1.265976902387868961e+02
-1.264218379302867845e+02 -1.261958703255580190e+02 -1.261708675575638949e+02
-1.204033188151428817e+02 -1.205558496856933317e+02 -1.215593310328901993e+02
-9.273188576002300465e+01 -8.640029606250206484e+01 -7.913195052490362968e+01
-9.304616469745825214e+01 -9.500041058437629715e+01 -7.572853323304498474e+01
-6.817513914287650323e+01 -7.242574942956001394e+01 -6.312932698030249412e+01
-3.854922018244550230e+01 -4.608391004136277047e+01 -5.388979892200217847e+01
-3.361687704934249155e+01 -6.917806053531359112e+01 -4.587198781333553654e+01
0.000000000000000000e+00 0.000000000000000000e+00 0.000000000000000000e+00
0.000000000000000000e+00 0.000000000000000000e+00 0.000000000000000000e+00
0.000000000000000000e+00 -4.043398490947501500e+01 0.000000000000000000e+00
-4.939494012922435218e+01 0.000000000000000000e+00 0.000000000000000000e+00
0.000000000000000000e+00 0.000000000000000000e+00 -1.588653399270009281e+01
-4.927817092587979175e+01 0.000000000000000000e+00 0.000000000000000000e+00
-1.132735276364746824e+02 -1.210075704993581240e+02 -1.195527287748382719e+02
-1.153062839101063446e+02 -1.171682227062061799e+02 -1.170129726534590020e+02
-1.172167568891665042e+02 -1.193110141140178513e+02 -1.193128350880788986e+02
-1.201815897757671934e+02 -1.215346472650187906e+02 -1.217730504454626583e+02
-1.231020940905162746e+02 -1.230804123241318706e+02 -1.232752917078619959e+02
-1.245755525785972679e+02 -1.251317017667216334e+02 -1.251932361957411359e+02
-1.253952056427854700e+02 -1.258740926846865875e+02 -1.256361653999973669e+02
-1.211058214069823435e+02 -1.105660077497358031e+02 -1.193004135111268766e+02
-9.573653080740920984e+01 -1.080560089245797286e+02 -7.700829427813167172e+01
-7.908576884361465886e+01 -8.007956593612871643e+01 -7.905841805879725825e+01
-7.116298503249247176e+01 -6.404568843490565655e+01 -6.771994061822032052e+01
-4.968971292815035667e+01 -4.398164149440756887e+01 -6.719792376837438042e+01
-4.454619311909181079e+01 -5.755394216382345718e+01 0.000000000000000000e+00
-6.988441982900943117e+01 -4.454160997125106292e+01 -4.455192939506827798e+01
0.000000000000000000e+00 0.000000000000000000e+00 0.000000000000000000e+00
0.000000000000000000e+00 0.000000000000000000e+00 0.000000000000000000e+00
0.000000000000000000e+00 0.000000000000000000e+00 0.000000000000000000e+00
-4.576218743066703354e+01 0.000000000000000000e+00 0.000000000000000000e+00
-5.064246945892686824e+01 0.000000000000000000e+00 0.000000000000000000e+00
-3.473520825957481151e+01 -4.014112654021656112e+01 -6.569725695182428993e+00
-6.917865171892906062e+01 -1.927437588151434866e+01 -4.124802777645871288e+01
-1.209425733552341455e+02 -1.165807432154553993e+02 -1.167913142785407246e+02
-1.180332109861125218e+02 -1.245599255036250099e+02 -1.189379781983351734e+02
-1.347251735983505512e+02 -1.244445729496729456e+02 -1.225261766608691119e+02
-1.226010773405294856e+02 -1.235310096399601889e+02 -1.235343095619344354e+02
-1.240608368749216197e+02 -1.248371923092836511e+02 -1.249834717479730983e+02
-1.308168584955599556e+02 -1.075522807535916172e+02 -1.001282421191295384e+02
-1.011438735593299185e+02 -1.014484641649748511e+02 -9.138572880876191107e+01
-8.459248855120205235e+01 -8.078768745057566036e+01 -6.739444650889804223e+01
-7.844639111309996338e+01 -7.587523851158701405e+01 -4.479061596540238099e+01
-7.296616424740119555e+01 -6.053552195015338100e+01 -5.266245297463246544e+01
-4.350162900754138207e+01 0.000000000000000000e+00 0.000000000000000000e+00
-2.433474907676269794e+01 -1.126522558536434815e+01 -3.478166146921194013e+01
-4.900356485085244884e+01 0.000000000000000000e+00 -3.270673447937445388e+01
0.000000000000000000e+00 0.000000000000000000e+00 0.000000000000000000e+00
0.000000000000000000e+00 0.000000000000000000e+00 0.000000000000000000e+00
-4.505330683008413928e+01 0.000000000000000000e+00 0.000000000000000000e+00
-5.382144467334658344e+01 -5.722857358290109175e+01 -9.081562784673954525e+01
0.000000000000000000e+00 -5.587491962813022184e+01 0.000000000000000000e+00
-5.865009827233414796e+01 0.000000000000000000e+00 0.000000000000000000e+00
-4.689758940850398261e+01 -6.244708244211741999e+01 -4.613137633873940047e+01
-1.740093452832392984e+01 -3.912965985629064392e+01 -2.148974781912338372e+01
-1.170864535627358407e+02 -1.173244714023781086e+02 -1.176758619410796740e+02
-1.199445758214036317e+02 -1.190518534702589761e+02 -1.199269391829301554e+02
-1.214691045220914134e+02 -1.209163562734174491e+02 -1.214703144513253790e+02
-1.227923607805789601e+02 -1.221332380025118880e+02 -1.225775942005788153e+02
-9.985870352304193887e+01 -1.023767168814630821e+02 -8.875824217246648118e+01
-9.194554080476191871e+01 -8.224321196703733960e+01 -9.080522333720767847e+01
-6.190525914894726611e+01 -5.533166724134373737e+01 -6.569922202511806120e+01
-4.340610104257228841e+01 -4.851471419635034010e+01 -2.983534660456178145e+01
-4.943408168608725362e+01 -4.692336633606230123e+01 -1.047371836775390541e+01
-8.421127943004908900e+01 -1.355331294627818295e+01 0.000000000000000000e+00
-1.805707974249289194e+01 -4.564708990152371371e+01 0.000000000000000000e+00
-4.108180225358611182e+01 -3.145514830015114427e+01 0.000000000000000000e+00
0.000000000000000000e+00 0.000000000000000000e+00 0.000000000000000000e+00
0.000000000000000000e+00 0.000000000000000000e+00 0.000000000000000000e+00
-4.928370970935296924e+01 -7.178252268176505524e+00 0.000000000000000000e+00
0.000000000000000000e+00 -1.207459216167982952e+01 0.000000000000000000e+00
0.000000000000000000e+00 -2.588176668085068854e+01 -2.920518360151779902e+01
-4.308084243434522875e+01 0.000000000000000000e+00 -3.426764371515095320e+01
0.000000000000000000e+00 0.000000000000000000e+00 0.000000000000000000e+00
-6.652972039400694371e+01 -8.053988474442854795e+01 -5.716216600422190197e+01
-5.595018532777621090e+01 -3.961472666464845815e+01 0.000000000000000000e+00
-1.190339038946592041e+02 -1.224405793372814770e+02 -1.191218883405833537e+02
-1.200511939225932139e+02 -1.200798651029837885e+02 -1.207373164383928383e+02
-1.084227807058912560e+02 -1.068749903327479416e+02 -1.021997763576035396e+02
-8.767331790497533461e+01 -8.842049407328680388e+01 -7.889024214817368374e+01
-7.974419917994545415e+01 -7.602599996282087602e+01 -6.950270907969317591e+01
-5.631368603889722380e+01 -3.242038183336922685e+01 -2.918520483967462908e+01
-2.860768387124000611e+01 -1.589603926467733963e+01 -1.181086524175464447e+01
0.000000000000000000e+00 0.000000000000000000e+00 0.000000000000000000e+00
0.000000000000000000e+00 0.000000000000000000e+00 -1.553948922426612178e+01
-4.741872712584920180e+01 -3.392330832306398491e+01 -5.266227088960931724e+01
-4.513675797170431991e+01 -5.302941754163457233e+01 0.000000000000000000e+00
0.000000000000000000e+00 0.000000000000000000e+00 0.000000000000000000e+00
0.000000000000000000e+00 0.000000000000000000e+00 0.000000000000000000e+00
-2.723153951842722620e+01 0.000000000000000000e+00 -3.045679669760209052e+01
0.000000000000000000e+00 0.000000000000000000e+00 -8.291167375802125150e+00
-6.744030594172701853e+01 -5.291230648273715076e+01 -4.943855443430045682e+01
-3.176220166365484587e+01 0.000000000000000000e+00 0.000000000000000000e+00
-3.301165064718925635e+01 -3.208787658796781983e+01 -5.445622772081396334e+01
-2.625824792233355964e+01 0.000000000000000000e+00 -3.356254708933006725e+01
-2.083596318810968739e+01 -3.484489359645947815e+01 -2.878086249090115700e+01
0.000000000000000000e+00 -3.200177132030012928e+01 0.000000000000000000e+00
-1.053776635140613820e+02 -1.100748366170592476e+02 -1.158584011523957003e+02
-9.021730284517693121e+01 -9.473469594491486134e+01 -9.008395962145965541e+01
-7.599597524720830677e+01 -7.473494700269007751e+01 -7.042899570775544760e+01
-6.673772009713682962e+01 -6.441750024746460213e+01 -6.465877358887006210e+01
-4.271586671238634381e+01 -2.733591796041043054e+01 -2.744199757690445551e+01
-1.565371249755073002e+01 -9.146435839126731082e+00 -4.518962445411251139e+01
0.000000000000000000e+00 0.000000000000000000e+00 0.000000000000000000e+00
-8.786302031719496597e+01 -3.214760595813686450e+01 -4.168989849824089333e+01
-3.131636729805455843e+01 -5.007638593885389611e+01 -3.450877783933652410e+01
0.000000000000000000e+00 0.000000000000000000e+00 0.000000000000000000e+00
0.000000000000000000e+00 0.000000000000000000e+00 0.000000000000000000e+00
0.000000000000000000e+00 0.000000000000000000e+00 0.000000000000000000e+00
0.000000000000000000e+00 0.000000000000000000e+00 0.000000000000000000e+00
-4.714890614331061869e+01 0.000000000000000000e+00 0.000000000000000000e+00
-1.624707470144235799e+01 -1.968955332053039697e+01 -4.690369197380901056e+01
-4.620765586004575454e+01 0.000000000000000000e+00 -5.239915086402426425e+01
-3.364767481352718903e+01 -4.089817928574624517e+01 0.000000000000000000e+00
0.000000000000000000e+00 0.000000000000000000e+00 0.000000000000000000e+00
0.000000000000000000e+00 0.000000000000000000e+00 0.000000000000000000e+00
-4.917769516606843894e+01 0.000000000000000000e+00 0.000000000000000000e+00
-4.625625510884281510e+01 -5.237256394231658874e+01 -4.194807085569821936e+01
-3.594988834664278698e+01 -3.963411650541360842e+01 0.000000000000000000e+00
0.000000000000000000e+00 0.000000000000000000e+00 -8.532957424399770119e+00
-5.404099587187873510e+01 -3.927468881387951427e+01 -2.533046253389047564e+01
-2.628226963925150272e+01 -4.520646132129358818e+01 -5.704290997181256273e+01
0.000000000000000000e+00 0.000000000000000000e+00 0.000000000000000000e+00
0.000000000000000000e+00 0.000000000000000000e+00 0.000000000000000000e+00
-5.354188223055390239e+01 -3.534415478820183409e+01 0.000000000000000000e+00
-3.917252466416473311e+01 0.000000000000000000e+00 -2.882497767688216328e+01
-3.506443556936490324e+01 -5.005445900345529964e+01 0.000000000000000000e+00
0.000000000000000000e+00 0.000000000000000000e+00 0.000000000000000000e+00
0.000000000000000000e+00 0.000000000000000000e+00 0.000000000000000000e+00
0.000000000000000000e+00 0.000000000000000000e+00 0.000000000000000000e+00
0.000000000000000000e+00 0.000000000000000000e+00 0.000000000000000000e+00
0.000000000000000000e+00 0.000000000000000000e+00 0.000000000000000000e+00
0.000000000000000000e+00 0.000000000000000000e+00 0.000000000000000000e+00
0.000000000000000000e+00 0.000000000000000000e+00 0.000000000000000000e+00
0.000000000000000000e+00 0.000000000000000000e+00 0.000000000000000000e+00
0.000000000000000000e+00 0.000000000000000000e+00 0.000000000000000000e+00
0.000000000000000000e+00 0.000000000000000000e+00 0.000000000000000000e+00
0.000000000000000000e+00 0.000000000000000000e+00 0.000000000000000000e+00
0.000000000000000000e+00 0.000000000000000000e+00 0.000000000000000000e+00
0.000000000000000000e+00 0.000000000000000000e+00 0.000000000000000000e+00
0.000000000000000000e+00 0.000000000000000000e+00 0.000000000000000000e+00
0.000000000000000000e+00 0.000000000000000000e+00 0.000000000000000000e+00
0.000000000000000000e+00 0.000000000000000000e+00 0.000000000000000000e+00
0.000000000000000000e+00 0.000000000000000000e+00 0.000000000000000000e+00
0.000000000000000000e+00 0.000000000000000000e+00 0.000000000000000000e+00
0.000000000000000000e+00 0.000000000000000000e+00 0.000000000000000000e+00
0.000000000000000000e+00 0.000000000000000000e+00 0.000000000000000000e+00
0.000000000000000000e+00 0.000000000000000000e+00 0.000000000000000000e+00
