0.000000000000000000e+00 0.000000000000000000e+00 0.000000000000000000e+00
-9.999999969193459348e-01 0.000000000000000000e+00 0.000000000000000000e+00
-9.999997600108585516e-01 -9.999999998679558466e-01 0.000000000000000000e+00
-1.937429618463896608e+00 -1.968605821729200178e+00 -1.937499941443591167e+00
-1.999893982617718446e+00 -1.999901054395667677e+00 -1.999942632057859049e+00
-1.999978924976444583e+00 -1.999999996302161742e+00 -1.999999995798562136e+00
-1.999999972210309007e+00 -1.999992759893968408e+00 -1.999995462416649827e+00
-1.999993930522630414e+00 -1.999999962168628187e+00 -1.999992089439613707e+00
-1.999999955608615432e+00 -1.999990407537403758e+00 -1.999992091627854407e+00
-1.999999996558449844e+00 -1.999981305534499931e+00 -1.999982097305710971e+00
-1.999994987938023439e+00 -1.999993760465756720e+00 -1.999984120679900057e+00
-1.999988522168648197e+00 -1.999983132248586593e+00 -1.999987303980836462e+00
-1.999995700171688373e+00 -1.999999991141061084e+00 -1.999917654332955319e+00
-9.999999989001887579e-01 0.000000000000000000e+00 0.000000000000000000e+00
-9.999999999589654909e-01 0.000000000000000000e+00 0.000000000000000000e+00
-9.999990008884964698e-01 0.000000000000000000e+00 -9.999941830067134996e-01
0.000000000000000000e+00 0.000000000000000000e+00 0.000000000000000000e+00
0.000000000000000000e+00 -9.999999999979717336e-01 0.000000000000000000e+00
0.000000000000000000e+00 0.000000000000000000e+00 -9.999999953683369469e-01
0.000000000000000000e+00 0.000000000000000000e+00 0.000000000000000000e+00
0.000000000000000000e+00 0.000000000000000000e+00 0.000000000000000000e+00
-9.999999988835169829e-01 0.000000000000000000e+00 -9.999999999762282377e-01
0.000000000000000000e+00 0.000000000000000000e+00 0.000000000000000000e+00
-1.978753000659603023e+00 -1.993982915128303723e+00 -1.999612511644522694e+00
-1.999975854774306061e+00 -1.999999954111030931e+00 -1.999984783917370113e+00
-1.999995897928179112e+00 -1.999999988968420794e+00 -1.999997127923077933e+00
-1.999995548412917934e+00 -1.999997883129639442e+00 -1.999997989374835416e+00
-1.999996071675819609e+00 -1.999999977604660639e+00 -1.999999163065686147e+00
-1.999999990824874008e+00 -1.999999991559259893e+00 -1.999985934653793818e+00
-1.999955255853516523e+00 -1.999999992467452969e+00 -1.999999993095481488e+00
-1.999901919152864638e+00 -1.999936323908641178e+00 -1.999972753328971287e+00
-1.999978385777799961e+00 -1.999999999679552554e+00 -1.999982184011139585e+00
-1.999991537443691847e+00 -1.999989706703955594e+00 -1.999987470204230178e+00
-1.999976573316950113e+00 -1.999985221600977470e+00 -1.999972367245439031e+00
-1.973936643222598875e+00 -1.979340086380961150e+00 -1.976321841726058626e+00
-9.999999999996245226e-01 0.000000000000000000e+00 -1.499999998629386599e+00
-1.749999999949173546e+00 -1.937499992522079939e+00 -1.874999999904784165e+00
-9.999999999748400148e-01 -9.999999999706972176e-01 -9.999538817073096997e-01
0.000000000000000000e+00 0.000000000000000000e+00 0.000000000000000000e+00
0.000000000000000000e+00 0.000000000000000000e+00 0.000000000000000000e+00
0.000000000000000000e+00 0.000000000000000000e+00 0.000000000000000000e+00
-9.999999999998033795e-01 -9.999999999883025792e-01 0.000000000000000000e+00
-1.734281892042800477e+00 -1.742346184760157790e+00 -1.499136781640074467e+00
-1.996824585157600307e+00 -1.996583908398722240e+00 -1.995868265248140982e+00
-1.999999249578808147e+00 -1.999992464777639700e+00 -1.999999303092158787e+00
-1.999997788421476574e+00 -1.999998446446559441e+00 -1.999998991811443139e+00
-1.999998791504284501e+00 -1.999999986621601167e+00 -1.999999734688140407e+00
-1.999999993010479926e+00 -1.999999991186157455e+00 -1.999995973819381545e+00
-1.999999912590528339e+00 -1.999999999758188984e+00 -1.999999999859519484e+00
-1.999999922983202394e+00 -1.999999999885126778e+00 -1.999999778717065801e+00
-1.999999759976820002e+00 -1.999982308395593211e+00 -1.999999682491182096e+00
-1.999999999425543518e+00 -1.999999999433962117e+00 -1.999941018179859586e+00
-1.999953932430582615e+00 -1.999971667245170615e+00 -1.999999696478872879e+00
-1.999968949583162292e+00 -1.999967054524378618e+00 -1.999973818643836498e+00
-1.999970656543803127e+00 -1.999999991997121196e+00 -1.999979881225654843e+00
-1.749998977865143690e+00 -1.749996895429186239e+00 -1.746093710075477201e+00
-9.999999998474590202e-01 -9.999999998904567367e-01 0.000000000000000000e+00
-1.499999999318905264e+00 -9.999999998901072384e-01 -9.999999999984106047e-01
-9.999999946373879789e-01 -9.999999999998834266e-01 -1.499999999688104824e+00
0.000000000000000000e+00 0.000000000000000000e+00 0.000000000000000000e+00
0.000000000000000000e+00 0.000000000000000000e+00 0.000000000000000000e+00
0.000000000000000000e+00 -9.999664037393146687e-01 0.000000000000000000e+00
-1.999046715225504478e+00 -1.999019629870748105e+00 -1.918925610183779273e+00
-1.998980116680462604e+00 -1.999911356224312264e+00 -1.996946239004993240e+00
-1.999998891625223596e+00 -1.999997459753322104e+00 -1.999999761313713709e+00
-1.999999743222148574e+00 -1.999999161140732173e+00 -1.999999992449347896e+00
-1.999999994004738602e+00 -1.999999453476706268e+00 -1.999999994775377488e+00
-1.999999994716707530e+00 -1.999999999641842052e+00 -1.999999967716759919e+00
-1.999999968109500204e+00 -1.999999926489380853e+00 -1.999999943939265279e+00
-1.999999999390514205e+00 -1.999999891927765283e+00 -1.999999849508392824e+00
-1.999999720410642778e+00 -1.999999852352492002e+00 -1.999999999138989182e+00
-1.999999550489523159e+00 -1.999999429932785677e+00 -1.999998682229695790e+00
-1.999999998503455112e+00 -1.999857069606031157e+00 -1.999999998646493138e+00
-1.999910332270585123e+00 -1.999841607349332584e+00 -1.999892147424103594e+00
-1.999973421344504398e+00 -1.999973765539292625e+00 -1.999979009390709273e+00
-1.999997202291278642e+00 -1.999986732267694300e+00 -1.999981699777347410e+00
-1.749999998594926165e+00 -1.499999999963503194e+00 -1.853859705205147090e+00
-9.999999994162183103e-01 -9.999999999997460920e-01 0.000000000000000000e+00
-9.999999370741581295e-01 -1.499999999869971123e+00 0.000000000000000000e+00
0.000000000000000000e+00 0.000000000000000000e+00 -9.999999872569627080e-01
0.000000000000000000e+00 0.000000000000000000e+00 0.000000000000000000e+00
-9.999999999750321944e-01 -9.999999988595078548e-01 -9.996355376706667073e-01
-1.977651746304078362e+00 -1.959087870179444524e+00 -1.999366649865744749e+00
-1.999842888793946560e+00 -1.999742241412670207e+00 -1.999749019451680709e+00
-1.999999698647855872e+00 -1.999999288656842733e+00 -1.999999994527331015e+00
-1.999999903050997840e+00 -1.999999996163374094e+00 -1.999999626458594193e+00
-1.999999992116973324e+00 -1.999999994052205299e+00 -1.999999754374407246e+00
-1.999999999856719501e+00 -1.999999983923004487e+00 -1.999999999873544709e+00
-1.999999971250459030e+00 -1.999999953543108555e+00 -1.999999999962744024e+00
-1.999999999967041919e+00 -1.999999999962795982e+00 -1.999999999962272845e+00
-1.999999999947613905e+00 -1.999999999950658136e+00 -1.999998363041788352e+00
-1.999998114005529626e+00 -1.999999999714782595e+00 -1.999996428305228502e+00
-1.999996984139027933e+00 -1.999989678577512420e+00 -1.999999995806446940e+00
-1.999997129032869081e+00 -1.999999299731505031e+00 -1.999914142021920194e+00
-1.999889936609012819e+00 -1.999999996502430877e+00 -1.999928191054415105e+00
-1.999992123399741306e+00 -1.999991631555438687e+00 -1.997500705346591632e+00
-1.994319555286278689e+00 -1.995006445027037278e+00 -1.994750447393904835e+00
-9.999999999933094630e-01 0.000000000000000000e+00 -1.499998035491199477e+00
-9.999999999897351000e-01 -9.999999917888502399e-01 -1.499999999989768185e+00
0.000000000000000000e+00 0.000000000000000000e+00 0.000000000000000000e+00
0.000000000000000000e+00 0.000000000000000000e+00 0.000000000000000000e+00
-5.000000000000000000e-01 0.000000000000000000e+00 0.000000000000000000e+00
-1.988130955658736987e+00 -1.999604925399974586e+00 -1.999587475819188498e+00
-1.999835586961239642e+00 -1.999803494884575983e+00 -1.999990368149151543e+00
-1.999999835846911100e+00 -1.999999928182032871e+00 -1.999999926040679554e+00
-1.999999917222717194e+00 -1.999999999189661759e+00 -1.999999999011717655e+00
-1.999999999661488781e+00 -1.999999999641302928e+00 -1.999999997582319722e+00
-1.999999992974613061e+00 -1.999999999915349935e+00 -1.999999999988724353e+00
-1.999999999997829292e+00 -1.999999994970151018e+00 -1.999999999997897682e+00
-1.999999999997165379e+00 -1.999999999996763034e+00 -1.999999999995329514e+00
-1.999999999995595967e+00 -1.999999999994610089e+00 -1.999999999970865971e+00
-1.999999999990003330e+00 -1.999999999994254374e+00 -1.999991510926368843e+00
-1.999999999975852205e+00 -1.999999999831276520e+00 -1.999983021902571823e+00
-1.999987466366433431e+00 -1.999990603143641632e+00 -1.999985257984862486e+00
-1.999999998358855446e+00 -1.999999997829149834e+00 -1.999928389202910495e+00
-1.999996940325369454e+00 -1.999994879654893420e+00 -1.999994444587961606e+00
-1.999999883926148581e+00 -1.999999901229945642e+00 -1.999999879702467176e+00
-1.499994194572274564e+00 -9.999999999999995559e-01 -1.499978590082855723e+00
-9.999999993928369024e-01 -1.499999997569985588e+00 -9.999999999987283505e-01
-9.999999974571402994e-01 0.000000000000000000e+00 0.000000000000000000e+00
0.000000000000000000e+00 0.000000000000000000e+00 0.000000000000000000e+00
-1.249999999996825206e+00 -5.000000000000000000e-01 -1.499948644140045584e+00
-1.997676479004765193e+00 -1.999879233572228632e+00 -1.999781769186948388e+00
-1.999900818860835816e+00 -1.999958463257647701e+00 -1.999982271626197017e+00
-1.999999945609642893e+00 -1.999999957019646946e+00 -1.999999922613937109e+00
-1.999999999709956011e+00 -1.999999999690016850e+00 -1.999999999216856228e+00
-1.999999998709237836e+00 -1.999999999800241124e+00 -1.999999999779840998e+00
-1.999999999516933968e+00 -1.999999999918528726e+00 -1.999999999999054978e+00
-1.999999994035629669e+00 -1.999999999998260058e+00 -1.999999999999718892e+00
-1.999999999999992006e+00 -1.999999999999992006e+00 -1.999999999999090727e+00
-1.999999999999489741e+00 -1.999999999999997335e+00 -1.999999999996672884e+00
-1.999999999999535483e+00 -1.999999999998234301e+00 -1.999999999996710187e+00
-1.999999999982633003e+00 -1.999999999976894927e+00 -1.999999999977805087e+00
-1.999999999721609800e+00 -1.999999999621278279e+00 -1.999999999594406441e+00
-1.999999999669886286e+00 -1.999999999613858659e+00 -1.999999999598497169e+00
-1.999999752236302886e+00 -1.999999685330390964e+00 -1.999999799083736152e+00
-1.999999937306049524e+00 -1.999999930667007320e+00 -1.999999922663333152e+00
-1.999988642007668016e+00 -1.999993122793020106e+00 -1.999989583128402693e+00
-9.999999980612328532e-01 0.000000000000000000e+00 0.000000000000000000e+00
0.000000000000000000e+00 0.000000000000000000e+00 -9.998580604186791954e-01
0.000000000000000000e+00 0.000000000000000000e+00 0.000000000000000000e+00
-9.999999999999829026e-01 -8.750000000000000000e-01 -9.998921495146307903e-01
-1.999822435669302401e+00 -1.999892516398317444e+00 -1.999965305815422312e+00
-1.999945085181670912e+00 -1.999980322753418971e+00 -1.999976895430723989e+00
-1.999982056121747842e+00 -1.999999972356290012e+00 -1.999999966293739107e+00
-1.999999999490140734e+00 -1.999999999184160604e+00 -1.999999999315717147e+00
-1.999999999871284961e+00 -1.999999999473915047e+00 -1.999999999880804458e+00
-1.999999999783781846e+00 -1.999999999999571898e+00 -1.999999999999622968e+00
-1.999999999999924949e+00 -1.999999999980910825e+00 -1.999999999999930278e+00
-1.999999999999976241e+00 -1.999999999999975575e+00 -1.999999999999971134e+00
-1.999999999999956923e+00 -1.999999999999994893e+00 -1.999999999999995115e+00
-1.999999999997157385e+00 -1.999999999996830979e+00 -1.999999999991431299e+00
-1.999999999988384181e+00 -1.999999999989739763e+00 -1.999999999978892440e+00
-1.999999999874920276e+00 -1.999999999860258004e+00 -1.999999999858396604e+00
-1.999999999577937615e+00 -1.999999999684676677e+00 -1.999999999730982525e+00
-1.999999986914736461e+00 -1.999999447067931424e+00 -1.999999933908537031e+00
-1.999999914155041303e+00 -1.999999900269650688e+00 -1.999999910987943164e+00
-1.999994889854847191e+00 -1.999996126138461117e+00 -1.999991526763633454e+00
-9.999999999988551380e-01 -9.999999384040837436e-01 -9.999996803823714142e-01
0.000000000000000000e+00 0.000000000000000000e+00 0.000000000000000000e+00
0.000000000000000000e+00 0.000000000000000000e+00 0.000000000000000000e+00
0.000000000000000000e+00 0.000000000000000000e+00 0.000000000000000000e+00
-1.993346202516633969e+00 -1.996026727907437959e+00 -1.993329048398600811e+00
-1.999996398738434600e+00 -1.999890863741983660e+00 -1.999991537600094738e+00
-1.999999751196668285e+00 -1.999999703106726479e+00 -1.999997175361185597e+00
-1.999999951995734104e+00 -1.999999986942431196e+00 -1.999999949885210349e+00
-1.999999956748895968e+00 -1.999999997486031855e+00 -1.999999995979751199e+00
-1.999999993710191326e+00 -1.999999999008248430e+00 -1.999999999223798675e+00
-1.999999999712084531e+00 -1.999999999819077168e+00 -1.999999999757015701e+00
-1.999999999892023261e+00 -1.999999999962057462e+00 -1.999999999937636552e+00
-1.999999999909194859e+00 -1.999999999964630071e+00 -1.999999999966863840e+00
-1.999999999957214669e+00 -1.999999999923621097e+00 -1.999999999977388088e+00
-1.999999999975719422e+00 -1.999999999977875920e+00 -1.999999999981681764e+00
-1.999999999934139794e+00 -1.999999999881851842e+00 -1.999999999921771021e+00
-1.999999999702689379e+00 -1.999999999241148796e+00 -1.999999999422344299e+00
-1.999999984158420840e+00 -1.999999813495288326e+00 -1.999999829489923719e+00
-1.999999863844166503e+00 -1.999999887194850778e+00 -1.999999794768559047e+00
-1.999990365588974583e+00 -1.999988138973523455e+00 -1.999982269592790241e+00
0.000000000000000000e+00 0.000000000000000000e+00 0.000000000000000000e+00
0.000000000000000000e+00 0.000000000000000000e+00 0.000000000000000000e+00
0.000000000000000000e+00 0.000000000000000000e+00 0.000000000000000000e+00
-9.999999999675182050e-01 0.000000000000000000e+00 0.000000000000000000e+00
-1.987153027620939927e+00 -1.986366832617980638e+00 -1.989627483175780531e+00
-1.999991719253978895e+00 -1.998308051100647464e+00 -1.999998038067155814e+00
-1.999998507133539327e+00 -1.999998257982744887e+00 -1.999998213299127414e+00
-1.999997304078301008e+00 -1.999999135554543006e+00 -1.999997064207641895e+00
-1.999997817491735663e+00 -1.999999992488968203e+00 -1.999999993105220586e+00
-1.999999997723868050e+00 -1.999999997541866303e+00 -1.999999996461204077e+00
-1.999999992082920564e+00 -1.999999999757133384e+00 -1.999999999259857830e+00
-1.999999999215736235e+00 -1.999999999877042800e+00 -1.999999999797041905e+00
-1.999999999680887708e+00 -1.999999999919453098e+00 -1.999999999945233142e+00
-1.999999999930917038e+00 -1.999999999920689886e+00 -1.999999999915437421e+00
-1.999999999914452875e+00 -1.999999999892101865e+00 -1.999999999899285452e+00
-1.999999999810510243e+00 -1.999999999766735037e+00 -1.999999999885139434e+00
-1.999999999062799905e+00 -1.999999999196867995e+00 -1.999999999052859412e+00
-1.999999980573977876e+00 -1.999999989857982774e+00 -1.999999987534106793e+00
-1.999999783881377224e+00 -1.999999827510333450e+00 -1.999999387640577497e+00
-1.999989210654802285e+00 -1.999967092005660474e+00 -1.999994875573639197e+00
-1.874999925819077706e+00 -9.999999994123106584e-01 -9.999999998682959079e-01
-9.999999999627240399e-01 0.000000000000000000e+00 0.000000000000000000e+00
0.000000000000000000e+00 0.000000000000000000e+00 0.000000000000000000e+00
0.000000000000000000e+00 0.000000000000000000e+00 0.000000000000000000e+00
-1.499999999651479454e+00 -1.498987500761289837e+00 -1.499999999924622962e+00
-1.997729302179067634e+00 -1.999995048183694557e+00 -1.999995233526961069e+00
-1.999911770756104712e+00 -1.999999426432738980e+00 -1.999992022092937027e+00
-1.999998463330424636e+00 -1.999955223520455849e+00 -1.999997822043117157e+00
-1.999992059260679689e+00 -1.999999921021994087e+00 -1.999993047809211166e+00
-1.999998082384381703e+00 -1.999999994498458333e+00 -1.999999994638653966e+00
-1.999999997482781122e+00 -1.999999985071260200e+00 -1.999999997649521521e+00
-1.999999998385855182e+00 -1.999999998868854822e+00 -1.999999998440765037e+00
-1.999999999016518037e+00 -1.999999999372385373e+00 -1.999999999356746105e+00
-1.999999999530521766e+00 -1.999999999287803476e+00 -1.999999999570682085e+00
-1.999999999288256225e+00 -1.999999998821524683e+00 -1.999999999699175524e+00
-1.999999999663200523e+00 -1.999999999615017288e+00 -1.999999999386494753e+00
-1.999999927699227964e+00 -1.999999993485640282e+00 -1.999999971359270656e+00
-1.999999980768532248e+00 -1.999999950038311214e+00 -1.999999979590792343e+00
-1.999999416871399927e+00 -1.999999048542072888e+00 -1.999997539519522860e+00
-1.999300632046458359e+00 -1.999039371048263014e+00 -1.998765658122114708e+00
-9.999999979699077945e-01 -9.999999998698927417e-01 -9.999872678614870614e-01
-9.999999443018015022e-01 0.000000000000000000e+00 0.000000000000000000e+00
0.000000000000000000e+00 0.000000000000000000e+00 0.000000000000000000e+00
-9.999999999490063463e-01 -9.999999999974256149e-01 0.000000000000000000e+00
0.000000000000000000e+00 -9.999999995011706888e-01 0.000000000000000000e+00
-1.995594480610509480e+00 -1.993710405588552836e+00 -1.966709829094495987e+00
-1.998645198286933322e+00 -1.998864924945468413e+00 -1.999220529214132736e+00
-1.999954579048017989e+00 -1.999969468590544919e+00 -1.999953065099179694e+00
-1.999964330365184839e+00 -1.999993029990742688e+00 -1.999999918954158407e+00
-1.999999963359768484e+00 -1.999992053362605215e+00 -1.999999963285647997e+00
-1.999999991244418629e+00 -1.999978080264979363e+00 -1.999999993736602866e+00
-1.999999997721464640e+00 -1.999994518469012217e+00 -1.999999997863685541e+00
-1.999999997315223155e+00 -1.999999998800906509e+00 -1.999999998629138576e+00
-1.999999998291527747e+00 -1.999999998878960294e+00 -1.999999998656014633e+00
-1.999999998141199775e+00 -1.999999998407353541e+00 -1.999999924232075621e+00
-1.999999997661392470e+00 -1.999999924015906316e+00 -1.999999960882074213e+00
-1.999999952387119251e+00 -1.999999866207792465e+00 -1.999999990127701910e+00
-1.999999930271912696e+00 -1.999999879494737343e+00 -1.999999938175951897e+00
-1.999994935348256231e+00 -1.999998284682792171e+00 -1.999954885050613917e+00
-1.873965729250085532e+00 -1.499999999129499662e+00 -1.499999989832814018e+00
0.000000000000000000e+00 0.000000000000000000e+00 0.000000000000000000e+00
-9.999963580753790104e-01 -9.999999999498757619e-01 0.000000000000000000e+00
0.000000000000000000e+00 0.000000000000000000e+00 0.000000000000000000e+00
-1.499964099374708759e+00 -9.999999999699836772e-01 -9.999999999991259214e-01
-9.999999961145562555e-01 -1.749996044169578324e+00 -9.999999997594095635e-01
-9.999999999999131806e-01 0.000000000000000000e+00 0.000000000000000000e+00
-1.999627597686773228e+00 -1.999270090544324141e+00 -1.996691453171682173e+00
-1.999012829615111952e+00 -1.999987651552600276e+00 -1.999990093880754660e+00
-1.999965034131105046e+00 -1.999961071098328880e+00 -1.999952608462537862e+00
-1.999975842968324091e+00 -1.999990665176952787e+00 -1.999996374578718816e+00
-1.999993846837737843e+00 -1.999996731912763837e+00 -1.999994494330105343e+00
-1.999999988413560414e+00 -1.999996796255844256e+00 -1.999999984200865333e+00
-1.999999989794018607e+00 -1.999999991407916955e+00 -1.999998879282478548e+00
-1.999999738870836818e+00 -1.999999861893556830e+00 -1.999999993964240552e+00
-1.999999594779460210e+00 -1.999999778292701258e+00 -1.999999802810961347e+00
-1.999999822617563261e+00 -1.999999646742894654e+00 -1.999999826769176980e+00
-1.999999844825869122e+00 -1.999999837500020750e+00 -1.999999981783383785e+00
-1.999997872318778347e+00 -1.999999598650395782e+00 -1.999999673944869549e+00
-1.999853240622952111e+00 -1.999857457484953027e+00 -1.999915164907252851e+00
-9.999999999993862687e-01 -9.999999999545264862e-01 -9.999999998643386290e-01
0.000000000000000000e+00 -9.999994468656345781e-01 -9.999791372079517293e-01
0.000000000000000000e+00 0.000000000000000000e+00 0.000000000000000000e+00
0.000000000000000000e+00 0.000000000000000000e+00 0.000000000000000000e+00
-9.999999999377489068e-01 -9.999999999999991118e-01 0.000000000000000000e+00
-9.999999999992880140e-01 -9.999999999903275150e-01 -1.499999896353790607e+00
0.000000000000000000e+00 0.000000000000000000e+00 -9.999999998520450184e-01
-9.999995705181151662e-01 -9.999999999982460697e-01 -9.999999999999968914e-01
-1.999989811353658720e+00 -1.998955130711268069e+00 -1.999907473853343554e+00
-1.999611947335117934e+00 -1.999707601881696828e+00 -1.999724811221389897e+00
-1.999936673185359837e+00 -1.999922680709485423e+00 -1.999952663293972588e+00
-1.999974555842467527e+00 -1.999992257437365639e+00 -1.999994875734756317e+00
-1.999995592348020823e+00 -1.999997151501657466e+00 -1.999997051402281567e+00
-1.999997986640748238e+00 -1.999998705395262588e+00 -1.999998465221790145e+00
-1.999999203546915183e+00 -1.999999048290606485e+00 -1.999999357230457075e+00
-1.999999371743609977e+00 -1.999999526311151632e+00 -1.999999642230898989e+00
-1.999999122276714170e+00 -1.999999262419384305e+00 -1.999999276164708739e+00
-1.999999467182723478e+00 -1.999999418449144528e+00 -1.999999980278586609e+00
-1.999996541654110338e+00 -1.999994346923751554e+00 -1.999993047726921436e+00
-1.499999901190022911e+00 -1.499999999907180026e+00 -1.491662997819588998e+00
-9.999999999972305487e-01 0.000000000000000000e+00 0.000000000000000000e+00
-1.499999786755755515e+00 -9.999995416347027266e-01 -9.999999999854765065e-01
0.000000000000000000e+00 0.000000000000000000e+00 0.000000000000000000e+00
0.000000000000000000e+00 0.000000000000000000e+00 0.000000000000000000e+00
-9.999999997971553700e-01 0.000000000000000000e+00 0.000000000000000000e+00
-9.999999996685928760e-01 -9.999999999991761035e-01 0.000000000000000000e+00
-1.499999999943366191e+00 -9.999999999996216360e-01 -1.499999978139806123e+00
-9.999998456458198959e-01 -9.999838927404807176e-01 -9.999999997276647346e-01
-1.499995530881639283e+00 -1.499999996574473471e+00 -9.999999999969424458e-01
-1.995962309219421638e+00 -1.999995226606996690e+00 -1.997375830930181007e+00
-1.999686576263444593e+00 -1.999999827420877452e+00 -1.999998770568438555e+00
-1.999846485982327060e+00 -1.999866680825959309e+00 -1.999800089906152101e+00
-1.999971805944774195e+00 -1.999906178637609777e+00 -1.999966826559094191e+00
-1.999980421707278744e+00 -1.999978074812379880e+00 -1.999984394854242620e+00
-1.999989358170303433e+00 -1.999985652894441746e+00 -1.999993919558233468e+00
-1.999997465726100376e+00 -1.999989522419642451e+00 -1.999995625231586249e+00
-1.999998565577198573e+00 -1.999999991682363198e+00 -1.999997741306878130e+00
-1.999997912005221590e+00 -1.999999808091954101e+00 -1.999999846081942145e+00
-1.980369930132046985e+00 -1.974324499781479059e+00 -1.964017882024217343e+00
-1.499999987431365422e+00 -1.499999999999705569e+00 -1.499999999997691180e+00
-9.999999997546178410e-01 -9.999999999999893419e-01 -9.999999999997035705e-01
-9.999999946229816139e-01 -9.999999999997470912e-01 -9.999999998229852638e-01
0.000000000000000000e+00 -9.999999999978884668e-01 0.000000000000000000e+00
0.000000000000000000e+00 0.000000000000000000e+00 0.000000000000000000e+00
0.000000000000000000e+00 0.000000000000000000e+00 0.000000000000000000e+00
-9.998990437469752468e-01 0.000000000000000000e+00 0.000000000000000000e+00
-1.499997133907679192e+00 -9.999999999990557553e-01 -9.999999999993873789e-01
-1.749999999893580904e+00 -9.999999999518578431e-01 -1.499999912657573820e+00
-1.499999997442875266e+00 0.000000000000000000e+00 0.000000000000000000e+00
-9.999999989798915578e-01 -1.499975257369975612e+00 -9.999999999970896614e-01
-1.994938728826104679e+00 -1.998685223055256088e+00 -1.994752903337279282e+00
-1.998022941505700700e+00 -1.999999609681510915e+00 -1.999571138787038294e+00
-1.999836079721022175e+00 -1.999999918156996959e+00 -1.999935758529594043e+00
-1.999867886107545623e+00 -1.999938772107487939e+00 -1.999951489973478935e+00
-1.999972149747353045e+00 -1.999999988541369511e+00 -1.999989291234395505e+00
-1.999991412163155680e+00 -1.999980632001436387e+00 -1.999999998155835845e+00
-1.999999975131142804e+00 -1.999999994750164767e+00 -1.999999907383485986e+00
-1.999761055676261279e+00 -1.999618535182257073e+00 -1.999363844689074243e+00
-1.485639176660546790e+00 -1.499999997147173136e+00 -9.999999999984312549e-01
-1.499999876526191933e+00 -9.999999994348576227e-01 -1.499999999986266319e+00
-9.999999999877240420e-01 0.000000000000000000e+00 -9.999938472436296077e-01
-9.999999999867636991e-01 -1.499999999914263027e+00 -9.999999999476882895e-01
0.000000000000000000e+00 0.000000000000000000e+00 -9.999999487697277534e-01
0.000000000000000000e+00 0.000000000000000000e+00 0.000000000000000000e+00
-9.999999951295579503e-01 -9.999999999931317163e-01 0.000000000000000000e+00
-1.499999999320992483e+00 -1.499999999573248921e+00 -1.499999999999793054e+00
-1.499999869713593892e+00 -9.999999999999920064e-01 -9.999999999996809219e-01
0.000000000000000000e+00 -9.999981353928697470e-01 0.000000000000000000e+00
-1.499999986776806349e+00 -1.499999999984469312e+00 -9.999999999887082547e-01
-9.999999999272795037e-01 -9.999999999998392397e-01 -9.999259679707089843e-01
0.000000000000000000e+00 0.000000000000000000e+00 -9.999999999220932079e-01
-1.999999802518141134e+00 -1.999999761038776747e+00 -1.999438585559384807e+00
-1.999573392627142843e+00 -1.999999960809863309e+00 -1.999999978869813955e+00
-1.999737317196184749e+00 -1.999988545868541134e+00 -1.999980914041887825e+00
-1.999999986821777487e+00 -1.999984726086960984e+00 -1.999999986258466089e+00
-1.999999973925510988e+00 -1.999999990041675613e+00 -1.999999990994123733e+00
-1.999999854883353523e+00 -1.999999901192544005e+00 -1.999999852721395355e+00
-1.910281844119463113e+00 -1.946365199659435774e+00 -1.917956333683038750e+00
-9.999999999975250908e-01 0.000000000000000000e+00 -9.999999926711202747e-01
-9.999999999906193926e-01 0.000000000000000000e+00 -9.999999968867672173e-01
-1.499999997228496973e+00 -9.999999999999489297e-01 0.000000000000000000e+00
-1.499999998515979538e+00 -1.499999972366794054e+00 -1.499999997336849189e+00
-9.999999931458181113e-01 -9.999999999652597893e-01 -9.999999999765170067e-01
0.000000000000000000e+00 0.000000000000000000e+00 0.000000000000000000e+00
-9.999983738654982801e-01 -9.999999999986692867e-01 0.000000000000000000e+00
-9.999999982483536165e-01 -9.999999999999893419e-01 -9.999999999999292788e-01
-9.999999896540311406e-01 -1.498581854031145300e+00 -1.499999993974673984e+00
-9.999999989101739928e-01 -1.499999997174026767e+00 -9.999999999971631581e-01
-9.999999997193504964e-01 -9.999999999976599829e-01 0.000000000000000000e+00
-9.999980644039389022e-01 -9.999999999424896702e-01 0.000000000000000000e+00
-9.999999954752436526e-01 -9.999999999989166444e-01 0.000000000000000000e+00
0.000000000000000000e+00 0.000000000000000000e+00 -9.999999999999360512e-01
-1.999999830242822352e+00 -1.999999649104497568e+00 -1.999999645894435574e+00
-1.999999936894820696e+00 -1.999999810348628282e+00 -1.999999925185979244e+00
-1.999999953752525483e+00 -1.999999991560986512e+00 -1.999999989529018141e+00
-1.999999973204846793e+00 -1.999999969829477919e+00 -1.999999969276607281e+00
-1.999997187339098037e+00 -1.999997612085457455e+00 -1.999997755586341741e+00
-1.124999999991922905e+00 -8.750000000000000000e-01 -1.249999999998541389e+00
-1.499999977904062032e+00 0.000000000000000000e+00 -9.999999974569406813e-01
-9.999999999973820941e-01 -1.499893816794465096e+00 0.000000000000000000e+00
-9.999999996057011842e-01 0.000000000000000000e+00 0.000000000000000000e+00
-9.999999882394799977e-01 0.000000000000000000e+00 -9.999999999950796026e-01
0.000000000000000000e+00 0.000000000000000000e+00 0.000000000000000000e+00
0.000000000000000000e+00 0.000000000000000000e+00 0.000000000000000000e+00
0.000000000000000000e+00 0.000000000000000000e+00 -9.999999997905497651e-01
-9.999999999973570031e-01 -9.999999999632865899e-01 -9.999999999989396260e-01
-9.999999999988782307e-01 0.000000000000000000e+00 0.000000000000000000e+00
0.000000000000000000e+00 0.000000000000000000e+00 0.000000000000000000e+00
0.000000000000000000e+00 -9.999999984594347691e-01 0.000000000000000000e+00
-9.999999993929191699e-01 -9.999999999981892262e-01 0.000000000000000000e+00
0.000000000000000000e+00 0.000000000000000000e+00 -1.474812071913392586e+00
0.000000000000000000e+00 -9.999996908038910615e-01 0.000000000000000000e+00
-9.999999964753232273e-01 0.000000000000000000e+00 0.000000000000000000e+00
-9.999999998597655093e-01 -1.749985791990390060e+00 0.000000000000000000e+00
-9.999999999889466196e-01 0.000000000000000000e+00 0.000000000000000000e+00
0.000000000000000000e+00 -9.999999549019008560e-01 -9.999944599749364116e-01
-9.999999981489731127e-01 0.000000000000000000e+00 0.000000000000000000e+00
-9.999999999927596805e-01 0.000000000000000000e+00 0.000000000000000000e+00
-1.499999999814139340e+00 -9.999999995529815777e-01 -9.999999882238940208e-01
-9.999999999994229061e-01 0.000000000000000000e+00 0.000000000000000000e+00
-9.999999244829680389e-01 -9.999999992977631758e-01 -9.999999999999414912e-01
-9.999015347711452950e-01 0.000000000000000000e+00 0.000000000000000000e+00
0.000000000000000000e+00 0.000000000000000000e+00 0.000000000000000000e+00
0.000000000000000000e+00 0.000000000000000000e+00 0.000000000000000000e+00
0.000000000000000000e+00 0.000000000000000000e+00 0.000000000000000000e+00
0.000000000000000000e+00 0.000000000000000000e+00 0.000000000000000000e+00
0.000000000000000000e+00 0.000000000000000000e+00 0.000000000000000000e+00
0.000000000000000000e+00 0.000000000000000000e+00 0.000000000000000000e+00
0.000000000000000000e+00 0.000000000000000000e+00 0.000000000000000000e+00
0.000000000000000000e+00 0.000000000000000000e+00 0.000000000000000000e+00
0.000000000000000000e+00 0.000000000000000000e+00 0.000000000000000000e+00
0.000000000000000000e+00 0.000000000000000000e+00 0.000000000000000000e+00
0.000000000000000000e+00 0.000000000000000000e+00 0.000000000000000000e+00
0.000000000000000000e+00 0.000000000000000000e+00 0.000000000000000000e+00
0.000000000000000000e+00 0.000000000000000000e+00 0.000000000000000000e+00
0.000000000000000000e+00 0.000000000000000000e+00 0.000000000000000000e+00
0.000000000000000000e+00 0.000000000000000000e+00 0.000000000000000000e+00
0.000000000000000000e+00 0.000000000000000000e+00 0.000000000000000000e+00
0.000000000000000000e+00 0.000000000000000000e+00 0.000000000000000000e+00
0.000000000000000000e+00 0.000000000000000000e+00 0.000000000000000000e+00
0.000000000000000000e+00 0.000000000000000000e+00 0.000000000000000000e+00
0.000000000000000000e+00 0.000000000000000000e+00 0.000000000000000000e+00
0.000000000000000000e+00 0.000000000000000000e+00 0.000000000000000000e+00
