0.000000000000000000e+00 0.000000000000000000e+00 0.000000000000000000e+00
0.000000000000000000e+00 0.000000000000000000e+00 0.000000000000000000e+00
-1.151924305558173628e-01 0.000000000000000000e+00 0.000000000000000000e+00
-8.811673046303988843e-02 -5.040242569917127713e-02 0.000000000000000000e+00
-1.089049221368340481e+00 -1.112210638206123425e+00 -1.080915325342584277e+00
-4.176760799659776424e+00 -4.189931881405252412e+00 -4.194784930052630756e+00
-5.670808100972221766e+00 -5.670539239628141104e+00 -5.664778440060448617e+00
-5.498464384131343863e+00 -5.503826578795928626e+00 -5.488762969570968764e+00
-5.280360951028431948e+00 -5.283626189439732279e+00 -5.259893939375754002e+00
-6.092076473141644577e+00 -6.101241823940718234e+00 -6.111278784120364627e+00
-9.596826087391830740e+00 -9.597052870981581663e+00 -9.590594430240113155e+00
-8.181454267058333230e+00 -8.179572770126412706e+00 -8.169460285477992301e+00
-5.246101358604642328e+00 -5.237986646700930393e+00 -5.256794379500181691e+00
0.000000000000000000e+00 0.000000000000000000e+00 0.000000000000000000e+00
-1.676738461699893989e-01 -1.249004117432525596e-01 -1.393160337163930618e-01
-4.091049716744313974e-02 -4.312323966873871095e-02 0.000000000000000000e+00
0.000000000000000000e+00 0.000000000000000000e+00 0.000000000000000000e+00
-7.488742949086249490e-02 -1.022163811852851434e-01 0.000000000000000000e+00
0.000000000000000000e+00 0.000000000000000000e+00 0.000000000000000000e+00
0.000000000000000000e+00 0.000000000000000000e+00 0.000000000000000000e+00
0.000000000000000000e+00 0.000000000000000000e+00 0.000000000000000000e+00
-6.392183013919716661e-02 -1.407183831937989030e-02 0.000000000000000000e+00
-2.450510256284049726e-02 -7.028295675248298624e-02 -8.751796370305153783e-02
-1.768426356389605214e-01 -1.824914756765199653e-01 -2.078187090054836039e-01
-1.747164300669996839e+00 -1.749567522930740360e+00 -1.749916370296364487e+00
-4.203206472074021427e+00 -4.194914391490468297e+00 -4.200295441559014797e+00
-5.420830089566593735e+00 -5.412450874292501268e+00 -5.418885060601272841e+00
-5.812885705919050849e+00 -5.815416917748218673e+00 -5.815715623053691274e+00
-6.279083996673709755e+00 -6.279046510299837180e+00 -6.283181058147229159e+00
-6.867573994769406553e+00 -6.869009596406598916e+00 -6.874260203266828739e+00
-7.317316430585312226e+00 -7.323161698293237265e+00 -7.317668170034910879e+00
-7.749292917453503904e+00 -7.750569955438462166e+00 -7.736970416675834628e+00
-8.933259401049269854e+00 -8.933144232677896923e+00 -8.935073086027495393e+00
-8.047410736221083383e+00 -8.046932590441198130e+00 -8.046496929593784486e+00
0.000000000000000000e+00 0.000000000000000000e+00 0.000000000000000000e+00
-9.745233488895252427e-02 -7.476985789091426804e-02 -9.852221949078573959e-02
-8.123089871985467170e-02 -4.989987151976847668e-02 0.000000000000000000e+00
-8.997868643503217911e-02 -1.196052993391869546e-01 -1.495707814299016558e-01
-6.908946889838125938e-02 0.000000000000000000e+00 0.000000000000000000e+00
0.000000000000000000e+00 0.000000000000000000e+00 0.000000000000000000e+00
0.000000000000000000e+00 0.000000000000000000e+00 0.000000000000000000e+00
-6.634804390885225278e-02 -8.103765661825187983e-02 -5.721560186676327014e-02
-1.762584371410055306e-01 -1.432549401566218239e-01 -1.093023878636739943e-01
-8.618536170510819883e-01 -9.184659736895633975e-01 -8.547204069113101266e-01
-3.223278127701914908e+00 -3.228692106188419952e+00 -3.233354597182688472e+00
-5.111274987095182354e+00 -5.102504867221177243e+00 -5.115457479604943458e+00
-6.111584915303057031e+00 -6.111083048868266587e+00 -6.110401487204665472e+00
-7.098984785833480693e+00 -7.089121749075635748e+00 -7.089676146340065266e+00
-7.805180376250910435e+00 -7.809921525698631406e+00 -7.813838200698735470e+00
-8.137647718605542480e+00 -8.138372365634364058e+00 -8.136582741526851237e+00
-8.183171856557409640e+00 -8.178705512122931509e+00 -8.180877513300771398e+00
-8.080640121928688302e+00 -8.083516130491274154e+00 -8.089213207279595252e+00
-7.771276290558458477e+00 -7.773802208724416296e+00 -7.772248064655650879e+00
-7.968668252006715136e+00 -7.970377324762266902e+00 -7.967835053204852969e+00
-7.599864929373942424e+00 -7.600111123297209836e+00 -7.598382507106026473e+00
-1.016486777005181086e-01 -4.299038839740561280e-02 -9.536567530417053296e-02
-4.619063395547422235e-02 -7.888678602999760203e-02 0.000000000000000000e+00
-7.608628262414077192e-02 0.000000000000000000e+00 -4.038061737869935025e-02
0.000000000000000000e+00 0.000000000000000000e+00 -2.746554931567373598e-02
0.000000000000000000e+00 0.000000000000000000e+00 0.000000000000000000e+00
0.000000000000000000e+00 0.000000000000000000e+00 0.000000000000000000e+00
-8.779118900721594176e-02 -4.051203857871644998e-02 0.000000000000000000e+00
-1.459923853464764887e-01 -1.226374783848252770e-01 -1.152851584593400786e-01
-2.115361386982866243e+00 -2.123577359260821140e+00 -2.111790283986951788e+00
-4.527654424339554673e+00 -4.523314406180409364e+00 -4.535762275340892380e+00
-6.030685262695172355e+00 -6.026370511125546336e+00 -6.035356392483643972e+00
-7.340678233042551959e+00 -7.341624115716625987e+00 -7.339618154647078896e+00
-8.261600831027184455e+00 -8.264800775254217413e+00 -8.273512647293648214e+00
-8.907906085104277949e+00 -8.902176228369244271e+00 -8.903566591124993934e+00
-9.354193460452359332e+00 -9.356538241975748349e+00 -9.353439804387381429e+00
-9.380748419038738461e+00 -9.381468979974592060e+00 -9.378882806430734576e+00
-9.096879223043314866e+00 -9.107971677691530488e+00 -9.097961483622535539e+00
-8.469899733702392908e+00 -8.470659382730744369e+00 -8.467850102498625020e+00
-7.836323595022700594e+00 -7.843340189865234180e+00 -7.838641272408311877e+00
-7.484303916901775544e+00 -7.481144600916795007e+00 -7.493086406316918691e+00
-6.807174032138457953e+00 -6.802135514744234612e+00 -6.805951349339457224e+00
0.000000000000000000e+00 0.000000000000000000e+00 -6.911688681026882664e-02
-6.103590408856726657e-02 -2.117730811145085434e-01 -8.753620193378953973e-02
-8.264877592787742144e-02 -1.145194079160024025e-01 -6.664631006661719814e-02
0.000000000000000000e+00 0.000000000000000000e+00 0.000000000000000000e+00
0.000000000000000000e+00 0.000000000000000000e+00 0.000000000000000000e+00
0.000000000000000000e+00 0.000000000000000000e+00 0.000000000000000000e+00
-5.234163669432598809e-01 -5.251403369956816336e-01 -5.190073363081747493e-01
-3.353935768385408966e+00 -3.355879663151902115e+00 -3.360257639646968109e+00
-5.450353223189799756e+00 -5.450357465743883800e+00 -5.451816830220641563e+00
-7.018663484891359161e+00 -7.014967854198553177e+00 -7.015244189321557577e+00
-8.398296615575812751e+00 -8.396152165062739314e+00 -8.398713976605229448e+00
-9.595205495340543678e+00 -9.597962159592182019e+00 -9.604354292063778331e+00
-1.053695626469590962e+01 -1.053118459167626320e+01 -1.053909702379896451e+01
-1.114572077784012016e+01 -1.114445995512962106e+01 -1.114722446141779066e+01
-1.113530860380272358e+01 -1.113219757136749877e+01 -1.113300931887503431e+01
-1.060524210052963134e+01 -1.061233033097387590e+01 -1.061324390662157136e+01
-9.604751388499392917e+00 -9.604963389234104199e+00 -9.609723479782312339e+00
-8.558291735507131293e+00 -8.557670331985791634e+00 -8.558214920234755496e+00
-7.630418247522797515e+00 -7.626438544177838175e+00 -7.627863870596970131e+00
-7.294047512611795625e+00 -7.287021461954552137e+00 -7.288436364795006561e+00
-2.809845821038271296e+00 -2.798654619585863923e+00 -2.813360386237994781e+00
-1.245304962671113791e-01 -1.813981415744553849e-01 -1.787424440491875710e-01
-1.282847037775645405e-01 -5.657859160842133861e-02 -5.762114132250981124e-02
0.000000000000000000e+00 0.000000000000000000e+00 0.000000000000000000e+00
0.000000000000000000e+00 0.000000000000000000e+00 0.000000000000000000e+00
0.000000000000000000e+00 0.000000000000000000e+00 0.000000000000000000e+00
-1.027425806616773629e+00 -1.022906981316042518e+00 -1.020577237440712492e+00
-4.096796923904624244e+00 -4.103202359320101245e+00 -4.098107967987497879e+00
-6.039304058899566563e+00 -6.041157963956357513e+00 -6.039860619695682331e+00
-7.802426642004421709e+00 -7.802300403094026393e+00 -7.794791092713388991e+00
-9.205143346629231615e+00 -9.216885567997946893e+00 -9.212003839265159755e+00
-1.088895417564165946e+01 -1.089075545461901307e+01 -1.088154086031537737e+01
-1.262212343277308868e+01 -1.261509547559868238e+01 -1.262132796648571009e+01
-1.387376477343831205e+01 -1.387367808326287033e+01 -1.386950028438989868e+01
-1.350540781775265309e+01 -1.350640542230752317e+01 -1.350188794997937336e+01
-1.258144177267002384e+01 -1.258673965131351835e+01 -1.258817252769255290e+01
-1.099739082470764728e+01 -1.099670724854247084e+01 -1.099128451277716145e+01
-9.473555528703764494e+00 -9.468895355592565011e+00 -9.468962851473223807e+00
-8.160001206774117222e+00 -8.157961065202886886e+00 -8.163080428213485007e+00
-7.300349388372613824e+00 -7.295507500090930186e+00 -7.297482785074716816e+00
-7.173282708329645097e+00 -7.176568204516027727e+00 -7.176418295050607910e+00
-8.791551723855349498e-02 -8.857304970194489202e-02 0.000000000000000000e+00
0.000000000000000000e+00 0.000000000000000000e+00 0.000000000000000000e+00
0.000000000000000000e+00 0.000000000000000000e+00 0.000000000000000000e+00
0.000000000000000000e+00 0.000000000000000000e+00 0.000000000000000000e+00
-7.551608384980333655e-02 0.000000000000000000e+00 -7.623921913217911184e-02
-1.056323724980828382e+00 -1.056862478086414425e+00 -1.063109244375760154e+00
-4.444100606245861229e+00 -4.446775889073673937e+00 -4.446285250416143420e+00
-6.365683351258745404e+00 -6.368194228838410353e+00 -6.367888459492767161e+00
-8.047643028104321417e+00 -8.047011066423628733e+00 -8.046889780573488693e+00
-9.658648268781234947e+00 -9.658851171908056088e+00 -9.659713053666342475e+00
-1.176879689281289565e+01 -1.176568623905819955e+01 -1.177483939525755119e+01
-1.475489391991038701e+01 -1.474483916467490552e+01 -1.476276060117177380e+01
-1.728510274456882811e+01 -1.728757808804147089e+01 -1.729441304035047366e+01
-1.768770598361864899e+01 -1.768461799109115873e+01 -1.766544169481436555e+01
-1.425065430954748003e+01 -1.426041998915623843e+01 -1.425458489397495043e+01
-1.247011533117509430e+01 -1.246885985694145837e+01 -1.246635303692011831e+01
-1.015568929609915649e+01 -1.015497097118947423e+01 -1.014679950091259641e+01
-8.667587617199304262e+00 -8.663457358182492740e+00 -8.671964790865587247e+00
-7.360791359448365156e+00 -7.358260045350936807e+00 -7.361995700231148021e+00
-7.310442966330029435e+00 -7.309358267233460715e+00 -7.309652487080351868e+00
-1.601117384589611781e-01 -1.769455797755498383e-01 -1.387548804106936706e-01
-6.803153616857506025e-02 -8.940545083197888598e-02 0.000000000000000000e+00
0.000000000000000000e+00 0.000000000000000000e+00 0.000000000000000000e+00
0.000000000000000000e+00 0.000000000000000000e+00 0.000000000000000000e+00
-6.625604345420808838e-02 -6.334159863297710025e-02 -8.804908395260453713e-02
-8.353204212316127641e-01 -8.294150280754480908e-01 -8.338392526615113765e-01
-4.414981547710103982e+00 -4.419387831104672593e+00 -4.415194873123841290e+00
-6.305177697265015091e+00 -6.306632242593050997e+00 -6.304544073657019965e+00
-7.993576534703985104e+00 -7.987629052658270723e+00 -7.986138392240724748e+00
-9.488765673661163191e+00 -9.493949758438562370e+00 -9.489358465689525346e+00
-1.165856592115136259e+01 -1.165693683710258277e+01 -1.165323331244437988e+01
-1.487953935503908731e+01 -1.487607707026355719e+01 -1.488279967724474240e+01
-1.740113872725477506e+01 -1.741294713624280632e+01 -1.741090581880515842e+01
-2.016043797858938902e+01 -2.025185653745380776e+01 -2.025468645621785768e+01
-1.544130159154594573e+01 -1.542449285010623150e+01 -1.542836159968213217e+01
-1.325526730782510931e+01 -1.324903567867882437e+01 -1.323543783351125214e+01
-1.062974185156292251e+01 -1.058759684302226134e+01 -1.058921520371927194e+01
-8.932261346940229885e+00 -8.935494452320401848e+00 -8.935043473509935552e+00
-7.553680160192627113e+00 -7.551196635610867069e+00 -7.551668988480807698e+00
-7.056036222063378993e+00 -7.055580655923107791e+00 -7.021155076103029025e+00
-7.951899351643064717e-01 -7.728289737684858052e-01 -7.755033312851972171e-01
-3.588164618609212403e-02 -6.323810205224350556e-02 -5.784572264987785511e-02
-8.741252663105776588e-02 0.000000000000000000e+00 0.000000000000000000e+00
0.000000000000000000e+00 0.000000000000000000e+00 0.000000000000000000e+00
-1.039393070110857659e-01 -1.491125573653512282e-01 -5.706649908364216234e-02
-3.500019038344104882e-01 -3.466912294664529215e-01 -3.481724813667650964e-01
-4.109565533471504217e+00 -4.112792353631339104e+00 -4.117617625751480048e+00
-5.899569612871033542e+00 -5.896675161731512738e+00 -5.906598002575408124e+00
-7.679241952055803289e+00 -7.682739036487365780e+00 -7.675939585175520996e+00
-9.022125645615442835e+00 -9.026071622580825959e+00 -9.019281783824839138e+00
-1.075655382590536568e+01 -1.077162178728202058e+01 -1.077413442398222898e+01
-1.275171304292966212e+01 -1.276870136462909855e+01 -1.276694681042223678e+01
-1.502358187170564285e+01 -1.502291450299585129e+01 -1.502404102017534093e+01
-1.531865695943615435e+01 -1.531820812066455773e+01 -1.531641846437947052e+01
-1.427751643645178525e+01 -1.428662772848346840e+01 -1.428027914600554915e+01
-1.250240001866329109e+01 -1.250062866621582636e+01 -1.250346137580753414e+01
-1.043551444307997222e+01 -1.043403025841614173e+01 -1.043194143995375001e+01
-8.879117172884942732e+00 -8.881229145727905561e+00 -8.880140376801934465e+00
-7.546875166125022183e+00 -7.546197588834176351e+00 -7.545938684458725731e+00
-6.702414905230827280e+00 -6.703546263691317009e+00 -6.703012521540558488e+00
-9.535092458624104816e-01 -9.504697553987118130e-01 -9.364819123039406223e-01
-6.642852823529887818e-02 0.000000000000000000e+00 -3.646349216984381969e-02
0.000000000000000000e+00 0.000000000000000000e+00 0.000000000000000000e+00
0.000000000000000000e+00 0.000000000000000000e+00 0.000000000000000000e+00
0.000000000000000000e+00 -4.683483811809885378e-02 0.000000000000000000e+00
-1.629841192598946997e-01 -1.659025758550474738e-01 -7.320437831202318557e-02
-3.224052290253795583e+00 -3.223950209071548834e+00 -3.222830096914711451e+00
-5.336660832462233550e+00 -5.336048270381843928e+00 -5.352292474498651309e+00
-7.020647225602478336e+00 -7.016994882568911684e+00 -7.009946094284956963e+00
-8.280206510115124985e+00 -8.284716549638488914e+00 -8.283393629698865723e+00
-9.528318397430055597e+00 -9.527831996460026431e+00 -9.536139276036548651e+00
-1.098710585376410798e+01 -1.099275366447771241e+01 -1.100181340189210566e+01
-1.207011401927729111e+01 -1.206776519556909832e+01 -1.206367657325788301e+01
-1.254417060051756749e+01 -1.254216252894642736e+01 -1.254090948900821445e+01
-1.218354479395274126e+01 -1.217813160409349571e+01 -1.217935844317000615e+01
-1.085678650679237300e+01 -1.085760314831358819e+01 -1.085274855585206488e+01
-9.639155303009228959e+00 -9.633215660113771506e+00 -9.635076457253408222e+00
-8.408499403728692201e+00 -8.398957068813293958e+00 -8.390531876596007521e+00
-7.289990992062119979e+00 -7.298941200247289984e+00 -7.292254697367707372e+00
-6.004185826577832508e+00 -6.011500222384155379e+00 -5.999792220219526406e+00
-7.276015760838498991e-01 -6.981990757292571015e-01 -7.151910566072093856e-01
-7.392221139279217534e-02 -9.929620610249811907e-02 -7.796894444998107854e-02
0.000000000000000000e+00 0.000000000000000000e+00 0.000000000000000000e+00
0.000000000000000000e+00 0.000000000000000000e+00 0.000000000000000000e+00
-3.429734912980184069e-02 -1.462718963198508249e-01 -9.389261264009868269e-02
-9.113087467730941749e-02 0.000000000000000000e+00 -8.818238579337173144e-02
-1.066388276281830416e+00 -1.062167926121607486e+00 -1.057297976314476751e+00
-4.512640759783747235e+00 -4.507686214460295382e+00 -4.513146669219460172e+00
-6.035336238824496213e+00 -6.035909568690231985e+00 -6.044764045056179036e+00
-7.444916875135815459e+00 -7.431451488866102295e+00 -7.439876258306107992e+00
-8.501305505050487099e+00 -8.491475819809608083e+00 -8.496323048186491533e+00
-9.357607137141073395e+00 -9.361583651128908556e+00 -9.354974942460376752e+00
-1.004593680606957307e+01 -1.004165865907303967e+01 -1.004155668667224077e+01
-1.022653055282610879e+01 -1.022573916073122291e+01 -1.022703193213686745e+01
-1.006336572665813023e+01 -1.006271382696049699e+01 -1.005896143021916700e+01
-9.487098006583849497e+00 -9.490431962576561631e+00 -9.478625538329962907e+00
-8.649284580398559186e+00 -8.658673048443830567e+00 -8.648823186537034857e+00
-7.695276237391760255e+00 -7.695434561499388870e+00 -7.692978664163120150e+00
-6.734634119509426142e+00 -6.729955686898448697e+00 -6.734970121264561627e+00
-4.566631365014648836e+00 -4.562056901351875915e+00 -4.549429082747189490e+00
-1.262373943510424479e-01 -1.426980839338078955e-01 -1.211167088179151141e-01
-1.051657889729349926e-01 0.000000000000000000e+00 0.000000000000000000e+00
0.000000000000000000e+00 0.000000000000000000e+00 0.000000000000000000e+00
0.000000000000000000e+00 0.000000000000000000e+00 0.000000000000000000e+00
-3.985138200487001181e-02 -2.880209413392725848e-02 -9.556994177397241941e-02
-5.800755912497953387e-02 -8.788052958132412662e-02 -8.862423290807122656e-02
-9.769772951202948530e-02 -1.034111668422452168e-01 -1.502400788539105803e-01
-2.941121353359874124e+00 -2.934381157709662347e+00 -2.953535360283574995e+00
-5.007804606698345928e+00 -5.029861391605065180e+00 -5.032997872944688922e+00
-6.377615663482962383e+00 -6.371547211800907995e+00 -6.376821461141117808e+00
-7.536848557803265791e+00 -7.530651372876489447e+00 -7.533208204147856080e+00
-8.279395060602308121e+00 -8.282205113685920495e+00 -8.283511772896778425e+00
-8.676431385767649829e+00 -8.675473823156080400e+00 -8.677736901596151853e+00
-8.759547355952669534e+00 -8.760378437156862930e+00 -8.761027414225205590e+00
-8.597716051463805798e+00 -8.595364158490641060e+00 -8.596676446731938981e+00
-8.302089797101068314e+00 -8.300484579972916777e+00 -8.296523911094453752e+00
-7.670712860577741488e+00 -7.672594384800604850e+00 -7.676940673765736634e+00
-6.862674897600093971e+00 -6.858029017500592239e+00 -6.855271656240264910e+00
-5.722941479463156789e+00 -5.714969766912131988e+00 -5.717222463485888362e+00
-1.681363964853332504e+00 -1.677215555373333666e+00 -1.669127683643954585e+00
-1.818328329567732993e-01 -1.323762108663415482e-01 -2.138678089736855137e-01
-8.385982057433302717e-02 -1.523059368222238752e-01 -1.005360729708787565e-01
0.000000000000000000e+00 0.000000000000000000e+00 0.000000000000000000e+00
0.000000000000000000e+00 0.000000000000000000e+00 0.000000000000000000e+00
-8.927317091268711924e-02 -1.493681672370064141e-02 -7.887421325052464127e-02
-7.390012309726780304e-02 -1.751995883659066555e-01 0.000000000000000000e+00
-8.748790245355189676e-02 0.000000000000000000e+00 -8.824527933571651994e-02
-3.810048032632973869e-01 -3.175140984414420164e-01 -3.840041771254733005e-01
-3.738379984340963968e+00 -3.730026912532528272e+00 -3.727455133219716998e+00
-5.377386406839841371e+00 -5.376557195841592751e+00 -5.379821419374766656e+00
-6.441121195258053156e+00 -6.446396285859752773e+00 -6.443286232967245120e+00
-7.141946976349996312e+00 -7.137582421601811333e+00 -7.137171094893161261e+00
-7.553925624165051644e+00 -7.555659218880228956e+00 -7.552192572936971438e+00
-7.739777087176896941e+00 -7.738040859275677086e+00 -7.739966828349148287e+00
-7.687130140473807494e+00 -7.693449845231259410e+00 -7.682385869939038159e+00
-7.264464561919370844e+00 -7.266257723851953898e+00 -7.264598402555572321e+00
-6.805051923768382416e+00 -6.804023324995497113e+00 -6.801075483581929149e+00
-5.939943238783247814e+00 -5.945419103011965412e+00 -5.937418827481029560e+00
-3.416619379189223427e+00 -3.429729772801170196e+00 -3.416628706979258912e+00
-2.054657918964798435e-01 -2.205045408137454033e-01 -2.856338098900261802e-01
-1.280726286239920464e-01 -1.214353125120120336e-01 -1.638006161428731122e-01
0.000000000000000000e+00 0.000000000000000000e+00 -3.868484937377746069e-02
0.000000000000000000e+00 0.000000000000000000e+00 -7.117461867386737362e-02
0.000000000000000000e+00 0.000000000000000000e+00 0.000000000000000000e+00
0.000000000000000000e+00 0.000000000000000000e+00 -5.786764677978768756e-02
0.000000000000000000e+00 -1.182822935324216174e-01 0.000000000000000000e+00
0.000000000000000000e+00 -3.268474266011428542e-02 0.000000000000000000e+00
-6.212451209174555539e-02 -7.082519328648960444e-02 -1.230417612391682541e-01
-8.194731420245403575e-01 -8.369405421922732069e-01 -8.200939912335802884e-01
-3.935479633949048317e+00 -3.932435207651782783e+00 -3.929751439644071809e+00
-5.458019520092251220e+00 -5.465024621863713961e+00 -5.468297708555115655e+00
-6.309871638722405862e+00 -6.316148797538605031e+00 -6.309328573561309383e+00
-6.698611558748831740e+00 -6.700140466258768690e+00 -6.699221310484559488e+00
-6.806403102992715226e+00 -6.805457295730173328e+00 -6.807752448943876544e+00
-6.746574882913122906e+00 -6.743311755247124673e+00 -6.744464935703033071e+00
-6.601058177095983304e+00 -6.603768706634784103e+00 -6.601736795680257508e+00
-5.950874701216541496e+00 -5.941208677477224143e+00 -5.939898729256572807e+00
-3.808826763620516864e+00 -3.807515536894518604e+00 -3.799426268222017899e+00
-6.877980473733998901e-01 -6.040268782321736030e-01 -5.985120029474517711e-01
-1.151913712827923597e-01 -1.730775193898796971e-01 -1.298187324507510954e-01
-2.921285422878411309e-02 0.000000000000000000e+00 0.000000000000000000e+00
-3.404845493763157538e-02 -5.193929475797402079e-02 -1.004198817264735921e-01
0.000000000000000000e+00 0.000000000000000000e+00 0.000000000000000000e+00
0.000000000000000000e+00 0.000000000000000000e+00 0.000000000000000000e+00
-6.668964435222630993e-02 0.000000000000000000e+00 -6.510233426948189295e-02
-7.659642091392369900e-02 -7.724295483754189950e-02 0.000000000000000000e+00
-1.254125259928602909e-01 -2.643057100300721940e-02 -8.642415073356629618e-02
-4.077059346248746580e-02 -8.108604383718832909e-02 -7.351358267565664961e-02
-1.345049719593254811e-01 -1.121412105366120238e-01 0.000000000000000000e+00
-9.713137268938671909e-01 -9.814252343624351171e-01 -9.875739058641288537e-01
-3.634680497490091700e+00 -3.620851529074235131e+00 -3.629340164363635601e+00
-5.176149073480335261e+00 -5.177993478152080442e+00 -5.173974179201788814e+00
-6.070275191591525399e+00 -6.069073075761177272e+00 -6.072530673566943982e+00
-6.537137530594323565e+00 -6.532880336730878312e+00 -6.535007149521802283e+00
-6.395308971077041882e+00 -6.398340628002716635e+00 -6.394936775610904789e+00
-5.388785186513676884e+00 -5.397488907120401969e+00 -5.388411843706801818e+00
-3.544467100141357463e+00 -3.522779492503803400e+00 -3.512819146345433019e+00
-9.065609469083215632e-01 -9.401682643930033834e-01 -9.416133409638145491e-01
-1.917615199034949924e-01 -1.421678464523346008e-01 -1.208957456026882454e-01
-1.796795281935908983e-01 -1.685235498890151340e-01 -1.656542913902878666e-01
-8.665817379033831369e-02 -5.508920453418163915e-02 -7.681724368617112719e-02
-5.180424232546679275e-02 -6.576322240564242902e-03 -8.788980173640154048e-02
0.000000000000000000e+00 0.000000000000000000e+00 0.000000000000000000e+00
0.000000000000000000e+00 0.000000000000000000e+00 0.000000000000000000e+00
-6.748297705756159393e-02 -9.580948315195204901e-02 -5.000000000000000104e-03
-1.019672139437029640e-01 -5.400767982227237807e-02 -7.494514078210279262e-02
-2.088197940345189185e-01 -1.512073592135723121e-01 -1.994240558546288844e-01
-3.673774616960610861e-02 0.000000000000000000e+00 -2.825096577198488515e-02
-3.844000994576299984e-02 -9.856317629584529505e-02 0.000000000000000000e+00
-1.657114291437518094e-01 -5.824321054866377079e-02 -7.627868041280111422e-02
-8.059514861708878541e-01 -8.169320850003022327e-01 -8.204282683970494094e-01
-2.995307621627484984e+00 -2.999390006698904987e+00 -2.995015488819023464e+00
-4.011981192464134871e+00 -4.004215999241840684e+00 -4.016886669275810284e+00
-4.206343552054141455e+00 -4.199880243543302250e+00 -4.204204600186761454e+00
-3.943469599525915914e+00 -3.939480795104803423e+00 -3.938230184017527336e+00
-2.783999533134206672e+00 -2.789226389980422383e+00 -2.780476531841029608e+00
-1.065612025202629987e+00 -1.082909578817962570e+00 -1.066343958830597405e+00
-1.708594263035398408e-01 -1.779587668196717654e-01 -1.737284843836950365e-01
-1.837652659001395294e-01 -9.863702540257858475e-02 -1.022534887868576103e-01
-2.357190741241975071e-02 -1.888361378264764856e-01 -4.751646137306980711e-02
-6.443964487202089031e-02 -7.617935829155855765e-02 -1.457382453164802749e-01
-8.101677959121428296e-02 -7.718181891895756208e-02 0.000000000000000000e+00
0.000000000000000000e+00 0.000000000000000000e+00 0.000000000000000000e+00
0.000000000000000000e+00 0.000000000000000000e+00 0.000000000000000000e+00
-4.733666082928496277e-02 -7.662526123138102552e-02 0.000000000000000000e+00
-5.488526300478229619e-02 -7.107997312832191328e-02 -8.008839236703219067e-02
-1.060965145696951412e-01 0.000000000000000000e+00 0.000000000000000000e+00
-5.784663493261302247e-02 -6.699342449127600185e-02 -2.473043783279791491e-02
-4.461959619311388348e-02 -1.350590460319149033e-01 -1.231042245137896340e-01
-1.769419816069036089e-01 -5.115225951817940070e-02 0.000000000000000000e+00
-8.816904830799031367e-02 -3.993276451059749738e-02 -1.292209347170147037e-02
-5.139350109007503331e-01 -5.206035692246100410e-01 -5.229346540736611315e-01
-2.226318998273458583e+00 -2.220732873550333775e+00 -2.225035830417494864e+00
-2.608626338760475338e+00 -2.605868587372590639e+00 -2.609376412326412709e+00
-2.154747885539991969e+00 -2.157032204330800784e+00 -2.156675245006735686e+00
-1.106281688088816662e+00 -1.095240817477209694e+00 -1.093053569776950562e+00
-4.322276034306109516e-01 -4.280405431331842925e-01 -4.309404873231148514e-01
-1.624327536034602185e-02 -1.517785996991272493e-02 -8.628521127716058670e-02
-2.342121005152538946e-02 -8.804388533833325259e-02 0.000000000000000000e+00
-8.813381804471939751e-02 -7.654581049385417169e-02 0.000000000000000000e+00
-6.842042193762845614e-02 0.000000000000000000e+00 0.000000000000000000e+00
-8.439042175418029479e-02 0.000000000000000000e+00 -3.110657387493987250e-02
0.000000000000000000e+00 0.000000000000000000e+00 0.000000000000000000e+00
0.000000000000000000e+00 0.000000000000000000e+00 0.000000000000000000e+00
-4.758856309640289300e-02 -7.603099139506501458e-02 0.000000000000000000e+00
-9.835760558060789582e-02 -8.385039009988955183e-02 -6.740452977790800659e-02
-2.746020782944587693e-02 -3.542060070214129303e-02 -6.628152795970725097e-02
0.000000000000000000e+00 0.000000000000000000e+00 0.000000000000000000e+00
-7.627581159517496379e-02 -5.226131335496461694e-02 -2.217421852328691628e-02
0.000000000000000000e+00 0.000000000000000000e+00 -1.771381236402014281e-01
-3.639998623375888948e-02 -6.267740765537743730e-02 0.000000000000000000e+00
-8.845780795217104975e-02 -4.904784169467558269e-02 -6.844632408181905436e-02
-1.813074042436952082e-01 -1.935949913436367797e-01 -1.801907487878459668e-01
-6.962474995029029889e-01 -7.001665124156755127e-01 -6.966845878828920036e-01
-8.131930743201758460e-01 -8.105064637903098834e-01 -8.066496629766917170e-01
-4.032421356030464477e-01 -3.843759936823498147e-01 -3.873681220925491719e-01
-1.167203384133411320e-01 -1.097640391378948699e-01 -1.098680493420336052e-01
-7.185196259758348802e-02 -5.605501680085438893e-02 -9.582201696175336736e-02
-8.837284960517578780e-02 -7.321926622800720152e-02 -4.826205776603311598e-02
-1.256899269593537705e-01 -8.372522062941203935e-02 -7.228989653880625588e-02
-1.005214474659700818e-01 0.000000000000000000e+00 0.000000000000000000e+00
0.000000000000000000e+00 0.000000000000000000e+00 0.000000000000000000e+00
0.000000000000000000e+00 0.000000000000000000e+00 0.000000000000000000e+00
0.000000000000000000e+00 0.000000000000000000e+00 0.000000000000000000e+00
0.000000000000000000e+00 -2.616915794291537270e-02 0.000000000000000000e+00
0.000000000000000000e+00 0.000000000000000000e+00 0.000000000000000000e+00
-7.124407213463931909e-02 0.000000000000000000e+00 -6.490176972464646588e-02
0.000000000000000000e+00 -3.657611899158987739e-02 0.000000000000000000e+00
-5.987728304621836584e-02 -1.459348534857387580e-01 0.000000000000000000e+00
-4.113974741005833186e-02 0.000000000000000000e+00 0.000000000000000000e+00
-7.519018593597102951e-02 -8.904631773790672167e-02 0.000000000000000000e+00
-8.790488115876933517e-02 0.000000000000000000e+00 0.000000000000000000e+00
-7.082478190313297450e-02 -8.809396747608637390e-02 0.000000000000000000e+00
-9.824142516927732161e-02 -1.478804588126615867e-02 0.000000000000000000e+00
-1.021206753781850052e-01 0.000000000000000000e+00 0.000000000000000000e+00
-6.036853714112828256e-02 -3.629521993502440175e-02 -1.048434514163716497e-01
0.000000000000000000e+00 0.000000000000000000e+00 0.000000000000000000e+00
-3.598005464118907148e-02 0.000000000000000000e+00 0.000000000000000000e+00
-6.227841351932303371e-02 0.000000000000000000e+00 0.000000000000000000e+00
-8.790638970606451386e-02 0.000000000000000000e+00 -3.773729827702036049e-02
-7.036445010056226190e-02 -8.779247530346220851e-02 -5.069748206093561277e-02
0.000000000000000000e+00 0.000000000000000000e+00 0.000000000000000000e+00
0.000000000000000000e+00 0.000000000000000000e+00 0.000000000000000000e+00
0.000000000000000000e+00 0.000000000000000000e+00 0.000000000000000000e+00
0.000000000000000000e+00 0.000000000000000000e+00 0.000000000000000000e+00
0.000000000000000000e+00 0.000000000000000000e+00 0.000000000000000000e+00
0.000000000000000000e+00 0.000000000000000000e+00 0.000000000000000000e+00
0.000000000000000000e+00 0.000000000000000000e+00 0.000000000000000000e+00
0.000000000000000000e+00 0.000000000000000000e+00 0.000000000000000000e+00
0.000000000000000000e+00 0.000000000000000000e+00 0.000000000000000000e+00
0.000000000000000000e+00 0.000000000000000000e+00 0.000000000000000000e+00
0.000000000000000000e+00 0.000000000000000000e+00 0.000000000000000000e+00
0.000000000000000000e+00 0.000000000000000000e+00 0.000000000000000000e+00
0.000000000000000000e+00 0.000000000000000000e+00 0.000000000000000000e+00
0.000000000000000000e+00 0.000000000000000000e+00 0.000000000000000000e+00
0.000000000000000000e+00 0.000000000000000000e+00 0.000000000000000000e+00
0.000000000000000000e+00 0.000000000000000000e+00 0.000000000000000000e+00
0.000000000000000000e+00 0.000000000000000000e+00 0.000000000000000000e+00
0.000000000000000000e+00 0.000000000000000000e+00 0.000000000000000000e+00
0.000000000000000000e+00 0.000000000000000000e+00 0.000000000000000000e+00
0.000000000000000000e+00 0.000000000000000000e+00 0.000000000000000000e+00
0.000000000000000000e+00 0.000000000000000000e+00 0.000000000000000000e+00
0.000000000000000000e+00 0.000000000000000000e+00 0.000000000000000000e+00
