0.000000000000000000e+00 0.000000000000000000e+00 0.000000000000000000e+00
0.000000000000000000e+00 0.000000000000000000e+00 0.000000000000000000e+00
-1.634365420666801794e-01 -7.672576971982084104e-02 0.000000000000000000e+00
-5.551547027927944411e-02 -9.755625580889473736e-02 0.000000000000000000e+00
-1.245128838665606530e+00 -1.282572044862427152e+00 -1.274808674898334049e+00
-4.285959171195779405e+00 -4.291443332823148715e+00 -4.301396891846191117e+00
-5.461713554187805464e+00 -5.490441742371646505e+00 -5.489182897314138110e+00
-5.589013370288991922e+00 -5.562547261131259191e+00 -5.567257120825035877e+00
-5.161769584696599189e+00 -5.176773862590829722e+00 -5.171939086179681233e+00
-6.367996694825832193e+00 -6.347406345178430165e+00 -6.353701826028539834e+00
-1.044361235174070757e+01 -1.043941393986012756e+01 -1.043299851518963450e+01
-8.978790023028480505e+00 -8.880871460295969300e+00 -8.642799468372148297e+00
-4.579485085678680178e+00 -4.574827188972965253e+00 -4.592917002004574201e+00
0.000000000000000000e+00 0.000000000000000000e+00 0.000000000000000000e+00
0.000000000000000000e+00 0.000000000000000000e+00 0.000000000000000000e+00
0.000000000000000000e+00 0.000000000000000000e+00 0.000000000000000000e+00
0.000000000000000000e+00 0.000000000000000000e+00 0.000000000000000000e+00
-7.642635985455459302e-02 -7.970183190118866612e-02 0.000000000000000000e+00
0.000000000000000000e+00 0.000000000000000000e+00 0.000000000000000000e+00
0.000000000000000000e+00 0.000000000000000000e+00 0.000000000000000000e+00
0.000000000000000000e+00 0.000000000000000000e+00 0.000000000000000000e+00
-9.326304255989595338e-02 -8.165914507920175869e-02 0.000000000000000000e+00
-4.593074723274214594e-02 -1.054221589862555514e-01 -7.756303880802652151e-02
-1.976892268565700606e-01 -2.043105690655659668e-01 -1.969933067404422977e-01
-1.921963973875161935e+00 -1.974694824490744072e+00 -1.928792804737633038e+00
-4.025219352481848034e+00 -4.030867465821118323e+00 -4.027672504825939193e+00
-5.333684576175889092e+00 -5.335418880376391115e+00 -5.341007938976978231e+00
-6.044889824601342276e+00 -6.042949301218363267e+00 -6.049804465445887125e+00
-6.657121643520329535e+00 -6.659683456967798065e+00 -6.671866443151095005e+00
-7.268865341793997459e+00 -7.275838260003960833e+00 -7.272109800543857361e+00
-7.783295125399956049e+00 -7.780982329518759677e+00 -7.783841571983519003e+00
-8.251755469495877904e+00 -8.257886465348109439e+00 -8.247884773408021175e+00
-9.299401226812511467e+00 -9.296727730721288552e+00 -9.300092704536773169e+00
-8.203342726619858638e+00 -8.200660814452714220e+00 -8.205509583766211534e+00
-1.726647634752735416e-01 -1.875051743299498419e-01 -7.235641544942941761e-02
0.000000000000000000e+00 -1.231758111539583145e-01 -2.990081915349782765e-02
-1.437528019036343474e-01 -9.301721647159125195e-02 -9.329533722044025534e-02
-1.355918039338563919e-01 -1.716739593477456804e-01 -9.715727144606237098e-02
-1.384068313405167616e-01 -1.714052142106173571e-01 -6.357777440645741296e-02
0.000000000000000000e+00 0.000000000000000000e+00 0.000000000000000000e+00
0.000000000000000000e+00 0.000000000000000000e+00 0.000000000000000000e+00
-1.045687826068224524e-01 0.000000000000000000e+00 0.000000000000000000e+00
0.000000000000000000e+00 -2.098028775981323202e-01 -9.849949621325210236e-02
-7.770529629095275226e-01 -7.918665563052279532e-01 -7.929838360149792376e-01
-3.135621246612561919e+00 -3.129496207404123265e+00 -3.129490533361384053e+00
-5.084523010070336468e+00 -5.085597777537776309e+00 -5.088878111420812367e+00
-6.401141686158057453e+00 -6.402133485041248129e+00 -6.398996572566094443e+00
-7.395920218265300328e+00 -7.403166579332455477e+00 -7.397424318323273518e+00
-8.112278806115151397e+00 -8.108897567522944883e+00 -8.113345423098751397e+00
-8.445768409794128573e+00 -8.450382570983206776e+00 -8.449548347624400435e+00
-8.609890101113183647e+00 -8.605243292302157343e+00 -8.609332253335905349e+00
-8.443801847249533310e+00 -8.443517757643695276e+00 -8.444749691460362584e+00
-8.146610984822611812e+00 -8.145287520636204093e+00 -8.151167833525100548e+00
-8.253005048729487925e+00 -8.252061062983033324e+00 -8.251794565708063800e+00
-7.753059940873247236e+00 -7.754074942412689353e+00 -7.757393214564618056e+00
-4.603532137145851383e-02 -5.169350619679299874e-02 -7.216752522948619020e-02
-9.644631104157730395e-02 0.000000000000000000e+00 -1.486943942273334651e-01
-7.880484143542572373e-02 0.000000000000000000e+00 -8.746909002777000786e-02
-1.747163417051831868e-01 -1.429197490692363237e-01 -9.716261078332256995e-02
0.000000000000000000e+00 0.000000000000000000e+00 0.000000000000000000e+00
0.000000000000000000e+00 0.000000000000000000e+00 0.000000000000000000e+00
-8.158100533817570776e-02 -2.706061999725235118e-02 -1.010654321855442850e-01
-1.169560497715279590e-01 -1.287614356118284564e-01 -1.293265990062762716e-01
-2.072922514659249593e+00 -2.072777648291919128e+00 -2.082496889630566006e+00
-4.470963328398839032e+00 -4.471596347101110425e+00 -4.471727061160805761e+00
-6.259456273928067027e+00 -6.262786444188233936e+00 -6.263192133161009423e+00
-7.703462912252191153e+00 -7.704308743399837844e+00 -7.709595413719402934e+00
-8.724222484073825612e+00 -8.718468251173053574e+00 -8.720418468950745350e+00
-9.442470642800870451e+00 -9.435131768120658791e+00 -9.440767213041231898e+00
-9.854838539331558067e+00 -9.857456269535360249e+00 -9.859153936706492871e+00
-9.886733300106943290e+00 -9.885049747924876229e+00 -9.886318486183784060e+00
-9.609946445812756366e+00 -9.608993489939608779e+00 -9.608357135652569880e+00
-8.860030590930945138e+00 -8.848030682366486488e+00 -8.846614925648099259e+00
-8.178887209046861173e+00 -8.179224485676504841e+00 -8.176503877516639207e+00
-7.781533531851786201e+00 -7.778046430454824467e+00 -7.778020973444045083e+00
-6.896469845351621331e+00 -6.886499275509061491e+00 -6.891421697900155685e+00
-5.226097902752857571e-02 0.000000000000000000e+00 0.000000000000000000e+00
-2.292726256463165913e-01 -3.043688930140115434e-01 -2.874058772572619103e-01
-1.108126610150948210e-01 -3.935669601006915042e-02 -6.700397290835791164e-02
0.000000000000000000e+00 0.000000000000000000e+00 0.000000000000000000e+00
0.000000000000000000e+00 0.000000000000000000e+00 0.000000000000000000e+00
0.000000000000000000e+00 -4.241224724113126093e-02 -6.159945085784662711e-02
-4.859024727796191767e-01 -4.682501758781207335e-01 -4.780964338143731118e-01
-3.336234304865716371e+00 -3.257122348118867805e+00 -3.251981518069702481e+00
-5.547941644129141814e+00 -5.561737049115444975e+00 -5.554102719198715121e+00
-7.348559662695000050e+00 -7.351513973045637584e+00 -7.366529275855662640e+00
-8.820436679892313947e+00 -8.823614844260413648e+00 -8.821516260553714517e+00
-1.012622556583736255e+01 -1.012338709615955956e+01 -1.012907103845443046e+01
-1.114523144597758275e+01 -1.115065112247062906e+01 -1.114826710537866639e+01
-1.179040060459193562e+01 -1.178787155131309206e+01 -1.178619910673254090e+01
-1.188884233733862672e+01 -1.188779579822767829e+01 -1.188693234827007217e+01
-1.122385527295919516e+01 -1.122501847586626411e+01 -1.123055096309584222e+01
-1.021056194962739383e+01 -1.021346885060268406e+01 -1.020753841951392538e+01
-8.949124633422716357e+00 -8.949883477520469199e+00 -8.950720326071904154e+00
-8.001081328595455844e+00 -8.000418038130895582e+00 -7.997927427174212234e+00
-7.599173825919972813e+00 -7.599075372775330628e+00 -7.597411088499860021e+00
-2.668799254480515692e+00 -2.665767634917176387e+00 -2.657792894505354830e+00
-6.862466265359895567e-02 -8.401468409249894520e-02 -1.269941313048254528e-01
-9.027353525788105182e-02 -1.156700436036308677e-01 -9.120265018634672594e-02
0.000000000000000000e+00 0.000000000000000000e+00 0.000000000000000000e+00
0.000000000000000000e+00 0.000000000000000000e+00 0.000000000000000000e+00
0.000000000000000000e+00 0.000000000000000000e+00 -1.759418460767157161e-02
-9.904479539179038561e-01 -9.914198137381402542e-01 -9.946234837836460674e-01
-4.010617242709543895e+00 -4.012873749318237593e+00 -4.015531520318044834e+00
-6.294366971119024434e+00 -6.293945989976870159e+00 -6.310695550745692550e+00
-8.147953821142845499e+00 -8.146968341735981056e+00 -8.148439798936056633e+00
-9.789657057745751345e+00 -9.786842414004739865e+00 -9.799739269232116357e+00
-1.157630484639991764e+01 -1.158908017098918997e+01 -1.157884179654310230e+01
-1.333588711190214937e+01 -1.332969143750190533e+01 -1.334320342746234900e+01
-1.435280285628099328e+01 -1.435594561349349441e+01 -1.435387504329410824e+01
-1.405806895678434287e+01 -1.405401215748625177e+01 -1.405510300523042133e+01
-1.331149267781483481e+01 -1.331233579354005769e+01 -1.332077320909835905e+01
-1.163844528142745993e+01 -1.164330129001695902e+01 -1.164010790431620279e+01
-1.003465380230665005e+01 -1.003130327982698056e+01 -1.003442822789102706e+01
-8.673539040582340931e+00 -8.667362159724973480e+00 -8.673388920325841411e+00
-7.707179586166538421e+00 -7.706947298750961295e+00 -7.711222826222990712e+00
-7.457934721138590461e+00 -7.461489434663145737e+00 -7.453447261747617070e+00
-5.203631717916463312e-02 -5.524641721312448933e-02 0.000000000000000000e+00
-6.683130729375925949e-02 0.000000000000000000e+00 -8.304191888511994191e-02
-1.172916834365461541e-01 0.000000000000000000e+00 0.000000000000000000e+00
0.000000000000000000e+00 0.000000000000000000e+00 0.000000000000000000e+00
-4.163391908840575334e-02 -1.008716986549389009e-02 0.000000000000000000e+00
-1.082034459806805016e+00 -1.082772121045508795e+00 -1.084050065438997290e+00
-4.387454851097784214e+00 -4.426008920452946249e+00 -4.435398264376552824e+00
-6.589078768180170798e+00 -6.590252710022312499e+00 -6.589484663075390714e+00
-8.567314185567225238e+00 -8.568432320664548740e+00 -8.572897994293946056e+00
-1.027458947181988869e+01 -1.028000694610675758e+01 -1.027635659619263642e+01
-1.255698985815842583e+01 -1.255750257042435791e+01 -1.256434634821621543e+01
-1.561914892847413050e+01 -1.563161282617301140e+01 -1.565677361982482374e+01
-1.864166405358044543e+01 -1.876941829958527919e+01 -1.873729583404697863e+01
-1.938827720364281504e+01 -1.936771244080320997e+01 -1.936935841947468617e+01
-1.490934443071294524e+01 -1.490200355117837283e+01 -1.488246592673858082e+01
-1.297384680526399237e+01 -1.297605760671627984e+01 -1.296890789005366784e+01
-1.091330613112425496e+01 -1.091096467831330408e+01 -1.092146057673110349e+01
-9.208322401712923266e+00 -9.200653994480774145e+00 -9.200570048160008341e+00
-7.686799330558796051e+00 -7.683753977076534625e+00 -7.685112073702521585e+00
-7.615655239988487146e+00 -7.618986618723208259e+00 -7.618161925163208004e+00
-2.008217529786014421e-01 -2.500316329744411981e-01 -1.918349242185226067e-01
-1.644042512349756513e-01 -8.009746077387834562e-02 -7.023039265321948110e-02
0.000000000000000000e+00 0.000000000000000000e+00 0.000000000000000000e+00
0.000000000000000000e+00 0.000000000000000000e+00 0.000000000000000000e+00
-4.936463857223716972e-02 -6.131653642033124685e-02 0.000000000000000000e+00
-8.495660464972791814e-01 -7.971435355057726602e-01 -7.971386815973234841e-01
-4.235899726688369782e+00 -4.408815245690274054e+00 -4.381147503332113224e+00
-6.470961226254822840e+00 -6.471432891010743482e+00 -6.471156683353076033e+00
-8.530553387827154666e+00 -8.539220657380035107e+00 -8.531754345592545974e+00
-1.014536920875515769e+01 -1.014180540859059931e+01 -1.013847201428024469e+01
-1.234532607709642349e+01 -1.234755486640434796e+01 -1.236784977526496121e+01
-1.543572155639379773e+01 -1.544637347508141723e+01 -1.545305891202580106e+01
-1.883198567986000427e+01 -1.905317535538009466e+01 -1.906070416735493467e+01
-2.278550483675393679e+01 -2.277562720121499495e+01 -2.249200940642924351e+01
-1.682044472070572283e+01 -1.675158694184914054e+01 -1.674410497809655141e+01
-1.363731110998312346e+01 -1.363749527964423969e+01 -1.363920415189332758e+01
-1.138159852764936097e+01 -1.138580521257792633e+01 -1.137896382446575316e+01
-9.508009925294723885e+00 -9.508067557816504589e+00 -9.508274275335510950e+00
-7.851521680653748447e+00 -7.852363180198294934e+00 -7.849735079458132425e+00
-7.326411427461619219e+00 -7.318044470758819919e+00 -7.283159609126482970e+00
-6.690443670342620663e-01 -5.196231562050985797e-01 -5.188154596932109675e-01
-1.110118184127577290e-01 0.000000000000000000e+00 -3.925773064285895814e-02
0.000000000000000000e+00 0.000000000000000000e+00 0.000000000000000000e+00
0.000000000000000000e+00 0.000000000000000000e+00 0.000000000000000000e+00
-2.066435421849432269e-02 -6.222700585687273439e-02 -7.710705008675762528e-02
-4.375838542355308669e-01 -4.293393366550877777e-01 -4.372448071968420003e-01
-3.943235407747906596e+00 -4.081814116221043065e+00 -4.103558477379908531e+00
-6.050899670407251740e+00 -6.055901454952184793e+00 -6.049251575889273980e+00
-8.069427893688784437e+00 -8.067930233064357637e+00 -8.079130052760591596e+00
-9.550055125259602207e+00 -9.556198867045401002e+00 -9.555624107942350065e+00
-1.138015440278726231e+01 -1.140410645229427189e+01 -1.138951059752498374e+01
-1.330267772488948808e+01 -1.330877319944632120e+01 -1.330339006805015956e+01
-1.589165729728474119e+01 -1.590683072481804139e+01 -1.590139230830751416e+01
-1.618466943136401071e+01 -1.617603470580397840e+01 -1.617930647786203835e+01
-1.479997416106465025e+01 -1.482079834745417735e+01 -1.480992410135912607e+01
-1.311813627874060373e+01 -1.310827720168789412e+01 -1.310925243109137917e+01
-1.113221137006653372e+01 -1.113183860759819410e+01 -1.113160992430286989e+01
-9.346938499670217837e+00 -9.345350553042685249e+00 -9.342689579326261651e+00
-7.901709736706157727e+00 -7.904932724196833682e+00 -7.903759623884808683e+00
-6.891875365616206395e+00 -6.891116698475697966e+00 -6.889897089705277367e+00
-8.118869326477167192e-01 -7.759766898083362285e-01 -7.729343869593509053e-01
-7.731723672347262655e-02 0.000000000000000000e+00 0.000000000000000000e+00
0.000000000000000000e+00 0.000000000000000000e+00 0.000000000000000000e+00
0.000000000000000000e+00 0.000000000000000000e+00 0.000000000000000000e+00
-7.496999120095361457e-02 0.000000000000000000e+00 0.000000000000000000e+00
-7.198705464091108286e-02 -6.574859444459882352e-02 -5.988936765043486460e-02
-3.198836802728268758e+00 -3.205240910615068550e+00 -3.199744837850455603e+00
-5.409662184415057418e+00 -5.415748086481414703e+00 -5.414642519131985132e+00
-7.322983939388675978e+00 -7.317243261332198934e+00 -7.324657901913739444e+00
-8.738104117534359006e+00 -8.742557984043608954e+00 -8.733783497924545003e+00
-1.013016511015113430e+01 -1.012231593021130216e+01 -1.012171862452821358e+01
-1.160253628807050674e+01 -1.161509117161723736e+01 -1.160856821651916171e+01
-1.264114262855737536e+01 -1.265847637510185031e+01 -1.263825915415746159e+01
-1.305692918777356937e+01 -1.305740108431472457e+01 -1.305541690177699188e+01
-1.267883358418956341e+01 -1.267361001359276074e+01 -1.267875997540423150e+01
-1.155694644378887581e+01 -1.155051500291768285e+01 -1.155477963741938119e+01
-1.018285882931897035e+01 -1.018818379620527637e+01 -1.017711555618019403e+01
-8.791635017903196569e+00 -8.797762398885613067e+00 -8.793498914414023204e+00
-7.619071639054825873e+00 -7.616294522388163735e+00 -7.615258277461762759e+00
-5.999336283208670295e+00 -6.003106889066923024e+00 -5.995451586723089754e+00
-7.356207708814325175e-01 -7.743796708499557369e-01 -6.684456312188281624e-01
-2.045130433219535249e-01 -1.078755975488071422e-01 -1.195898106182110288e-01
0.000000000000000000e+00 0.000000000000000000e+00 0.000000000000000000e+00
0.000000000000000000e+00 0.000000000000000000e+00 0.000000000000000000e+00
0.000000000000000000e+00 0.000000000000000000e+00 0.000000000000000000e+00
0.000000000000000000e+00 -9.805704618245232596e-02 0.000000000000000000e+00
-1.133661157470002401e+00 -1.147130539468531607e+00 -1.160965467078671765e+00
-4.388110785603430486e+00 -4.490440143832639563e+00 -4.470777152095200435e+00
-6.253053466560412055e+00 -6.256646864388148543e+00 -6.246582930613969964e+00
-7.796984764031264170e+00 -7.804580778198856983e+00 -7.800105770516102766e+00
-9.012273752100801616e+00 -9.010122510470216284e+00 -9.018610186769080883e+00
-9.975797537084188704e+00 -9.983145441098857376e+00 -9.976265095869059962e+00
-1.063640886404707331e+01 -1.063713889257114076e+01 -1.063704976877882835e+01
-1.074473404064602100e+01 -1.074461386751445779e+01 -1.074483732691561144e+01
-1.054402648126946040e+01 -1.053866023186427014e+01 -1.053975116127703515e+01
-9.939053456031201605e+00 -9.937814310729871536e+00 -9.942194166175928771e+00
-9.097133182205649149e+00 -9.100830450742423139e+00 -9.102040582984519901e+00
-8.045280209763468804e+00 -8.050261106620720142e+00 -8.040601569271531801e+00
-6.983854949329583839e+00 -6.974389226033502531e+00 -6.980688611245052577e+00
-4.312493966070556795e+00 -4.330593573897751014e+00 -4.303542920647756453e+00
-1.936838826924209556e-01 -1.752120222525770099e-01 -1.915190744743303919e-01
-1.011828527385391363e-01 -5.711674228864635494e-02 0.000000000000000000e+00
0.000000000000000000e+00 0.000000000000000000e+00 0.000000000000000000e+00
0.000000000000000000e+00 0.000000000000000000e+00 0.000000000000000000e+00
-9.728488294944762083e-02 -1.117820792279546338e-01 -1.123583309885740344e-01
-3.537878740344044259e-02 -1.148704845592810886e-01 0.000000000000000000e+00
-6.594586046126199586e-02 -7.267274866084465212e-02 -1.084818958612013690e-01
-2.905622876385009157e+00 -2.894444314679612607e+00 -2.893605663923766613e+00
-5.233247224353323013e+00 -5.258608921556404248e+00 -5.256139981475108414e+00
-6.713426069866396340e+00 -6.709790063982236319e+00 -6.713100477264898558e+00
-7.816750384595034795e+00 -7.822102666994289244e+00 -7.820169529522436491e+00
-8.637347555405440858e+00 -8.623790319669675242e+00 -8.628094199512059248e+00
-9.164968373203150165e+00 -9.166931519803267037e+00 -9.167302117511168191e+00
-9.420308321708001031e+00 -9.419518343020813589e+00 -9.415674503546844321e+00
-9.244757253245067474e+00 -9.234155565782007358e+00 -9.230906631162588027e+00
-8.780281705423886862e+00 -8.784587097461148630e+00 -8.788651004025686220e+00
-8.007024237351330953e+00 -8.017136057986936848e+00 -8.005492907000826719e+00
-7.166687079144718808e+00 -7.172977564121714167e+00 -7.172203823043485471e+00
-5.749338517411799465e+00 -5.738591231247056612e+00 -5.697416789446869245e+00
-1.777877233321137895e+00 -1.768483745944894991e+00 -1.769861925091651633e+00
-9.279089575348482832e-02 0.000000000000000000e+00 0.000000000000000000e+00
-1.849402050732819047e-01 -1.798727546568521518e-01 -1.241379269909998195e-01
0.000000000000000000e+00 0.000000000000000000e+00 0.000000000000000000e+00
0.000000000000000000e+00 0.000000000000000000e+00 0.000000000000000000e+00
-4.353213206007801317e-02 0.000000000000000000e+00 0.000000000000000000e+00
-1.796727058769795049e-01 -1.573890291865973068e-01 -2.598822973229441002e-01
-9.667452775875859383e-02 0.000000000000000000e+00 -5.607219849596762479e-02
-3.988158732809399254e-01 -3.877714873764765424e-01 -3.957844428255017921e-01
-3.631251374288400058e+00 -3.622756574589942158e+00 -3.625030712301235525e+00
-5.553370522492317995e+00 -5.560146423549128691e+00 -5.561844922446608663e+00
-6.661160597477226553e+00 -6.659160061166756073e+00 -6.655979204943172078e+00
-7.410232584679657286e+00 -7.407417213099403597e+00 -7.409266211522392176e+00
-7.797172686101234262e+00 -7.798016353187537497e+00 -7.799100898946490723e+00
-7.886382881891086605e+00 -7.881841254067405877e+00 -7.880442976928300425e+00
-7.780469616763022955e+00 -7.783534357799050341e+00 -7.778267489253386735e+00
-7.451402104500886026e+00 -7.462265266204839875e+00 -7.456686110993842043e+00
-7.077090496527437935e+00 -7.077498924248534884e+00 -7.074184611773109310e+00
-6.041513255928026460e+00 -6.034422912127698879e+00 -6.042446152150488636e+00
-3.245382156083314928e+00 -3.222983993005759551e+00 -3.217206761525675418e+00
-1.718150798181207195e-01 -1.693544821628125696e-01 -1.820535433346265886e-01
-7.837309094241891316e-02 -1.006166068585494788e-01 0.000000000000000000e+00
-5.321387031051764277e-02 -1.569358845776395728e-01 0.000000000000000000e+00
0.000000000000000000e+00 -8.500944951952972561e-02 0.000000000000000000e+00
0.000000000000000000e+00 0.000000000000000000e+00 0.000000000000000000e+00
-5.432983304902650606e-02 0.000000000000000000e+00 0.000000000000000000e+00
-3.678990000753709633e-02 0.000000000000000000e+00 0.000000000000000000e+00
-1.452848716129740737e-02 -1.162869477256429224e-01 0.000000000000000000e+00
-9.119303181976776140e-02 -3.954104735158249506e-02 -9.627872257662846434e-02
-6.993523689022088652e-01 -7.299046287719784809e-01 -7.150438415644636558e-01
-3.821339880363054053e+00 -3.824994584933882447e+00 -3.832132147904287134e+00
-5.578627813017657644e+00 -5.583214015379986961e+00 -5.583468276804421038e+00
-6.561597481218088390e+00 -6.556691362818307667e+00 -6.560775164715072272e+00
-7.032330750233642291e+00 -7.034301282139531430e+00 -7.039916694102839045e+00
-7.223121815758238640e+00 -7.222868429977328475e+00 -7.220423041105566320e+00
-7.229237562126825445e+00 -7.230514910709831433e+00 -7.226996680654158567e+00
-6.990066374621887846e+00 -6.999185222514152649e+00 -6.989221350678493927e+00
-5.874320934650246961e+00 -5.873173436681321746e+00 -5.885037706413252856e+00
-3.651748532859592000e+00 -3.643183576948303859e+00 -3.633347328102368046e+00
-6.658307731557658871e-01 -6.550758481686268508e-01 -6.370010138142849776e-01
-2.384250518779781197e-02 -7.544291448078720153e-02 0.000000000000000000e+00
0.000000000000000000e+00 -3.028941557780948785e-02 0.000000000000000000e+00
0.000000000000000000e+00 -5.247931821888138226e-02 -4.349646268002450161e-02
0.000000000000000000e+00 0.000000000000000000e+00 0.000000000000000000e+00
0.000000000000000000e+00 0.000000000000000000e+00 0.000000000000000000e+00
-8.066155631155094707e-02 0.000000000000000000e+00 0.000000000000000000e+00
-2.092393922946529372e-01 -1.422308360520009307e-01 -1.216803321523926007e-01
-3.678990000753709633e-02 -1.035408164348037841e-01 -1.163808221809768395e-01
-5.144264441622635464e-02 -9.261949330573078509e-02 -6.718070784105932558e-02
-1.649610358420921519e-01 -1.790240057184748768e-01 -1.779580008002377145e-01
-9.897822465859826835e-01 -9.906109369505495810e-01 -1.008052158986907809e+00
-3.624627951383776470e+00 -3.617633167931971983e+00 -3.631625961574407757e+00
-5.148297703418875493e+00 -5.140803261935200652e+00 -5.146570318440978120e+00
-6.037770607240374510e+00 -6.040054165623351068e+00 -6.037888422116935772e+00
-6.533508916729902971e+00 -6.536436238407658195e+00 -6.521096158072795745e+00
-6.328007621921995174e+00 -6.332550681194924813e+00 -6.327364077414808996e+00
-5.363051013534899880e+00 -5.350387229437727044e+00 -5.353895893777017356e+00
-3.385518853554681407e+00 -3.394921719435457508e+00 -3.418162284075100921e+00
-1.064430664574480323e+00 -1.068864207584625081e+00 -1.053276368548040853e+00
-6.980124726129678658e-02 -5.634753487023171081e-02 -1.322927337068571241e-01
-4.345224556001262700e-02 0.000000000000000000e+00 0.000000000000000000e+00
-2.285666641660634435e-01 -1.265853265125863603e-01 -1.256694828341134995e-01
0.000000000000000000e+00 0.000000000000000000e+00 0.000000000000000000e+00
0.000000000000000000e+00 0.000000000000000000e+00 0.000000000000000000e+00
0.000000000000000000e+00 0.000000000000000000e+00 0.000000000000000000e+00
-7.409127561826968356e-02 0.000000000000000000e+00 -8.120781539018576134e-02
0.000000000000000000e+00 -1.040016492667320547e-01 0.000000000000000000e+00
-3.008527750407885906e-02 0.000000000000000000e+00 -5.394476348214016087e-02
-3.913776038340820163e-02 -9.480873031740479073e-02 -7.451597057941843072e-02
-6.667380631263140900e-02 -3.947687664620460474e-02 -1.111684322698431593e-01
0.000000000000000000e+00 0.000000000000000000e+00 -7.424025669641730329e-02
-7.844836719730883257e-01 -7.878072728986910134e-01 -8.021888802596993662e-01
-2.942348278194891531e+00 -2.948776221467403591e+00 -2.951226462393998773e+00
-4.055918611012660158e+00 -4.047774124650104888e+00 -4.056107345826864830e+00
-4.446372978353767103e+00 -4.447145300494861786e+00 -4.451867123487141420e+00
-3.912001132504112189e+00 -3.917281890663836030e+00 -3.918215401620946725e+00
-2.770989957380207258e+00 -2.780090957671334628e+00 -2.776739514961052535e+00
-1.126836141835849014e+00 -1.138100129538053285e+00 -1.125685800048437768e+00
-1.462833286978648395e-01 -1.540754820932068170e-01 -1.478092621296862863e-01
0.000000000000000000e+00 0.000000000000000000e+00 0.000000000000000000e+00
-8.596154839367994849e-02 -9.491043067100886355e-02 -6.544766193176368430e-02
-1.316825901504994900e-01 -1.117745402731463722e-01 -1.233108928225181145e-01
-1.560479137847004816e-01 -1.599077619946991935e-01 -8.024700509653984182e-02
0.000000000000000000e+00 0.000000000000000000e+00 0.000000000000000000e+00
0.000000000000000000e+00 0.000000000000000000e+00 0.000000000000000000e+00
-3.398165736043578383e-02 -1.158807450188571592e-01 -7.404925878245842419e-02
-6.871294025446264553e-02 -1.722925565459181851e-01 -9.617627249553525881e-02
0.000000000000000000e+00 0.000000000000000000e+00 0.000000000000000000e+00
-1.460818297117489895e-01 -9.533120230582668719e-02 -5.732092854644615237e-02
-6.264741029864015487e-02 -6.380463523894140676e-02 -1.127013946832056135e-01
-8.150373703100192990e-02 -8.265317944848347975e-02 -1.516262284522129633e-01
-9.385396664492927365e-02 0.000000000000000000e+00 0.000000000000000000e+00
-5.929050346664214155e-01 -5.906506206458635999e-01 -5.896693761865260397e-01
-2.170940920954551601e+00 -2.173717412675043814e+00 -2.184200817744902601e+00
-2.471032948874665180e+00 -2.469987616753699378e+00 -2.467815549210916615e+00
-2.116198013090349495e+00 -2.112355063173559255e+00 -2.107483992668858441e+00
-1.240671318518994592e+00 -1.234277955255974835e+00 -1.231668641038502043e+00
-3.424838861323734052e-01 -3.402078926396567837e-01 -3.532346242273490811e-01
-3.209342589530084222e-02 -3.133288928455244676e-02 -2.694617691902839729e-02
-1.046948437863008535e-01 0.000000000000000000e+00 0.000000000000000000e+00
-5.710889118825551725e-02 -9.978390904380646242e-02 -5.316955623604517622e-02
-1.435445366931540900e-01 0.000000000000000000e+00 0.000000000000000000e+00
-2.816521124737142792e-02 0.000000000000000000e+00 0.000000000000000000e+00
0.000000000000000000e+00 0.000000000000000000e+00 0.000000000000000000e+00
0.000000000000000000e+00 0.000000000000000000e+00 0.000000000000000000e+00
-3.221886552745490545e-02 0.000000000000000000e+00 0.000000000000000000e+00
-9.035186568467960810e-02 0.000000000000000000e+00 0.000000000000000000e+00
-4.698768571008606759e-02 -2.403442596323902558e-01 -6.224228178479881968e-02
-5.797850814412702780e-02 -1.017217920973734618e-01 0.000000000000000000e+00
-1.105773520832313284e-01 -8.014499666022256719e-02 -1.193441291345610222e-01
-4.520810793730599408e-02 -9.929729598615889830e-02 -9.641329462429927555e-02
-6.256324514529743031e-02 -9.092252132456948854e-02 -8.269922830030473904e-02
-9.528031587459773188e-02 0.000000000000000000e+00 0.000000000000000000e+00
-2.171961147643708956e-01 -2.121706243646863110e-01 -2.187545758995706469e-01
-6.643716555970449189e-01 -6.644399309137367649e-01 -6.654600241304492458e-01
-7.953295337068134740e-01 -7.982962680462321048e-01 -7.961671292046597070e-01
-4.601155464216377666e-01 -4.645306327087498910e-01 -4.684086469405446262e-01
-1.151599034990214432e-01 -1.699985327678529001e-01 -1.150000000000000328e-01
-1.400052100185131820e-01 0.000000000000000000e+00 0.000000000000000000e+00
-6.589037825281177096e-02 -1.148920272935057135e-01 0.000000000000000000e+00
-7.153755236865604050e-02 -2.244335901188495436e-02 -6.698133363165786891e-02
0.000000000000000000e+00 -9.376708909424275040e-02 0.000000000000000000e+00
-1.417390755377324063e-01 -2.090584674632822992e-01 -1.805135336233984755e-01
0.000000000000000000e+00 0.000000000000000000e+00 0.000000000000000000e+00
0.000000000000000000e+00 0.000000000000000000e+00 0.000000000000000000e+00
-3.632898321478122972e-02 -8.373538424519498535e-02 -7.536402113337056785e-02
-9.121472796381510650e-02 0.000000000000000000e+00 0.000000000000000000e+00
-5.583475157631927199e-02 -2.166698108206639439e-01 -7.478905926951992522e-02
-1.065742840317507462e-01 0.000000000000000000e+00 0.000000000000000000e+00
0.000000000000000000e+00 0.000000000000000000e+00 0.000000000000000000e+00
0.000000000000000000e+00 0.000000000000000000e+00 0.000000000000000000e+00
-1.394304843750472644e-01 -7.428574056074298271e-02 -9.603344845929737139e-02
-9.780454087101050908e-02 0.000000000000000000e+00 0.000000000000000000e+00
-9.478736620683873848e-02 -1.124276948612500798e-01 -5.030732103426055479e-02
-8.447213960030325319e-02 0.000000000000000000e+00 0.000000000000000000e+00
-6.368634414435905833e-02 0.000000000000000000e+00 0.000000000000000000e+00
-7.784350462833479478e-02 0.000000000000000000e+00 0.000000000000000000e+00
-3.437007816065494603e-02 -5.009536761217808082e-02 0.000000000000000000e+00
-9.089314000159978701e-02 -8.295705634039279852e-02 -9.015438315466813013e-02
-6.522853339146861273e-02 0.000000000000000000e+00 0.000000000000000000e+00
-5.263652960039733042e-02 -9.811871132424095088e-02 0.000000000000000000e+00
-7.998200939668718978e-02 0.000000000000000000e+00 -5.000000000000000104e-03
-7.946397081264716666e-02 -7.445893761411921663e-02 0.000000000000000000e+00
0.000000000000000000e+00 0.000000000000000000e+00 0.000000000000000000e+00
0.000000000000000000e+00 0.000000000000000000e+00 0.000000000000000000e+00
0.000000000000000000e+00 0.000000000000000000e+00 0.000000000000000000e+00
0.000000000000000000e+00 0.000000000000000000e+00 0.000000000000000000e+00
0.000000000000000000e+00 0.000000000000000000e+00 0.000000000000000000e+00
0.000000000000000000e+00 0.000000000000000000e+00 0.000000000000000000e+00
0.000000000000000000e+00 0.000000000000000000e+00 0.000000000000000000e+00
0.000000000000000000e+00 0.000000000000000000e+00 0.000000000000000000e+00
0.000000000000000000e+00 0.000000000000000000e+00 0.000000000000000000e+00
0.000000000000000000e+00 0.000000000000000000e+00 0.000000000000000000e+00
0.000000000000000000e+00 0.000000000000000000e+00 0.000000000000000000e+00
0.000000000000000000e+00 0.000000000000000000e+00 0.000000000000000000e+00
0.000000000000000000e+00 0.000000000000000000e+00 0.000000000000000000e+00
0.000000000000000000e+00 0.000000000000000000e+00 0.000000000000000000e+00
0.000000000000000000e+00 0.000000000000000000e+00 0.000000000000000000e+00
0.000000000000000000e+00 0.000000000000000000e+00 0.000000000000000000e+00
0.000000000000000000e+00 0.000000000000000000e+00 0.000000000000000000e+00
0.000000000000000000e+00 0.000000000000000000e+00 0.000000000000000000e+00
0.000000000000000000e+00 0.000000000000000000e+00 0.000000000000000000e+00
0.000000000000000000e+00 0.000000000000000000e+00 0.000000000000000000e+00
0.000000000000000000e+00 0.000000000000000000e+00 0.000000000000000000e+00
