0.000000000000000000e+00 0.000000000000000000e+00 0.000000000000000000e+00
0.000000000000000000e+00 0.000000000000000000e+00 -3.748137853085842242e-02
-3.260485994744170835e-02 0.000000000000000000e+00 0.000000000000000000e+00
-2.542810791763689196e-02 -3.753908072953578839e-02 -3.928916406321192323e-02
-6.836616958251403586e-01 -6.841192765553198996e-01 -6.843064652790145086e-01
-2.943402703322906433e+00 -2.926457540261704793e+00 -2.944333814629996660e+00
-3.779637512808300848e+00 -3.801854512655885365e+00 -3.785656432055005016e+00
-3.797639596530084649e+00 -3.790187046321626507e+00 -3.778205503025141354e+00
-3.502309507338919659e+00 -3.503147674605337158e+00 -3.495035881814652079e+00
-4.123495322690528653e+00 -4.116719888256086257e+00 -4.105833349661962117e+00
-6.241049605966956904e+00 -6.240097157652267690e+00 -6.241886781846956112e+00
-5.684778030682042349e+00 -5.682775483162949115e+00 -5.686337866474826974e+00
-3.374358908257426126e+00 -3.368619245195899836e+00 -3.381542533382405846e+00
-5.312629297459546540e-02 -3.243340893112233586e-02 0.000000000000000000e+00
-4.186476861161775309e-02 0.000000000000000000e+00 0.000000000000000000e+00
0.000000000000000000e+00 0.000000000000000000e+00 0.000000000000000000e+00
-4.109310227768216833e-02 0.000000000000000000e+00 0.000000000000000000e+00
0.000000000000000000e+00 0.000000000000000000e+00 0.000000000000000000e+00
-3.280309048080042728e-02 -4.473344781120441177e-02 0.000000000000000000e+00
0.000000000000000000e+00 0.000000000000000000e+00 0.000000000000000000e+00
0.000000000000000000e+00 0.000000000000000000e+00 0.000000000000000000e+00
0.000000000000000000e+00 0.000000000000000000e+00 -2.940792622601388212e-02
-7.235026467243579895e-02 0.000000000000000000e+00 0.000000000000000000e+00
-7.658370580393901450e-02 -7.141177019199378140e-02 -7.672093938545150593e-02
-1.419665053790506226e+00 -1.431770596030112142e+00 -1.423385454309459286e+00
-3.159991056604035897e+00 -3.161473231615640866e+00 -3.160691747820542741e+00
-3.876921219783053818e+00 -3.879076127573472199e+00 -3.880706005120741597e+00
-4.317762161253886788e+00 -4.317695194780420742e+00 -4.320416556061843494e+00
-4.671911650307233543e+00 -4.671862048217986896e+00 -4.675275433588319096e+00
-4.975402734197138521e+00 -4.976460163413013227e+00 -4.978604080916223751e+00
-5.213048361578999312e+00 -5.207843152502573680e+00 -5.206357705017786053e+00
-5.476767406468562527e+00 -5.477655237646118280e+00 -5.480764378518050428e+00
-6.020449780846436560e+00 -6.019493012331280646e+00 -6.021391594979953688e+00
-5.497353724951191012e+00 -5.496122674354572801e+00 -5.498121275834732202e+00
-1.465599128819274066e-02 -4.498006873417249862e-02 -9.446975707047461368e-02
-4.172986215389406367e-02 -3.569773412594196005e-02 -3.766457890148795090e-02
-5.750113816144689777e-02 -7.176187101727804496e-02 -8.304908100402318138e-02
-3.923751896262584610e-02 -3.689020453874161665e-02 -7.423887841212027661e-02
-7.843303829751535616e-02 -4.249892699683554403e-02 0.000000000000000000e+00
0.000000000000000000e+00 0.000000000000000000e+00 0.000000000000000000e+00
0.000000000000000000e+00 0.000000000000000000e+00 0.000000000000000000e+00
-3.939690720224559017e-02 0.000000000000000000e+00 0.000000000000000000e+00
-8.104862054066111487e-02 -5.633310600986765442e-03 -1.269336678831753905e-02
-6.163643369669323802e-01 -6.064075990134811800e-01 -5.984365213136773054e-01
-2.604853255823536884e+00 -2.610030390113251109e+00 -2.609652480323870982e+00
-3.779773005344078562e+00 -3.773766481043018040e+00 -3.778300902531397831e+00
-4.558946934388877992e+00 -4.558910350465144923e+00 -4.567795385479967329e+00
-5.027729957537455441e+00 -5.028548856730377103e+00 -5.029978993713446478e+00
-5.396340518670844411e+00 -5.394016806179325663e+00 -5.396824855234458873e+00
-5.604525294736268926e+00 -5.600686825678640623e+00 -5.602694115106353401e+00
-5.638536003082308845e+00 -5.642403539557227177e+00 -5.638558203435523275e+00
-5.534097352874002951e+00 -5.534523985291343706e+00 -5.534698557164761112e+00
-5.395781084613110679e+00 -5.398237517226437632e+00 -5.397722918116657276e+00
-5.553618398075375495e+00 -5.553621502073680993e+00 -5.553866057286562352e+00
-5.285075923255933894e+00 -5.285854889434014936e+00 -5.286226171892836945e+00
-5.954421775954343854e-02 -7.672552363453095936e-02 -3.928816554956696822e-02
-4.182948334262293066e-02 -3.993801585777564944e-02 -3.689831169198289768e-02
-3.097917176845059462e-02 0.000000000000000000e+00 0.000000000000000000e+00
-3.936717519041696423e-02 -3.809183114559941408e-02 0.000000000000000000e+00
0.000000000000000000e+00 0.000000000000000000e+00 0.000000000000000000e+00
0.000000000000000000e+00 0.000000000000000000e+00 0.000000000000000000e+00
-3.747995211237809682e-02 -4.502797971151260847e-02 0.000000000000000000e+00
-1.001299632331305867e-01 -9.745403261636559344e-02 -8.855100294796373894e-02
-1.782219834541400649e+00 -1.789215233028765395e+00 -1.787187414152174636e+00
-3.488436322240211940e+00 -3.487760735686958657e+00 -3.492243233416234549e+00
-4.481402840209904426e+00 -4.476231364963645376e+00 -4.476909854546180512e+00
-5.172141144639526011e+00 -5.170833596457524273e+00 -5.170376920032043522e+00
-5.739653343903516003e+00 -5.741018453447290781e+00 -5.743543092087191937e+00
-6.146904145807409847e+00 -6.142993182941545172e+00 -6.142245301719420070e+00
-6.340261823853886369e+00 -6.340028993569210236e+00 -6.337688107687956318e+00
-6.330042873341872323e+00 -6.330578319437178081e+00 -6.330177378991025172e+00
-6.167467239339057272e+00 -6.166625726460343238e+00 -6.166712733306228600e+00
-5.826627391524090704e+00 -5.823986621964452048e+00 -5.823673616786896545e+00
-5.424495971777530734e+00 -5.424310067222922527e+00 -5.425100449984568307e+00
-5.282082520409120185e+00 -5.280633637906755773e+00 -5.281942646712389333e+00
-4.824353315135713416e+00 -4.820983991369418575e+00 -4.817909221256334362e+00
-6.131523102102238998e-02 -4.134965377809047410e-02 -8.188733151666752197e-02
-1.191461838081318836e-01 -3.428821964097917424e-02 -3.940876207352562305e-02
0.000000000000000000e+00 0.000000000000000000e+00 0.000000000000000000e+00
-3.895750344439791873e-02 0.000000000000000000e+00 0.000000000000000000e+00
0.000000000000000000e+00 0.000000000000000000e+00 0.000000000000000000e+00
-3.352917744884557211e-02 -3.871495034154209813e-02 0.000000000000000000e+00
-3.776368558450279855e-01 -3.827206532764418911e-01 -3.870459316738784628e-01
-2.687910169518651582e+00 -2.683474729494057076e+00 -2.689233096843069326e+00
-4.085531632045762862e+00 -4.085641680170506440e+00 -4.083024101025602981e+00
-5.058051430375702040e+00 -5.056363732308462922e+00 -5.059669735287523729e+00
-5.777764448807686470e+00 -5.776587598698027293e+00 -5.778249742141052359e+00
-6.392807695497140230e+00 -6.391860488720074507e+00 -6.394672536424208076e+00
-6.769304765289595238e+00 -6.770726516017083974e+00 -6.771921293387227259e+00
-6.954130163800752662e+00 -6.954768634118726034e+00 -6.956145306010624196e+00
-6.945468962703122529e+00 -6.946204763398631243e+00 -6.945720117119584813e+00
-6.773032229920427305e+00 -6.771089251244978513e+00 -6.768954640614929907e+00
-6.377071776494458000e+00 -6.375891601054431312e+00 -6.374903511874387974e+00
-5.873006204242728678e+00 -5.870330782141016002e+00 -5.868934452268843138e+00
-5.327007213293336818e+00 -5.329520393767504416e+00 -5.324942333313469334e+00
-5.124830695278520309e+00 -5.135779511425014654e+00 -5.122867083428895185e+00
-2.021121070919436491e+00 -1.989412361198185097e+00 -2.004859233827719578e+00
-3.531657507215880953e-02 -2.385165193684006882e-02 -3.844549108842539031e-02
-7.560159282694087213e-02 -8.197827201699600663e-02 -4.226214348998678927e-02
0.000000000000000000e+00 0.000000000000000000e+00 0.000000000000000000e+00
0.000000000000000000e+00 0.000000000000000000e+00 0.000000000000000000e+00
-4.521965774992942749e-02 -4.503872023910381744e-02 0.000000000000000000e+00
-8.250096003478593065e-01 -8.224955759947912837e-01 -8.321935770348323214e-01
-3.271769465374077868e+00 -3.273656031064074323e+00 -3.272533184756599489e+00
-4.512249703676814327e+00 -4.511417557468013761e+00 -4.514879895137068999e+00
-5.429411582899791533e+00 -5.431534935577851719e+00 -5.434056431607122484e+00
-6.242080877497804714e+00 -6.239696646115705292e+00 -6.237844413057335835e+00
-6.871499105351994707e+00 -6.873878815578207124e+00 -6.872787642090022686e+00
-7.416670475064191415e+00 -7.414390747307280982e+00 -7.418033428044262578e+00
-7.752510494922966622e+00 -7.752981132555445853e+00 -7.752717241705489037e+00
-7.647975893202695552e+00 -7.647780875808618539e+00 -7.647550681443832765e+00
-7.394902052543923077e+00 -7.394518319151796248e+00 -7.391422665101424094e+00
-6.873043722439120096e+00 -6.872909583990423954e+00 -6.875796859232917946e+00
-6.330171715844145730e+00 -6.334296121904033683e+00 -6.328043527538922852e+00
-5.688985055899057564e+00 -5.690339300357940999e+00 -5.694595586696785894e+00
-5.188666171553203199e+00 -5.190280066721846275e+00 -5.188608021976046203e+00
-5.144955934158442545e+00 -5.146723806675302271e+00 -5.145329247421742025e+00
-4.303007847712456840e-02 0.000000000000000000e+00 0.000000000000000000e+00
-8.518599412947809590e-02 -8.743725744283881163e-02 -4.475726678465605235e-02
0.000000000000000000e+00 0.000000000000000000e+00 0.000000000000000000e+00
0.000000000000000000e+00 0.000000000000000000e+00 0.000000000000000000e+00
-2.529580486913829765e-02 -2.129209496271116178e-02 0.000000000000000000e+00
-9.906383436418296773e-01 -9.915750339743197861e-01 -9.924555294451170573e-01
-3.497840604830681599e+00 -3.496990966080955054e+00 -3.495725337730745785e+00
-4.691423780184201142e+00 -4.693693059952957825e+00 -4.697204509279086615e+00
-5.597120384257012304e+00 -5.596609389064944651e+00 -5.595995765340465944e+00
-6.425222452664598904e+00 -6.424309270892113233e+00 -6.428666837930524736e+00
-7.157635610216946276e+00 -7.157318269415682721e+00 -7.158749814758296637e+00
-7.951244805223691259e+00 -7.954449208968825680e+00 -7.955367780790997045e+00
-8.384064486278596462e+00 -8.498999260632484010e+00 -8.501103603810157949e+00
-8.600001437071973953e+00 -8.600010616791806228e+00 -8.599898201360916872e+00
-7.722325177132886687e+00 -7.722501108226817124e+00 -7.722775186163498340e+00
-7.340829031408854455e+00 -7.340261815149692559e+00 -7.337793739690887662e+00
-6.627757485162036666e+00 -6.626425253438394058e+00 -6.626500715262241492e+00
-5.987761234654803921e+00 -5.988280889073497093e+00 -5.987515406202960300e+00
-5.193988465080431105e+00 -5.191465004421897511e+00 -5.193480173478686623e+00
-5.228881490771293272e+00 -5.226774565526490335e+00 -5.155948020405137555e+00
-1.136097167830020516e-01 -1.170611529183220451e-01 -1.551497588257556293e-01
-4.179686384197071891e-02 -4.250491603624172166e-02 0.000000000000000000e+00
0.000000000000000000e+00 0.000000000000000000e+00 0.000000000000000000e+00
0.000000000000000000e+00 0.000000000000000000e+00 0.000000000000000000e+00
-3.976556906159812305e-02 0.000000000000000000e+00 0.000000000000000000e+00
-7.372299581206691599e-01 -7.348459233937536528e-01 -7.370548847764396561e-01
-3.409500102663003407e+00 -3.459497423574260822e+00 -3.470091132879341789e+00
-4.650767076977389003e+00 -4.651796142060077521e+00 -4.651813877899311223e+00
-5.530301440064223861e+00 -5.530966312041421418e+00 -5.528555780500756356e+00
-6.392445778112114674e+00 -6.392382815986045408e+00 -6.397613284107984022e+00
-7.107225291193250527e+00 -7.111101706833115266e+00 -7.108028731319488536e+00
-7.887943103562299108e+00 -7.890977101132085281e+00 -7.891632369924999502e+00
-8.441077147227444399e+00 -8.537158306770564309e+00 -8.542345200777891279e+00
-8.952162117205771708e+00 -8.955584549412366258e+00 -8.868400805558593447e+00
-8.196924928304881064e+00 -8.194575181998613900e+00 -8.197033807986821685e+00
-7.512499124790117833e+00 -7.511214984975714160e+00 -7.510844224990475659e+00
-6.768679319620714452e+00 -6.769730106685814874e+00 -6.768530202401213280e+00
-6.123870592270357349e+00 -6.124072325215665025e+00 -6.124243524527238414e+00
-5.294517265958253560e+00 -5.295083956909298450e+00 -5.295040432754542614e+00
-5.057469312530729511e+00 -5.057643405835007044e+00 -5.052247343968473636e+00
-6.019792331776384620e-01 -5.948668595762397482e-01 -5.963794995637513585e-01
-3.750025108302987298e-02 -4.084118982764883138e-02 0.000000000000000000e+00
0.000000000000000000e+00 0.000000000000000000e+00 0.000000000000000000e+00
0.000000000000000000e+00 0.000000000000000000e+00 0.000000000000000000e+00
-4.466732259919135861e-02 0.000000000000000000e+00 0.000000000000000000e+00
-3.016864895247572398e-01 -2.979740738529148558e-01 -3.041717465506931228e-01
-3.200455524164425913e+00 -3.251041566998527976e+00 -3.251036796420891495e+00
-4.422525881605074538e+00 -4.419523346076669412e+00 -4.423257987861133778e+00
-5.321177625605612249e+00 -5.326836962696711808e+00 -5.329183663056178410e+00
-6.156351353528576098e+00 -6.158277743795666836e+00 -6.158783130772690129e+00
-6.784554802214191049e+00 -6.780704509404376523e+00 -6.785160264268236929e+00
-7.353945799619010515e+00 -7.356379893279954452e+00 -7.353144533097073499e+00
-7.997492101366545647e+00 -8.000094151046537760e+00 -8.002337904245306888e+00
-8.129337027377248504e+00 -8.129463506816668072e+00 -8.129868756634362370e+00
-7.792552878626393564e+00 -7.790374750539659665e+00 -7.791821627793632743e+00
-7.362212232495084940e+00 -7.360927286463634367e+00 -7.362171283033289271e+00
-6.722998897513010164e+00 -6.719370634383071028e+00 -6.721291485111247077e+00
-6.065325686918217052e+00 -6.063743829225574977e+00 -6.064191883956270956e+00
-5.291298980302887145e+00 -5.286723491275252762e+00 -5.285583965773414938e+00
-4.854087285492295401e+00 -4.853692154470944153e+00 -4.856216484117679144e+00
-7.245019616671097840e-01 -7.206705655585936565e-01 -7.212945404947108674e-01
-3.593828915906772253e-02 -4.234052453236838293e-02 0.000000000000000000e+00
0.000000000000000000e+00 0.000000000000000000e+00 0.000000000000000000e+00
0.000000000000000000e+00 0.000000000000000000e+00 0.000000000000000000e+00
-4.344742537737275589e-02 0.000000000000000000e+00 -1.037880137998844002e-02
-9.347310754229007368e-02 -9.320142729907275603e-02 -6.865213453197928362e-02
-2.676643910025284345e+00 -2.679916805842377237e+00 -2.680124421655519118e+00
-3.986107942518536618e+00 -3.998408114476482922e+00 -3.998708677183318017e+00
-4.994625018961690976e+00 -4.995132872734513008e+00 -4.990520457112117114e+00
-5.749300594250302154e+00 -5.746178422071385405e+00 -5.749596835316620691e+00
-6.404562997554478443e+00 -6.400017827987733554e+00 -6.401819024035662942e+00
-6.884027391336387858e+00 -6.884577173066033673e+00 -6.883306989971523571e+00
-7.226384532310813569e+00 -7.222793267734973988e+00 -7.222316157436704742e+00
-7.288349183844570867e+00 -7.287393968749399598e+00 -7.288326745623175285e+00
-7.227844232453655593e+00 -7.228152616156536148e+00 -7.225350902566183287e+00
-6.888577469719495028e+00 -6.886004385994495713e+00 -6.885576840829492618e+00
-6.380921713646938720e+00 -6.378293669354624384e+00 -6.380638339823519800e+00
-5.777655387001515486e+00 -5.780825109398891826e+00 -5.778468981047061526e+00
-5.158020447290795119e+00 -5.166379159042759461e+00 -5.158516349538756707e+00
-4.381865907387350489e+00 -4.380921080658969124e+00 -4.381032603914537304e+00
-5.334087715966983057e-01 -5.458596248201363910e-01 -5.262837831650633014e-01
-4.030001778496993675e-02 -8.170738495334477214e-02 0.000000000000000000e+00
-4.474968093811945713e-02 0.000000000000000000e+00 0.000000000000000000e+00
0.000000000000000000e+00 0.000000000000000000e+00 0.000000000000000000e+00
0.000000000000000000e+00 0.000000000000000000e+00 0.000000000000000000e+00
-3.382679468608055379e-02 -3.632513309181712585e-02 0.000000000000000000e+00
-9.950106831222511605e-01 -1.001699328136783640e+00 -9.883562397540541777e-01
-3.371350322533214428e+00 -3.393764527745266601e+00 -3.383875741372738943e+00
-4.499250883028493853e+00 -4.499099166090385182e+00 -4.503902120086750394e+00
-5.240629314650959714e+00 -5.240332803000018025e+00 -5.241498239870002962e+00
-5.871354921272215144e+00 -5.868933955565154292e+00 -5.867546032110093179e+00
-6.332662577769390566e+00 -6.324012147412230611e+00 -6.327814484754285651e+00
-6.583850130528920097e+00 -6.583565143492505101e+00 -6.587665625730727115e+00
-6.689297256426620208e+00 -6.688890701175910891e+00 -6.690819113287139075e+00
-6.592499260468470901e+00 -6.592015800599954289e+00 -6.592538737755526235e+00
-6.338969331497605886e+00 -6.339750269587865361e+00 -6.337674411945200426e+00
-5.915058466076025034e+00 -5.914311287832404673e+00 -5.913144878138174576e+00
-5.368939279891742800e+00 -5.372017078827209247e+00 -5.368275415919147697e+00
-4.862296608751409011e+00 -4.862232191286478766e+00 -4.860720344692315287e+00
-3.472417058878196183e+00 -3.480265738599139791e+00 -3.475885914283778355e+00
-1.096727323067002713e-01 -7.636088299961819870e-02 -9.210152968725858480e-02
-3.968745744406797227e-02 0.000000000000000000e+00 -3.683654183930196863e-02
0.000000000000000000e+00 0.000000000000000000e+00 0.000000000000000000e+00
0.000000000000000000e+00 0.000000000000000000e+00 0.000000000000000000e+00
-2.178260196632153881e-02 0.000000000000000000e+00 0.000000000000000000e+00
-5.559011629630949969e-02 -7.504957674187412442e-02 -7.359339836922734746e-02
-1.166268576307747662e-01 -9.316557591985542841e-02 -8.887295345590767726e-02
-2.421791982069428251e+00 -2.417918764332363413e+00 -2.429259792714380861e+00
-3.800643092363547026e+00 -3.811713269505159651e+00 -3.812196910584512377e+00
-4.698682917154070715e+00 -4.696343832514270566e+00 -4.695144355789338420e+00
-5.265913728109775427e+00 -5.265601597119997201e+00 -5.264867399293406969e+00
-5.689724429340529355e+00 -5.692506294038037318e+00 -5.690289179932957353e+00
-5.981415199750195200e+00 -5.981949159760586276e+00 -5.980912121737497422e+00
-6.055730867373329218e+00 -6.055766609738249429e+00 -6.055256634072114785e+00
-5.975798665989900726e+00 -5.974930551223308406e+00 -5.973909736611851429e+00
-5.722537310371798469e+00 -5.723507972907174945e+00 -5.723435666883969652e+00
-5.388570034853527702e+00 -5.389939971725674184e+00 -5.389146069211776080e+00
-4.938656624597920874e+00 -4.934268588865992733e+00 -4.934685337415843698e+00
-4.212965318207238852e+00 -4.206871219956492602e+00 -4.194125260083492179e+00
-1.260411661370532066e+00 -1.264834701093696889e+00 -1.265457188731659910e+00
-4.180902276065898843e-02 -1.075108433308076400e-01 -8.320629767653706099e-02
0.000000000000000000e+00 0.000000000000000000e+00 0.000000000000000000e+00
0.000000000000000000e+00 0.000000000000000000e+00 0.000000000000000000e+00
0.000000000000000000e+00 0.000000000000000000e+00 0.000000000000000000e+00
0.000000000000000000e+00 0.000000000000000000e+00 0.000000000000000000e+00
-3.149729475885303803e-02 -4.473601111057234209e-02 0.000000000000000000e+00
-3.581085407330403259e-02 -2.104257112022892701e-02 -3.938663813947434339e-02
-2.723085035153396394e-01 -2.752891237286957393e-01 -2.733505266389468225e-01
-2.991226350221800612e+00 -3.024154941441729694e+00 -3.000205125199283618e+00
-4.074595055365801244e+00 -4.076793966725324125e+00 -4.078201890132620022e+00
-4.710402670852626095e+00 -4.711762466446439035e+00 -4.706772968254322898e+00
-5.118820283738215515e+00 -5.114413096915574997e+00 -5.114567441417855242e+00
-5.315206949149107629e+00 -5.315257496810196436e+00 -5.315964507549608697e+00
-5.372983689810157060e+00 -5.374000260669975049e+00 -5.372695655695456374e+00
-5.327691635122350000e+00 -5.329663746861529106e+00 -5.327954518008734652e+00
-5.170959605781429325e+00 -5.170552346976060143e+00 -5.173311176015458202e+00
-4.921129092587280596e+00 -4.917754292267954241e+00 -4.915233520528166089e+00
-4.355527380812366012e+00 -4.351841386505424403e+00 -4.343477579844652325e+00
-2.714904127011581458e+00 -2.713410587816261099e+00 -2.714633662240214296e+00
-1.546317669981759346e-01 -1.403705656479786734e-01 -1.436722496293996731e-01
-8.334730735726884887e-02 -4.111202429899977334e-02 -4.432658184673585883e-02
-4.034451217799677608e-02 0.000000000000000000e+00 -4.136083936671591105e-02
0.000000000000000000e+00 0.000000000000000000e+00 0.000000000000000000e+00
0.000000000000000000e+00 0.000000000000000000e+00 0.000000000000000000e+00
0.000000000000000000e+00 -3.346083203360072228e-02 0.000000000000000000e+00
-3.630272778137321604e-02 0.000000000000000000e+00 0.000000000000000000e+00
-1.054544439297721847e-01 -3.748871660135827399e-02 -7.163591312693015634e-02
0.000000000000000000e+00 -2.055819705626987098e-02 -3.923873174761329657e-02
-5.829216064259512553e-01 -5.676681185368813720e-01 -5.761951563825602474e-01
-3.184126714647176115e+00 -3.174632565703168652e+00 -3.186251846740701055e+00
-4.114454604262678394e+00 -4.112886324633739932e+00 -4.111799281687305907e+00
-4.634329862531036959e+00 -4.636983024302776535e+00 -4.637424891465400378e+00
-4.877781169696437047e+00 -4.879049223983949801e+00 -4.880558420533161801e+00
-4.967649567855184856e+00 -4.968489113525326850e+00 -4.969122608344763492e+00
-4.926821982742707995e+00 -4.927826205309241203e+00 -4.926091280991066412e+00
-4.802336991231172192e+00 -4.801776754534795799e+00 -4.804839784156382798e+00
-4.343509372216678877e+00 -4.349363732731013066e+00 -4.338324507725489276e+00
-3.087728366941026703e+00 -3.085099928410218073e+00 -3.073365481093307761e+00
-5.164429636120583256e-01 -5.039794793657004224e-01 -5.117407964862211722e-01
-3.882132462833430553e-02 0.000000000000000000e+00 -4.186669329652615429e-02
-3.461353847215341978e-02 -2.021386013846234939e-02 -4.071836475308874409e-02
-6.135577416134616741e-02 -6.642730666898828684e-02 -7.238033855149243745e-02
0.000000000000000000e+00 0.000000000000000000e+00 0.000000000000000000e+00
0.000000000000000000e+00 0.000000000000000000e+00 0.000000000000000000e+00
-2.053397874407544843e-02 0.000000000000000000e+00 0.000000000000000000e+00
-3.620606775432454183e-02 -3.896370361871860644e-02 -7.328899845494939169e-02
-4.182475198787791171e-02 -6.646821556774742956e-02 0.000000000000000000e+00
-6.776799916625760034e-02 0.000000000000000000e+00 0.000000000000000000e+00
-3.941088228913639663e-02 -4.447088538603347768e-02 -4.096185334773818493e-02
-8.077161067029852148e-01 -8.086859861627685442e-01 -7.968601443884382185e-01
-3.001888731980156599e+00 -3.018217415777561197e+00 -3.014521499076060262e+00
-3.956662367026851701e+00 -3.953755574346979440e+00 -3.959087631928089657e+00
-4.441705598932834675e+00 -4.439253768854436899e+00 -4.438013418761387996e+00
-4.665523292401767108e+00 -4.664462418619056194e+00 -4.665270401571425474e+00
-4.609275009150128000e+00 -4.592708946390684943e+00 -4.592718306179830456e+00
-4.140598338971106074e+00 -4.142452435048358694e+00 -4.128546885504312591e+00
-2.929873330436499224e+00 -2.918078717256702870e+00 -2.926003892896823277e+00
-8.486520502032514068e-01 -8.581023052380364335e-01 -8.453138843887201270e-01
-8.688188919649217357e-02 -1.038265653822095791e-01 -9.453759780343631847e-02
-2.758704425554318884e-02 -8.131954702968932636e-02 -4.204317246765039429e-02
-3.755729741588504506e-02 -8.279927383807639263e-02 0.000000000000000000e+00
0.000000000000000000e+00 -4.252836734828984583e-02 -2.890937444001328432e-02
0.000000000000000000e+00 0.000000000000000000e+00 0.000000000000000000e+00
0.000000000000000000e+00 0.000000000000000000e+00 0.000000000000000000e+00
-3.932748176334573131e-02 -3.695348617093018040e-02 -4.231135005962187445e-02
-6.896364056517821639e-02 -4.096122724772353896e-02 -3.988251977601979525e-02
-6.555558474451728124e-02 -4.303092612893763547e-02 -5.125739530808599842e-02
-7.546714813382106313e-02 -3.858090813978608258e-02 -4.448645270917062772e-02
-6.824593620384852843e-02 -7.360809110413311929e-02 -4.152119043604567128e-02
-7.744849300212409970e-02 -3.571022007999852949e-02 -6.794323320200205962e-02
-7.157853929718855923e-01 -7.101095626559533747e-01 -7.125902601319865637e-01
-2.594988684535498358e+00 -2.603316198315360097e+00 -2.604592355707454399e+00
-3.370569692129124828e+00 -3.372201065816501586e+00 -3.370856673697144590e+00
-3.597168698355472038e+00 -3.601924487636979588e+00 -3.594256568194104773e+00
-3.331074004254698018e+00 -3.321304142200070864e+00 -3.323238732715296351e+00
-2.500686332302932691e+00 -2.497664725383774709e+00 -2.494760521838281342e+00
-9.932644820664053853e-01 -9.857910008327531726e-01 -9.900327932526100660e-01
-1.247318130803468234e-01 -1.258027894559535786e-01 -1.324747730831433989e-01
-3.844501392781968230e-02 -3.462308177377915880e-02 0.000000000000000000e+00
-5.000000000000000104e-03 -6.520530013222146370e-02 -4.185182341331612765e-02
-7.140312731065741325e-02 -7.492750248194973706e-02 -4.181373405404462812e-02
-3.657458245271851677e-02 -4.454759419107890556e-02 0.000000000000000000e+00
-3.919733334504724165e-02 0.000000000000000000e+00 0.000000000000000000e+00
0.000000000000000000e+00 0.000000000000000000e+00 0.000000000000000000e+00
-3.932965970489277902e-02 -2.829021674866480027e-02 0.000000000000000000e+00
0.000000000000000000e+00 0.000000000000000000e+00 -3.540866971725632056e-02
-3.828129708173034357e-02 -4.480599670404940282e-02 -4.486331027534236349e-02
-4.467301274120141080e-02 0.000000000000000000e+00 0.000000000000000000e+00
-7.219025215832555742e-02 -3.839232641702025606e-02 -4.251960862132584534e-02
-3.019203237873455473e-02 -3.215294550316766253e-02 -7.055758163648029324e-02
-4.040812307923426216e-02 -4.135319930343669959e-02 -6.795182840949443026e-02
-4.868040258461218128e-01 -4.923194701217069591e-01 -4.868648062919165298e-01
-1.988359695950329575e+00 -1.993418342150084177e+00 -1.983629530651596307e+00
-2.279247368609885971e+00 -2.278730713253612095e+00 -2.276746851269781047e+00
-1.944431638922604177e+00 -1.939824622621439065e+00 -1.943709330477468189e+00
-1.171791359164095159e+00 -1.171432333678763982e+00 -1.174859529560632110e+00
-2.733249033970378550e-01 -2.765228239331998239e-01 -2.820852980683459243e-01
-3.201328313750343574e-02 -2.055878661676225488e-02 -4.865049124789185692e-02
-4.114999294292144560e-02 -5.461885140408895278e-02 -4.110260346365979950e-02
-1.492675412825895769e-02 -4.245711666954351399e-02 -4.487397413489160880e-02
-6.292969621075428233e-02 -4.322924885347093765e-02 -8.103701176715391585e-02
-2.466237945288820080e-02 -1.010712114829380032e-01 -2.801043113070687818e-02
0.000000000000000000e+00 0.000000000000000000e+00 0.000000000000000000e+00
0.000000000000000000e+00 0.000000000000000000e+00 0.000000000000000000e+00
-3.944215954571960586e-02 -2.613499591391283544e-02 -4.484029861691701119e-02
-5.000000000000000104e-03 0.000000000000000000e+00 0.000000000000000000e+00
-2.273277664656978003e-02 0.000000000000000000e+00 0.000000000000000000e+00
-1.200124796991330622e-01 -1.111087803295423559e-01 -7.544990203810561513e-02
-3.677211419773496887e-02 -1.022636085924405643e-02 -4.476652107074787640e-02
-3.358690899071709035e-02 -3.966544374409886747e-02 -5.111724574661224291e-02
-3.527198442710417770e-02 0.000000000000000000e+00 0.000000000000000000e+00
-8.608615721287524170e-02 -4.043131958057895325e-02 -4.246616863488256177e-02
-2.790536375885566134e-01 -2.784552761325353454e-01 -2.888343365166948229e-01
-9.372265630939446979e-01 -9.354805258683130953e-01 -9.360126801210266745e-01
-7.710837098338184648e-01 -7.790678195341816936e-01 -7.759430677571834689e-01
-4.232516437333169179e-01 -4.184316185784173192e-01 -4.210863847858037357e-01
-9.260534329979681900e-02 -9.194021119575004897e-02 -8.961851809017461201e-02
-3.833614133185077322e-02 -3.530248004957529245e-02 -4.635971767384642478e-02
-3.749287303727405485e-02 -4.363641442977005819e-02 0.000000000000000000e+00
-4.033230424648004409e-02 -6.965557915168006653e-02 0.000000000000000000e+00
-7.228526436673629596e-02 -3.031698491261278910e-02 -4.189747408732866218e-02
-3.034980900090148218e-02 -7.460434201596959081e-02 -4.299608723569413316e-02
0.000000000000000000e+00 0.000000000000000000e+00 0.000000000000000000e+00
0.000000000000000000e+00 0.000000000000000000e+00 0.000000000000000000e+00
0.000000000000000000e+00 0.000000000000000000e+00 0.000000000000000000e+00
-3.273472558505282487e-02 -4.138740819447491587e-02 -3.934887851330388930e-02
-4.427136512973943450e-02 0.000000000000000000e+00 -5.475373977135682135e-02
-3.590046028055018240e-02 -3.927281376028822490e-02 0.000000000000000000e+00
-4.042401833724398180e-02 0.000000000000000000e+00 0.000000000000000000e+00
-7.866269969396527673e-02 0.000000000000000000e+00 -4.046092472475331520e-02
-3.747955187451278147e-02 0.000000000000000000e+00 0.000000000000000000e+00
0.000000000000000000e+00 0.000000000000000000e+00 0.000000000000000000e+00
-2.297069695841439177e-02 0.000000000000000000e+00 0.000000000000000000e+00
-5.506002671023306483e-02 -3.567788525586292059e-02 -3.929958478978898273e-02
-7.759756758479799399e-02 -3.938256097986689297e-02 -8.364224685468685250e-02
0.000000000000000000e+00 0.000000000000000000e+00 0.000000000000000000e+00
-4.449411977545914693e-02 -4.066940140245312724e-02 0.000000000000000000e+00
-3.862569674165807626e-02 0.000000000000000000e+00 0.000000000000000000e+00
-4.476615230594385014e-02 -3.838765341140095572e-02 -4.119902749776849921e-02
-3.915583017817105688e-02 -2.465047245921455840e-02 0.000000000000000000e+00
-2.881422891980830320e-02 -3.939690720224559017e-02 -4.175699433729313653e-02
-4.472145246321205386e-02 0.000000000000000000e+00 0.000000000000000000e+00
0.000000000000000000e+00 0.000000000000000000e+00 0.000000000000000000e+00
0.000000000000000000e+00 0.000000000000000000e+00 0.000000000000000000e+00
0.000000000000000000e+00 0.000000000000000000e+00 0.000000000000000000e+00
0.000000000000000000e+00 0.000000000000000000e+00 0.000000000000000000e+00
0.000000000000000000e+00 0.000000000000000000e+00 0.000000000000000000e+00
0.000000000000000000e+00 0.000000000000000000e+00 0.000000000000000000e+00
0.000000000000000000e+00 0.000000000000000000e+00 0.000000000000000000e+00
0.000000000000000000e+00 0.000000000000000000e+00 0.000000000000000000e+00
0.000000000000000000e+00 0.000000000000000000e+00 0.000000000000000000e+00
0.000000000000000000e+00 0.000000000000000000e+00 0.000000000000000000e+00
0.000000000000000000e+00 0.000000000000000000e+00 0.000000000000000000e+00
0.000000000000000000e+00 0.000000000000000000e+00 0.000000000000000000e+00
0.000000000000000000e+00 0.000000000000000000e+00 0.000000000000000000e+00
0.000000000000000000e+00 0.000000000000000000e+00 0.000000000000000000e+00
0.000000000000000000e+00 0.000000000000000000e+00 0.000000000000000000e+00
0.000000000000000000e+00 0.000000000000000000e+00 0.000000000000000000e+00
0.000000000000000000e+00 0.000000000000000000e+00 0.000000000000000000e+00
0.000000000000000000e+00 0.000000000000000000e+00 0.000000000000000000e+00
0.000000000000000000e+00 0.000000000000000000e+00 0.000000000000000000e+00
0.000000000000000000e+00 0.000000000000000000e+00 0.000000000000000000e+00
0.000000000000000000e+00 0.000000000000000000e+00 0.000000000000000000e+00
