0.000000000000000000e+00 0.000000000000000000e+00 0.000000000000000000e+00
0.000000000000000000e+00 -4.888121531635839290e+00 -5.741898069405221960e+00
0.000000000000000000e+00 0.000000000000000000e+00 0.000000000000000000e+00
-3.554247841642458638e+01 -3.567805638592299289e+01 -3.491857397236436356e+01
-4.188581152790361273e+01 -4.181238695804822925e+01 -4.200628356501554350e+01
-4.144604620934160266e+01 -4.111685321567257034e+01 -4.097939797124426775e+01
-4.233671179664461448e+01 -4.225340175368263829e+01 -4.238986177317419646e+01
-4.247806188566687524e+01 -4.247751988324960593e+01 -4.258945562511795657e+01
-4.149672496910294939e+01 -4.159310615271383682e+01 -4.139288833611303176e+01
-4.204663520789229381e+01 -4.298022574559074371e+01 -4.215560214796451532e+01
-4.340332410026556431e+01 -4.345970872562576659e+01 -4.335794168306759389e+01
-4.257642763529100449e+01 -4.247085227067513813e+01 -4.257953078749476106e+01
-4.124871003175046269e+01 -4.124917996009638443e+01 -4.233127208456270552e+01
-3.558711109415123364e+00 0.000000000000000000e+00 0.000000000000000000e+00
-5.297801141642584533e+00 -5.258187168532335143e+00 0.000000000000000000e+00
0.000000000000000000e+00 0.000000000000000000e+00 0.000000000000000000e+00
-3.954328537759964846e+00 0.000000000000000000e+00 0.000000000000000000e+00
-3.195056651737333109e+00 -4.673545662000841538e+00 -5.622746383016856697e+00
-5.569393963864237129e+00 -5.279536527459980810e+00 0.000000000000000000e+00
0.000000000000000000e+00 0.000000000000000000e+00 0.000000000000000000e+00
0.000000000000000000e+00 0.000000000000000000e+00 0.000000000000000000e+00
-5.616132024104182996e+00 -6.047868680581835577e+00 0.000000000000000000e+00
-6.314617199957153204e+00 -5.795714974967950184e+00 -5.289992176821269432e+00
-3.597359152154071182e+01 -3.763207093319918073e+01 -3.562799309631940048e+01
-4.121064312622463177e+01 -4.125483524205069585e+01 -4.116826590815129805e+01
-4.210997073562669613e+01 -4.212777630347056856e+01 -4.208418167740057214e+01
-4.213417956805946574e+01 -4.213475010814693178e+01 -4.213372940069021411e+01
-4.176208843532850779e+01 -4.167384744066495728e+01 -4.326276633120383508e+01
-4.122831822824399239e+01 -4.131787892769617798e+01 -4.123506317932395149e+01
-4.132918370190013491e+01 -4.130250893910445598e+01 -4.130489639868969221e+01
-4.105473917676092555e+01 -4.106622553583446944e+01 -4.105940257710366126e+01
-4.081534167678281477e+01 -4.076665985988167051e+01 -4.093120678475090557e+01
-4.142192818951692601e+01 -4.150892431055868315e+01 -4.117028558836589269e+01
-4.009025532623012111e+01 -4.013235438120173626e+01 -3.999179824689143459e+01
-8.241050658719611732e+00 -3.508236647841497025e+00 -3.754121346903900314e+00
-7.685263329669642651e+00 -6.062942143562912278e+00 0.000000000000000000e+00
-3.751892039174045124e+00 -9.360892687289478431e+00 -4.658282271891469151e+00
-1.039956363628549241e+01 -3.198185964610978260e+00 -5.528173219021216056e+00
-5.240909051135968610e+00 -6.077790842897611512e+00 -5.466325666722957166e+00
0.000000000000000000e+00 0.000000000000000000e+00 0.000000000000000000e+00
0.000000000000000000e+00 0.000000000000000000e+00 0.000000000000000000e+00
0.000000000000000000e+00 0.000000000000000000e+00 -4.057508440722203069e+00
-2.026069687242652151e+01 -2.127745262674481808e+01 -2.068793281698619779e+01
-3.691055899354113023e+01 -3.662121219358564872e+01 -3.647534943513634431e+01
-4.219672822654008826e+01 -4.228793773163796743e+01 -4.390114336369289560e+01
-4.266072978161586349e+01 -4.270676741769010931e+01 -4.343017189313887627e+01
-4.219411099418245215e+01 -4.231212661939640185e+01 -4.211532070297921138e+01
-4.294417258259795034e+01 -4.295756273397244485e+01 -4.299972617900050409e+01
-4.412651214554318813e+01 -4.338637560427957851e+01 -4.330527511148608966e+01
-4.378931193067281669e+01 -4.378393868732133853e+01 -4.404674165890673976e+01
-4.343818252777428768e+01 -4.365604716505450966e+01 -4.401991420239614428e+01
-4.178175251327307649e+01 -4.168298110584159133e+01 -4.181886102983735043e+01
-3.992065920523560152e+01 -4.010998644063739249e+01 -4.023945788991986916e+01
-3.934794255592220935e+01 -3.920750778065163900e+01 -3.906287279459510842e+01
-3.859127076574478110e+01 -3.880980916959214966e+01 -3.810157048775501920e+01
-1.005262015150650967e+01 -8.715558224747368854e+00 -7.004136511796671627e+00
-8.134409334168072547e+00 0.000000000000000000e+00 0.000000000000000000e+00
-4.900869537012106036e+00 -7.142658494987047746e+00 -9.788415314200733519e+00
-5.408315445060080329e+00 -6.129185001964848389e+00 -8.945484320836305514e+00
0.000000000000000000e+00 0.000000000000000000e+00 0.000000000000000000e+00
0.000000000000000000e+00 0.000000000000000000e+00 0.000000000000000000e+00
0.000000000000000000e+00 -5.839300440844811924e+00 -4.944028902905106548e+00
-2.579079715034623632e+01 -2.939262300384860893e+01 -2.956155281774582733e+01
-3.800575086265892821e+01 -3.833827776017901812e+01 -3.820893122214596360e+01
-4.271919410352607827e+01 -4.267091255241561498e+01 -4.272131961415317392e+01
-4.295861642761921928e+01 -4.303594200493025568e+01 -4.286172160375365081e+01
-4.421040421303075618e+01 -4.438846440398836535e+01 -4.422785224190766229e+01
-4.611367194011451431e+01 -4.615579857337525027e+01 -4.607421539500232655e+01
-4.640299683358331606e+01 -4.638134139209999773e+01 -4.636127496685536187e+01
-4.607971458225146222e+01 -4.628202190022615525e+01 -4.629467149859694786e+01
-4.583439419782367708e+01 -4.558661459051476328e+01 -4.532224467040980898e+01
-4.453271474388879625e+01 -4.461576204570206272e+01 -4.431709948352767015e+01
-4.303893465981966671e+01 -4.306330736727527153e+01 -4.306144496544403921e+01
-4.042193919033766036e+01 -4.059036870462201563e+01 -4.046017592984487976e+01
-3.875096562617333262e+01 -3.748602242288264108e+01 -3.805000929272740251e+01
-3.705448292717786529e+01 -3.615752177680098356e+01 -3.843268886183782485e+01
0.000000000000000000e+00 0.000000000000000000e+00 -5.897024697012883010e+00
-2.291818094413255125e+00 -4.219196398894237809e+00 -4.780969303163662865e+00
-5.402782441328842111e+00 -9.362974049986233283e+00 -4.962800587356891668e+00
-5.680530830733442116e+00 0.000000000000000000e+00 0.000000000000000000e+00
0.000000000000000000e+00 0.000000000000000000e+00 0.000000000000000000e+00
-5.806976157828373175e+00 0.000000000000000000e+00 -2.560497434197533728e+00
-2.803259302270162578e+01 -3.103274158774033253e+01 -3.240316426328856636e+01
-4.038324712828926977e+01 -4.056473664248387223e+01 -4.057385775211164258e+01
-4.288728782938389372e+01 -4.288491727367589590e+01 -4.288945081440680696e+01
-4.423699706656177000e+01 -4.443726124140167144e+01 -4.421629923094752712e+01
-4.673654718301800415e+01 -4.675183490803360087e+01 -4.670111096617272040e+01
-4.776920287423647693e+01 -4.762280826989983495e+01 -4.775798118869115427e+01
-4.796016682188138702e+01 -4.819970048095902371e+01 -4.846677331942927935e+01
-4.925358804517087918e+01 -4.930680396343663574e+01 -4.923508297362352693e+01
-4.994304149138291393e+01 -4.962727175597349571e+01 -4.997246217864653062e+01
-4.865455852369098011e+01 -4.807649343932502006e+01 -4.839208759217978439e+01
-4.572366313000402016e+01 -4.558649928717785826e+01 -4.352871018101193101e+01
-4.274248212214217091e+01 -4.278321563907663716e+01 -4.241084339748606169e+01
-4.024752339285855385e+01 -4.019969111131478456e+01 -4.017259389247866608e+01
-3.669878131229115326e+01 -3.650055499111670088e+01 -3.461607964135409077e+01
-3.374072482252919514e+01 -3.653600001366774563e+01 -3.458408379579134362e+01
-3.422741948642049614e+00 -5.562832755216977176e+00 -4.889142806655311091e+00
-4.795477618363253924e+00 -1.080598065657132878e+01 -7.275586803187565899e+00
0.000000000000000000e+00 0.000000000000000000e+00 0.000000000000000000e+00
0.000000000000000000e+00 0.000000000000000000e+00 0.000000000000000000e+00
-2.799100000000000477e-01 -2.963041664739452852e+00 -5.847075056138493210e+00
-2.705607855502262638e+01 -3.147147800951221086e+01 -3.212435441203280106e+01
-4.075530303779587626e+01 -4.097087868081602835e+01 -4.080310619134097294e+01
-4.360621304211826299e+01 -4.364910161393656551e+01 -4.383771813568293396e+01
-4.514279065852469586e+01 -4.508751134065227717e+01 -4.526714137471410737e+01
-4.812319749377061839e+01 -4.827917798596403998e+01 -4.838917392763444525e+01
-4.885712347402098032e+01 -4.957064969160267509e+01 -4.930189929298407492e+01
-5.433878705776278650e+01 -5.373207865043416120e+01 -5.438608452889064893e+01
-5.487246847030681351e+01 -5.493193332743283008e+01 -5.507623594748795881e+01
-5.488639120928110060e+01 -5.496427925389801317e+01 -5.460066263376317863e+01
-5.377628506869067593e+01 -5.341468384460058871e+01 -5.311064745366741846e+01
-5.049046566492003763e+01 -5.032825582343330950e+01 -5.030977151640271217e+01
-4.512806281619541693e+01 -4.474579698349290169e+01 -4.220470513005990654e+01
-4.195741320399766749e+01 -4.169268473807680664e+01 -4.071318449690159014e+01
-3.655845488909923091e+01 -3.662509986323474465e+01 -3.645554068075579579e+01
-3.408690744051753541e+01 -3.484777310045998178e+01 -3.277606935949857814e+01
-4.571301942190446610e+00 -5.920136061344968503e+00 -5.742316840711312764e+00
-3.389038483406651814e+00 -8.547857919185119613e+00 -5.466565719493653219e+00
0.000000000000000000e+00 0.000000000000000000e+00 0.000000000000000000e+00
0.000000000000000000e+00 0.000000000000000000e+00 0.000000000000000000e+00
-1.900000000000000022e-01 -1.000000000000000056e-01 -5.576494634320791732e+00
-2.724956811358873310e+01 -3.176999016033995460e+01 -3.286248000785176515e+01
-4.130443191275089987e+01 -4.128402231563637770e+01 -4.132058362293206244e+01
-4.329714538211344177e+01 -4.430867199327249040e+01 -4.421649648117747233e+01
-4.707233779934362872e+01 -4.614008958008046335e+01 -4.643467514502864901e+01
-4.920547702437474413e+01 -4.912226834983099621e+01 -4.917777211466837173e+01
-4.990333665624848436e+01 -5.073423035951854843e+01 -5.034459998006218484e+01
-5.525270825269944908e+01 -5.594550661359701849e+01 -5.628260013265673223e+01
-5.885947700807783889e+01 -5.889881014584067742e+01 -5.884000413824681885e+01
-6.066959889141664775e+01 -5.904877695185673758e+01 -5.805174007068407604e+01
-5.554080067342544424e+01 -5.532257435022908965e+01 -5.550120668901341503e+01
-5.272270648439375407e+01 -5.254318575846684780e+01 -5.105611964639362554e+01
-4.793218298946322875e+01 -4.811424361106429615e+01 -4.789628265724613243e+01
-4.425002439204182991e+01 -4.373137804230284331e+01 -3.991974014397808190e+01
-3.871563759911997948e+01 -3.873439509793529112e+01 -3.864601563577659249e+01
-3.511683590353244000e+01 -3.562570626216171377e+01 -3.163350178061757489e+01
-3.097705636345250824e+01 -2.960535710933677578e+01 -3.049316563590335250e+01
-5.931777784876556936e+00 -5.929812328906328922e+00 -5.115069299445777595e+00
0.000000000000000000e+00 0.000000000000000000e+00 0.000000000000000000e+00
0.000000000000000000e+00 0.000000000000000000e+00 0.000000000000000000e+00
-1.000000000000000056e-01 -2.310330100496237549e+00 -6.191779102441730132e+00
-2.961986432599309893e+01 -3.352967443183454321e+01 -3.436107557617782504e+01
-4.119523548049143358e+01 -4.115620063928432870e+01 -4.119525224488825188e+01
-4.316735015238739237e+01 -4.438591584721229566e+01 -4.448188565064690181e+01
-4.627454564320769492e+01 -4.630408116972049015e+01 -4.628876887095398018e+01
-4.956479671939554521e+01 -4.959440879429013194e+01 -4.957196827021764562e+01
-4.996057654531008296e+01 -5.020465883413709918e+01 -5.054397583008822181e+01
-5.644664498151016829e+01 -5.637152521941300876e+01 -5.663658615436276733e+01
-5.836525607506101210e+01 -5.857502880469476025e+01 -5.854893149146474940e+01
-5.957869144617916390e+01 -5.985937788955494199e+01 -5.998865986285397156e+01
-5.729921523605457878e+01 -5.685867846473627907e+01 -5.642709421156094152e+01
-5.344055269769788197e+01 -5.353171606426112561e+01 -5.264602716227297208e+01
-5.048454959292928379e+01 -5.045931824354331496e+01 -5.048619945435286382e+01
-4.502091338463825565e+01 -4.472622492147234396e+01 -4.172604053036312877e+01
-3.966427522397157190e+01 -3.915804065120546795e+01 -3.918423323753495424e+01
-3.520934798206114635e+01 -3.514504239743089897e+01 -3.552368272247402103e+01
-3.344118126688906045e+01 -3.131687438132517087e+01 -2.735075814466834387e+01
-3.684813225528299263e+00 -7.701340695832586292e+00 -6.670447934466896101e+00
0.000000000000000000e+00 0.000000000000000000e+00 0.000000000000000000e+00
0.000000000000000000e+00 0.000000000000000000e+00 0.000000000000000000e+00
0.000000000000000000e+00 0.000000000000000000e+00 -8.603192612277003049e-01
-3.130837720392811718e+01 -3.608207902532058142e+01 -3.304142584986146147e+01
-3.962682419111894916e+01 -3.958754308346091477e+01 -3.953141306521610687e+01
-4.151555747167799382e+01 -4.293740958403481045e+01 -4.366170630076126002e+01
-4.545026850078852476e+01 -4.551577637035168067e+01 -4.553029428660884292e+01
-4.891137615997195098e+01 -4.896015339029272440e+01 -4.892907604370832786e+01
-5.017753874393353897e+01 -5.063283320292770640e+01 -5.051788063793288330e+01
-5.197505819407403749e+01 -5.228309813652379745e+01 -5.275624296712030770e+01
-5.691384275819316940e+01 -5.686298271416256966e+01 -5.694195952027934027e+01
-5.705690558091449560e+01 -5.707650271646965479e+01 -5.705831583685706931e+01
-5.642611280691234299e+01 -5.635968158602562994e+01 -5.632582808505350158e+01
-5.382857533670855332e+01 -5.349671519676203957e+01 -5.289228673450607943e+01
-5.066042816155879791e+01 -5.071134493093555307e+01 -5.071308232916365455e+01
-4.485810286677871517e+01 -4.521202516449532993e+01 -4.307604673181025845e+01
-3.994997650953895629e+01 -4.050645148845968890e+01 -3.931195553909343232e+01
-3.469194707628979302e+01 -3.466081234068250438e+01 -3.346041639590033157e+01
-3.098611729953297456e+01 -3.096720583620239609e+01 -2.432243684735622935e+01
-4.030669905409328457e+00 -5.781212567292391746e+00 0.000000000000000000e+00
-3.482910391509092651e+00 -5.957746517243618811e+00 0.000000000000000000e+00
0.000000000000000000e+00 0.000000000000000000e+00 0.000000000000000000e+00
-5.138598769295477098e+00 0.000000000000000000e+00 0.000000000000000000e+00
-2.754598014374409587e+01 -2.795218266563223963e+01 -2.801271511484970844e+01
-3.564037116809831218e+01 -3.770176142981351575e+01 -3.555805529699048151e+01
-4.170142337247076370e+01 -4.180258507734741613e+01 -4.173191181400957817e+01
-4.465409898118976173e+01 -4.228080576243606714e+01 -4.454369314907501831e+01
-4.733920217327927560e+01 -4.730575822913425554e+01 -4.736981829867023919e+01
-4.995295860063016136e+01 -4.988827633518718585e+01 -4.993623999714003503e+01
-5.082439214668608685e+01 -5.119496141284407287e+01 -5.087894639677487874e+01
-5.258860253593149281e+01 -5.215190520036947674e+01 -5.284404095411479574e+01
-5.307057512489265605e+01 -5.312874593867618955e+01 -5.309101121851563221e+01
-5.276035430131612003e+01 -5.319277827688841143e+01 -5.261428463640810094e+01
-5.235384349401744686e+01 -5.235080842893862041e+01 -5.238448943489400023e+01
-4.953157411941554500e+01 -4.978635119374791884e+01 -4.966870597249678099e+01
-4.417940671901289562e+01 -4.358807896733478060e+01 -4.120019518709354855e+01
-3.821362526139802895e+01 -3.815579940721785590e+01 -3.792458894282152215e+01
-3.347907460975655880e+01 -3.358727757135776670e+01 -3.135391375256283197e+01
-2.885340016003877750e+01 -2.815462310915845734e+01 -2.078402235361466666e+01
-4.422076183918519199e+00 -3.971025990464842614e+00 -5.302187891560141253e+00
0.000000000000000000e+00 0.000000000000000000e+00 0.000000000000000000e+00
0.000000000000000000e+00 0.000000000000000000e+00 0.000000000000000000e+00
-1.025755897837710329e+01 0.000000000000000000e+00 0.000000000000000000e+00
-4.550964552585930356e+00 -3.961293824562130972e+00 -6.737543106365988521e+00
-3.214322835188534810e+01 -3.349275221300403160e+01 -3.314872696250075990e+01
-3.907646372955453273e+01 -3.895490547678805626e+01 -3.891905039656636944e+01
-4.193607800418884324e+01 -4.126061180643761617e+01 -4.220386917771106994e+01
-4.381720566307835441e+01 -4.479022622834237666e+01 -4.462009980924624131e+01
-4.773541711117867692e+01 -4.764596583144819419e+01 -4.776672607855768860e+01
-4.956588856178497338e+01 -4.966226233750916919e+01 -4.961591082534659591e+01
-5.085276099869089705e+01 -5.065067856815442582e+01 -5.065743698067713296e+01
-5.130707191645095122e+01 -5.128599410261440283e+01 -5.132029297058161887e+01
-5.130005855023151184e+01 -5.123237431087819260e+01 -5.120894425521573368e+01
-5.005808423387002648e+01 -5.018121829915692445e+01 -5.015754312460619246e+01
-4.590459220493551129e+01 -4.568682582532917991e+01 -4.581905552991247532e+01
-4.072826473083913612e+01 -4.079773023354273676e+01 -4.059818255558601408e+01
-3.707871851365952409e+01 -3.713672940447248294e+01 -3.740253032181922777e+01
-3.180976839643156495e+01 -2.829287401981464356e+01 -3.140902704826717695e+01
-2.829745964643706202e+01 -2.666988109324221412e+01 -1.769981299422422083e+01
-5.578543197671169018e+00 -4.913241982776087369e+00 -5.134104057014876155e+00
0.000000000000000000e+00 0.000000000000000000e+00 0.000000000000000000e+00
0.000000000000000000e+00 0.000000000000000000e+00 0.000000000000000000e+00
-2.985993154931245730e+00 0.000000000000000000e+00 0.000000000000000000e+00
-1.068932473605259048e+01 -1.003478453044515106e+01 -1.083958329497333040e+01
-1.707592257582685846e+01 -1.603110067497890867e+01 -1.647200549516749390e+01
-3.363128240099413802e+01 -3.345871299831571122e+01 -3.383111263355048237e+01
-4.043711325410039592e+01 -4.053213165932119466e+01 -4.042802149631823028e+01
-4.068717008845737126e+01 -4.134660777096127759e+01 -4.135776108304742138e+01
-4.432155044157456558e+01 -4.425653239032263286e+01 -4.300341776776765101e+01
-4.607378853196242829e+01 -4.581125764258253952e+01 -4.590032842249419787e+01
-4.713094833708524334e+01 -4.683283471728301350e+01 -4.675475350460928325e+01
-4.715024444410224191e+01 -4.748651116015985707e+01 -4.725689363049989566e+01
-4.682217397256560076e+01 -4.684706997837926679e+01 -4.678987044091614678e+01
-4.506808126824770966e+01 -4.510090416228857180e+01 -4.520936695490194523e+01
-4.214177530855649678e+01 -4.225033226513127005e+01 -4.143969184529202465e+01
-4.018798972900695077e+01 -4.002622895079202436e+01 -4.002106520913432064e+01
-3.019867981243427835e+01 -3.329247178398193796e+01 -3.407480976380821147e+01
-2.819393041824566026e+01 -2.885847940709634329e+01 -2.382581648357615833e+01
-1.575176494854557596e+01 -1.502267004851611176e+01 -1.582389612329806461e+01
-8.301311475660387629e+00 0.000000000000000000e+00 0.000000000000000000e+00
0.000000000000000000e+00 0.000000000000000000e+00 0.000000000000000000e+00
0.000000000000000000e+00 0.000000000000000000e+00 0.000000000000000000e+00
-5.780235462465711294e+00 -5.280955936183804766e+00 0.000000000000000000e+00
-2.725391727104954143e+00 -5.444970527760524703e+00 -5.507097428364709835e+00
-3.270583588248543450e+00 -9.542217913665776763e+00 -7.107741905392599868e+00
-3.039590846074178643e+01 -3.051907024274838065e+01 -3.041401856242685753e+01
-3.431575151459405504e+01 -3.401604225063410780e+01 -3.369091712954114115e+01
-3.917883622373211239e+01 -3.876942982427604534e+01 -3.910428222684039667e+01
-3.996607016995159967e+01 -4.008718630858314214e+01 -4.039363533723656730e+01
-4.055953494496445444e+01 -4.331658720437944510e+01 -4.311465542787640004e+01
-4.352955208152724964e+01 -4.417864816241284132e+01 -4.406489763645731017e+01
-4.410665075962070603e+01 -4.389383049547478066e+01 -4.414270185970444516e+01
-4.344678517295962195e+01 -4.375904544775738003e+01 -4.253538886831694299e+01
-4.223783873079913320e+01 -4.326958690351685277e+01 -4.202181730487603772e+01
-4.138733558873742879e+01 -4.149930408534076065e+01 -4.148630893007897669e+01
-3.610082241788645518e+01 -3.609513591125748633e+01 -3.628757858965792593e+01
-3.243672178606563250e+01 -3.094883791199934819e+01 -2.192101402711979219e+01
-2.634976511861630044e+01 -2.012933855996364585e+01 -2.354638657473339691e+01
-2.317733615621120791e+00 0.000000000000000000e+00 -3.752586249634907389e+00
-5.769564769331913645e+00 -5.426394036847389302e+00 -5.646801650079375179e+00
0.000000000000000000e+00 0.000000000000000000e+00 0.000000000000000000e+00
0.000000000000000000e+00 0.000000000000000000e+00 0.000000000000000000e+00
-5.025275810896332906e+00 -5.111741238084391625e+00 0.000000000000000000e+00
-4.498030192043311892e+00 -9.976761894990218593e+00 -5.535063836107141810e+00
-5.196161859008411987e+00 -5.297786100934953168e+00 -7.153655137039119261e+00
-6.165582549461012363e+00 -4.080861749793373683e+00 -9.809747745524717288e+00
-3.263798548233961583e+01 -3.260102943500356787e+01 -3.262439766493741899e+01
-3.493036455637133031e+01 -3.529667627743749136e+01 -3.512946441590626279e+01
-3.802885615945034203e+01 -3.824600703179185501e+01 -3.808270180834215068e+01
-3.996117820487116035e+01 -3.981078272866683676e+01 -3.997374318621689326e+01
-4.094568672155925526e+01 -4.093659636460896678e+01 -4.086640056664131748e+01
-4.164570107299068980e+01 -4.158511261530128422e+01 -4.162003222944221648e+01
-4.237687748887171324e+01 -4.231845141005420174e+01 -4.228121104820981202e+01
-4.070397356991108495e+01 -4.048680624405397310e+01 -4.061537916766451417e+01
-3.738122416662056935e+01 -3.753398747449822537e+01 -3.687001597228628924e+01
-3.159270512397307584e+01 -3.232977233622825963e+01 -3.060501099854150908e+01
-2.480543896564049078e+01 -2.338488702328484692e+01 -1.765777382551654284e+01
-1.298979023335718708e+01 -1.296352999051087806e+01 -1.311372145014929913e+01
-4.393724151854104143e+00 -5.680530830733442116e+00 -3.235378524302495951e+00
-5.755081302842622648e+00 -2.602733630818048205e+00 -5.806248258221489600e+00
-3.248095269114819938e+00 0.000000000000000000e+00 0.000000000000000000e+00
0.000000000000000000e+00 0.000000000000000000e+00 0.000000000000000000e+00
-3.153595459633441234e+00 -5.312871279907564137e+00 -4.317365281276716260e+00
-9.165399424453138266e+00 -5.169467717444379495e+00 -6.135273359898762990e+00
-6.815763219386157701e+00 -9.403431223208073675e+00 -1.062309951294407284e+01
-8.893461768581076399e+00 -6.200687413692128835e+00 -6.151165634571164276e+00
-3.017608120949764938e+00 0.000000000000000000e+00 0.000000000000000000e+00
-3.379756408962308711e+01 -3.399349309593365120e+01 -3.373785745157319127e+01
-3.591951600396097177e+01 -3.606755531597813302e+01 -3.582217921287957552e+01
-3.743351049239490891e+01 -3.746251898300675975e+01 -3.940391495192564975e+01
-3.844596953929352168e+01 -3.855937443324410907e+01 -3.879999182332110763e+01
-4.001027575664588198e+01 -3.930346284500765108e+01 -3.933222006171558149e+01
-3.852602087115530338e+01 -3.861937850521407256e+01 -3.855707841733767083e+01
-3.739952801361113188e+01 -3.737057891602673720e+01 -3.722224610413857704e+01
-3.547733030580882030e+01 -3.265244998856199032e+01 -3.571628799618862615e+01
-2.783450268833820829e+01 -2.876897153505237981e+01 -2.084539629249530890e+01
-1.825293213035215345e+01 -1.754863333320386687e+01 -1.543523952813920630e+01
-9.107706565561832335e+00 -9.627537831535120105e+00 -1.042588550453273832e+01
-5.447878306342814447e+00 -5.826655439632961730e+00 -5.303215068136310606e+00
-5.130668424437143216e+00 0.000000000000000000e+00 0.000000000000000000e+00
-5.138525454408842563e+00 0.000000000000000000e+00 0.000000000000000000e+00
0.000000000000000000e+00 0.000000000000000000e+00 0.000000000000000000e+00
-5.152654678648510789e+00 0.000000000000000000e+00 0.000000000000000000e+00
-8.517983590267188987e+00 -4.095540337994264313e+00 -4.885606684000797451e+00
-3.263829669878830941e+00 -4.658292273995144228e+00 0.000000000000000000e+00
-4.108216082680783643e+00 0.000000000000000000e+00 0.000000000000000000e+00
-3.616407280391997325e+00 -5.134109584943699289e+00 -5.305075557937758646e+00
-2.745921460515454271e+00 -7.249326182758590420e+00 -2.564637133578584027e+00
-3.265460083493015020e+01 -3.244858835479662673e+01 -3.250056380177127835e+01
-3.597114357135418317e+01 -3.827115584184020491e+01 -3.600262275653572175e+01
-3.718026723763538399e+01 -3.717696926399842994e+01 -3.713857738760719940e+01
-4.011613878670954847e+01 -3.810156304931345517e+01 -3.808987682856274404e+01
-3.650565181131225501e+01 -3.665352053611482575e+01 -3.579671684119490749e+01
-3.432152680170425896e+01 -3.461214250423785899e+01 -3.311385039450869527e+01
-2.878499014293816671e+01 -2.743346855183212085e+01 -2.557375220324536258e+01
-1.724209874943293386e+01 -1.683761620180501595e+01 -1.618702022675330454e+01
-9.138467259170036883e+00 -1.006086058537769645e+01 -8.625971972782327413e+00
-4.052195944262108718e+00 -1.143042084067583630e+01 -3.239527213131855987e+00
-5.815481359624108393e+00 0.000000000000000000e+00 -5.758292590060200666e+00
-5.974363914715596025e+00 0.000000000000000000e+00 0.000000000000000000e+00
0.000000000000000000e+00 -2.952925820537266599e+00 0.000000000000000000e+00
0.000000000000000000e+00 0.000000000000000000e+00 0.000000000000000000e+00
-5.622338942525137995e+00 0.000000000000000000e+00 0.000000000000000000e+00
-4.616536949074650842e+00 -4.861994423417023370e+00 0.000000000000000000e+00
-5.359198471583598966e+00 -1.134212935350202223e+01 -5.907297382072990821e+00
-4.686849776014009983e+00 -4.729089818821833546e+00 0.000000000000000000e+00
-4.947708319481519901e+00 -2.640506645642313188e+00 0.000000000000000000e+00
-9.225210198356350588e+00 -5.303491226239449574e+00 0.000000000000000000e+00
0.000000000000000000e+00 0.000000000000000000e+00 -2.304857567090035975e+00
-2.987307524496174338e+01 -2.984781433522155325e+01 -2.960226748704212341e+01
-3.256259648826346620e+01 -3.327251562429041343e+01 -3.313296372984736138e+01
-3.276539397713823121e+01 -3.279568543357397203e+01 -3.274633173856625490e+01
-3.006071945203712303e+01 -3.013470754335511614e+01 -2.843094839039485322e+01
-2.829532373406159707e+01 -2.834017621436495205e+01 -3.225697737991806946e+01
-2.283081717756147810e+01 -2.185266865086721921e+01 -1.877846594295113647e+01
-1.471322167176360196e+01 -1.478472865301665351e+01 -1.478555691218848622e+01
-3.994654668920959217e+00 -2.874966893082565811e+00 -3.054509938938132496e+00
0.000000000000000000e+00 -5.437078822473797146e+00 -1.870250021479948233e+00
-5.922974396604851144e+00 0.000000000000000000e+00 0.000000000000000000e+00
-5.395806445276544849e+00 -5.898878884587269056e+00 -3.976611787659599884e+00
-5.985291306318024418e+00 0.000000000000000000e+00 0.000000000000000000e+00
0.000000000000000000e+00 0.000000000000000000e+00 0.000000000000000000e+00
-7.725966542428555073e+00 -5.291294776881402484e+00 0.000000000000000000e+00
0.000000000000000000e+00 0.000000000000000000e+00 -3.054480933905694418e+00
-4.453516563591898070e+00 -6.019234910291221041e+00 -3.668399775675435848e+00
-4.687594259396077767e+00 -3.730318944905592460e+00 -7.681007653103867128e+00
-8.792956360711585262e+00 -9.377007245464151097e+00 -9.683920199958937047e+00
-5.508573689114571792e+00 0.000000000000000000e+00 0.000000000000000000e+00
-7.500230047007913292e+00 0.000000000000000000e+00 0.000000000000000000e+00
-5.339711403179428828e+00 -7.701873184351689439e+00 -5.736770896987663626e+00
-2.639025717266565962e+01 -2.380023149083609013e+01 -2.307953561465421188e+01
-2.202829833390790526e+01 -2.201101491943012434e+01 -2.198941722753946948e+01
-2.339818133634205211e+01 -2.426974507598652053e+01 -2.579509551998162920e+01
-2.275167980942937263e+01 -2.277764511176435747e+01 -2.270009240110267967e+01
-1.780327080937605189e+01 -1.775014535796618986e+01 -1.658793612058011746e+01
-1.383897335466363465e+01 -1.385699624566323074e+01 -1.378287479659656789e+01
-1.392903628323305165e+00 0.000000000000000000e+00 0.000000000000000000e+00
-5.621901335620940188e+00 -5.644795446024676977e+00 -2.973089709885119447e+00
-5.466766438798096317e+00 0.000000000000000000e+00 0.000000000000000000e+00
-4.422169940854653092e+00 -5.212900343159088123e+00 0.000000000000000000e+00
0.000000000000000000e+00 -5.993516817990116152e+00 0.000000000000000000e+00
0.000000000000000000e+00 0.000000000000000000e+00 0.000000000000000000e+00
0.000000000000000000e+00 0.000000000000000000e+00 0.000000000000000000e+00
0.000000000000000000e+00 0.000000000000000000e+00 0.000000000000000000e+00
-5.876107173655417348e+00 0.000000000000000000e+00 0.000000000000000000e+00
-5.435684777765786180e+00 -5.686191458351922634e+00 0.000000000000000000e+00
-4.386484958573687365e+00 -3.378049475069234919e+00 0.000000000000000000e+00
-3.672775986773368917e+00 -5.917101039418528607e+00 0.000000000000000000e+00
0.000000000000000000e+00 0.000000000000000000e+00 0.000000000000000000e+00
-5.401545893267568843e+00 -5.934621566513711421e+00 0.000000000000000000e+00
-4.272091975198793357e+00 -5.851149362105124929e+00 0.000000000000000000e+00
0.000000000000000000e+00 0.000000000000000000e+00 0.000000000000000000e+00
-5.409188485972631355e+00 0.000000000000000000e+00 0.000000000000000000e+00
-7.378729976091733533e+00 -9.544083142966538702e+00 0.000000000000000000e+00
-5.872878176694290353e+00 0.000000000000000000e+00 0.000000000000000000e+00
-2.838045990003581043e+00 -8.643181387936710536e+00 -5.545054485477789896e+00
-5.841720104093074184e+00 0.000000000000000000e+00 0.000000000000000000e+00
-5.891695996702999594e+00 0.000000000000000000e+00 0.000000000000000000e+00
-4.113179412693819259e+00 -4.675829278532495970e+00 -7.329042923442096402e+00
0.000000000000000000e+00 0.000000000000000000e+00 0.000000000000000000e+00
0.000000000000000000e+00 0.000000000000000000e+00 0.000000000000000000e+00
0.000000000000000000e+00 0.000000000000000000e+00 0.000000000000000000e+00
0.000000000000000000e+00 0.000000000000000000e+00 0.000000000000000000e+00
0.000000000000000000e+00 0.000000000000000000e+00 0.000000000000000000e+00
0.000000000000000000e+00 0.000000000000000000e+00 0.000000000000000000e+00
0.000000000000000000e+00 0.000000000000000000e+00 0.000000000000000000e+00
0.000000000000000000e+00 0.000000000000000000e+00 0.000000000000000000e+00
0.000000000000000000e+00 0.000000000000000000e+00 0.000000000000000000e+00
0.000000000000000000e+00 0.000000000000000000e+00 0.000000000000000000e+00
0.000000000000000000e+00 0.000000000000000000e+00 0.000000000000000000e+00
0.000000000000000000e+00 0.000000000000000000e+00 0.000000000000000000e+00
0.000000000000000000e+00 0.000000000000000000e+00 0.000000000000000000e+00
0.000000000000000000e+00 0.000000000000000000e+00 0.000000000000000000e+00
0.000000000000000000e+00 0.000000000000000000e+00 0.000000000000000000e+00
0.000000000000000000e+00 0.000000000000000000e+00 0.000000000000000000e+00
0.000000000000000000e+00 0.000000000000000000e+00 0.000000000000000000e+00
0.000000000000000000e+00 0.000000000000000000e+00 0.000000000000000000e+00
0.000000000000000000e+00 0.000000000000000000e+00 0.000000000000000000e+00
0.000000000000000000e+00 0.000000000000000000e+00 0.000000000000000000e+00
0.000000000000000000e+00 0.000000000000000000e+00 0.000000000000000000e+00
0.000000000000000000e+00 0.000000000000000000e+00 0.000000000000000000e+00
