0.000000000000000000e+00 0.000000000000000000e+00 0.000000000000000000e+00
-5.000000000000000000e-01 -5.000000000000000000e-01 0.000000000000000000e+00
0.000000000000000000e+00 0.000000000000000000e+00 0.000000000000000000e+00
-5.000000000000000000e-01 0.000000000000000000e+00 0.000000000000000000e+00
-5.000000000000000000e-01 -5.000000000000000000e-01 0.000000000000000000e+00
0.000000000000000000e+00 0.000000000000000000e+00 0.000000000000000000e+00
-9.843750000000000000e-01 -9.687500000000000000e-01 -9.687500000000000000e-01
-9.999999701976776123e-01 -9.999999701976776123e-01 -9.999999701976776123e-01
-1.000000000000000000e+00 -1.000000000000000000e+00 -1.000000000000000000e+00
-1.000000000000000000e+00 -1.000000000000000000e+00 -1.000000000000000000e+00
-1.000000000000000000e+00 -1.000000000000000000e+00 -1.000000000000000000e+00
-1.000000000000000000e+00 -1.000000000000000000e+00 -1.000000000000000000e+00
-8.750000000000000000e-01 -7.500000000000000000e-01 -5.000000000000000000e-01
-7.500000000000000000e-01 -5.000000000000000000e-01 0.000000000000000000e+00
-5.000000000000000000e-01 0.000000000000000000e+00 0.000000000000000000e+00
0.000000000000000000e+00 0.000000000000000000e+00 0.000000000000000000e+00
-5.000000000000000000e-01 0.000000000000000000e+00 0.000000000000000000e+00
-5.000000000000000000e-01 0.000000000000000000e+00 -5.000000000000000000e-01
0.000000000000000000e+00 0.000000000000000000e+00 0.000000000000000000e+00
0.000000000000000000e+00 0.000000000000000000e+00 0.000000000000000000e+00
0.000000000000000000e+00 0.000000000000000000e+00 0.000000000000000000e+00
-5.000000000000000000e-01 0.000000000000000000e+00 -7.500000000000000000e-01
-7.500000000000000000e-01 -7.500000000000000000e-01 -5.000000000000000000e-01
-5.000000000000000000e-01 -5.000000000000000000e-01 -5.000000000000000000e-01
0.000000000000000000e+00 0.000000000000000000e+00 -5.000000000000000000e-01
-9.921875000000000000e-01 -9.843750000000000000e-01 -9.843750000000000000e-01
-9.999999999854480848e-01 -9.999999999927240424e-01 -9.999999999854480848e-01
-1.000000000000000000e+00 -1.000000000000000000e+00 -1.000000000000000000e+00
-1.000000000000000000e+00 -1.000000000000000000e+00 -1.000000000000000000e+00
-1.000000000000000000e+00 -1.000000000000000000e+00 -1.000000000000000000e+00
-1.000000000000000000e+00 -1.000000000000000000e+00 -1.000000000000000000e+00
-1.000000000000000000e+00 -1.000000000000000000e+00 -1.000000000000000000e+00
-1.000000000000000000e+00 -1.000000000000000000e+00 -1.000000000000000000e+00
-9.999999850988388062e-01 -9.999999850988388062e-01 -9.999999701976776123e-01
-5.000000000000000000e-01 -5.000000000000000000e-01 -7.500000000000000000e-01
-7.500000000000000000e-01 -7.500000000000000000e-01 -5.000000000000000000e-01
-5.000000000000000000e-01 0.000000000000000000e+00 0.000000000000000000e+00
-7.500000000000000000e-01 -5.000000000000000000e-01 -5.000000000000000000e-01
-5.000000000000000000e-01 -5.000000000000000000e-01 -5.000000000000000000e-01
0.000000000000000000e+00 0.000000000000000000e+00 0.000000000000000000e+00
0.000000000000000000e+00 0.000000000000000000e+00 0.000000000000000000e+00
-7.500000000000000000e-01 0.000000000000000000e+00 0.000000000000000000e+00
0.000000000000000000e+00 0.000000000000000000e+00 -5.000000000000000000e-01
-7.500000000000000000e-01 -5.000000000000000000e-01 -5.000000000000000000e-01
-9.375000000000000000e-01 -7.500000000000000000e-01 -7.500000000000000000e-01
-9.999995231628417969e-01 -9.999995231628417969e-01 -9.999990463256835938e-01
-1.000000000000000000e+00 -1.000000000000000000e+00 -1.000000000000000000e+00
-1.000000000000000000e+00 -1.000000000000000000e+00 -1.000000000000000000e+00
-1.000000000000000000e+00 -1.000000000000000000e+00 -1.000000000000000000e+00
-1.000000000000000000e+00 -1.000000000000000000e+00 -1.000000000000000000e+00
-1.000000000000000000e+00 -1.000000000000000000e+00 -1.000000000000000000e+00
-1.000000000000000000e+00 -1.000000000000000000e+00 -1.000000000000000000e+00
-1.000000000000000000e+00 -1.000000000000000000e+00 -1.000000000000000000e+00
-1.000000000000000000e+00 -1.000000000000000000e+00 -1.000000000000000000e+00
-9.999999403953552246e-01 -9.999998807907104492e-01 -9.999998807907104492e-01
-5.000000000000000000e-01 0.000000000000000000e+00 0.000000000000000000e+00
0.000000000000000000e+00 0.000000000000000000e+00 0.000000000000000000e+00
0.000000000000000000e+00 0.000000000000000000e+00 0.000000000000000000e+00
0.000000000000000000e+00 -7.500000000000000000e-01 0.000000000000000000e+00
0.000000000000000000e+00 0.000000000000000000e+00 0.000000000000000000e+00
0.000000000000000000e+00 0.000000000000000000e+00 0.000000000000000000e+00
0.000000000000000000e+00 0.000000000000000000e+00 -5.000000000000000000e-01
-5.000000000000000000e-01 -5.000000000000000000e-01 -5.000000000000000000e-01
-8.750000000000000000e-01 -7.500000000000000000e-01 -7.500000000000000000e-01
-9.980468750000000000e-01 -9.995117187500000000e-01 -9.980468750000000000e-01
-1.000000000000000000e+00 -1.000000000000000000e+00 -1.000000000000000000e+00
-1.000000000000000000e+00 -1.000000000000000000e+00 -1.000000000000000000e+00
-1.000000000000000000e+00 -1.000000000000000000e+00 -1.000000000000000000e+00
-1.000000000000000000e+00 -1.000000000000000000e+00 -1.000000000000000000e+00
-1.000000000000000000e+00 -1.000000000000000000e+00 -1.000000000000000000e+00
-1.000000000000000000e+00 -1.000000000000000000e+00 -1.000000000000000000e+00
-1.000000000000000000e+00 -1.000000000000000000e+00 -1.000000000000000000e+00
-1.000000000000000000e+00 -1.000000000000000000e+00 -1.000000000000000000e+00
-1.000000000000000000e+00 -1.000000000000000000e+00 -1.000000000000000000e+00
-1.000000000000000000e+00 -1.000000000000000000e+00 -1.000000000000000000e+00
-9.843750000000000000e-01 -9.997558593750000000e-01 -9.960937500000000000e-01
-5.000000000000000000e-01 0.000000000000000000e+00 0.000000000000000000e+00
-7.500000000000000000e-01 -5.000000000000000000e-01 -5.000000000000000000e-01
-7.500000000000000000e-01 -7.500000000000000000e-01 -5.000000000000000000e-01
-5.000000000000000000e-01 0.000000000000000000e+00 0.000000000000000000e+00
0.000000000000000000e+00 0.000000000000000000e+00 0.000000000000000000e+00
-5.000000000000000000e-01 -5.000000000000000000e-01 0.000000000000000000e+00
0.000000000000000000e+00 0.000000000000000000e+00 -7.500000000000000000e-01
-9.375000000000000000e-01 -9.375000000000000000e-01 -8.750000000000000000e-01
-9.999999998835846782e-01 -9.999999998835846782e-01 -9.999999997671693563e-01
-1.000000000000000000e+00 -1.000000000000000000e+00 -1.000000000000000000e+00
-1.000000000000000000e+00 -1.000000000000000000e+00 -1.000000000000000000e+00
-1.000000000000000000e+00 -1.000000000000000000e+00 -1.000000000000000000e+00
-1.000000000000000000e+00 -1.000000000000000000e+00 -1.000000000000000000e+00
-1.000000000000000000e+00 -1.000000000000000000e+00 -1.000000000000000000e+00
-1.000000000000000000e+00 -1.000000000000000000e+00 -1.000000000000000000e+00
-1.000000000000000000e+00 -1.000000000000000000e+00 -1.000000000000000000e+00
-1.000000000000000000e+00 -1.000000000000000000e+00 -1.000000000000000000e+00
-1.000000000000000000e+00 -1.000000000000000000e+00 -1.000000000000000000e+00
-1.000000000000000000e+00 -1.000000000000000000e+00 -1.000000000000000000e+00
-1.000000000000000000e+00 -1.000000000000000000e+00 -1.000000000000000000e+00
-9.375000000000000000e-01 -8.750000000000000000e-01 -7.500000000000000000e-01
-5.000000000000000000e-01 -5.000000000000000000e-01 -5.000000000000000000e-01
-7.500000000000000000e-01 -5.000000000000000000e-01 -5.000000000000000000e-01
0.000000000000000000e+00 0.000000000000000000e+00 0.000000000000000000e+00
0.000000000000000000e+00 0.000000000000000000e+00 0.000000000000000000e+00
0.000000000000000000e+00 0.000000000000000000e+00 -5.000000000000000000e-01
-7.500000000000000000e-01 -5.000000000000000000e-01 -5.000000000000000000e-01
-9.843750000000000000e-01 -9.687500000000000000e-01 -9.843750000000000000e-01
-1.000000000000000000e+00 -1.000000000000000000e+00 -1.000000000000000000e+00
-1.000000000000000000e+00 -1.000000000000000000e+00 -1.000000000000000000e+00
-1.000000000000000000e+00 -1.000000000000000000e+00 -1.000000000000000000e+00
-1.000000000000000000e+00 -1.000000000000000000e+00 -1.000000000000000000e+00
-1.000000000000000000e+00 -1.000000000000000000e+00 -1.000000000000000000e+00
-1.000000000000000000e+00 -1.000000000000000000e+00 -1.000000000000000000e+00
-1.000000000000000000e+00 -1.000000000000000000e+00 -1.000000000000000000e+00
-1.000000000000000000e+00 -1.000000000000000000e+00 -1.000000000000000000e+00
-1.000000000000000000e+00 -1.000000000000000000e+00 -1.000000000000000000e+00
-1.000000000000000000e+00 -1.000000000000000000e+00 -1.000000000000000000e+00
-1.000000000000000000e+00 -1.000000000000000000e+00 -1.000000000000000000e+00
-1.000000000000000000e+00 -1.000000000000000000e+00 -1.000000000000000000e+00
-9.999389648437500000e-01 -9.999389648437500000e-01 -9.998779296875000000e-01
-7.500000000000000000e-01 -5.000000000000000000e-01 0.000000000000000000e+00
-5.000000000000000000e-01 -7.500000000000000000e-01 -5.000000000000000000e-01
0.000000000000000000e+00 0.000000000000000000e+00 0.000000000000000000e+00
0.000000000000000000e+00 0.000000000000000000e+00 0.000000000000000000e+00
0.000000000000000000e+00 -5.000000000000000000e-01 0.000000000000000000e+00
-7.500000000000000000e-01 -5.000000000000000000e-01 -5.000000000000000000e-01
-9.960937500000000000e-01 -9.921875000000000000e-01 -9.960937500000000000e-01
-1.000000000000000000e+00 -1.000000000000000000e+00 -1.000000000000000000e+00
-1.000000000000000000e+00 -1.000000000000000000e+00 -1.000000000000000000e+00
-1.000000000000000000e+00 -1.000000000000000000e+00 -1.000000000000000000e+00
-1.000000000000000000e+00 -1.000000000000000000e+00 -1.000000000000000000e+00
-1.000000000000000000e+00 -1.000000000000000000e+00 -1.000000000000000000e+00
-1.000000000000000000e+00 -1.000000000000000000e+00 -1.000000000000000000e+00
-1.000000000000000000e+00 -1.000000000000000000e+00 -1.000000000000000000e+00
-1.000000000000000000e+00 -1.000000000000000000e+00 -1.000000000000000000e+00
-1.000000000000000000e+00 -1.000000000000000000e+00 -1.000000000000000000e+00
-1.000000000000000000e+00 -1.000000000000000000e+00 -1.000000000000000000e+00
-1.000000000000000000e+00 -1.000000000000000000e+00 -1.000000000000000000e+00
-1.000000000000000000e+00 -1.000000000000000000e+00 -1.000000000000000000e+00
-9.999999981373548508e-01 -9.999999981373548508e-01 -9.999999962747097015e-01
-7.500000000000000000e-01 0.000000000000000000e+00 -5.000000000000000000e-01
0.000000000000000000e+00 0.000000000000000000e+00 0.000000000000000000e+00
0.000000000000000000e+00 0.000000000000000000e+00 0.000000000000000000e+00
0.000000000000000000e+00 0.000000000000000000e+00 0.000000000000000000e+00
-7.500000000000000000e-01 -5.000000000000000000e-01 0.000000000000000000e+00
-7.500000000000000000e-01 -5.000000000000000000e-01 -5.000000000000000000e-01
-9.960937500000000000e-01 -9.960937500000000000e-01 -9.960937500000000000e-01
-1.000000000000000000e+00 -1.000000000000000000e+00 -1.000000000000000000e+00
-1.000000000000000000e+00 -1.000000000000000000e+00 -1.000000000000000000e+00
-1.000000000000000000e+00 -1.000000000000000000e+00 -1.000000000000000000e+00
-1.000000000000000000e+00 -1.000000000000000000e+00 -1.000000000000000000e+00
-1.000000000000000000e+00 -1.000000000000000000e+00 -1.000000000000000000e+00
-1.000000000000000000e+00 -1.000000000000000000e+00 -1.000000000000000000e+00
-1.000000000000000000e+00 -1.000000000000000000e+00 -1.000000000000000000e+00
-1.000000000000000000e+00 -1.000000000000000000e+00 -1.000000000000000000e+00
-1.000000000000000000e+00 -1.000000000000000000e+00 -1.000000000000000000e+00
-1.000000000000000000e+00 -1.000000000000000000e+00 -1.000000000000000000e+00
-1.000000000000000000e+00 -1.000000000000000000e+00 -1.000000000000000000e+00
-1.000000000000000000e+00 -1.000000000000000000e+00 -1.000000000000000000e+00
-9.999999990686774254e-01 -9.999999981373548508e-01 -9.999999981373548508e-01
-7.500000000000000000e-01 -5.000000000000000000e-01 -7.500000000000000000e-01
0.000000000000000000e+00 0.000000000000000000e+00 0.000000000000000000e+00
0.000000000000000000e+00 0.000000000000000000e+00 0.000000000000000000e+00
0.000000000000000000e+00 0.000000000000000000e+00 0.000000000000000000e+00
-5.000000000000000000e-01 0.000000000000000000e+00 0.000000000000000000e+00
-7.500000000000000000e-01 -7.500000000000000000e-01 -5.000000000000000000e-01
-9.375000000000000000e-01 -9.687500000000000000e-01 -9.843750000000000000e-01
-9.999999999999982236e-01 -9.999999999999964473e-01 -9.999999999999964473e-01
-1.000000000000000000e+00 -1.000000000000000000e+00 -1.000000000000000000e+00
-1.000000000000000000e+00 -1.000000000000000000e+00 -1.000000000000000000e+00
-1.000000000000000000e+00 -1.000000000000000000e+00 -1.000000000000000000e+00
-1.000000000000000000e+00 -1.000000000000000000e+00 -1.000000000000000000e+00
-1.000000000000000000e+00 -1.000000000000000000e+00 -1.000000000000000000e+00
-1.000000000000000000e+00 -1.000000000000000000e+00 -1.000000000000000000e+00
-1.000000000000000000e+00 -1.000000000000000000e+00 -1.000000000000000000e+00
-1.000000000000000000e+00 -1.000000000000000000e+00 -1.000000000000000000e+00
-1.000000000000000000e+00 -1.000000000000000000e+00 -1.000000000000000000e+00
-1.000000000000000000e+00 -1.000000000000000000e+00 -1.000000000000000000e+00
-1.000000000000000000e+00 -1.000000000000000000e+00 -1.000000000000000000e+00
-9.999999925494194031e-01 -9.999999962747097015e-01 -9.999999925494194031e-01
-7.500000000000000000e-01 -7.500000000000000000e-01 -7.500000000000000000e-01
-7.500000000000000000e-01 -7.500000000000000000e-01 -5.000000000000000000e-01
0.000000000000000000e+00 0.000000000000000000e+00 0.000000000000000000e+00
0.000000000000000000e+00 0.000000000000000000e+00 0.000000000000000000e+00
-5.000000000000000000e-01 -5.000000000000000000e-01 -5.000000000000000000e-01
-5.000000000000000000e-01 -5.000000000000000000e-01 -5.000000000000000000e-01
-7.500000000000000000e-01 -5.000000000000000000e-01 -5.000000000000000000e-01
-9.999997615814208984e-01 -9.999998807907104492e-01 -9.999997615814208984e-01
-1.000000000000000000e+00 -1.000000000000000000e+00 -1.000000000000000000e+00
-1.000000000000000000e+00 -1.000000000000000000e+00 -1.000000000000000000e+00
-1.000000000000000000e+00 -1.000000000000000000e+00 -1.000000000000000000e+00
-1.000000000000000000e+00 -1.000000000000000000e+00 -1.000000000000000000e+00
-1.000000000000000000e+00 -1.000000000000000000e+00 -1.000000000000000000e+00
-1.000000000000000000e+00 -1.000000000000000000e+00 -1.000000000000000000e+00
-1.000000000000000000e+00 -1.000000000000000000e+00 -1.000000000000000000e+00
-1.000000000000000000e+00 -1.000000000000000000e+00 -1.000000000000000000e+00
-1.000000000000000000e+00 -1.000000000000000000e+00 -1.000000000000000000e+00
-1.000000000000000000e+00 -1.000000000000000000e+00 -1.000000000000000000e+00
-1.000000000000000000e+00 -1.000000000000000000e+00 -1.000000000000000000e+00
-9.999694824218750000e-01 -9.999694824218750000e-01 -9.999694824218750000e-01
-5.000000000000000000e-01 -5.000000000000000000e-01 -5.000000000000000000e-01
-5.000000000000000000e-01 -5.000000000000000000e-01 -5.000000000000000000e-01
0.000000000000000000e+00 0.000000000000000000e+00 0.000000000000000000e+00
0.000000000000000000e+00 0.000000000000000000e+00 0.000000000000000000e+00
-5.000000000000000000e-01 -5.000000000000000000e-01 0.000000000000000000e+00
-5.000000000000000000e-01 -5.000000000000000000e-01 0.000000000000000000e+00
-5.000000000000000000e-01 -5.000000000000000000e-01 -5.000000000000000000e-01
-9.990234375000000000e-01 -9.960937500000000000e-01 -9.960937500000000000e-01
-9.999999999995452526e-01 -9.999999999990905053e-01 -9.999999999995452526e-01
-1.000000000000000000e+00 -1.000000000000000000e+00 -1.000000000000000000e+00
-1.000000000000000000e+00 -1.000000000000000000e+00 -1.000000000000000000e+00
-1.000000000000000000e+00 -1.000000000000000000e+00 -1.000000000000000000e+00
-1.000000000000000000e+00 -1.000000000000000000e+00 -1.000000000000000000e+00
-1.000000000000000000e+00 -1.000000000000000000e+00 -1.000000000000000000e+00
-1.000000000000000000e+00 -1.000000000000000000e+00 -1.000000000000000000e+00
-1.000000000000000000e+00 -1.000000000000000000e+00 -1.000000000000000000e+00
-1.000000000000000000e+00 -1.000000000000000000e+00 -1.000000000000000000e+00
-1.000000000000000000e+00 -1.000000000000000000e+00 -1.000000000000000000e+00
-9.999999999927240424e-01 -9.999999999927240424e-01 -9.999999999854480848e-01
-9.375000000000000000e-01 -8.750000000000000000e-01 -9.375000000000000000e-01
-7.500000000000000000e-01 -7.500000000000000000e-01 -7.500000000000000000e-01
-7.500000000000000000e-01 -5.000000000000000000e-01 -5.000000000000000000e-01
0.000000000000000000e+00 0.000000000000000000e+00 0.000000000000000000e+00
0.000000000000000000e+00 0.000000000000000000e+00 0.000000000000000000e+00
-5.000000000000000000e-01 -5.000000000000000000e-01 -5.000000000000000000e-01
-5.000000000000000000e-01 0.000000000000000000e+00 0.000000000000000000e+00
-5.000000000000000000e-01 -5.000000000000000000e-01 -7.500000000000000000e-01
-7.500000000000000000e-01 -7.500000000000000000e-01 -7.500000000000000000e-01
-9.999389648437500000e-01 -9.998779296875000000e-01 -9.998779296875000000e-01
-9.999999999999928946e-01 -9.999999999999982236e-01 -9.999999999999857891e-01
-1.000000000000000000e+00 -1.000000000000000000e+00 -1.000000000000000000e+00
-1.000000000000000000e+00 -1.000000000000000000e+00 -1.000000000000000000e+00
-1.000000000000000000e+00 -1.000000000000000000e+00 -1.000000000000000000e+00
-1.000000000000000000e+00 -1.000000000000000000e+00 -1.000000000000000000e+00
-1.000000000000000000e+00 -1.000000000000000000e+00 -1.000000000000000000e+00
-1.000000000000000000e+00 -1.000000000000000000e+00 -1.000000000000000000e+00
-1.000000000000000000e+00 -1.000000000000000000e+00 -1.000000000000000000e+00
-9.999999999999431566e-01 -9.999999999999715783e-01 -9.999999999998863132e-01
-9.990234375000000000e-01 -9.990234375000000000e-01 -9.990234375000000000e-01
-5.000000000000000000e-01 0.000000000000000000e+00 -5.000000000000000000e-01
-7.500000000000000000e-01 -5.000000000000000000e-01 -5.000000000000000000e-01
0.000000000000000000e+00 0.000000000000000000e+00 0.000000000000000000e+00
0.000000000000000000e+00 0.000000000000000000e+00 0.000000000000000000e+00
0.000000000000000000e+00 0.000000000000000000e+00 0.000000000000000000e+00
-5.000000000000000000e-01 0.000000000000000000e+00 -5.000000000000000000e-01
-5.000000000000000000e-01 0.000000000000000000e+00 -7.500000000000000000e-01
-5.000000000000000000e-01 0.000000000000000000e+00 0.000000000000000000e+00
-5.000000000000000000e-01 -5.000000000000000000e-01 -5.000000000000000000e-01
-9.687500000000000000e-01 -8.750000000000000000e-01 -9.375000000000000000e-01
-9.999990463256835938e-01 -9.999990463256835938e-01 -9.999990463256835938e-01
-9.999999999999431566e-01 -9.999999999999715783e-01 -9.999999999999431566e-01
-1.000000000000000000e+00 -1.000000000000000000e+00 -1.000000000000000000e+00
-1.000000000000000000e+00 -1.000000000000000000e+00 -1.000000000000000000e+00
-1.000000000000000000e+00 -1.000000000000000000e+00 -1.000000000000000000e+00
-1.000000000000000000e+00 -1.000000000000000000e+00 -1.000000000000000000e+00
-1.000000000000000000e+00 -1.000000000000000000e+00 -1.000000000000000000e+00
-9.999999999997726263e-01 -9.999999999997726263e-01 -9.999999999997726263e-01
-9.999847412109375000e-01 -9.999847412109375000e-01 -9.999694824218750000e-01
-8.750000000000000000e-01 -8.750000000000000000e-01 -8.750000000000000000e-01
-5.000000000000000000e-01 0.000000000000000000e+00 0.000000000000000000e+00
-7.500000000000000000e-01 -5.000000000000000000e-01 0.000000000000000000e+00
-5.000000000000000000e-01 -5.000000000000000000e-01 0.000000000000000000e+00
-5.000000000000000000e-01 0.000000000000000000e+00 0.000000000000000000e+00
0.000000000000000000e+00 0.000000000000000000e+00 0.000000000000000000e+00
0.000000000000000000e+00 0.000000000000000000e+00 -5.000000000000000000e-01
-8.750000000000000000e-01 -7.500000000000000000e-01 -5.000000000000000000e-01
-5.000000000000000000e-01 0.000000000000000000e+00 0.000000000000000000e+00
-5.000000000000000000e-01 -5.000000000000000000e-01 -5.000000000000000000e-01
0.000000000000000000e+00 -5.000000000000000000e-01 0.000000000000000000e+00
-7.500000000000000000e-01 -7.500000000000000000e-01 -9.375000000000000000e-01
-9.999847412109375000e-01 -9.999694824218750000e-01 -9.999694824218750000e-01
-9.999999999854480848e-01 -9.999999999708961695e-01 -9.999999999708961695e-01
-9.999999999995452526e-01 -9.999999999997726263e-01 -9.999999999995452526e-01
-9.999999999999928946e-01 -9.999999999999857891e-01 -9.999999999999857891e-01
-9.999999999999431566e-01 -9.999999999999431566e-01 -9.999999999999431566e-01
-9.999999998835846782e-01 -9.999999997671693563e-01 -9.999999990686774254e-01
-9.998779296875000000e-01 -9.999389648437500000e-01 -9.999389648437500000e-01
-7.500000000000000000e-01 -8.750000000000000000e-01 -7.500000000000000000e-01
-7.500000000000000000e-01 -7.500000000000000000e-01 -7.500000000000000000e-01
0.000000000000000000e+00 -7.500000000000000000e-01 0.000000000000000000e+00
-5.000000000000000000e-01 -5.000000000000000000e-01 -5.000000000000000000e-01
-5.000000000000000000e-01 -5.000000000000000000e-01 0.000000000000000000e+00
0.000000000000000000e+00 0.000000000000000000e+00 0.000000000000000000e+00
0.000000000000000000e+00 0.000000000000000000e+00 0.000000000000000000e+00
0.000000000000000000e+00 0.000000000000000000e+00 0.000000000000000000e+00
-5.000000000000000000e-01 -5.000000000000000000e-01 -5.000000000000000000e-01
-5.000000000000000000e-01 -7.500000000000000000e-01 -5.000000000000000000e-01
0.000000000000000000e+00 0.000000000000000000e+00 0.000000000000000000e+00
-7.500000000000000000e-01 -5.000000000000000000e-01 -5.000000000000000000e-01
-5.000000000000000000e-01 -5.000000000000000000e-01 0.000000000000000000e+00
-7.500000000000000000e-01 -7.500000000000000000e-01 -7.500000000000000000e-01
-9.960937500000000000e-01 -9.960937500000000000e-01 -9.999389648437500000e-01
-9.999961853027343750e-01 -9.999961853027343750e-01 -9.999961853027343750e-01
-9.999980926513671875e-01 -9.999961853027343750e-01 -9.999961853027343750e-01
-9.999694824218750000e-01 -9.999847412109375000e-01 -9.999389648437500000e-01
-9.980468750000000000e-01 -9.960937500000000000e-01 -9.921875000000000000e-01
-7.500000000000000000e-01 -7.500000000000000000e-01 -5.000000000000000000e-01
-7.500000000000000000e-01 -7.500000000000000000e-01 0.000000000000000000e+00
-5.000000000000000000e-01 -5.000000000000000000e-01 -7.500000000000000000e-01
-5.000000000000000000e-01 -5.000000000000000000e-01 -5.000000000000000000e-01
-7.500000000000000000e-01 -5.000000000000000000e-01 -5.000000000000000000e-01
-7.500000000000000000e-01 -5.000000000000000000e-01 -7.500000000000000000e-01
0.000000000000000000e+00 0.000000000000000000e+00 0.000000000000000000e+00
0.000000000000000000e+00 0.000000000000000000e+00 0.000000000000000000e+00
0.000000000000000000e+00 0.000000000000000000e+00 0.000000000000000000e+00
-7.500000000000000000e-01 -7.500000000000000000e-01 -5.000000000000000000e-01
-7.500000000000000000e-01 -7.500000000000000000e-01 -7.500000000000000000e-01
-5.000000000000000000e-01 -5.000000000000000000e-01 0.000000000000000000e+00
-5.000000000000000000e-01 -7.500000000000000000e-01 -5.000000000000000000e-01
0.000000000000000000e+00 -5.000000000000000000e-01 0.000000000000000000e+00
-7.500000000000000000e-01 -5.000000000000000000e-01 -5.000000000000000000e-01
-7.500000000000000000e-01 -5.000000000000000000e-01 -9.375000000000000000e-01
-9.687500000000000000e-01 -9.687500000000000000e-01 -9.375000000000000000e-01
-7.500000000000000000e-01 -9.843750000000000000e-01 -9.843750000000000000e-01
-9.921875000000000000e-01 -9.921875000000000000e-01 -9.921875000000000000e-01
-8.750000000000000000e-01 -7.500000000000000000e-01 -7.500000000000000000e-01
-9.375000000000000000e-01 -5.000000000000000000e-01 -5.000000000000000000e-01
-7.500000000000000000e-01 -5.000000000000000000e-01 -5.000000000000000000e-01
-8.750000000000000000e-01 0.000000000000000000e+00 0.000000000000000000e+00
-8.750000000000000000e-01 -5.000000000000000000e-01 -7.500000000000000000e-01
-5.000000000000000000e-01 0.000000000000000000e+00 0.000000000000000000e+00
-7.500000000000000000e-01 -5.000000000000000000e-01 0.000000000000000000e+00
0.000000000000000000e+00 0.000000000000000000e+00 0.000000000000000000e+00
0.000000000000000000e+00 0.000000000000000000e+00 0.000000000000000000e+00
0.000000000000000000e+00 -5.000000000000000000e-01 0.000000000000000000e+00
-5.000000000000000000e-01 -5.000000000000000000e-01 -5.000000000000000000e-01
-5.000000000000000000e-01 -5.000000000000000000e-01 -5.000000000000000000e-01
0.000000000000000000e+00 0.000000000000000000e+00 -7.500000000000000000e-01
-7.500000000000000000e-01 -5.000000000000000000e-01 -5.000000000000000000e-01
-7.500000000000000000e-01 -5.000000000000000000e-01 0.000000000000000000e+00
-5.000000000000000000e-01 -7.500000000000000000e-01 -5.000000000000000000e-01
-5.000000000000000000e-01 -5.000000000000000000e-01 -5.000000000000000000e-01
-7.500000000000000000e-01 -8.750000000000000000e-01 -8.750000000000000000e-01
-8.750000000000000000e-01 -9.687500000000000000e-01 -8.750000000000000000e-01
-7.500000000000000000e-01 -5.000000000000000000e-01 -5.000000000000000000e-01
-5.000000000000000000e-01 -7.500000000000000000e-01 0.000000000000000000e+00
-5.000000000000000000e-01 0.000000000000000000e+00 0.000000000000000000e+00
-5.000000000000000000e-01 -5.000000000000000000e-01 -5.000000000000000000e-01
0.000000000000000000e+00 0.000000000000000000e+00 0.000000000000000000e+00
-5.000000000000000000e-01 -5.000000000000000000e-01 0.000000000000000000e+00
-5.000000000000000000e-01 -7.500000000000000000e-01 -5.000000000000000000e-01
-7.500000000000000000e-01 -5.000000000000000000e-01 -5.000000000000000000e-01
0.000000000000000000e+00 0.000000000000000000e+00 0.000000000000000000e+00
0.000000000000000000e+00 0.000000000000000000e+00 0.000000000000000000e+00
-5.000000000000000000e-01 0.000000000000000000e+00 -5.000000000000000000e-01
0.000000000000000000e+00 -5.000000000000000000e-01 0.000000000000000000e+00
0.000000000000000000e+00 0.000000000000000000e+00 0.000000000000000000e+00
-7.500000000000000000e-01 -5.000000000000000000e-01 -5.000000000000000000e-01
-7.500000000000000000e-01 -7.500000000000000000e-01 -5.000000000000000000e-01
-7.500000000000000000e-01 -7.500000000000000000e-01 -5.000000000000000000e-01
-5.000000000000000000e-01 -5.000000000000000000e-01 -5.000000000000000000e-01
0.000000000000000000e+00 0.000000000000000000e+00 -5.000000000000000000e-01
0.000000000000000000e+00 -5.000000000000000000e-01 -5.000000000000000000e-01
-5.000000000000000000e-01 -5.000000000000000000e-01 -5.000000000000000000e-01
-5.000000000000000000e-01 -5.000000000000000000e-01 -5.000000000000000000e-01
-5.000000000000000000e-01 -5.000000000000000000e-01 0.000000000000000000e+00
-7.500000000000000000e-01 -7.500000000000000000e-01 -5.000000000000000000e-01
-5.000000000000000000e-01 -5.000000000000000000e-01 0.000000000000000000e+00
-7.500000000000000000e-01 -5.000000000000000000e-01 -5.000000000000000000e-01
-5.000000000000000000e-01 -5.000000000000000000e-01 0.000000000000000000e+00
0.000000000000000000e+00 0.000000000000000000e+00 0.000000000000000000e+00
0.000000000000000000e+00 0.000000000000000000e+00 0.000000000000000000e+00
0.000000000000000000e+00 0.000000000000000000e+00 0.000000000000000000e+00
0.000000000000000000e+00 0.000000000000000000e+00 0.000000000000000000e+00
0.000000000000000000e+00 0.000000000000000000e+00 0.000000000000000000e+00
-5.000000000000000000e-01 -7.500000000000000000e-01 0.000000000000000000e+00
-7.500000000000000000e-01 -5.000000000000000000e-01 -5.000000000000000000e-01
-5.000000000000000000e-01 0.000000000000000000e+00 0.000000000000000000e+00
-5.000000000000000000e-01 0.000000000000000000e+00 -5.000000000000000000e-01
-5.000000000000000000e-01 0.000000000000000000e+00 0.000000000000000000e+00
0.000000000000000000e+00 0.000000000000000000e+00 0.000000000000000000e+00
-7.500000000000000000e-01 -5.000000000000000000e-01 -5.000000000000000000e-01
-5.000000000000000000e-01 -5.000000000000000000e-01 -5.000000000000000000e-01
-7.500000000000000000e-01 -5.000000000000000000e-01 0.000000000000000000e+00
0.000000000000000000e+00 0.000000000000000000e+00 -5.000000000000000000e-01
0.000000000000000000e+00 0.000000000000000000e+00 -5.000000000000000000e-01
-5.000000000000000000e-01 0.000000000000000000e+00 0.000000000000000000e+00
-5.000000000000000000e-01 -5.000000000000000000e-01 0.000000000000000000e+00
-5.000000000000000000e-01 -5.000000000000000000e-01 0.000000000000000000e+00
-5.000000000000000000e-01 -5.000000000000000000e-01 -5.000000000000000000e-01
-7.500000000000000000e-01 -5.000000000000000000e-01 0.000000000000000000e+00
-5.000000000000000000e-01 -5.000000000000000000e-01 -5.000000000000000000e-01
0.000000000000000000e+00 0.000000000000000000e+00 0.000000000000000000e+00
0.000000000000000000e+00 0.000000000000000000e+00 0.000000000000000000e+00
0.000000000000000000e+00 0.000000000000000000e+00 0.000000000000000000e+00
0.000000000000000000e+00 0.000000000000000000e+00 0.000000000000000000e+00
0.000000000000000000e+00 0.000000000000000000e+00 0.000000000000000000e+00
0.000000000000000000e+00 0.000000000000000000e+00 0.000000000000000000e+00
0.000000000000000000e+00 0.000000000000000000e+00 0.000000000000000000e+00
0.000000000000000000e+00 0.000000000000000000e+00 0.000000000000000000e+00
0.000000000000000000e+00 0.000000000000000000e+00 0.000000000000000000e+00
0.000000000000000000e+00 0.000000000000000000e+00 0.000000000000000000e+00
0.000000000000000000e+00 0.000000000000000000e+00 0.000000000000000000e+00
0.000000000000000000e+00 0.000000000000000000e+00 0.000000000000000000e+00
0.000000000000000000e+00 0.000000000000000000e+00 0.000000000000000000e+00
0.000000000000000000e+00 0.000000000000000000e+00 0.000000000000000000e+00
0.000000000000000000e+00 0.000000000000000000e+00 0.000000000000000000e+00
0.000000000000000000e+00 0.000000000000000000e+00 0.000000000000000000e+00
0.000000000000000000e+00 0.000000000000000000e+00 0.000000000000000000e+00
0.000000000000000000e+00 0.000000000000000000e+00 0.000000000000000000e+00
0.000000000000000000e+00 0.000000000000000000e+00 0.000000000000000000e+00
0.000000000000000000e+00 0.000000000000000000e+00 0.000000000000000000e+00
0.000000000000000000e+00 0.000000000000000000e+00 0.000000000000000000e+00
