0.000000000000000000e+00 0.000000000000000000e+00 0.000000000000000000e+00
-1.422941572405882837e+01 0.000000000000000000e+00 0.000000000000000000e+00
-1.458658413678990406e+01 -1.488366644025443719e+01 0.000000000000000000e+00
-1.773670486624485676e+01 0.000000000000000000e+00 0.000000000000000000e+00
-1.948331236474470529e+01 -1.946082686378777993e+01 -1.858482173648401670e+01
-1.957116997563146654e+01 -1.883424237299653115e+01 -1.969397201753912441e+01
-1.889474601718571378e+01 -1.906975926562600421e+01 -1.908061056529518140e+01
-1.923095974326658109e+01 -1.944976457752501275e+01 -1.908912399047280672e+01
-1.953638493648986341e+01 -1.954048548042180755e+01 -1.868350701196887798e+01
-1.951110174597215874e+01 -1.950582832459081573e+01 -1.911296657734462201e+01
-1.908951505620025202e+01 -1.913062753670896399e+01 -1.921047478425418120e+01
-1.923926014519821948e+01 -1.924698139525227703e+01 -1.922107686490978296e+01
-1.919000263827982877e+01 -1.901393208588791950e+01 -1.912890934218423666e+01
0.000000000000000000e+00 -1.052909660243846446e+01 -1.489458119316195805e+01
-1.471147447314210055e+01 0.000000000000000000e+00 0.000000000000000000e+00
-1.256752175483233103e+01 0.000000000000000000e+00 0.000000000000000000e+00
-1.475357621415036391e+01 -1.447571015170803221e+01 0.000000000000000000e+00
0.000000000000000000e+00 0.000000000000000000e+00 0.000000000000000000e+00
-1.852636393011157523e+01 -1.492240433565345725e+01 -1.459438447492370905e+01
0.000000000000000000e+00 0.000000000000000000e+00 0.000000000000000000e+00
0.000000000000000000e+00 0.000000000000000000e+00 0.000000000000000000e+00
-1.457571833478883860e+01 0.000000000000000000e+00 0.000000000000000000e+00
-8.145439564085686257e+00 -1.217302295988017136e+01 -1.467750904738843865e+01
-1.907086201231066269e+01 -1.899488739827041428e+01 -1.943813049663468107e+01
-1.955187273729200115e+01 -1.955377608740856132e+01 -1.898158632001886303e+01
-1.912876245707589362e+01 -1.956526552315680334e+01 -1.902348158595967220e+01
-1.895520424826514017e+01 -1.904016451380619657e+01 -1.955471996984911343e+01
-1.937912708072111201e+01 -1.915818533739552265e+01 -1.905072467380754375e+01
-1.900146633928438433e+01 -1.903196357049596088e+01 -1.902146423394068719e+01
-1.902389285571999267e+01 -1.903836752403955046e+01 -1.901117873359383026e+01
-1.900339108892292828e+01 -1.903703020217898967e+01 -1.903366770003729869e+01
-1.918840430929492413e+01 -1.907203125990732318e+01 -1.915637319305682240e+01
-1.924885921759592833e+01 -1.921982076678206752e+01 -1.925911537410045327e+01
-1.919997639372501652e+01 -1.918163510250867532e+01 -1.918186474799163932e+01
-1.849933666775148566e+01 -1.866603557973694194e+01 -1.845172172171285041e+01
-1.840828998016851870e+01 -1.471005273809975478e+01 0.000000000000000000e+00
-1.293650354539145120e+01 -1.466293253015587794e+01 -1.755282524736963978e+01
-1.859276223772336323e+01 -1.787176490901960335e+01 -1.817683240398328692e+01
-1.443861346783362976e+01 -1.769036278524689720e+01 -1.488053216362100883e+01
0.000000000000000000e+00 0.000000000000000000e+00 0.000000000000000000e+00
0.000000000000000000e+00 0.000000000000000000e+00 0.000000000000000000e+00
-1.825413643790637863e+01 0.000000000000000000e+00 0.000000000000000000e+00
-1.505396314902951893e+01 -1.441138066760822412e+01 -1.418182450749250023e+01
-1.951835096494990296e+01 -1.948860862779115877e+01 -1.937827502054396689e+01
-1.958467641336022780e+01 -1.903770273087359044e+01 -1.947763182608355947e+01
-1.906971272901289538e+01 -1.912607401591640510e+01 -1.907719873935045740e+01
-1.956788770055248960e+01 -1.917370771045930411e+01 -1.911687130212380481e+01
-1.950329804786196064e+01 -1.912417701654522517e+01 -1.908654123493787225e+01
-1.948992803588524225e+01 -1.894090094105271760e+01 -1.906723671093925176e+01
-1.914115959376441367e+01 -1.946398347023400888e+01 -1.837206662831890469e+01
-1.953008873177454774e+01 -1.953006162993795769e+01 -1.892229287787980496e+01
-1.912765495976282537e+01 -1.907178059921105984e+01 -1.903187192068833866e+01
-1.917910903809569589e+01 -1.937416382313015717e+01 -1.910267671285232538e+01
-1.917442812123421447e+01 -1.917751500157057265e+01 -1.915318343577086679e+01
-1.916577464088570792e+01 -1.915085324818234014e+01 -1.916746787805595886e+01
-1.828380302892481879e+01 -1.349572002952059435e+01 -1.748953695264863484e+01
-1.359549983121991446e+01 -1.428540451002182543e+01 0.000000000000000000e+00
-1.452652525273446038e+01 -1.846940578233311570e+01 -1.473193703568144741e+01
0.000000000000000000e+00 0.000000000000000000e+00 -1.438385204599339318e+01
0.000000000000000000e+00 0.000000000000000000e+00 0.000000000000000000e+00
0.000000000000000000e+00 0.000000000000000000e+00 0.000000000000000000e+00
-1.386557220817500102e+01 -1.387551459227947603e+01 -1.482206910298984681e+01
-1.965728480166266934e+01 -1.950047572140981345e+01 -1.939841972758851085e+01
-1.959241665470256777e+01 -1.958416451641485523e+01 -1.944811254530292288e+01
-1.907049986730005386e+01 -1.924611948163396846e+01 -1.915460489051606174e+01
-1.918581376155295715e+01 -1.932521327902897923e+01 -1.902532248194149389e+01
-1.905667260239064831e+01 -1.961305930157344335e+01 -1.958271427160042322e+01
-1.943360406957069131e+01 -1.960476594246045323e+01 -1.953584177937243638e+01
-1.960131287035146030e+01 -1.957220075788461244e+01 -1.958078017101367152e+01
-1.958536272528687050e+01 -1.962054750291730443e+01 -1.952224497460501951e+01
-1.957093721405607312e+01 -1.949988204269469705e+01 -1.955701367456089912e+01
-1.943216073303019797e+01 -1.948830229693788141e+01 -1.949410602306491569e+01
-1.949094134877890028e+01 -1.932723665904094901e+01 -1.941681819981319279e+01
-1.939193879739035253e+01 -1.914322094467908641e+01 -1.910383129289334647e+01
-1.916061692323981447e+01 -1.921575492828532461e+01 -1.913441775678363399e+01
-1.912302231748623527e+01 -1.912623323305824385e+01 -1.910842097785067750e+01
-1.380005131994037626e+01 -1.939685573402882568e+01 0.000000000000000000e+00
-1.193521364942806606e+01 -1.270139286544895896e+01 -1.423854937038800372e+01
-1.401146452898098893e+01 -1.397931049948562610e+01 -1.727776308084395396e+01
0.000000000000000000e+00 0.000000000000000000e+00 0.000000000000000000e+00
0.000000000000000000e+00 0.000000000000000000e+00 0.000000000000000000e+00
-1.463991639711305304e+01 -1.477318546621154560e+01 -1.355010011657403979e+01
-1.946601019225895257e+01 -1.947502518244256819e+01 -1.956931432303378671e+01
-1.938959779129714533e+01 -1.961897357041752343e+01 -1.930760998637376957e+01
-1.910677985945563506e+01 -1.925780995035221821e+01 -1.919719059193424826e+01
-1.936778904943547275e+01 -1.937513919901874004e+01 -1.937479621761855952e+01
-1.961780817955350997e+01 -1.958590202264856828e+01 -1.930598465142965736e+01
-1.965582520642519526e+01 -1.966623306266426141e+01 -1.960194665122316238e+01
-1.961715700387274097e+01 -1.960075821746001878e+01 -1.970429058308546644e+01
-1.957784344658311326e+01 -1.956929659333225047e+01 -1.958216816448608455e+01
-1.954727250292462060e+01 -1.953271813880470020e+01 -1.964898972087494045e+01
-1.947618117740778843e+01 -1.938291285018856058e+01 -1.939399973248210429e+01
-1.940491534094402226e+01 -1.959127649801220628e+01 -1.925755986019975552e+01
-1.959468055810722120e+01 -1.920076470969438276e+01 -1.932021547282110774e+01
-1.900383514141237384e+01 -1.916383449299092945e+01 -1.927553042338729483e+01
-1.909327177726556712e+01 -1.909902007662500978e+01 -1.912212864245258004e+01
-1.887389408244363054e+01 -1.897090409897489849e+01 -1.894914114195173482e+01
0.000000000000000000e+00 -1.389574411391093278e+01 -1.416868390091881125e+01
-1.284374999999999822e+00 -1.348373753891284998e+01 -1.486563588627035060e+01
0.000000000000000000e+00 0.000000000000000000e+00 0.000000000000000000e+00
0.000000000000000000e+00 0.000000000000000000e+00 0.000000000000000000e+00
0.000000000000000000e+00 0.000000000000000000e+00 0.000000000000000000e+00
-1.915403504510702604e+01 -1.946706071275826844e+01 -1.937447547903905942e+01
-1.963600408728897051e+01 -1.926164165193185696e+01 -1.963788602566105013e+01
-1.958714274889797835e+01 -1.917576995656061456e+01 -1.957633977217246013e+01
-1.935790621189949690e+01 -1.948314806620982864e+01 -1.965540198067600386e+01
-1.971585588046374227e+01 -1.970429175038235314e+01 -1.953145808266650718e+01
-1.960206242884401462e+01 -1.971317304215961030e+01 -1.971000323683031041e+01
-1.975104970725540454e+01 -1.975311993460123716e+01 -1.966762737772033987e+01
-1.980967915477497954e+01 -1.970817253568275618e+01 -1.978730650931630919e+01
-1.970556237991528548e+01 -1.982670504025956504e+01 -1.959758804475317717e+01
-1.974158213963917774e+01 -1.972905087408844693e+01 -1.949549791890109063e+01
-1.957706600600381819e+01 -1.955220923040496928e+01 -1.952569144162690407e+01
-1.970115693060258266e+01 -1.961734050311786248e+01 -1.931469176929993381e+01
-1.938021831557688657e+01 -1.931987355783845928e+01 -1.934823001067324455e+01
-1.911063455416296364e+01 -1.909335563175096340e+01 -1.908314149043164321e+01
-1.906094519266941134e+01 -1.907758381044217444e+01 -1.908281441353987162e+01
-1.728714445476906292e+01 -1.732727002186983611e+01 -1.767179947416467911e+01
0.000000000000000000e+00 0.000000000000000000e+00 0.000000000000000000e+00
0.000000000000000000e+00 0.000000000000000000e+00 0.000000000000000000e+00
0.000000000000000000e+00 0.000000000000000000e+00 0.000000000000000000e+00
0.000000000000000000e+00 0.000000000000000000e+00 0.000000000000000000e+00
-1.923513609570376204e+01 -1.955802455659561900e+01 -1.945239513664039421e+01
-1.959427655608741858e+01 -1.964619258818643033e+01 -1.945946626889225683e+01
-1.928300245228907528e+01 -1.967288738481230581e+01 -1.983793201022753294e+01
-1.956666523098554578e+01 -1.941484853381728115e+01 -1.968735593848241550e+01
-1.971094223419404301e+01 -1.952230451388693666e+01 -1.970916458584899900e+01
-1.968308148540206659e+01 -1.974706795009840832e+01 -1.974852379192659058e+01
-1.974230820301778522e+01 -1.978718203953511079e+01 -1.978297041950489898e+01
-1.995297629343236423e+01 -1.994718086796419243e+01 -1.994754338137933658e+01
-1.995716958184298306e+01 -1.991138373093979652e+01 -1.985376512658091031e+01
-1.987531343686784524e+01 -1.987756823262832739e+01 -1.949311630054002009e+01
-1.981399472293998443e+01 -1.962132864395940857e+01 -1.974745536214307506e+01
-1.941810475616695797e+01 -1.959418064934662596e+01 -1.929175365656748653e+01
-1.942341910259326099e+01 -1.940611186677373823e+01 -1.938709513888393587e+01
-1.928576936734510738e+01 -1.876111277639015285e+01 -1.916822644123039510e+01
-1.906643517197858628e+01 -1.908247302275231760e+01 -1.908105493641492956e+01
-1.876737052181538701e+01 -1.873885196418516585e+01 -1.902673377678061684e+01
-1.291209042610053714e+01 0.000000000000000000e+00 0.000000000000000000e+00
0.000000000000000000e+00 0.000000000000000000e+00 0.000000000000000000e+00
0.000000000000000000e+00 0.000000000000000000e+00 0.000000000000000000e+00
-1.855783259228488902e+01 -1.487476517652369168e+01 -1.850162755933985181e+01
-1.943666451837858489e+01 -1.936977448659179046e+01 -1.944906661593860520e+01
-1.941221336280490561e+01 -1.964670106564403795e+01 -1.937864025181372440e+01
-1.967386442718121842e+01 -1.956219816982256532e+01 -1.964213203600916557e+01
-1.969462208586077168e+01 -1.955291234395821220e+01 -1.970135656501604871e+01
-1.971364104724336386e+01 -1.971287378481849473e+01 -1.972127094164329719e+01
-1.973346553363974110e+01 -1.973559854550104831e+01 -1.974089973164326040e+01
-1.974379766361538557e+01 -1.977482038223838501e+01 -1.978880947901311771e+01
-1.978073725995171372e+01 -1.995422920407042611e+01 -1.995472419099375827e+01
-1.993417405122053765e+01 -1.997607695333835309e+01 -1.997613486500153002e+01
-1.987852087920147426e+01 -1.987774643683131259e+01 -1.981572096299809260e+01
-1.985694950336440101e+01 -1.985380411680306523e+01 -1.966643205467537925e+01
-1.970556829961725498e+01 -1.965222932587785820e+01 -1.963364894404579886e+01
-1.940968789451455478e+01 -1.941639583341063258e+01 -1.945204633681533579e+01
-1.921986891097466454e+01 -1.904633658383624706e+01 -1.908134160648961952e+01
-1.910445880107569394e+01 -1.907802123668588834e+01 -1.906245438310800111e+01
-1.898433858820084197e+01 -1.867444283157942664e+01 -1.844188385681432507e+01
-1.694166297313170944e+01 -1.827451232227768685e+01 0.000000000000000000e+00
0.000000000000000000e+00 0.000000000000000000e+00 0.000000000000000000e+00
0.000000000000000000e+00 0.000000000000000000e+00 0.000000000000000000e+00
-1.447032484349616865e+01 -1.486892453150200666e+01 0.000000000000000000e+00
-1.935055303411079564e+01 -1.920779100706521447e+01 -1.929281421600858692e+01
-1.931497087185394079e+01 -1.963578401712499044e+01 -1.961922946729257333e+01
-1.940809451447405110e+01 -1.964084124991466496e+01 -1.964298666155693951e+01
-1.969552700721492400e+01 -1.970758400259999021e+01 -1.971055888312375615e+01
-1.971990731447473877e+01 -1.973466691384179228e+01 -1.973995299422271898e+01
-1.972156983518109996e+01 -1.972318834974014123e+01 -1.974037647930656547e+01
-1.972246823063538201e+01 -1.976324797300709690e+01 -1.976933956459578212e+01
-1.978639808381507592e+01 -1.978166659168410746e+01 -1.978653538331058570e+01
-1.977520096817676887e+01 -1.980943647493879212e+01 -1.983971624332635741e+01
-1.977827233976648102e+01 -1.982486679852165423e+01 -1.986255919524293034e+01
-1.974305067711558337e+01 -1.984621925930258257e+01 -1.984618042717423947e+01
-1.967760243831827793e+01 -1.978440624354507449e+01 -1.968030686375239569e+01
-1.953449491826719964e+01 -1.956510646203157577e+01 -1.947234833970633616e+01
-1.910217181058260394e+01 -1.925975070095912756e+01 -1.921004048818727483e+01
-1.907673365808833665e+01 -1.910203161825680596e+01 -1.910609350638049264e+01
-1.886582480699184572e+01 -1.872931324165079658e+01 -1.829358919420884177e+01
-1.250339141529122067e+01 -8.815642910234407381e+00 -1.414820827060962216e+01
0.000000000000000000e+00 0.000000000000000000e+00 0.000000000000000000e+00
0.000000000000000000e+00 0.000000000000000000e+00 0.000000000000000000e+00
-1.817609075325702506e+01 -1.352194073358110238e+01 0.000000000000000000e+00
-1.806182262565548058e+01 -1.915234738574142170e+01 -1.850790149129016982e+01
-1.962284368805416790e+01 -1.963492430037688763e+01 -1.942340493435834148e+01
-1.958403129696502987e+01 -1.963719667836292970e+01 -1.966451782700098505e+01
-1.967039742397368229e+01 -1.970346467678035296e+01 -1.970242465296101742e+01
-1.970792589910037407e+01 -1.973122649415930852e+01 -1.973010910919303385e+01
-1.974104890985953631e+01 -1.973498027510342112e+01 -1.973710673591765286e+01
-1.981626435242714734e+01 -1.974451097483569129e+01 -1.981674115294931582e+01
-1.979634157039514974e+01 -1.976018302337379851e+01 -1.979744999722525023e+01
-1.977267759970253991e+01 -1.982811623618835739e+01 -1.982639795329381371e+01
-1.981263125791252833e+01 -1.983617551238328147e+01 -1.983431281841097871e+01
-1.977644612621286058e+01 -1.980261521601639885e+01 -1.974041484325794826e+01
-1.973807304357930548e+01 -1.971388828168995744e+01 -1.972322304797074466e+01
-1.967742362012199919e+01 -1.968731506978207690e+01 -1.960818349818919160e+01
-1.910050309753925291e+01 -1.913530771497507033e+01 -1.913405715935943974e+01
-1.909104576314330615e+01 -1.909934347856012948e+01 -1.909845491488158586e+01
-1.914271366176096834e+01 -1.903894413955724474e+01 -1.829914802680960406e+01
-1.786644505213265077e+01 -1.837930331233853565e+01 -1.465718586306189763e+01
0.000000000000000000e+00 0.000000000000000000e+00 0.000000000000000000e+00
0.000000000000000000e+00 0.000000000000000000e+00 0.000000000000000000e+00
-1.393794867484814759e+01 -1.397356060752141715e+01 -1.452289145863007747e+01
-1.476870809417872543e+01 -1.487192269905013475e+01 0.000000000000000000e+00
-1.953237827153281003e+01 -1.959529992815900101e+01 -1.953831258022067630e+01
-1.963756037091407336e+01 -1.956379181567347558e+01 -1.965231989640928134e+01
-1.969188994984719443e+01 -1.962257091405643195e+01 -1.968255653576630237e+01
-1.971041592431513578e+01 -1.972171374505919061e+01 -1.971915255542497647e+01
-1.967622181104860601e+01 -1.974620152772092041e+01 -1.973918334857793155e+01
-1.974786756420516909e+01 -1.976433115355384018e+01 -1.976454693520870620e+01
-1.974068764045416557e+01 -1.974308118964522407e+01 -1.974458602185455192e+01
-1.973737176416616634e+01 -1.974019827874753119e+01 -1.984534566318469828e+01
-1.974840382990352694e+01 -1.973966415677388397e+01 -1.975147878053296679e+01
-1.974091704653941548e+01 -1.975851039714864399e+01 -1.975446846803908585e+01
-1.975278354701374184e+01 -1.973124111888958510e+01 -1.973572181840819439e+01
-1.962508683489548744e+01 -1.927840464857240121e+01 -1.934870303414871628e+01
-1.922982029068693066e+01 -1.918458102305645241e+01 -1.915516047317695936e+01
-1.911023343569014088e+01 -1.914482495615860813e+01 -1.911549936826335383e+01
-1.582484233997074341e+01 -1.852422779113641127e+01 -1.843304345524811794e+01
-1.389753847736054659e+01 -1.475071447066904717e+01 -1.864460900447363301e+01
0.000000000000000000e+00 0.000000000000000000e+00 0.000000000000000000e+00
0.000000000000000000e+00 0.000000000000000000e+00 0.000000000000000000e+00
-1.446461738234338767e+01 -1.449813409724555058e+01 0.000000000000000000e+00
-1.828198253368175585e+01 -1.622518943350073428e+01 -1.857581599828232299e+01
-1.847352416366072703e+01 -1.897916556372704378e+01 -1.884386670376370887e+01
-1.961543670586661392e+01 -1.951140087798266620e+01 -1.959226724808224418e+01
-1.962181737278579519e+01 -1.966559875286197112e+01 -1.967412186293550036e+01
-1.960792526403649916e+01 -1.965662824576613232e+01 -1.965248527670534173e+01
-1.971707524351788265e+01 -1.964415282396363338e+01 -1.970063422995453450e+01
-1.971890661938564904e+01 -1.971518959863545817e+01 -1.974417865574676867e+01
-1.976385092923959164e+01 -1.972801993150948974e+01 -1.975705305472912698e+01
-1.975723402674399054e+01 -1.975690407578208152e+01 -1.975562028543576787e+01
-1.975934849440618279e+01 -1.976048211833534651e+01 -1.975835534292290774e+01
-1.972961144956534696e+01 -1.974040428686281246e+01 -1.975103991403993575e+01
-1.970329389664309971e+01 -1.969600004103856961e+01 -1.936127508981594758e+01
-1.944265296103935370e+01 -1.925298995064041918e+01 -1.928861384295835890e+01
-1.918129702535707182e+01 -1.920209876918513459e+01 -1.916852829979778150e+01
-1.894770965520617523e+01 -1.843235019293602406e+01 -1.868309057469220136e+01
-1.840866421832429012e+01 -1.755837829609347978e+01 -1.790375547663588662e+01
-1.386621168507352309e+01 -1.416239321761906211e+01 -1.492112126417648632e+01
0.000000000000000000e+00 0.000000000000000000e+00 0.000000000000000000e+00
0.000000000000000000e+00 0.000000000000000000e+00 0.000000000000000000e+00
-1.426831523862196249e+01 -1.268691879380903131e+01 -1.452098184626271404e+01
-1.389753847736054659e+01 -1.778508746896437387e+01 -1.443884904931489643e+01
-1.919364656514252943e+01 -1.866296729795594445e+01 -1.722209781361947734e+01
-1.958790664949926708e+01 -1.942733071558402713e+01 -1.950252831506205453e+01
-1.958538339842613141e+01 -1.960161395922882477e+01 -1.958369360258773639e+01
-1.963306619354989024e+01 -1.968089582636689983e+01 -1.965007535129952032e+01
-1.966050419737612032e+01 -1.960178259785398325e+01 -1.965789749904140393e+01
-1.964694436832864355e+01 -1.965415873495943444e+01 -1.962576115647970454e+01
-1.961960252086713297e+01 -1.969809099165896882e+01 -1.969421766962988585e+01
-1.969237860862043732e+01 -1.969398247331518448e+01 -1.969957543479697648e+01
-1.969467626074811406e+01 -1.965124237942881180e+01 -1.970041307031362265e+01
-1.910606679843089495e+01 -1.969898547860675819e+01 -1.970330476942737619e+01
-1.965613767314986760e+01 -1.952975596017607529e+01 -1.959979519506591217e+01
-1.949356922660681235e+01 -1.939038425445884428e+01 -1.939819673221376206e+01
-1.922567080611408841e+01 -1.908292384053417479e+01 -1.905707491148451993e+01
-1.913199546167923160e+01 -1.848689414877316040e+01 -1.795826470657583940e+01
-1.607957234880564812e+01 -1.814420256905428630e+01 -1.468566350509082241e+01
-1.458229889337046714e+01 -1.847818000020807716e+01 0.000000000000000000e+00
0.000000000000000000e+00 0.000000000000000000e+00 0.000000000000000000e+00
0.000000000000000000e+00 0.000000000000000000e+00 0.000000000000000000e+00
-1.864939120021325891e+01 -1.617546589363603360e+01 0.000000000000000000e+00
-1.086558091904293555e+01 -1.364319237170513510e+01 -1.485484786915311517e+01
-1.377094602377027854e+01 -1.489216606485405059e+01 0.000000000000000000e+00
-1.384534302122633065e+01 -1.485248299163172447e+01 0.000000000000000000e+00
-1.954790358348864387e+01 -1.948225509211124518e+01 -1.948286762566242203e+01
-1.962831801044490376e+01 -1.959863998773337102e+01 -1.958008423365335915e+01
-1.955603666088787662e+01 -1.969240534459536462e+01 -1.969338983971517365e+01
-1.962946258335236038e+01 -1.966949361216897429e+01 -1.965794398378367447e+01
-1.965557478583663453e+01 -1.963927847114484848e+01 -1.966143951014639413e+01
-1.965489128269431873e+01 -1.965424790414839151e+01 -1.965934245748426079e+01
-1.966061883572477598e+01 -1.965781130842430358e+01 -1.965671114728981905e+01
-1.964217454475279112e+01 -1.964771738249076805e+01 -1.962562832703300586e+01
-1.960032895078530402e+01 -1.955663999053271951e+01 -1.957986020017008499e+01
-1.919631375942244134e+01 -1.742180088660003179e+01 -1.908395769070514092e+01
-1.834024522676704194e+01 -1.864677218542318471e+01 -1.848973917420738644e+01
-1.765509449924965679e+01 -1.445363163904433179e+01 -1.728918032524270387e+01
-1.945532302422342852e+01 -1.484369141274758164e+01 0.000000000000000000e+00
0.000000000000000000e+00 0.000000000000000000e+00 -1.469800029139532782e+01
0.000000000000000000e+00 0.000000000000000000e+00 0.000000000000000000e+00
0.000000000000000000e+00 0.000000000000000000e+00 0.000000000000000000e+00
0.000000000000000000e+00 0.000000000000000000e+00 0.000000000000000000e+00
-1.405763616031419616e+01 -1.459257216609061913e+01 -1.485902512014284937e+01
-1.311827899710711520e+01 -1.679753126622117421e+01 -1.339725038227708964e+01
0.000000000000000000e+00 0.000000000000000000e+00 -1.466496443730649624e+01
0.000000000000000000e+00 0.000000000000000000e+00 0.000000000000000000e+00
-1.955135920909735603e+01 -1.945433668904414759e+01 -1.954233206852861215e+01
-1.945561659699770729e+01 -1.957933790139181696e+01 -1.957123110949158828e+01
-1.967936666814107838e+01 -1.967567656073075355e+01 -1.967559274120132784e+01
-1.967730062294055671e+01 -1.966292774491215312e+01 -1.967422604960359678e+01
-1.967114720017149665e+01 -1.969032199556231433e+01 -1.969632352080257220e+01
-1.970497504439648750e+01 -1.968483565661320256e+01 -1.970267359017631748e+01
-1.963047785732188899e+01 -1.967305670351217373e+01 -1.968911068982247770e+01
-1.924394946770229353e+01 -1.937447679289219593e+01 -1.761153454143222774e+01
-1.870033577936987257e+01 -1.854517568419629114e+01 -1.830322159296117945e+01
-1.658032863800239198e+01 -1.698646510441126267e+01 -1.721794872433410717e+01
-1.461456659031383154e+01 -1.420635798056821741e+01 -1.483966414750899787e+01
-1.350010886459347326e+01 -1.488510470356511739e+01 0.000000000000000000e+00
-1.588883913070747056e+01 -1.316755959512916263e+01 -1.717845762383826269e+01
0.000000000000000000e+00 0.000000000000000000e+00 0.000000000000000000e+00
0.000000000000000000e+00 0.000000000000000000e+00 0.000000000000000000e+00
-1.398256989737577882e+01 0.000000000000000000e+00 0.000000000000000000e+00
-1.770056721136526789e+01 -1.853215372391018434e+01 -1.716821680863136024e+01
-1.777429098720545397e+01 -1.406839031105746329e+01 -1.463659245608519299e+01
-1.417832136566786261e+01 -1.490951909875766646e+01 -1.179196700862051017e+01
-1.864591016673390911e+01 0.000000000000000000e+00 0.000000000000000000e+00
-1.345964635469738013e+01 -1.422760846589196149e+01 -1.429882593834491900e+01
-1.949717121763298167e+01 -1.949538748415891121e+01 -1.951908124216393148e+01
-1.947775077553468748e+01 -1.953043642433650717e+01 -1.951362813468253066e+01
-1.962133199402371275e+01 -1.951981093134634193e+01 -1.963080237110283477e+01
-1.961713057756311684e+01 -1.963983858758047774e+01 -1.964342884302354975e+01
-1.922837649898561807e+01 -1.963696102902712326e+01 -1.963943336737057166e+01
-1.946129380631808914e+01 -1.941190823307108815e+01 -1.904388481150664347e+01
-1.762748536973395375e+01 -1.914681561464658088e+01 -1.652133073876287739e+01
-1.865712413472181908e+01 -1.668516201929923426e+01 -1.703452452965500896e+01
-1.726420486831886691e+01 -1.365768612584778907e+01 -1.312065858505735783e+01
-1.441223786453107003e+01 0.000000000000000000e+00 0.000000000000000000e+00
-1.357973846435158549e+01 -1.475728974066203136e+01 -9.654745342112747153e+00
-1.462528939402463202e+01 -1.792814602034780336e+01 0.000000000000000000e+00
0.000000000000000000e+00 -1.395065555729160423e+01 0.000000000000000000e+00
0.000000000000000000e+00 0.000000000000000000e+00 0.000000000000000000e+00
-1.452388005563756224e+01 -1.456768580082626130e+01 -1.013352016619006513e+01
-1.443842944463472833e+01 -1.477797872074103758e+01 0.000000000000000000e+00
-1.778666691660914623e+01 -1.902429590322575592e+01 -1.906051753376418745e+01
0.000000000000000000e+00 -1.459714441748598901e+01 0.000000000000000000e+00
-1.447728537243733982e+01 0.000000000000000000e+00 0.000000000000000000e+00
-1.721909258079233496e+01 -1.835227907184775376e+01 -1.470140950913999234e+01
-1.322901526006581818e+01 0.000000000000000000e+00 0.000000000000000000e+00
-1.951110736330051765e+01 -1.953739554584080551e+01 -1.951666527431278197e+01
-1.952110945817202037e+01 -1.952270042796627791e+01 -1.958725643707221309e+01
-1.950750277260805987e+01 -1.957666829693748767e+01 -1.956425467557606979e+01
-1.923686122167480050e+01 -1.927447416868397312e+01 -1.927073631393747633e+01
-1.866642532478667249e+01 -1.809860389256428803e+01 -1.786989122629037752e+01
-1.757100715769764321e+01 -1.668747983260468359e+01 -1.646866711044078002e+01
-1.360587412119460460e+01 -1.472250520031913013e+01 -1.471874999999999822e+00
-1.692581731218509589e+01 -1.077596372855231621e+01 0.000000000000000000e+00
0.000000000000000000e+00 -1.278291403170270613e+01 -1.488792725974738218e+01
-1.488600672897048227e+01 0.000000000000000000e+00 0.000000000000000000e+00
-1.463020909700427730e+01 0.000000000000000000e+00 0.000000000000000000e+00
0.000000000000000000e+00 0.000000000000000000e+00 0.000000000000000000e+00
0.000000000000000000e+00 0.000000000000000000e+00 0.000000000000000000e+00
-1.803168291337091134e+01 0.000000000000000000e+00 0.000000000000000000e+00
-1.386832336863503379e+01 -1.378640428346269076e+01 -1.459115586886236748e+01
-1.845512522126087163e+01 -1.461297479474273686e+01 -1.828403074054242694e+01
-1.618451369758282965e+01 -1.475267789988793687e+01 -1.689478159513647171e+01
-1.424983666445394448e+01 -1.483524450059528554e+01 -1.485522389425609902e+01
-1.311872728918283215e+01 -9.809922164169780245e+00 0.000000000000000000e+00
-1.477073542707656628e+01 0.000000000000000000e+00 0.000000000000000000e+00
-1.821845890168297899e+01 -1.902761385806559247e+01 0.000000000000000000e+00
-1.948709257020162866e+01 -1.942292981411858577e+01 -1.952247181077458649e+01
-1.941101535398283318e+01 -1.947003161099945601e+01 -1.961176421674546333e+01
-1.933180196588116573e+01 -1.922422422945511045e+01 -1.920645535233142454e+01
-1.899551499792908515e+01 -1.794244957342062818e+01 -1.795677335983426559e+01
-1.773061833885721938e+01 -1.881689213734912869e+01 -1.608000238530375725e+01
-1.165249156099336147e+01 -1.463861469635993728e+01 -1.487960719599988657e+01
-1.405319290262845300e+01 -1.494642283272079197e+01 0.000000000000000000e+00
0.000000000000000000e+00 0.000000000000000000e+00 -1.485196435063680553e+01
-1.775382829961459308e+01 -1.391604873878161186e+01 -1.225989084183785671e+01
-1.022707405390622881e+01 -1.401072714808321251e+01 0.000000000000000000e+00
0.000000000000000000e+00 0.000000000000000000e+00 0.000000000000000000e+00
0.000000000000000000e+00 0.000000000000000000e+00 0.000000000000000000e+00
-1.364417351310651583e+01 -1.379539404200458641e+01 0.000000000000000000e+00
-1.476107429836963192e+01 -1.053546526139528439e+01 -1.492301687365408647e+01
-8.773996738434384213e+00 -1.458659464508260228e+01 0.000000000000000000e+00
0.000000000000000000e+00 -1.401597858005399821e+01 -1.366746016022874954e+01
-1.488109108925975832e+01 0.000000000000000000e+00 -5.901835747123691078e+00
-1.853715609783560581e+01 -1.494338120866541075e+01 0.000000000000000000e+00
0.000000000000000000e+00 0.000000000000000000e+00 0.000000000000000000e+00
0.000000000000000000e+00 0.000000000000000000e+00 0.000000000000000000e+00
0.000000000000000000e+00 0.000000000000000000e+00 -1.395425675154101697e+01
0.000000000000000000e+00 0.000000000000000000e+00 0.000000000000000000e+00
-1.455884931485602607e+01 0.000000000000000000e+00 0.000000000000000000e+00
0.000000000000000000e+00 -1.055710327024528361e+01 0.000000000000000000e+00
-1.483043241403863277e+01 0.000000000000000000e+00 -1.458684172456931449e+01
-1.817045225218545568e+01 -1.303463915641963133e+01 0.000000000000000000e+00
0.000000000000000000e+00 0.000000000000000000e+00 0.000000000000000000e+00
-1.486338694060289356e+01 -1.489686905672613015e+01 0.000000000000000000e+00
-1.838850145565166017e+01 -1.826324553467424039e+01 -1.641582943707906139e+01
0.000000000000000000e+00 0.000000000000000000e+00 -1.223868516158266573e+01
0.000000000000000000e+00 0.000000000000000000e+00 -1.356499339344996358e+01
0.000000000000000000e+00 0.000000000000000000e+00 0.000000000000000000e+00
0.000000000000000000e+00 0.000000000000000000e+00 0.000000000000000000e+00
0.000000000000000000e+00 0.000000000000000000e+00 0.000000000000000000e+00
0.000000000000000000e+00 0.000000000000000000e+00 0.000000000000000000e+00
0.000000000000000000e+00 0.000000000000000000e+00 0.000000000000000000e+00
0.000000000000000000e+00 0.000000000000000000e+00 0.000000000000000000e+00
0.000000000000000000e+00 0.000000000000000000e+00 0.000000000000000000e+00
0.000000000000000000e+00 0.000000000000000000e+00 0.000000000000000000e+00
0.000000000000000000e+00 0.000000000000000000e+00 0.000000000000000000e+00
0.000000000000000000e+00 0.000000000000000000e+00 0.000000000000000000e+00
0.000000000000000000e+00 0.000000000000000000e+00 0.000000000000000000e+00
0.000000000000000000e+00 0.000000000000000000e+00 0.000000000000000000e+00
0.000000000000000000e+00 0.000000000000000000e+00 0.000000000000000000e+00
0.000000000000000000e+00 0.000000000000000000e+00 0.000000000000000000e+00
0.000000000000000000e+00 0.000000000000000000e+00 0.000000000000000000e+00
0.000000000000000000e+00 0.000000000000000000e+00 0.000000000000000000e+00
0.000000000000000000e+00 0.000000000000000000e+00 0.000000000000000000e+00
0.000000000000000000e+00 0.000000000000000000e+00 0.000000000000000000e+00
0.000000000000000000e+00 0.000000000000000000e+00 0.000000000000000000e+00
0.000000000000000000e+00 0.000000000000000000e+00 0.000000000000000000e+00
