0.000000000000000000e+00 0.000000000000000000e+00 0.000000000000000000e+00
0.000000000000000000e+00 -2.238855636553067907e-01 0.000000000000000000e+00
-1.757960883416389841e-01 0.000000000000000000e+00 -1.789047046966739107e-01
-4.969799194595229674e-01 -1.465310374146745476e-01 -1.582491290829705355e-01
-7.085306233002141241e+00 -7.132887348493483159e+00 -7.117454005269920003e+00
-1.179333150690708898e+01 -1.174760821950250644e+01 -1.176065382550011762e+01
-1.165420542637857260e+01 -1.171201505394495790e+01 -1.171514152983826840e+01
-1.044743074736841848e+01 -1.050217590775993770e+01 -1.052185191904839456e+01
-1.009885209455512012e+01 -1.017418308719164344e+01 -1.009631587103113226e+01
-1.126714079845341843e+01 -1.122802771469971717e+01 -1.124648091700704278e+01
-1.731840287074482632e+01 -1.731766319406546017e+01 -1.729278128266260595e+01
-1.576086770098457279e+01 -1.591629965372194633e+01 -1.558273508742757585e+01
-1.146415063816061419e+01 -1.143768238572779872e+01 -1.144804073811393685e+01
-3.980323226054320873e-01 0.000000000000000000e+00 0.000000000000000000e+00
-1.442172602376310120e-01 -4.133363695257503689e-01 -2.306030382523925615e-01
0.000000000000000000e+00 0.000000000000000000e+00 0.000000000000000000e+00
-3.065333318526776707e-01 -1.451810675314380294e-01 0.000000000000000000e+00
0.000000000000000000e+00 -2.943341796916929543e-01 0.000000000000000000e+00
0.000000000000000000e+00 0.000000000000000000e+00 0.000000000000000000e+00
0.000000000000000000e+00 0.000000000000000000e+00 0.000000000000000000e+00
0.000000000000000000e+00 0.000000000000000000e+00 0.000000000000000000e+00
-1.749436089798334648e-01 -2.896528026377472864e-01 0.000000000000000000e+00
-7.785927782523889285e-01 -2.436152281983055834e-01 -2.918132598500713382e-01
-1.497088371607164792e+00 -1.392424364950844984e+00 -1.434218284853006731e+00
-6.737001526932315798e+00 -6.731279092497824301e+00 -6.748764335931744185e+00
-9.474111619254859562e+00 -9.409972968238847102e+00 -9.426770334261977524e+00
-9.932714486575827451e+00 -9.932409708369458912e+00 -1.007670930717310398e+01
-1.041802608541233610e+01 -1.042834451233024851e+01 -1.041598713538212806e+01
-1.148532057849853416e+01 -1.149509778732277177e+01 -1.148522296755279193e+01
-1.252270526623785862e+01 -1.251968650573734898e+01 -1.254081391052725714e+01
-1.338781217844789317e+01 -1.338222832683127272e+01 -1.339948391873938149e+01
-1.422955515678920158e+01 -1.417883251139297762e+01 -1.418966034117203634e+01
-1.581701676716054550e+01 -1.579789998225629866e+01 -1.580801652943531721e+01
-1.448212035024556066e+01 -1.448624941622443352e+01 -1.448417988417899771e+01
-4.420878177466305292e-01 -2.077812916143621513e-01 -2.613332071999852069e-01
-2.326948331998582309e-01 -2.452708415378973827e-01 0.000000000000000000e+00
-1.791553479025763951e-01 0.000000000000000000e+00 -2.194642115524997883e-01
-7.518396051472293617e-01 -1.510996347838000353e-01 -4.232342311080722341e-01
-2.546749834098792076e-01 -3.258558612955030909e-01 -3.742464800630276311e-01
-2.205925993952840281e-01 0.000000000000000000e+00 0.000000000000000000e+00
0.000000000000000000e+00 0.000000000000000000e+00 0.000000000000000000e+00
-1.743926573623360010e-01 -2.088585746776226715e-01 0.000000000000000000e+00
-2.949380110592722884e-02 -7.723539208173806070e-02 -1.964603061676191767e-02
-3.642159374613550327e+00 -3.682650162819615769e+00 -3.704055104321412273e+00
-7.195024855861797519e+00 -7.172265119892688112e+00 -7.179311352247516709e+00
-9.232436887403922654e+00 -9.237616375982479866e+00 -9.234256599054702974e+00
-1.080147117974396664e+01 -1.084141450670472473e+01 -1.080379811871392448e+01
-1.217179966826625304e+01 -1.217304465668963509e+01 -1.217258109515696241e+01
-1.337132038145953850e+01 -1.339045561443165866e+01 -1.338210513337837249e+01
-1.412257693254492885e+01 -1.412614628221702517e+01 -1.413060026907034583e+01
-1.431538134716702615e+01 -1.430265445976588268e+01 -1.430916607550787489e+01
-1.421192603782002273e+01 -1.418836621054250635e+01 -1.419035656186473027e+01
-1.388042781124472924e+01 -1.388526335143435020e+01 -1.387510949190486720e+01
-1.421287950250089871e+01 -1.421130178136212585e+01 -1.420931368230306369e+01
-1.360426555877590715e+01 -1.360620315137600222e+01 -1.359480543908345673e+01
-1.713570978708157111e-01 -1.778686670855517959e-01 -2.345892660711496880e-01
0.000000000000000000e+00 0.000000000000000000e+00 0.000000000000000000e+00
-1.821888505435893812e-01 -1.517155683838370406e-01 0.000000000000000000e+00
-2.324939585578449930e-01 -2.198614061441216405e-01 0.000000000000000000e+00
0.000000000000000000e+00 0.000000000000000000e+00 0.000000000000000000e+00
0.000000000000000000e+00 0.000000000000000000e+00 0.000000000000000000e+00
0.000000000000000000e+00 0.000000000000000000e+00 0.000000000000000000e+00
-1.266306488212277204e+00 -1.233159522620888682e+00 -1.272922648910988608e+00
-5.344957423547191944e+00 -5.358194605898503937e+00 -5.364662276549625020e+00
-7.905472196536069696e+00 -7.906853941293266352e+00 -7.919726964802739744e+00
-1.051872588861249014e+01 -1.052457200565640250e+01 -1.050372430419990089e+01
-1.252234237973123498e+01 -1.255139281158651521e+01 -1.254883944553540687e+01
-1.427406427286460477e+01 -1.427742455690892065e+01 -1.429337176700252598e+01
-1.531489048056386792e+01 -1.530941809816428290e+01 -1.532478024782897563e+01
-1.591654570679285463e+01 -1.591540274515967468e+01 -1.592857657224776879e+01
-1.605643255082319598e+01 -1.602705362048735083e+01 -1.602836196324376061e+01
-1.566391985650669305e+01 -1.567136872982940687e+01 -1.565570255470831995e+01
-1.478180030839570591e+01 -1.476825577182570193e+01 -1.477875223928235293e+01
-1.378297395237627931e+01 -1.377100979709720185e+01 -1.377020921580309576e+01
-1.320895338661812168e+01 -1.320435976375739529e+01 -1.320036281840007319e+01
-1.232356267290985841e+01 -1.231986753525863598e+01 -1.231772539049414483e+01
-2.372883497138804643e-01 -3.366099137477417402e-01 -1.886617414910778390e-01
0.000000000000000000e+00 -3.030620080880747635e-01 0.000000000000000000e+00
-4.485306834071736137e-01 -2.645029898187713502e-01 -2.200868023820314878e-01
-3.006292145146756134e-01 0.000000000000000000e+00 0.000000000000000000e+00
0.000000000000000000e+00 0.000000000000000000e+00 0.000000000000000000e+00
-1.596352096969444467e-01 -3.063351568318485874e-01 -1.391914407893348749e-01
-2.604910297119622964e+00 -2.686140359364555863e+00 -2.678382649423334261e+00
-6.232557570100473399e+00 -6.229742574018446888e+00 -6.261442452437228745e+00
-9.202280458772506222e+00 -9.216966231340910198e+00 -9.235184431563267182e+00
-1.200769397926869964e+01 -1.202177362427974039e+01 -1.201222737290464693e+01
-1.439202657511111205e+01 -1.441454770034503952e+01 -1.439293884605400642e+01
-1.628789882771540931e+01 -1.630764676373882338e+01 -1.630385996104734048e+01
-1.788885064157630467e+01 -1.789079127635315558e+01 -1.790189478266318091e+01
-1.873129341528986913e+01 -1.873194358216071365e+01 -1.873111073968507156e+01
-1.871938925371125961e+01 -1.871322834205910013e+01 -1.871959318835855512e+01
-1.784948220252083573e+01 -1.785157089275074682e+01 -1.784190047748341357e+01
-1.657275538335240128e+01 -1.658855087615897617e+01 -1.657311062885102260e+01
-1.482664834173301749e+01 -1.484036395908592887e+01 -1.483733989673320863e+01
-1.333103164807566010e+01 -1.331009570263940134e+01 -1.332299008107780125e+01
-1.210906629489971742e+01 -1.208952036137077712e+01 -1.208195373825365060e+01
-7.693351628092385930e+00 -7.696267763339615264e+00 -7.710518443560589574e+00
-2.073977714323691768e-01 -4.292024333340210135e-02 -3.060668281884272868e-01
-5.730767542382411150e-01 -2.283318661544420924e-01 -3.323213363418491273e-01
0.000000000000000000e+00 0.000000000000000000e+00 0.000000000000000000e+00
0.000000000000000000e+00 0.000000000000000000e+00 0.000000000000000000e+00
-3.872597962839357533e-01 -2.384110933142093991e-01 -2.412812378039927985e-01
-3.441570670631321160e+00 -3.476880244787724283e+00 -3.451070010628360940e+00
-7.196068432394646663e+00 -7.205246586910271311e+00 -7.201481175625735531e+00
-1.001517428640658380e+01 -1.004362278567301026e+01 -1.003729141335287345e+01
-1.320236029849451143e+01 -1.319164923870178718e+01 -1.320776712693869115e+01
-1.577903805647954627e+01 -1.579126236272371209e+01 -1.580104191521528989e+01
-1.839594197040048940e+01 -1.839825601876785655e+01 -1.837957125333125319e+01
-2.077119414116407725e+01 -2.076482875995940702e+01 -2.078774686181215614e+01
-2.139692651941077628e+01 -2.140540534684710394e+01 -2.139730975539986346e+01
-2.131866421737995765e+01 -2.131003634548869385e+01 -2.133807564112902000e+01
-2.049207879579919833e+01 -2.050171639743189189e+01 -2.049855743575293232e+01
-1.862145062000821838e+01 -1.861878481583765677e+01 -1.860060049454099484e+01
-1.641049909095309545e+01 -1.638877284489760555e+01 -1.639946640544369671e+01
-1.421078004953810314e+01 -1.422443322249015196e+01 -1.422202391863240578e+01
-1.238163999042136076e+01 -1.236716190827658224e+01 -1.236685764943526067e+01
-1.172916736351553091e+01 -1.173134254065439208e+01 -1.171904158827750919e+01
-1.489724693118896770e-01 -4.121281482380599881e-01 -3.167505259633413006e-01
-1.550132828423081144e-01 -6.083941962848444795e-01 -2.545941939103946172e-01
0.000000000000000000e+00 0.000000000000000000e+00 0.000000000000000000e+00
0.000000000000000000e+00 0.000000000000000000e+00 0.000000000000000000e+00
-5.020932590392224171e-01 -4.212157226489593453e-01 -3.515038056728695404e-01
-3.692173096715619884e+00 -3.692163268680577648e+00 -3.687490857091475061e+00
-7.562988518154034168e+00 -7.336620432991826313e+00 -7.343773657184148540e+00
-1.057389950090670183e+01 -1.057449066146897643e+01 -1.060518613289499079e+01
-1.375160414911228735e+01 -1.377974103404682360e+01 -1.376284333404015570e+01
-1.655762428590243118e+01 -1.656572210956582580e+01 -1.659906936024937352e+01
-1.952195826250477850e+01 -1.953116534999699283e+01 -1.955394843910130120e+01
-2.330763483336022190e+01 -2.340513809737820949e+01 -2.332840966158249074e+01
-2.879751467618844529e+01 -2.882477171202945243e+01 -2.880307467666087007e+01
-2.858925332749846859e+01 -2.859055362659356092e+01 -2.853545199107919927e+01
-2.296039147202669994e+01 -2.293558289485261525e+01 -2.294137031455741749e+01
-2.023341287353060025e+01 -2.023622011584832947e+01 -2.018423325345235853e+01
-1.766452017688101606e+01 -1.765956062433842533e+01 -1.767332738776826417e+01
-1.493554268016231390e+01 -1.491076165440630596e+01 -1.488195168056330253e+01
-1.265111693752742461e+01 -1.265044544776178626e+01 -1.266258803895345331e+01
-1.110526045858534516e+01 -1.105794724768187720e+01 -1.047960546853718533e+01
-1.081696792760005410e+00 -1.261879932702794083e+00 -1.114834354526794247e+00
-1.582518021698805233e-01 -5.142864940055030809e-01 0.000000000000000000e+00
0.000000000000000000e+00 0.000000000000000000e+00 0.000000000000000000e+00
0.000000000000000000e+00 0.000000000000000000e+00 0.000000000000000000e+00
-1.016223287056996355e-02 -3.272503887133046963e-01 0.000000000000000000e+00
-3.298183689143995068e+00 -3.301214209025342239e+00 -3.306163748390600787e+00
-6.987003139706798649e+00 -7.107055317019040253e+00 -7.098880128683566326e+00
-1.052078924328628773e+01 -1.052012528672202407e+01 -1.052598194183547342e+01
-1.349886787693197832e+01 -1.350181650147045609e+01 -1.350419997593364663e+01
-1.630540386034282818e+01 -1.632721665028142155e+01 -1.636086427071245097e+01
-1.920591701579263244e+01 -1.927406601674028153e+01 -1.933969697834134394e+01
-2.313349930357042084e+01 -2.312227182132487258e+01 -2.317425914705578549e+01
-2.847701837580566320e+01 -2.855086738161721271e+01 -2.866540794892572919e+01
-3.160130578010776148e+01 -3.247613906108276893e+01 -3.245338212961239321e+01
-2.473796578817722391e+01 -2.471698329947328077e+01 -2.474448805943697494e+01
-2.096938908772466803e+01 -2.093278635691136813e+01 -2.091126868007167161e+01
-1.828279108755540605e+01 -1.828218753577927203e+01 -1.828135564818523662e+01
-1.541415897729812023e+01 -1.529004408537347359e+01 -1.528909584661685450e+01
-1.307972351616816553e+01 -1.306118904238378420e+01 -1.306232896794193898e+01
-1.095859390933043187e+01 -1.095691081959324720e+01 -9.956392766435330444e+00
-3.647145567403475841e+00 -3.549870596485353413e+00 -3.486921767534783889e+00
-2.710454499730908240e-01 0.000000000000000000e+00 0.000000000000000000e+00
0.000000000000000000e+00 0.000000000000000000e+00 0.000000000000000000e+00
0.000000000000000000e+00 0.000000000000000000e+00 0.000000000000000000e+00
0.000000000000000000e+00 0.000000000000000000e+00 0.000000000000000000e+00
-2.097651152998289081e+00 -2.094078600307981652e+00 -2.139517811054219010e+00
-6.037539115039606052e+00 -6.311663987940840492e+00 -6.366085110419306581e+00
-9.565207452049660830e+00 -9.575872886080080804e+00 -9.579949724590884230e+00
-1.273399396786012261e+01 -1.270687342677882725e+01 -1.271892507484440848e+01
-1.558748387789892753e+01 -1.559892565249133867e+01 -1.558202327286771371e+01
-1.801666981136602530e+01 -1.803830307727906757e+01 -1.804158549346876583e+01
-2.072769062460570311e+01 -2.069713235432415743e+01 -2.073140935885993485e+01
-2.395286613642021933e+01 -2.396198731454031261e+01 -2.395286727919563674e+01
-2.392775900744859641e+01 -2.393759999645951098e+01 -2.392019496957915337e+01
-2.254473164697181176e+01 -2.251952727341722138e+01 -2.251368715093287776e+01
-2.042573723646542305e+01 -2.036332066789800166e+01 -2.040424195268566265e+01
-1.786801953979596291e+01 -1.787755390838583480e+01 -1.786411729700955675e+01
-1.511577055085348853e+01 -1.511847038450442149e+01 -1.510108918944077239e+01
-1.289059507141614880e+01 -1.287182143207609997e+01 -1.287468585230537066e+01
-1.095857652420618322e+01 -1.095260908706110392e+01 -1.081731182224688403e+01
-4.403308988036058302e+00 -4.355365302247077075e+00 -4.346876041640471477e+00
0.000000000000000000e+00 0.000000000000000000e+00 0.000000000000000000e+00
0.000000000000000000e+00 0.000000000000000000e+00 0.000000000000000000e+00
0.000000000000000000e+00 0.000000000000000000e+00 0.000000000000000000e+00
-1.185981548628179949e-01 -2.925412645073898199e-01 0.000000000000000000e+00
-4.430819543995536125e-01 -4.543280795988473009e-01 -4.349625036713007931e-01
-5.611116249415010415e+00 -5.882801940871533297e+00 -5.707093798917853178e+00
-8.254809902707163971e+00 -8.282075231109059743e+00 -8.271012568531629583e+00
-1.168899706567303554e+01 -1.175103069567261826e+01 -1.169023071121364588e+01
-1.407819268828701809e+01 -1.406873734595859204e+01 -1.409065292576870476e+01
-1.654053546300784205e+01 -1.656386408157960588e+01 -1.656118349236985665e+01
-1.833225539933163617e+01 -1.834728983230980148e+01 -1.834975422948255286e+01
-1.974405352075929088e+01 -1.977124997187526745e+01 -1.977155377221370713e+01
-1.992828549392388027e+01 -1.997970778776260659e+01 -1.992799588037889436e+01
-1.945183559640898352e+01 -1.945438303814992764e+01 -1.946989998515086384e+01
-1.833408268756070214e+01 -1.830804805592618223e+01 -1.832110256287764116e+01
-1.652524213059166769e+01 -1.651364461399514738e+01 -1.651394717568967252e+01
-1.445443150567553836e+01 -1.444470677048608032e+01 -1.443593232391000925e+01
-1.205240017645835593e+01 -1.203171390968043930e+01 -1.202589130908034853e+01
-1.023784755085931941e+01 -1.023468127826336094e+01 -1.022980977716128770e+01
-4.232986327975282848e+00 -4.234539858781600330e+00 -4.216475435704559516e+00
-8.996499298597240846e-02 -3.539818188020373846e-01 -2.012697969525253650e-01
0.000000000000000000e+00 0.000000000000000000e+00 0.000000000000000000e+00
0.000000000000000000e+00 0.000000000000000000e+00 0.000000000000000000e+00
-3.282426809570155313e-01 0.000000000000000000e+00 0.000000000000000000e+00
-1.866116744458249377e-01 -2.273317698900001460e-01 -4.410841329439755820e-01
-4.392861026160679749e+00 -4.378027172999093608e+00 -4.379144545582469128e+00
-6.924329915212680930e+00 -7.037594907669880939e+00 -7.055862404805886001e+00
-9.891901342390315932e+00 -9.889023390205879949e+00 -9.854263737060428241e+00
-1.247569906892562130e+01 -1.244526627270290575e+01 -1.245524208007467237e+01
-1.449189016073498593e+01 -1.447557702470679075e+01 -1.448100285657117681e+01
-1.605728260901851812e+01 -1.606388640364650300e+01 -1.604382658782868631e+01
-1.719769412280477994e+01 -1.720211693708900924e+01 -1.723210871960408497e+01
-1.769249151901505002e+01 -1.769370591609776611e+01 -1.768943931194559127e+01
-1.736090527329752575e+01 -1.733179952122475953e+01 -1.733081506446772480e+01
-1.629484482871688655e+01 -1.629465764962886354e+01 -1.628299566168166379e+01
-1.476651756050589093e+01 -1.475698711780355765e+01 -1.477927222973389298e+01
-1.300788650097266164e+01 -1.301562479622871749e+01 -1.301004075079854694e+01
-1.098355686663909125e+01 -1.098980831826537141e+01 -1.097344371944826591e+01
-8.832662511276458517e+00 -8.907903906921998072e+00 -8.842855406020154518e+00
-1.311862030326209627e+00 -1.262638945884041020e+00 -1.320295637724921978e+00
-2.920904290501661338e-01 0.000000000000000000e+00 0.000000000000000000e+00
0.000000000000000000e+00 0.000000000000000000e+00 0.000000000000000000e+00
0.000000000000000000e+00 0.000000000000000000e+00 0.000000000000000000e+00
-1.497511409809517413e-01 -1.723441006424371591e-01 0.000000000000000000e+00
-3.571846769539893662e-01 -2.470493072045736038e-01 -3.501305034284001305e-01
-4.258810916571655891e-01 -5.805213337462247214e-01 -4.326240094720043006e-01
-6.173141113978235950e+00 -6.157876333121221180e+00 -6.171927717858803675e+00
-8.216377420598417913e+00 -8.444017933881159621e+00 -8.221244594140381778e+00
-1.082619743746313468e+01 -1.084056150023145371e+01 -1.090331157147154428e+01
-1.260536640788256335e+01 -1.262228057190890596e+01 -1.262326779472992477e+01
-1.395584509865781975e+01 -1.391527080945663819e+01 -1.392351763866390257e+01
-1.481770444403535514e+01 -1.480916119969262823e+01 -1.481194663066491479e+01
-1.504505169631439010e+01 -1.505437023647856876e+01 -1.504049877485639897e+01
-1.485201585561640236e+01 -1.484907904164739989e+01 -1.485848681938818672e+01
-1.424208309724768640e+01 -1.425308197288661916e+01 -1.422998800346739579e+01
-1.305968279166781976e+01 -1.307786852764431984e+01 -1.305950471016227432e+01
-1.134939019283134520e+01 -1.135575055469379180e+01 -1.133462151841249721e+01
-9.740176711128881948e+00 -9.751359307144612742e+00 -9.743807214167985009e+00
-6.398313255620032614e+00 -6.394379060655483116e+00 -6.293274405433078478e+00
-2.783344293720654283e-01 -1.633025310819930520e-01 -1.935007921114901552e-01
-2.511598504884270389e-01 0.000000000000000000e+00 0.000000000000000000e+00
0.000000000000000000e+00 0.000000000000000000e+00 0.000000000000000000e+00
0.000000000000000000e+00 0.000000000000000000e+00 0.000000000000000000e+00
-9.622759738883554514e-02 0.000000000000000000e+00 0.000000000000000000e+00
-2.660112968535716660e-01 -3.278961848943647839e-01 0.000000000000000000e+00
-4.463696154387531423e-01 -3.677033421650397482e-01 -1.922700461951091788e-01
-2.162076328278698778e+00 -2.121990236600367563e+00 -2.127428856693840853e+00
-6.663505919237271868e+00 -6.654528777657359839e+00 -6.678175725966243981e+00
-8.711195657138878445e+00 -8.710682248618176970e+00 -8.761339559071267047e+00
-1.081731543732736434e+01 -1.081368140061609751e+01 -1.082734398778796248e+01
-1.214627376643618462e+01 -1.214534721503967418e+01 -1.215036379557917812e+01
-1.278839399189441473e+01 -1.278590742773500288e+01 -1.278791869197534403e+01
-1.299263088528187460e+01 -1.299009854013974241e+01 -1.299345992677995554e+01
-1.279948379428441996e+01 -1.279560146333772330e+01 -1.279122431410356597e+01
-1.232626941491495742e+01 -1.232980785886682007e+01 -1.233791800577250086e+01
-1.130121869415185287e+01 -1.129696634807404898e+01 -1.127583357820529031e+01
-9.867628938441553643e+00 -9.866436627760103661e+00 -9.889908237625833820e+00
-7.768846572322266830e+00 -7.712584209724504092e+00 -7.588827641331358898e+00
-2.022506556083899287e+00 -2.102397986015438480e+00 -1.979252081434383026e+00
-2.752012950099193000e-01 -2.232843684179531274e-01 -2.442443882422986046e-01
0.000000000000000000e+00 -9.411457538297332559e-02 0.000000000000000000e+00
0.000000000000000000e+00 0.000000000000000000e+00 0.000000000000000000e+00
0.000000000000000000e+00 0.000000000000000000e+00 0.000000000000000000e+00
0.000000000000000000e+00 0.000000000000000000e+00 -2.432494165715906875e-01
-3.250992872190426874e-01 0.000000000000000000e+00 -2.332138732640336165e-01
-2.101919672097871672e-01 0.000000000000000000e+00 0.000000000000000000e+00
-4.276040540924027078e-01 -1.652812239365529789e-01 -3.527784649985504228e-01
-3.831761673247538802e+00 -3.823089080750901037e+00 -3.855804940596616159e+00
-6.751220591162061524e+00 -6.912945985568942575e+00 -6.907978094565820903e+00
-8.909797461723089285e+00 -8.878361840136564709e+00 -8.888056429200720032e+00
-1.015889365595755578e+01 -1.017841136824933734e+01 -1.016783542859204381e+01
-1.115447454234824498e+01 -1.133017857115921778e+01 -1.113764243713531954e+01
-1.143186558020303423e+01 -1.143631031689997002e+01 -1.143729698960640029e+01
-1.122770260034329048e+01 -1.122434074157693473e+01 -1.123088865997629249e+01
-1.086373195321892204e+01 -1.086672349566266860e+01 -1.085861389841697999e+01
-9.810908775654617386e+00 -9.827053310261387509e+00 -9.817667040865138972e+00
-8.115433534205271471e+00 -8.018688964415717990e+00 -8.064786061123392358e+00
-4.251771727164920911e+00 -4.254116907218215005e+00 -4.292948572236070071e+00
-2.410604377197558268e-01 -2.938644834776132919e-01 -2.562633318070083877e-01
-4.587582220937761468e-01 0.000000000000000000e+00 -7.077334760034546812e-02
-1.623909388506685203e-01 -3.315928477873472113e-01 0.000000000000000000e+00
-2.947816830813659861e-01 0.000000000000000000e+00 0.000000000000000000e+00
0.000000000000000000e+00 0.000000000000000000e+00 0.000000000000000000e+00
-1.543055039416224017e-01 0.000000000000000000e+00 0.000000000000000000e+00
-1.494398674909804547e-01 -3.908391498357981497e-01 -2.446713788110964072e-01
-1.314306443922035050e-01 -2.946277205588285764e-01 -2.455158089065657134e-01
-6.578816649541560091e-01 0.000000000000000000e+00 -1.337232963031265154e-01
-1.433441353127460349e-01 -2.714763402168717255e-01 0.000000000000000000e+00
-3.789787622074170859e+00 -3.702510739877291179e+00 -3.719771766624524467e+00
-7.074560687463367081e+00 -7.091070423254614674e+00 -7.128188398039204010e+00
-8.729921867995230400e+00 -8.714088301888553545e+00 -8.711260296213245269e+00
-9.770222606452726666e+00 -9.780518648016332861e+00 -9.779308535786954693e+00
-1.045613457890859443e+01 -1.045737834264509480e+01 -1.046158560936523862e+01
-1.037030469078820971e+01 -1.036525587514975832e+01 -1.055502957445030354e+01
-9.468189017882428615e+00 -9.629967918758140399e+00 -9.474258298781636611e+00
-7.893337227111005383e+00 -7.857995270388505205e+00 -7.884453222482535217e+00
-5.039324536278297018e+00 -5.023159961816346275e+00 -5.002446618860465044e+00
-6.052906842286366329e-01 -6.291344056774227367e-01 -6.179870341106714626e-01
-5.122275862465582863e-01 0.000000000000000000e+00 -3.110584232612911282e-01
-5.775330019389386393e-01 0.000000000000000000e+00 0.000000000000000000e+00
-1.832818545041146330e-01 0.000000000000000000e+00 0.000000000000000000e+00
0.000000000000000000e+00 -1.439697647343327058e-01 0.000000000000000000e+00
0.000000000000000000e+00 0.000000000000000000e+00 0.000000000000000000e+00
-2.440713788110963067e-01 0.000000000000000000e+00 0.000000000000000000e+00
-1.540523601931754749e-01 -1.577832673228506122e-01 -2.943352196360948247e-01
-4.812454065539504278e-01 -2.462334376549484838e-01 0.000000000000000000e+00
-9.409253271621102754e-02 -1.916123747777375985e-01 -3.907660572366032925e-01
-4.426729347631255251e-01 -4.409543630263224046e-01 -4.589959838336543640e-01
-2.709869393182069985e-01 -3.184415258669764937e-02 -2.198386322939319126e-01
-3.196974736379593729e+00 -3.240037740589948534e+00 -3.277377478411260814e+00
-6.853439159217606935e+00 -6.840786596998955638e+00 -6.893025523288778267e+00
-8.002025365532903223e+00 -7.997460032044702238e+00 -8.002826153708703316e+00
-8.648167500378432848e+00 -8.647927611957451077e+00 -8.664331937697635766e+00
-8.377535975315272054e+00 -8.368671485986206804e+00 -8.367752130903930663e+00
-7.264685851118761306e+00 -7.233685006789680294e+00 -7.252555929576380400e+00
-5.081628941391903354e+00 -5.016677495336256065e+00 -5.040439656337655450e+00
-1.593482989207768430e+00 -1.551313027644035225e+00 -1.556147105911540152e+00
-1.829433016299013559e-01 -4.087933945629318444e-01 -1.871077804597911232e-01
-1.119669254167995343e-01 -3.833256515784636553e-01 0.000000000000000000e+00
-2.339129971921440898e-01 -2.092267704852692478e-01 -1.337631765310466347e-01
-8.665075948594905264e-02 0.000000000000000000e+00 0.000000000000000000e+00
0.000000000000000000e+00 0.000000000000000000e+00 0.000000000000000000e+00
0.000000000000000000e+00 0.000000000000000000e+00 0.000000000000000000e+00
-2.853641163595469488e-01 -2.674197100165245922e-01 0.000000000000000000e+00
-4.419787774609043041e-01 -2.639132629823998100e-01 -3.063833038260062591e-01
-1.657168072201471998e-01 -3.751117131677771943e-01 -2.544443247003339570e-01
-2.350737844570180424e-01 -2.417100471657238348e-01 0.000000000000000000e+00
-9.534565903110461815e-02 0.000000000000000000e+00 -1.641868886412801154e-01
-2.111074667950091077e-01 -2.265311433464982649e-01 0.000000000000000000e+00
-5.385365213683009772e-02 -2.628841376117245221e-01 -2.945661018712869561e-01
-2.744206091968496075e+00 -2.809324345460663341e+00 -2.718626231798027870e+00
-5.523427482776429365e+00 -5.549663363409433003e+00 -5.541764863489739845e+00
-6.544917698393121874e+00 -6.567668404032184881e+00 -6.549890811037817784e+00
-6.014049994515515252e+00 -5.990053270548620468e+00 -5.984025994218929334e+00
-4.684597490147813126e+00 -4.663761034256663329e+00 -4.678730929652892279e+00
-2.610107731076543480e+00 -2.604229437032920647e+00 -2.614377291755389798e+00
-3.905459985734575645e-01 -3.767032321770782954e-01 -3.782664950844829566e-01
-1.180023305977193349e-01 0.000000000000000000e+00 0.000000000000000000e+00
-3.517690232212125068e-01 -1.835288533435421865e-01 -1.169929525758206662e-01
-7.856358541999126921e-02 -2.708783899565943565e-01 0.000000000000000000e+00
-4.222766681965430813e-01 -2.243410364686677372e-01 -3.064065452614886942e-01
0.000000000000000000e+00 0.000000000000000000e+00 0.000000000000000000e+00
0.000000000000000000e+00 0.000000000000000000e+00 0.000000000000000000e+00
0.000000000000000000e+00 -2.348070333955021849e-01 0.000000000000000000e+00
-2.543349681971313614e-01 -4.681356242174129489e-01 -2.938274398703917267e-01
-1.498021259220665702e-01 -2.419026521649968176e-01 -3.668626126695181400e-01
-3.061853298774818710e-01 -3.258684498298975996e-01 -2.473032423332080232e-01
-2.353484206077727514e-01 -2.055899135216708307e-01 -4.000540861405156301e-01
-3.252427584951593786e-01 0.000000000000000000e+00 0.000000000000000000e+00
-1.721786646433068058e-01 0.000000000000000000e+00 0.000000000000000000e+00
-3.422410165805208071e-01 -2.201156588608123021e-01 -4.856490377021089877e-01
-9.439673652790042668e-01 -9.138762519438287102e-01 -9.610378716860215054e-01
-2.986343489615939983e+00 -2.766769296448134963e+00 -2.720522888073571011e+00
-2.875521992086575107e+00 -2.875443623653945124e+00 -2.885309029970592576e+00
-2.352604589435337790e+00 -2.361316623525481440e+00 -2.360770920235998993e+00
-1.093205377620094509e+00 -1.098813740537674777e+00 -1.094844143583062701e+00
-3.295260515653782307e-01 -5.574031177611619148e-01 -2.786796968948906383e-01
0.000000000000000000e+00 0.000000000000000000e+00 0.000000000000000000e+00
-3.508851490634070647e-01 -2.108565417813856868e-01 -2.267206181117805142e-01
0.000000000000000000e+00 0.000000000000000000e+00 -5.387320599681735267e-01
0.000000000000000000e+00 0.000000000000000000e+00 0.000000000000000000e+00
0.000000000000000000e+00 0.000000000000000000e+00 0.000000000000000000e+00
0.000000000000000000e+00 0.000000000000000000e+00 0.000000000000000000e+00
0.000000000000000000e+00 0.000000000000000000e+00 0.000000000000000000e+00
-3.249195396429884197e-01 0.000000000000000000e+00 0.000000000000000000e+00
0.000000000000000000e+00 0.000000000000000000e+00 0.000000000000000000e+00
-3.278495701083202207e-01 0.000000000000000000e+00 0.000000000000000000e+00
-2.381495025926068099e-01 0.000000000000000000e+00 0.000000000000000000e+00
-1.108322630775965267e-01 -2.579036841587553641e-01 0.000000000000000000e+00
-2.373015915456296310e-01 -7.906348802052194646e-02 0.000000000000000000e+00
0.000000000000000000e+00 -2.381941366156172246e-01 0.000000000000000000e+00
-2.376643727381812787e-01 -2.344816333002324449e-01 -2.838510903860035905e-01
0.000000000000000000e+00 0.000000000000000000e+00 0.000000000000000000e+00
0.000000000000000000e+00 0.000000000000000000e+00 0.000000000000000000e+00
0.000000000000000000e+00 0.000000000000000000e+00 -2.837745430001019087e-01
0.000000000000000000e+00 -1.578474581811969701e-01 0.000000000000000000e+00
-4.381931955015598845e-01 0.000000000000000000e+00 0.000000000000000000e+00
-1.738376382997430525e-01 -2.541593649783587816e-01 0.000000000000000000e+00
-2.335914718822319769e-01 -2.251415094744343703e-01 0.000000000000000000e+00
-1.780957684543346964e-01 -1.087050704208224333e-01 -3.293668338942288276e-01
-1.820942757130160627e-01 -2.873607426145193822e-01 -1.471675064610357131e-01
0.000000000000000000e+00 0.000000000000000000e+00 0.000000000000000000e+00
0.000000000000000000e+00 0.000000000000000000e+00 0.000000000000000000e+00
0.000000000000000000e+00 0.000000000000000000e+00 0.000000000000000000e+00
0.000000000000000000e+00 0.000000000000000000e+00 0.000000000000000000e+00
0.000000000000000000e+00 0.000000000000000000e+00 0.000000000000000000e+00
0.000000000000000000e+00 0.000000000000000000e+00 0.000000000000000000e+00
0.000000000000000000e+00 0.000000000000000000e+00 0.000000000000000000e+00
0.000000000000000000e+00 0.000000000000000000e+00 0.000000000000000000e+00
0.000000000000000000e+00 0.000000000000000000e+00 0.000000000000000000e+00
0.000000000000000000e+00 0.000000000000000000e+00 0.000000000000000000e+00
0.000000000000000000e+00 0.000000000000000000e+00 0.000000000000000000e+00
0.000000000000000000e+00 0.000000000000000000e+00 0.000000000000000000e+00
0.000000000000000000e+00 0.000000000000000000e+00 0.000000000000000000e+00
0.000000000000000000e+00 0.000000000000000000e+00 0.000000000000000000e+00
0.000000000000000000e+00 0.000000000000000000e+00 0.000000000000000000e+00
0.000000000000000000e+00 0.000000000000000000e+00 0.000000000000000000e+00
0.000000000000000000e+00 0.000000000000000000e+00 0.000000000000000000e+00
0.000000000000000000e+00 0.000000000000000000e+00 0.000000000000000000e+00
0.000000000000000000e+00 0.000000000000000000e+00 0.000000000000000000e+00
0.000000000000000000e+00 0.000000000000000000e+00 0.000000000000000000e+00
0.000000000000000000e+00 0.000000000000000000e+00 0.000000000000000000e+00
