0.000000000000000000e+00 0.000000000000000000e+00 0.000000000000000000e+00
0.000000000000000000e+00 -9.861793374411833776e-03 0.000000000000000000e+00
-9.997206198166153426e-03 -9.999447385627097812e-03 0.000000000000000000e+00
0.000000000000000000e+00 0.000000000000000000e+00 0.000000000000000000e+00
-1.346067586203811284e-01 -1.314109908804474425e-01 -1.381884622041233690e-01
-8.833711739389082940e-01 -8.865400483193328629e-01 -8.889041566647581938e-01
-1.387063697284409924e+00 -1.384917663802686771e+00 -1.387016262283685908e+00
-1.498207704504922910e+00 -1.497173069053764349e+00 -1.499562763166323753e+00
-1.537779124315395762e+00 -1.537864351985577915e+00 -1.542129136501035003e+00
-1.625972487039044623e+00 -1.627479622038430440e+00 -1.627016339951116164e+00
-1.953980858211708638e+00 -1.954001180968540252e+00 -1.953832928085758480e+00
-1.880785656712957277e+00 -1.879072489199699048e+00 -1.867550749632148177e+00
-1.360157018045997424e+00 -1.359692269829627875e+00 -1.357638397489419946e+00
-9.999594023657621539e-03 -9.976558664860643924e-03 0.000000000000000000e+00
0.000000000000000000e+00 -1.967881231477509874e-02 -9.878018160095281344e-03
-9.977766649227785140e-03 -9.997876919315541386e-03 -1.994327831764471093e-02
-9.983518629392293744e-03 0.000000000000000000e+00 -9.328138122649771991e-03
-8.493339037264372934e-03 0.000000000000000000e+00 0.000000000000000000e+00
-9.999546640407089987e-03 0.000000000000000000e+00 0.000000000000000000e+00
0.000000000000000000e+00 0.000000000000000000e+00 0.000000000000000000e+00
0.000000000000000000e+00 0.000000000000000000e+00 0.000000000000000000e+00
0.000000000000000000e+00 0.000000000000000000e+00 0.000000000000000000e+00
-9.998808711369157678e-03 -9.999514164152088769e-03 0.000000000000000000e+00
-3.666639708104883766e-02 -3.712329956183923335e-02 -3.097301206917748087e-02
-6.629499078727862926e-01 -6.626400320061363036e-01 -6.637332404462560342e-01
-1.459369673478533969e+00 -1.460317044624070304e+00 -1.459320182669155530e+00
-1.701833745875094950e+00 -1.702048023598614401e+00 -1.701311515538687535e+00
-1.812436152093511055e+00 -1.812302760291081061e+00 -1.811901034578230485e+00
-1.875066341622807498e+00 -1.874944253625006496e+00 -1.875215561377702622e+00
-1.912102311226434148e+00 -1.911915152697673870e+00 -1.912120019667888471e+00
-1.923050932986193784e+00 -1.923188713206120948e+00 -1.923209770952840181e+00
-1.928238517596569057e+00 -1.927996412679188865e+00 -1.928068313636797759e+00
-1.961224679394203196e+00 -1.961193636627352355e+00 -1.961227353258412798e+00
-1.923325032144354907e+00 -1.923717175394072720e+00 -1.923445420130969419e+00
-2.876386583912524803e-02 -2.944459480811657814e-02 -2.853941729814830561e-02
-9.977764356824948139e-03 -1.994942687162343936e-02 0.000000000000000000e+00
-1.994263560511864986e-02 -9.999519931788951668e-03 -1.994868386933321483e-02
-9.999522302682292696e-03 -9.999949702888569561e-03 0.000000000000000000e+00
0.000000000000000000e+00 -9.942936620647286478e-03 0.000000000000000000e+00
0.000000000000000000e+00 0.000000000000000000e+00 0.000000000000000000e+00
0.000000000000000000e+00 0.000000000000000000e+00 0.000000000000000000e+00
0.000000000000000000e+00 -9.999450803037025770e-03 -1.975256368673415641e-02
-9.998999124964696311e-03 -1.992283505460937937e-02 -9.999342999555778030e-03
-2.857135056378565241e-01 -2.810443342097730945e-01 -2.872318541917551760e-01
-1.333919361447358787e+00 -1.332590463004957426e+00 -1.333481560575039193e+00
-1.714424526497536627e+00 -1.715152188339750028e+00 -1.714858279295174981e+00
-1.861543384350772268e+00 -1.861675188806499515e+00 -1.862005859052444867e+00
-1.932472762880693029e+00 -1.932853360443800961e+00 -1.932577055735590132e+00
-1.961498752920066480e+00 -1.961556507211758671e+00 -1.961585208099667854e+00
-1.971304737492832970e+00 -1.971198200277635593e+00 -1.971231947865966116e+00
-1.971378140039192539e+00 -1.971341671482738089e+00 -1.971374077843539796e+00
-1.963628626895773666e+00 -1.963624480263216565e+00 -1.963661079868332715e+00
-1.945593621333483236e+00 -1.945715755782226219e+00 -1.945660058482719279e+00
-1.939647484301532998e+00 -1.939590460045665266e+00 -1.939614763058668201e+00
-1.911528308201352999e+00 -1.911468179838790027e+00 -1.911370762428213244e+00
-9.999552846419209121e-03 -9.968911382848036698e-03 -1.985675399595853569e-02
0.000000000000000000e+00 0.000000000000000000e+00 0.000000000000000000e+00
0.000000000000000000e+00 0.000000000000000000e+00 0.000000000000000000e+00
-9.988288855944342862e-03 -1.973916357426207940e-02 -9.999502495673011707e-03
0.000000000000000000e+00 0.000000000000000000e+00 0.000000000000000000e+00
0.000000000000000000e+00 0.000000000000000000e+00 0.000000000000000000e+00
-5.209156651958775537e-03 0.000000000000000000e+00 0.000000000000000000e+00
-2.170179940430561061e-02 -2.708407807146833574e-02 -2.532643019034820295e-02
-9.484597299480886923e-01 -9.471356282472700450e-01 -9.500417047616279698e-01
-1.642858435432140052e+00 -1.643102856992228578e+00 -1.643621408276826346e+00
-1.852051708849383527e+00 -1.852424347655694969e+00 -1.852262932747407165e+00
-1.943291895762949029e+00 -1.943117343582719370e+00 -1.943369142048863241e+00
-1.973369554831880368e+00 -1.973520449358879825e+00 -1.973454953438965376e+00
-1.986293794238807697e+00 -1.986322978807905537e+00 -1.986343655828635590e+00
-1.991061488295701620e+00 -1.991064513124251256e+00 -1.991057041104498104e+00
-1.990218787629738806e+00 -1.990200148595719476e+00 -1.990190495629363676e+00
-1.985326548065563745e+00 -1.985307906422998370e+00 -1.985280570693930935e+00
-1.973143958116755803e+00 -1.973198303045825774e+00 -1.973160344749900208e+00
-1.951059671009189866e+00 -1.951228819269338777e+00 -1.951264720741853642e+00
-1.910159005680433619e+00 -1.910329516134407823e+00 -1.910157823342030659e+00
-1.813947744311075860e+00 -1.813976342204809189e+00 -1.814112477736129714e+00
0.000000000000000000e+00 0.000000000000000000e+00 0.000000000000000000e+00
-9.996964513045639503e-03 -9.858129128202971006e-03 -9.999848156539068583e-03
-9.959525425099391774e-03 -9.999612391666553093e-03 -9.998548619619927746e-03
0.000000000000000000e+00 0.000000000000000000e+00 0.000000000000000000e+00
0.000000000000000000e+00 0.000000000000000000e+00 0.000000000000000000e+00
-9.999727885815294301e-03 0.000000000000000000e+00 -1.994860036930774794e-02
-1.802367546274011856e-01 -1.863717274206412311e-01 -1.831095617188111258e-01
-1.387536769192737829e+00 -1.383552269118434541e+00 -1.383589155349260746e+00
-1.787219659832610441e+00 -1.786903050710863416e+00 -1.786929726390747764e+00
-1.924543037582118865e+00 -1.924655324809338985e+00 -1.924674711006896466e+00
-1.973157153093576976e+00 -1.973165757206837290e+00 -1.973105144648501286e+00
-1.990225097095741136e+00 -1.990237723919567214e+00 -1.990214020033774789e+00
-1.995564151429059629e+00 -1.995571503708671646e+00 -1.995573343846371861e+00
-1.997590557115084486e+00 -1.997591917410223683e+00 -1.997573309094331506e+00
-1.997182468640656960e+00 -1.997183757851551666e+00 -1.997193841575872764e+00
-1.995061252142975583e+00 -1.995063636145774977e+00 -1.995058715488315704e+00
-1.989981481009918562e+00 -1.989980598706217574e+00 -1.989976246053613673e+00
-1.974978106441924508e+00 -1.974930403110168209e+00 -1.974895827586246266e+00
-1.943669226570143183e+00 -1.943693078844752398e+00 -1.943573930511893533e+00
-1.872274127046140269e+00 -1.870465636337893089e+00 -1.841757743394466074e+00
-9.181230031681049120e-01 -9.186968265338073536e-01 -9.176206590183382250e-01
0.000000000000000000e+00 -1.976834393950873542e-02 -8.621194160117029437e-03
-1.994644664703971310e-02 -9.999518873031408225e-03 -9.998093681533927815e-03
-9.999489503141259852e-03 0.000000000000000000e+00 0.000000000000000000e+00
0.000000000000000000e+00 0.000000000000000000e+00 0.000000000000000000e+00
-9.999734625503107349e-03 0.000000000000000000e+00 -9.988221543616922563e-03
-4.658470257989025809e-01 -4.588084674970289711e-01 -4.571756189973986140e-01
-1.594691321078717250e+00 -1.594010906920423798e+00 -1.594356058468808346e+00
-1.855093137536584669e+00 -1.855530313976883283e+00 -1.855271764535409762e+00
-1.957605353405481141e+00 -1.957664666655157593e+00 -1.957616474861762601e+00
-1.986682024425763915e+00 -1.986753442866828312e+00 -1.986732394657417355e+00
-1.995766832617590358e+00 -1.995773050701481477e+00 -1.995754334756738135e+00
-1.998798988228526863e+00 -1.998798020791217045e+00 -1.998802453769276566e+00
-1.999554482844152048e+00 -1.999552923649916991e+00 -1.999553825422270892e+00
-1.999395798249812062e+00 -1.999394444189387166e+00 -1.999395151094808032e+00
-1.998646838719710050e+00 -1.998647992540256935e+00 -1.998644040604632188e+00
-1.996170148087961449e+00 -1.996176885704076032e+00 -1.996156127609889808e+00
-1.989203077800145714e+00 -1.989208292683262158e+00 -1.989214875798386295e+00
-1.965547112530448670e+00 -1.965478771635035704e+00 -1.965656119350351450e+00
-1.916685432321116433e+00 -1.916630969470145551e+00 -1.916610247683685930e+00
-1.885822521419124209e+00 -1.885861571048036867e+00 -1.885810943443459564e+00
0.000000000000000000e+00 -9.993936733939577655e-03 0.000000000000000000e+00
-9.958027226241067051e-03 -9.960647434537487147e-03 -9.999563409276487208e-03
0.000000000000000000e+00 0.000000000000000000e+00 0.000000000000000000e+00
0.000000000000000000e+00 0.000000000000000000e+00 0.000000000000000000e+00
0.000000000000000000e+00 0.000000000000000000e+00 0.000000000000000000e+00
-5.858313480596007983e-01 -5.848444764762708026e-01 -5.870159928663136739e-01
-1.655300546744399082e+00 -1.658027499372920710e+00 -1.659794414350807212e+00
-1.887428561545206218e+00 -1.887339929603821798e+00 -1.887376744508950877e+00
-1.969100729572900832e+00 -1.969142002056588625e+00 -1.969229704431323835e+00
-1.991675112477143461e+00 -1.991689131839292193e+00 -1.991716360626661020e+00
-1.997607124513136601e+00 -1.997607590423694290e+00 -1.997609240484786275e+00
-1.999587340157259696e+00 -1.999585760424279268e+00 -1.999587413683249437e+00
-1.999843528679286830e+00 -1.999843729427920325e+00 -1.999842871913331654e+00
-1.999897788986844116e+00 -1.999897800548809723e+00 -1.999897735499862383e+00
-1.999390957098945654e+00 -1.999390518452116572e+00 -1.999387703960050722e+00
-1.998363901768431372e+00 -1.998358931542723260e+00 -1.998346079143329845e+00
-1.994004314270366507e+00 -1.994015647194668395e+00 -1.993965091047513738e+00
-1.979817922614655279e+00 -1.979756246153024701e+00 -1.979793027100376079e+00
-1.937866603524949216e+00 -1.937918525973141515e+00 -1.937910608419185277e+00
-1.871005636784420334e+00 -1.863896470376206649e+00 -1.815650743772131426e+00
-1.136015214120377065e-01 -1.188095649750385008e-01 -1.195884451541654458e-01
-9.999447834741470240e-03 0.000000000000000000e+00 0.000000000000000000e+00
-9.959058095809093097e-03 0.000000000000000000e+00 0.000000000000000000e+00
0.000000000000000000e+00 0.000000000000000000e+00 0.000000000000000000e+00
-1.980734722283719954e-02 0.000000000000000000e+00 0.000000000000000000e+00
-4.686404180213625814e-01 -4.687574488790128280e-01 -4.697561272231030038e-01
-1.648595292014042979e+00 -1.662801242211374930e+00 -1.662801759594138673e+00
-1.879152531470420939e+00 -1.879034917385052461e+00 -1.879909828820118811e+00
-1.968382347187817460e+00 -1.968297830816474248e+00 -1.968367666738882527e+00
-1.991262434192771380e+00 -1.991251301382066519e+00 -1.991267028780973725e+00
-1.997303708306755521e+00 -1.997309504829909654e+00 -1.997315364716456987e+00
-1.999603902837950642e+00 -1.999604166490741131e+00 -1.999603339580610317e+00
-1.999893428361888548e+00 -1.999894683491765246e+00 -1.999896322639614699e+00
-1.999982992122121939e+00 -1.999983424739012472e+00 -1.999972846393140324e+00
-1.999793808324496602e+00 -1.999793348915799296e+00 -1.999793682756823232e+00
-1.999019690288847961e+00 -1.999019317098892801e+00 -1.999003687836606646e+00
-1.995810663744295832e+00 -1.995808549899736217e+00 -1.995811403188088029e+00
-1.984511328617279524e+00 -1.984574441260709365e+00 -1.984528961811049763e+00
-1.944670372934439229e+00 -1.944635326455527835e+00 -1.944707750277715474e+00
-1.858846615602579799e+00 -1.860178653887888833e+00 -1.800927949878008638e+00
-6.592210811368558465e-01 -6.561204168183908392e-01 -6.565933835096735560e-01
-9.999656579448746793e-03 -1.994860885253444543e-02 -9.998736432098691285e-03
0.000000000000000000e+00 0.000000000000000000e+00 0.000000000000000000e+00
0.000000000000000000e+00 0.000000000000000000e+00 0.000000000000000000e+00
-1.989966249228486764e-02 -9.995960807818178584e-03 -9.999536805633563175e-03
-1.827557346284048312e-01 -1.833812519231374227e-01 -1.789192063346277950e-01
-1.589943496363839248e+00 -1.603104157116279627e+00 -1.614475400173718489e+00
-1.840514954048420027e+00 -1.840791764639306383e+00 -1.840508323556972137e+00
-1.956479901417663037e+00 -1.956427806555775195e+00 -1.956745833041810156e+00
-1.986095432361787649e+00 -1.986047704383819168e+00 -1.986164981167820587e+00
-1.995273336282820775e+00 -1.995302607611413537e+00 -1.995301907611968240e+00
-1.998347061093747490e+00 -1.998335768243351351e+00 -1.998343341081622704e+00
-1.999656602684309226e+00 -1.999659428640783609e+00 -1.999658967080685912e+00
-1.999886798029647084e+00 -1.999887490651161448e+00 -1.999887175877384848e+00
-1.999527070044941679e+00 -1.999525024552579078e+00 -1.999525138286436521e+00
-1.998572381599491132e+00 -1.998571639994746185e+00 -1.998571357463288622e+00
-1.994808496930506436e+00 -1.994806904821041282e+00 -1.994816652772686716e+00
-1.981570941172748013e+00 -1.981523287879568773e+00 -1.981512994027217367e+00
-1.938508928862416436e+00 -1.938301303261477759e+00 -1.938390835885832386e+00
-1.873455048417306701e+00 -1.872924887150773321e+00 -1.869712602410778413e+00
-7.405879496762625136e-01 -7.363672429791567886e-01 -7.375571938615613776e-01
0.000000000000000000e+00 0.000000000000000000e+00 0.000000000000000000e+00
-9.999839383979660518e-03 -9.999715040615420047e-03 0.000000000000000000e+00
0.000000000000000000e+00 0.000000000000000000e+00 0.000000000000000000e+00
-9.995043858723143271e-03 0.000000000000000000e+00 0.000000000000000000e+00
-2.519738945894445248e-02 -2.566896387504769006e-02 -2.523084515662316063e-02
-1.376078429069925280e+00 -1.376613794435864957e+00 -1.373563344702490863e+00
-1.759650815349494524e+00 -1.759768405505089062e+00 -1.759319940026294216e+00
-1.920712455921856243e+00 -1.920708496361623885e+00 -1.920646432340842980e+00
-1.972359161989160725e+00 -1.972338743745976730e+00 -1.972367421977243573e+00
-1.990214867201596238e+00 -1.990217031679432758e+00 -1.990231731376606694e+00
-1.995866972595956801e+00 -1.995877120645052960e+00 -1.995872870553949685e+00
-1.998079725108236060e+00 -1.998081113479778681e+00 -1.998084706738102456e+00
-1.998780663329064122e+00 -1.998786160063558803e+00 -1.998784441529687372e+00
-1.998445684988222393e+00 -1.998426337406104203e+00 -1.998443840949293726e+00
-1.996402288571143435e+00 -1.996396102544537143e+00 -1.996381938724120619e+00
-1.989645551903562515e+00 -1.989634355780279806e+00 -1.989655942404843447e+00
-1.970220787036719212e+00 -1.970217752940139011e+00 -1.970223971311310551e+00
-1.913495189951421427e+00 -1.913169358985356006e+00 -1.913123802086080572e+00
-1.804532633706466882e+00 -1.804188553755196045e+00 -1.804084294081963913e+00
-3.553247064971966074e-01 -3.564347494180174492e-01 -3.593350741787670333e-01
0.000000000000000000e+00 0.000000000000000000e+00 0.000000000000000000e+00
-9.998065578457546176e-03 0.000000000000000000e+00 0.000000000000000000e+00
0.000000000000000000e+00 0.000000000000000000e+00 0.000000000000000000e+00
-9.495916207702221820e-03 -9.994729516108727743e-03 0.000000000000000000e+00
-9.995633857211834797e-03 -9.999392553326196670e-03 -1.989947867798835812e-02
-5.183263270207317808e-01 -5.208433222497961257e-01 -5.155598835182961803e-01
-1.626064287461224334e+00 -1.642733742499425054e+00 -1.634736480587442031e+00
-1.846066352859533577e+00 -1.846689611992072155e+00 -1.846319686192600784e+00
-1.943393872715660109e+00 -1.943450140119102665e+00 -1.943423182269654825e+00
-1.976207145384129893e+00 -1.976163222316388524e+00 -1.976202368891710082e+00
-1.988633606173884738e+00 -1.988646696921630763e+00 -1.988643156895352204e+00
-1.993799207152897379e+00 -1.993799046814304976e+00 -1.993801349811875179e+00
-1.995644417889395283e+00 -1.995637256690329986e+00 -1.995641970575634305e+00
-1.994695388438412653e+00 -1.994714211747707244e+00 -1.994693530116394609e+00
-1.989615621260609757e+00 -1.989606721872757777e+00 -1.989577461567211714e+00
-1.977085872582710513e+00 -1.977033978678342629e+00 -1.977036247894882193e+00
-1.944045984476723499e+00 -1.944194345098579024e+00 -1.943893483560831692e+00
-1.870739404002278228e+00 -1.870576671580912009e+00 -1.870698050332030293e+00
-1.590583446520847266e+00 -1.590832076086105884e+00 -1.589603871814607716e+00
-2.733782359143521051e-02 -2.585040583819101304e-02 -2.872563847944113735e-02
-9.982286120194128892e-03 0.000000000000000000e+00 0.000000000000000000e+00
0.000000000000000000e+00 0.000000000000000000e+00 0.000000000000000000e+00
0.000000000000000000e+00 0.000000000000000000e+00 0.000000000000000000e+00
0.000000000000000000e+00 0.000000000000000000e+00 0.000000000000000000e+00
0.000000000000000000e+00 -9.998535582510507946e-03 -9.830175942389347138e-03
-1.096695688366810389e-02 -1.589779727807685145e-02 -1.763710395201993977e-02
-1.237901147231226018e+00 -1.239110284712927834e+00 -1.238103021526427927e+00
-1.723664271577733054e+00 -1.724242676283060050e+00 -1.722114090079168491e+00
-1.875108848736150025e+00 -1.874305268570258365e+00 -1.874274094554555292e+00
-1.943901110188730019e+00 -1.944060413622304750e+00 -1.943946204365147201e+00
-1.971335787437369369e+00 -1.971406878538253915e+00 -1.971312347632607986e+00
-1.981572154716824352e+00 -1.981623878680838002e+00 -1.981558986711281278e+00
-1.984755934742469030e+00 -1.984752442864715860e+00 -1.984752835797063852e+00
-1.982555364145435650e+00 -1.982493424815021221e+00 -1.982471627293555416e+00
-1.973464816342779704e+00 -1.973495763045498341e+00 -1.973396438115510465e+00
-1.946296320312231432e+00 -1.946283684769382294e+00 -1.946112024399878626e+00
-1.889195645357254039e+00 -1.888923447035487424e+00 -1.889116425073237293e+00
-1.762477419942596546e+00 -1.764365462891774650e+00 -1.763612154562965717e+00
-8.339838806252154457e-01 -8.382975874193048238e-01 -8.326355607255740976e-01
-9.993957707121413001e-03 0.000000000000000000e+00 0.000000000000000000e+00
-1.992209855294163265e-02 -1.994562700754813275e-02 -1.994915594798430530e-02
0.000000000000000000e+00 0.000000000000000000e+00 0.000000000000000000e+00
0.000000000000000000e+00 0.000000000000000000e+00 0.000000000000000000e+00
-9.895205687932784322e-03 -9.999932174318859265e-03 0.000000000000000000e+00
-9.921309759498930445e-03 0.000000000000000000e+00 0.000000000000000000e+00
-1.965897875671623884e-02 -9.998718160737012431e-03 -9.998723426607824746e-03
-1.410290358952077938e-01 -1.394068726245217549e-01 -1.431831676945154452e-01
-1.481049925328824290e+00 -1.480663005633400475e+00 -1.480381261682452321e+00
-1.770162775775414143e+00 -1.770583719370163012e+00 -1.770668104933883047e+00
-1.871260167637942562e+00 -1.870930256945275927e+00 -1.870982066262058208e+00
-1.922241882267350821e+00 -1.922444997742003725e+00 -1.922131989943787644e+00
-1.946958423876850475e+00 -1.947024412219193756e+00 -1.947007430719363885e+00
-1.954219242002174228e+00 -1.954043156711835927e+00 -1.954061939804746295e+00
-1.948662996969493522e+00 -1.948614262691166665e+00 -1.948640067903697926e+00
-1.927139740778258226e+00 -1.926981672007038737e+00 -1.926931838236619177e+00
-1.887855039390846201e+00 -1.888008137393029751e+00 -1.887710731234180095e+00
-1.804997982515697430e+00 -1.805581038826166163e+00 -1.803944352056245037e+00
-1.390412362186551398e+00 -1.392276941143794744e+00 -1.388496596021765006e+00
-4.974674114133629393e-02 -5.407803128558337502e-02 -4.943122830190872785e-02
0.000000000000000000e+00 0.000000000000000000e+00 0.000000000000000000e+00
-9.993942383492684239e-03 -1.994647664949344978e-02 0.000000000000000000e+00
0.000000000000000000e+00 0.000000000000000000e+00 0.000000000000000000e+00
0.000000000000000000e+00 0.000000000000000000e+00 0.000000000000000000e+00
-1.994248385237007773e-02 -9.999493517087770095e-03 0.000000000000000000e+00
-1.992628801444500108e-02 -2.984838981130413099e-02 -2.976180735736556199e-02
0.000000000000000000e+00 -9.983806653718821714e-03 0.000000000000000000e+00
0.000000000000000000e+00 -9.984904797173118490e-03 -6.659190361632580379e-03
-3.274708287405703744e-01 -3.237794130601970854e-01 -3.283145106067468788e-01
-1.537092831588241726e+00 -1.540111790464648189e+00 -1.539930168013648126e+00
-1.788084308808471024e+00 -1.788247567285438100e+00 -1.788448912313316042e+00
-1.862039131774323453e+00 -1.861858919419252301e+00 -1.861854299103357535e+00
-1.889100823300791321e+00 -1.888596275176249950e+00 -1.888955474997618511e+00
-1.898083992501845785e+00 -1.898086054927233812e+00 -1.898009631749463688e+00
-1.891789424037425116e+00 -1.891588656453266681e+00 -1.891527233053559742e+00
-1.876523002864209033e+00 -1.876189780883033453e+00 -1.876242611952958717e+00
-1.816797939228553371e+00 -1.817914509542228663e+00 -1.816058139802882332e+00
-1.528484472599104249e+00 -1.525311027467292746e+00 -1.523128657827627297e+00
-2.569036204909837529e-01 -2.550411570375727410e-01 -2.500868378647862489e-01
-9.998627710848051811e-03 -9.971520565927181196e-03 -1.978880131337413736e-02
-9.990698486941777812e-03 -1.993634588978685646e-02 -9.998294245450295090e-03
-9.999617120291008632e-03 -1.869427640353930192e-02 -9.993704212466815798e-03
0.000000000000000000e+00 0.000000000000000000e+00 0.000000000000000000e+00
0.000000000000000000e+00 0.000000000000000000e+00 0.000000000000000000e+00
0.000000000000000000e+00 -9.889764545780055371e-03 -9.880849306669036228e-03
-9.993850901614434457e-03 -9.999714261365637291e-03 0.000000000000000000e+00
-1.993926720837341238e-02 -9.787392348158521771e-03 -9.998542395020390550e-03
-9.999446625972623071e-03 -9.999606646329454659e-03 -1.965161380949809189e-02
-1.949433746001809700e-02 -2.984723145551371887e-02 -1.987363619841411855e-02
-4.176969058035688853e-01 -4.231158851170831459e-01 -4.211239344209856683e-01
-1.521301662054587611e+00 -1.519516642815134322e+00 -1.521678588951445033e+00
-1.770335831123032388e+00 -1.770656159740162439e+00 -1.770981153743980796e+00
-1.852593401840671783e+00 -1.852424831885455703e+00 -1.852457116906262913e+00
-1.875906644986860439e+00 -1.875856322951503952e+00 -1.875906716309643674e+00
-1.864556707298041571e+00 -1.864280773183577988e+00 -1.864422732815758321e+00
-1.796688571610125962e+00 -1.797519475106886366e+00 -1.797529506891754947e+00
-1.521028157359570532e+00 -1.520765259036278128e+00 -1.520406310591077892e+00
-4.873988717562903750e-01 -4.900390660026373579e-01 -4.902423543088827440e-01
-1.982027492044622849e-02 -2.053128665427910934e-02 -3.066082439191335912e-02
-1.994380434086291329e-02 -9.999428163683743084e-03 -1.795356232758093390e-02
-9.991066153779998987e-03 -9.999615484113159175e-03 -9.999583374967790581e-03
-9.998609247344879269e-03 -1.994937946801482453e-02 0.000000000000000000e+00
0.000000000000000000e+00 0.000000000000000000e+00 0.000000000000000000e+00
0.000000000000000000e+00 0.000000000000000000e+00 0.000000000000000000e+00
0.000000000000000000e+00 0.000000000000000000e+00 0.000000000000000000e+00
-9.999215115491113734e-03 -9.994054196678840360e-03 -9.998912786363811298e-03
-1.992650310149114701e-02 -9.984568341950321446e-03 -9.996742887184549217e-03
-9.996393088682943920e-03 0.000000000000000000e+00 0.000000000000000000e+00
-9.999869475701635840e-03 0.000000000000000000e+00 -9.994126774451618164e-03
-9.999656338540550624e-03 0.000000000000000000e+00 -8.238595734809639817e-03
-3.979233145617753764e-01 -3.990704764264158544e-01 -3.950314035924180622e-01
-1.456948571542133086e+00 -1.454358684027695636e+00 -1.456059756913890002e+00
-1.679663591440026194e+00 -1.680189188398213851e+00 -1.680312479918667057e+00
-1.740023652831196088e+00 -1.739892997711411482e+00 -1.739525943276721165e+00
-1.698948901027716341e+00 -1.699280376818608884e+00 -1.698449943019463282e+00
-1.462319842762275002e+00 -1.462200264727308907e+00 -1.463021164915470074e+00
-6.031701148180399485e-01 -6.018224609811894110e-01 -6.038311786469671150e-01
-5.376234592255452888e-02 -5.289654682075859565e-02 -4.935562587054162509e-02
-9.996761438773401134e-03 -9.998531008669942974e-03 -9.998531541306747428e-03
-9.999935579978016728e-03 -9.800308549500034647e-03 -6.915521132278640293e-03
-9.956991404333854698e-03 0.000000000000000000e+00 -9.998805498512222320e-03
-1.969750066858719922e-02 -1.993805717831531599e-02 -9.998590899416875954e-03
0.000000000000000000e+00 0.000000000000000000e+00 0.000000000000000000e+00
0.000000000000000000e+00 0.000000000000000000e+00 0.000000000000000000e+00
0.000000000000000000e+00 0.000000000000000000e+00 0.000000000000000000e+00
-9.933020058646048825e-03 -1.963793957949825503e-02 -9.999451266362410773e-03
-9.944662031166432228e-03 -1.992847456220402796e-02 -9.999544247502272984e-03
-1.985554270467331656e-02 -1.731980310206419557e-02 -9.997347486919716530e-03
-9.968336201999534671e-03 -1.992257638973493616e-02 -9.999682643636933002e-03
-9.999562747252692049e-03 -1.941779395586483437e-02 -1.994818716784399135e-02
0.000000000000000000e+00 0.000000000000000000e+00 0.000000000000000000e+00
-3.142931005709087011e-01 -3.110582678651105382e-01 -3.112925206667817579e-01
-1.297976792024364334e+00 -1.296208865592767046e+00 -1.297736576807693609e+00
-1.500573549828894127e+00 -1.500457675097304211e+00 -1.500442822017121758e+00
-1.348612206445977346e+00 -1.345620749017891749e+00 -1.345883923645433633e+00
-7.499696547563159399e-01 -7.481147551753385416e-01 -7.477661400108723821e-01
-1.551392739646122454e-01 -1.589570957981286115e-01 -1.592151737211269791e-01
-2.436163584475625060e-02 -2.499145216723755794e-02 -1.993141727042158085e-02
-9.997118879990137333e-03 0.000000000000000000e+00 0.000000000000000000e+00
-1.991275316298484616e-02 -9.999535007479997892e-03 -1.979046991666181393e-02
-9.998358211154426134e-03 0.000000000000000000e+00 -1.774742764656333724e-02
-9.998514393886024504e-03 -9.817570375406804023e-03 0.000000000000000000e+00
0.000000000000000000e+00 0.000000000000000000e+00 0.000000000000000000e+00
0.000000000000000000e+00 0.000000000000000000e+00 0.000000000000000000e+00
-9.996506718066972691e-03 0.000000000000000000e+00 0.000000000000000000e+00
0.000000000000000000e+00 0.000000000000000000e+00 -9.995155962046706546e-03
-9.569054960442449978e-03 -1.852100156026167260e-02 -9.603956056086469101e-03
-9.998998529881326577e-03 -9.999539439994603249e-03 0.000000000000000000e+00
-1.992885631444674815e-02 -9.998756170084161302e-03 -1.994750919072891399e-02
-9.999614181346889313e-03 -1.994649160482619629e-02 -1.994938131443022011e-02
-9.999653447148527247e-03 -1.994934467160691671e-02 -1.994752015560592034e-02
-1.994411818300730749e-02 -9.999425370037806973e-03 -9.999494219853048357e-03
-1.695884614194445861e-01 -1.684973806298916688e-01 -1.651017242297064813e-01
-7.799940668130497246e-01 -7.814380092823011159e-01 -7.828768870839334371e-01
-6.033982973950292594e-01 -5.999541163059246562e-01 -6.006376758528053639e-01
-2.365951241548634731e-01 -2.359801431914999026e-01 -2.351086984344600561e-01
-3.998294574043030625e-02 -4.506774098813048218e-02 -4.426270245108654411e-02
-1.484997528735360409e-02 -9.998634563717004667e-03 -9.999518348853500549e-03
-9.995875025028086794e-03 -9.998441756723304083e-03 0.000000000000000000e+00
0.000000000000000000e+00 -9.990664246703882811e-03 0.000000000000000000e+00
-9.994557062072046555e-03 -9.999855034997848571e-03 -9.999937839103920437e-03
0.000000000000000000e+00 0.000000000000000000e+00 0.000000000000000000e+00
0.000000000000000000e+00 0.000000000000000000e+00 0.000000000000000000e+00
0.000000000000000000e+00 0.000000000000000000e+00 0.000000000000000000e+00
-1.968640651618763782e-02 0.000000000000000000e+00 0.000000000000000000e+00
0.000000000000000000e+00 0.000000000000000000e+00 0.000000000000000000e+00
-9.993783640794885043e-03 -9.992534743759270283e-03 -9.999593674195570228e-03
-9.884765574449479522e-03 -9.999663182302045636e-03 -1.994713376991533171e-02
-9.999839867003436009e-03 0.000000000000000000e+00 0.000000000000000000e+00
-9.998543292155137249e-03 -9.998669030891945211e-03 0.000000000000000000e+00
0.000000000000000000e+00 0.000000000000000000e+00 0.000000000000000000e+00
-9.998678155843699483e-03 -9.999934653860958686e-03 0.000000000000000000e+00
-9.986486367912690912e-03 0.000000000000000000e+00 0.000000000000000000e+00
0.000000000000000000e+00 0.000000000000000000e+00 0.000000000000000000e+00
0.000000000000000000e+00 -1.989647430711995874e-02 0.000000000000000000e+00
-9.999859129168826508e-03 0.000000000000000000e+00 -9.989569611659575646e-03
0.000000000000000000e+00 0.000000000000000000e+00 0.000000000000000000e+00
-9.993899019056508640e-03 -1.994836986604223150e-02 -9.772874035160394532e-03
-1.892112918852374356e-02 -9.999407355864122979e-03 -9.999657450738864972e-03
0.000000000000000000e+00 0.000000000000000000e+00 0.000000000000000000e+00
0.000000000000000000e+00 0.000000000000000000e+00 -9.770837755279050338e-03
-9.960109518555478048e-03 -9.999695224729945875e-03 0.000000000000000000e+00
-5.000000000000000104e-03 0.000000000000000000e+00 0.000000000000000000e+00
0.000000000000000000e+00 0.000000000000000000e+00 0.000000000000000000e+00
0.000000000000000000e+00 0.000000000000000000e+00 0.000000000000000000e+00
0.000000000000000000e+00 0.000000000000000000e+00 0.000000000000000000e+00
0.000000000000000000e+00 0.000000000000000000e+00 0.000000000000000000e+00
0.000000000000000000e+00 0.000000000000000000e+00 0.000000000000000000e+00
0.000000000000000000e+00 0.000000000000000000e+00 0.000000000000000000e+00
0.000000000000000000e+00 0.000000000000000000e+00 0.000000000000000000e+00
0.000000000000000000e+00 0.000000000000000000e+00 0.000000000000000000e+00
0.000000000000000000e+00 0.000000000000000000e+00 0.000000000000000000e+00
0.000000000000000000e+00 0.000000000000000000e+00 0.000000000000000000e+00
0.000000000000000000e+00 0.000000000000000000e+00 0.000000000000000000e+00
0.000000000000000000e+00 0.000000000000000000e+00 0.000000000000000000e+00
0.000000000000000000e+00 0.000000000000000000e+00 0.000000000000000000e+00
0.000000000000000000e+00 0.000000000000000000e+00 0.000000000000000000e+00
0.000000000000000000e+00 0.000000000000000000e+00 0.000000000000000000e+00
0.000000000000000000e+00 0.000000000000000000e+00 0.000000000000000000e+00
0.000000000000000000e+00 0.000000000000000000e+00 0.000000000000000000e+00
0.000000000000000000e+00 0.000000000000000000e+00 0.000000000000000000e+00
0.000000000000000000e+00 0.000000000000000000e+00 0.000000000000000000e+00
0.000000000000000000e+00 0.000000000000000000e+00 0.000000000000000000e+00
