0.000000000000000000e+00 0.000000000000000000e+00 0.000000000000000000e+00
0.000000000000000000e+00 -4.863970830818303170e+00 0.000000000000000000e+00
0.000000000000000000e+00 0.000000000000000000e+00 -4.872820091605733595e+00
-9.629515580815674269e+00 -9.906417403676726963e+00 -9.346572339835054422e+00
-9.966473253751965800e+00 -9.971111204158836117e+00 -9.974839652314251737e+00
-9.970692286805272531e+00 -9.972895026029990007e+00 -9.967814877975563093e+00
-9.974813133522509645e+00 -9.978052362186913271e+00 -9.975454620207226952e+00
-9.977306708634497312e+00 -9.970056749301171806e+00 -9.976566817899726658e+00
-9.962766906619158647e+00 -9.971622495216935889e+00 -9.968853082385400910e+00
-9.975726152958841908e+00 -9.970830253930060394e+00 -9.971878160970572225e+00
-9.980896553512245362e+00 -9.981761825370757180e+00 -9.981244898564629153e+00
-9.980066158622296513e+00 -9.979311043619746968e+00 -9.980279270803487535e+00
-9.970558238965965714e+00 -9.970219815542455066e+00 -9.971102637512096578e+00
0.000000000000000000e+00 -4.975900624615045231e+00 0.000000000000000000e+00
-4.947415107054889738e+00 -4.999179409313944333e+00 -4.999061249495071912e+00
-4.987032820203745054e+00 0.000000000000000000e+00 0.000000000000000000e+00
0.000000000000000000e+00 0.000000000000000000e+00 -4.870599557197027529e+00
-4.988219537179419127e+00 0.000000000000000000e+00 0.000000000000000000e+00
-4.979153022242750914e+00 0.000000000000000000e+00 0.000000000000000000e+00
-4.970745200866475422e+00 0.000000000000000000e+00 0.000000000000000000e+00
0.000000000000000000e+00 0.000000000000000000e+00 0.000000000000000000e+00
-4.921017733904728075e+00 -4.997239611676037363e+00 0.000000000000000000e+00
-7.446798227501249201e+00 -4.983059817984344164e+00 0.000000000000000000e+00
-9.937447641556367728e+00 -9.886376552251563865e+00 -9.946404313785084383e+00
-9.966465445414765867e+00 -9.964047755839910536e+00 -9.963318563523596794e+00
-9.971347264995648274e+00 -9.970992572934404663e+00 -9.973604224820361352e+00
-9.970542584395897023e+00 -9.971368018274013423e+00 -9.971612016911851839e+00
-9.971562640633381491e+00 -9.972129067145740322e+00 -9.974058151972936770e+00
-9.969960279282599203e+00 -9.969793884676011686e+00 -9.969420171988566892e+00
-9.971444460758174699e+00 -9.971414088334778825e+00 -9.971163817816865560e+00
-9.970285738284164978e+00 -9.970484520979880472e+00 -9.971329752068148977e+00
-9.973673320547785437e+00 -9.975096351803752981e+00 -9.973898893416906830e+00
-9.977815356272053293e+00 -9.978373159011553639e+00 -9.977192648203827119e+00
-9.974995283236530952e+00 -9.975155440084954250e+00 -9.975390424664709599e+00
-4.906765198567441644e+00 -4.987710509066380027e+00 0.000000000000000000e+00
0.000000000000000000e+00 0.000000000000000000e+00 0.000000000000000000e+00
-7.491162532531001617e+00 -4.998383457512983519e+00 0.000000000000000000e+00
-7.461979995308702485e+00 -4.998818271027483995e+00 -4.996562644478280468e+00
-4.943495133074002901e+00 -4.971859837597793152e+00 -7.497508538586131976e+00
0.000000000000000000e+00 0.000000000000000000e+00 0.000000000000000000e+00
0.000000000000000000e+00 0.000000000000000000e+00 0.000000000000000000e+00
-4.983400154175961383e+00 -4.996603267116094926e+00 -7.195676036228305428e+00
-8.725319574929631727e+00 -7.880595478567755663e+00 -8.558642471999471368e+00
-9.903473729446638174e+00 -9.974121403611217573e+00 -9.960912021900043101e+00
-9.968933853565783210e+00 -9.968930327991076368e+00 -9.969259653912686758e+00
-9.973849435276147091e+00 -9.973278171648015444e+00 -9.972624191512263536e+00
-9.971650648519133853e+00 -9.969330485268669051e+00 -9.969361846492960311e+00
-9.967281702900736562e+00 -9.969218232525712153e+00 -9.967788319622421511e+00
-9.964619818647161509e+00 -9.965464477962143519e+00 -9.964242626763731181e+00
-9.964097108341970710e+00 -9.965953495290067465e+00 -9.964594147849140882e+00
-9.964473779069267678e+00 -9.963758958428487134e+00 -9.965348232705407483e+00
-9.966461921539703894e+00 -9.966194309366093407e+00 -9.966787979405028253e+00
-9.968480269906040192e+00 -9.968173069627322747e+00 -9.970031530697095690e+00
-9.975044336609871110e+00 -9.975204974911152433e+00 -9.975251285060203088e+00
-9.975013188015271481e+00 -9.973565170693634130e+00 -9.973600613356827793e+00
-7.493539403921300135e+00 -8.696218533366732117e+00 -7.473929924409713266e+00
-4.998616554389921696e+00 -7.491970511853180525e+00 -4.998892069921052617e+00
-7.458482615238014368e+00 -7.336221353971648540e+00 -4.967388442426685202e+00
-4.981196880730990095e+00 -4.992873020781618543e+00 0.000000000000000000e+00
0.000000000000000000e+00 0.000000000000000000e+00 0.000000000000000000e+00
0.000000000000000000e+00 0.000000000000000000e+00 0.000000000000000000e+00
-7.422555178520453545e+00 -7.497578899140316722e+00 -7.498788140101405375e+00
-9.847519722795400554e+00 -9.816265301971537127e+00 -9.769973966274068999e+00
-9.965932763263634087e+00 -9.880664483868773829e+00 -9.965027284080798964e+00
-9.974160006103620191e+00 -9.973837102748733585e+00 -9.974793172596507773e+00
-9.973890270708540839e+00 -9.973687364548379009e+00 -9.973865852472497906e+00
-9.969266950456175280e+00 -9.969631953834232618e+00 -9.969023539630871511e+00
-9.972994410379783403e+00 -9.969064058510886284e+00 -9.972407735626291014e+00
-9.968280596500285640e+00 -9.974265590428197825e+00 -9.974002726606702396e+00
-9.974565600390096876e+00 -9.974685072521507934e+00 -9.973577771860632879e+00
-9.971497595228392186e+00 -9.971529345460055538e+00 -9.971786824552834716e+00
-9.971413514471986872e+00 -9.977863428552362635e+00 -9.966321096357791731e+00
-9.966605347191560327e+00 -9.963564135338671690e+00 -9.972349577304189694e+00
-9.965918760251238240e+00 -9.969411937641224242e+00 -9.969487259702177084e+00
-9.974163037709564250e+00 -9.972975184333879639e+00 -9.973332572428622811e+00
-9.972828588888125623e+00 -9.972750680616439212e+00 -9.972988607396004568e+00
-4.993850480073893650e+00 -7.494230865449999612e+00 0.000000000000000000e+00
-4.964475375706044247e+00 -4.999203436094955322e+00 0.000000000000000000e+00
-4.918403712820425433e+00 0.000000000000000000e+00 0.000000000000000000e+00
0.000000000000000000e+00 0.000000000000000000e+00 0.000000000000000000e+00
0.000000000000000000e+00 0.000000000000000000e+00 0.000000000000000000e+00
0.000000000000000000e+00 0.000000000000000000e+00 0.000000000000000000e+00
-9.959443147264849472e+00 -9.932083995725040637e+00 -9.950027053181310421e+00
-9.973652929810871370e+00 -9.974594959700523233e+00 -9.975107761203773293e+00
-9.976036893831388142e+00 -9.977333168231085736e+00 -9.976314074116967134e+00
-9.973294956529770161e+00 -9.973277838782227178e+00 -9.973293915561031397e+00
-9.975356309025517731e+00 -9.977596653177998931e+00 -9.972395636566197652e+00
-9.979426098534730727e+00 -9.979359721083499224e+00 -9.984138779232418770e+00
-9.989791199036233138e+00 -9.990101113983335779e+00 -9.990481998089867588e+00
-9.990865656027539288e+00 -9.990769372088710298e+00 -9.991150666129962943e+00
-9.990677804982460941e+00 -9.990743598640342782e+00 -9.990258354653086315e+00
-9.989786713308514976e+00 -9.989954569356731540e+00 -9.982597885707384933e+00
-9.989867218804342031e+00 -9.985778913695142478e+00 -9.974128948569205733e+00
-9.976332584169089301e+00 -9.967567918460680687e+00 -9.974636502004017302e+00
-9.971696742372641253e+00 -9.969049794729130554e+00 -9.969282366438712017e+00
-9.975024866912832522e+00 -9.976578890132026700e+00 -9.976789714320329239e+00
-9.950478247902278639e+00 -9.957599268080979726e+00 -9.962755977376879457e+00
0.000000000000000000e+00 -4.844331847448365203e+00 0.000000000000000000e+00
0.000000000000000000e+00 -8.640194937633573602e+00 -7.495940109682276642e+00
0.000000000000000000e+00 0.000000000000000000e+00 0.000000000000000000e+00
0.000000000000000000e+00 0.000000000000000000e+00 0.000000000000000000e+00
0.000000000000000000e+00 -4.992042165728464376e+00 0.000000000000000000e+00
-9.949655845956623779e+00 -9.961785522626669831e+00 -9.958263861251483107e+00
-9.976060006303729466e+00 -9.977154765665263270e+00 -9.976553031201532917e+00
-9.977387725905781934e+00 -9.977634778212072675e+00 -9.977798357866879186e+00
-9.975508756108769859e+00 -9.975605141963853839e+00 -9.974832501255050943e+00
-9.985876711743692624e+00 -9.982109701696582960e+00 -9.980882286739211295e+00
-9.983522863034746564e+00 -9.988446080065291000e+00 -9.992154562362900450e+00
-9.990497543596156049e+00 -9.992049382820244574e+00 -9.992559483568186351e+00
-9.995710181212899670e+00 -9.995389229281865795e+00 -9.995371062227942360e+00
-9.996392134144631569e+00 -9.997076426754746947e+00 -9.996395735789487702e+00
-9.992532737543356802e+00 -9.991215896775667460e+00 -9.996090084543967080e+00
-9.993138701325367634e+00 -9.993297961461502510e+00 -9.992146129862732096e+00
-9.990361637073029044e+00 -9.990911992358203264e+00 -9.993157346583362965e+00
-9.981002515426041555e+00 -9.981790611791751644e+00 -9.973636557063338515e+00
-9.977581575543846171e+00 -9.978315060496374400e+00 -9.976828236344063683e+00
-9.980714731286767005e+00 -9.979889278151437892e+00 -9.980120242784598972e+00
-4.865312777074232820e+00 -5.915649393513946919e+00 -4.998822943760611537e+00
-7.469379754635478541e+00 -4.993653375160526764e+00 -7.494541474192974562e+00
0.000000000000000000e+00 0.000000000000000000e+00 0.000000000000000000e+00
0.000000000000000000e+00 0.000000000000000000e+00 0.000000000000000000e+00
0.000000000000000000e+00 -4.998026757060696212e+00 0.000000000000000000e+00
-9.948835621003970786e+00 -9.962490920160712804e+00 -9.951717078504925595e+00
-9.978345676229915640e+00 -9.979194128923049689e+00 -9.978639693492002749e+00
-9.978944146277619609e+00 -9.978723820186489846e+00 -9.978669014774842694e+00
-9.979338826298231879e+00 -9.977796944653572808e+00 -9.979992843041275208e+00
-9.983115620422921666e+00 -9.983496198919350917e+00 -9.981896616972012026e+00
-9.984054694615069891e+00 -9.988001958295750882e+00 -9.990869200086256896e+00
-9.987582091682835284e+00 -9.994751658619513535e+00 -9.992499665824094990e+00
-9.999620127634141653e+00 -9.999615689652266326e+00 -9.999213479919269787e+00
-9.999631305550105154e+00 -9.999402249885902094e+00 -9.998565025985033827e+00
-9.998889443475256655e+00 -9.998573757560148323e+00 -9.998810991599629716e+00
-9.996991868985947605e+00 -9.996834417505022330e+00 -9.993807666849022553e+00
-9.995119308896761368e+00 -9.994799724158747622e+00 -9.994421962687484395e+00
-9.989742946881849051e+00 -9.989451897150983584e+00 -9.975155896874706940e+00
-9.974297078192005728e+00 -9.974157781838961512e+00 -9.974455688180213997e+00
-9.980625014858730992e+00 -9.981262863295082610e+00 -9.980848708711135941e+00
-9.702055115926345508e+00 -9.640073298727852347e+00 -9.639369527244159741e+00
-4.998389922947384711e+00 0.000000000000000000e+00 -4.998981959152550836e+00
0.000000000000000000e+00 0.000000000000000000e+00 0.000000000000000000e+00
0.000000000000000000e+00 0.000000000000000000e+00 0.000000000000000000e+00
-4.995817188623720817e+00 -7.458550457967604075e+00 0.000000000000000000e+00
-9.951070388413873147e+00 -9.959042314369680682e+00 -9.957644416308252033e+00
-9.979631807212381744e+00 -9.979252647263706422e+00 -9.979980694998618063e+00
-9.980673065598322680e+00 -9.981085580638252353e+00 -9.981395994761644630e+00
-9.981999943802696507e+00 -9.980683498114764518e+00 -9.983538330800284299e+00
-9.985909729936519597e+00 -9.984701481637085152e+00 -9.987055144531069573e+00
-9.992293338320592966e+00 -9.992089775174777699e+00 -9.989854271422595744e+00
-9.992144151394640517e+00 -9.996181337799001199e+00 -9.997477877856148609e+00
-9.998162355458045880e+00 -9.997810061909143897e+00 -9.999626774708685772e+00
-9.998149364116116544e+00 -9.999677544244168104e+00 -9.999705647103777295e+00
-9.999041924175607221e+00 -9.998581117294666143e+00 -9.997990968396134548e+00
-9.998228433626834999e+00 -9.998189734408214235e+00 -9.998142867587290539e+00
-9.996650811478950516e+00 -9.995148795258629093e+00 -9.994047819813484779e+00
-9.992130265464357564e+00 -9.993603048909751152e+00 -9.992568449305771594e+00
-9.972660383326109823e+00 -9.977068260912485442e+00 -9.977926080495283401e+00
-9.979961903279882307e+00 -9.980653825829261194e+00 -9.980171118716619105e+00
-9.740116973115544141e+00 -9.688146237440975028e+00 -9.703503099149189737e+00
-4.984186392677249167e+00 -4.977834011796782754e+00 -4.977523660572843234e+00
-4.437320967630519419e+00 0.000000000000000000e+00 0.000000000000000000e+00
0.000000000000000000e+00 0.000000000000000000e+00 0.000000000000000000e+00
-4.972872049545495443e+00 -4.999924024380912435e+00 -4.999336529976988963e+00
-9.910781874218891119e+00 -9.931439518890513796e+00 -9.911986922380130238e+00
-9.967778902638620764e+00 -9.965952362787572127e+00 -9.980055106854120339e+00
-9.982224415049522293e+00 -9.982334762743676038e+00 -9.981872927036274490e+00
-9.982648658810401088e+00 -9.982167501448437008e+00 -9.982465042848151171e+00
-9.984484863343318750e+00 -9.987887398129055683e+00 -9.987870343238515858e+00
-9.990715269164422097e+00 -9.993188533284442343e+00 -9.993340754270461090e+00
-9.995442612794017023e+00 -9.995781838464910862e+00 -9.994476295926361331e+00
-9.996421046837994595e+00 -9.997259936788159607e+00 -9.997167549316266388e+00
-9.997011856522110662e+00 -9.997012870365178827e+00 -9.997047816030871559e+00
-9.997861879078065783e+00 -9.997311892838798286e+00 -9.997789124938945449e+00
-9.997706728787093766e+00 -9.997430526661373662e+00 -9.997821158588333645e+00
-9.995240375421587942e+00 -9.994889506090256504e+00 -9.992971216349825880e+00
-9.993648118701372596e+00 -9.991582715300825868e+00 -9.993012941169398644e+00
-9.981175254353608750e+00 -9.982648289152788124e+00 -9.980747818286596740e+00
-9.981271077059693297e+00 -9.978447010183796095e+00 -9.979160093543146814e+00
-9.833815578416370329e+00 -9.741341663012132557e+00 -9.731681630931841909e+00
-7.400431390597898229e+00 -4.995216883269685049e+00 -7.438723117768773818e+00
0.000000000000000000e+00 0.000000000000000000e+00 -4.328846465668796384e+00
0.000000000000000000e+00 0.000000000000000000e+00 0.000000000000000000e+00
0.000000000000000000e+00 0.000000000000000000e+00 0.000000000000000000e+00
-9.781046573002534217e+00 -9.907233524684453840e+00 -9.887024282922523000e+00
-9.978157286215166621e+00 -9.978951583060730712e+00 -9.961527878634246491e+00
-9.982401551244835858e+00 -9.981947923451578220e+00 -9.982311850504268946e+00
-9.982068724017608474e+00 -9.985198692983791702e+00 -9.983215485965359903e+00
-9.984426624569840314e+00 -9.989053758718444698e+00 -9.988787124141975227e+00
-9.990387119817242478e+00 -9.988695827282519701e+00 -9.990446826787625412e+00
-9.994121995386581858e+00 -9.995565844958063551e+00 -9.995417762847219834e+00
-9.996068609797681859e+00 -9.995657340930657497e+00 -9.996080984002905012e+00
-9.996653887110266368e+00 -9.996986797851722173e+00 -9.997056382833184429e+00
-9.996835091854100241e+00 -9.996884265173655137e+00 -9.996852256683421700e+00
-9.996381661278133990e+00 -9.996220876577957881e+00 -9.996451209284764161e+00
-9.994995357615408693e+00 -9.993983783356416239e+00 -9.992952428992536440e+00
-9.994244709223176315e+00 -9.990317699822465869e+00 -9.985170406125764231e+00
-9.983054525411665381e+00 -9.983172935315790752e+00 -9.984266079368946833e+00
-9.981770571847436102e+00 -9.978033065840859805e+00 -9.974892681042273779e+00
-9.657854510231057787e+00 -9.621089086701111626e+00 -9.061285895864799045e+00
-4.998583192119222751e+00 0.000000000000000000e+00 0.000000000000000000e+00
0.000000000000000000e+00 0.000000000000000000e+00 0.000000000000000000e+00
0.000000000000000000e+00 0.000000000000000000e+00 0.000000000000000000e+00
-4.999172234712279561e+00 0.000000000000000000e+00 0.000000000000000000e+00
-4.998843809916627912e+00 -4.996472351177577487e+00 0.000000000000000000e+00
-9.970710593567169155e+00 -9.970060612858322457e+00 -9.966369916435361631e+00
-9.981124272707596390e+00 -9.980958031981135292e+00 -9.979115697173387645e+00
-9.982594932421346101e+00 -9.982654153427745314e+00 -9.981962838995125153e+00
-9.984860657723391597e+00 -9.984948868656250198e+00 -9.984004952687762113e+00
-9.988179816002368483e+00 -9.990600951909735628e+00 -9.985326512503615248e+00
-9.991292635164761293e+00 -9.991899297269053903e+00 -9.992062319464551479e+00
-9.993908379417209886e+00 -9.992455308277477855e+00 -9.993582203190849000e+00
-9.993890255208173201e+00 -9.995039494786560397e+00 -9.995074259099173020e+00
-9.993973785986032254e+00 -9.995277598920294437e+00 -9.995313576295078661e+00
-9.995099550202617422e+00 -9.994775017268665351e+00 -9.995674007083138690e+00
-9.995310864903004244e+00 -9.994556729518373928e+00 -9.993172236363964345e+00
-9.987856110959821621e+00 -9.990604878763935659e+00 -9.987422934086833237e+00
-9.980453484634416839e+00 -9.985797248175558138e+00 -9.984731862409265801e+00
-9.976855542106271457e+00 -9.975937627688889364e+00 -9.975599293168450288e+00
-9.453344214001697665e+00 -9.442603433106970812e+00 -9.336598561675604202e+00
-4.996411246241130755e+00 0.000000000000000000e+00 0.000000000000000000e+00
0.000000000000000000e+00 0.000000000000000000e+00 0.000000000000000000e+00
0.000000000000000000e+00 0.000000000000000000e+00 0.000000000000000000e+00
0.000000000000000000e+00 0.000000000000000000e+00 0.000000000000000000e+00
-4.994856373352237533e+00 -4.996249411284736652e+00 0.000000000000000000e+00
-9.778581595033884355e+00 -9.744665864316569781e+00 -9.780983196244889655e+00
-9.973549468715548372e+00 -9.976993507183138377e+00 -9.978714775017323291e+00
-9.978748573672152844e+00 -9.980115628608920986e+00 -9.980552640341823434e+00
-9.984804048910232765e+00 -9.983973817615343194e+00 -9.984192880948551618e+00
-9.986099406472163764e+00 -9.986209099060005201e+00 -9.984488721797101007e+00
-9.986410044913686335e+00 -9.986351687170873959e+00 -9.988972643203053892e+00
-9.986755931659534014e+00 -9.990383828804754174e+00 -9.990421900808822642e+00
-9.993557137466098084e+00 -9.988768427828237151e+00 -9.993819474362393152e+00
-9.990809865949394464e+00 -9.992662760193626426e+00 -9.992906520663868974e+00
-9.992719970557644160e+00 -9.993730515302747364e+00 -9.993840408439258027e+00
-9.993131065134484459e+00 -9.991985271865519991e+00 -9.992849476837198708e+00
-9.990143072809125613e+00 -9.979630501366415274e+00 -9.974216321814832753e+00
-9.978618958523917115e+00 -9.978150494563255535e+00 -9.977421737940218804e+00
-9.874786677670917001e+00 -9.902285687158443039e+00 -9.694614129103896971e+00
-9.042269954584735814e+00 -8.689101081707880425e+00 -8.960574756096868043e+00
-4.358977420095371258e+00 -4.966729726239025311e+00 0.000000000000000000e+00
0.000000000000000000e+00 0.000000000000000000e+00 0.000000000000000000e+00
0.000000000000000000e+00 0.000000000000000000e+00 0.000000000000000000e+00
-4.995782902528741687e+00 0.000000000000000000e+00 -4.999478670122994295e+00
0.000000000000000000e+00 0.000000000000000000e+00 0.000000000000000000e+00
-8.708500350486390928e+00 -4.986390600810309159e+00 -4.993631505539026350e+00
-9.955157969025718145e+00 -9.948991074265491008e+00 -9.957697407187055205e+00
-9.969220550127385394e+00 -9.980521054441613416e+00 -9.980458972446601962e+00
-9.983207975117574406e+00 -9.978323036921711520e+00 -9.979226931939177092e+00
-9.985430507974044190e+00 -9.985653990644937750e+00 -9.985402569066010869e+00
-9.986301429385328277e+00 -9.986228071961788189e+00 -9.985794038461669686e+00
-9.987494568659464278e+00 -9.988808671323296196e+00 -9.990579012567444295e+00
-9.989142686075849653e+00 -9.989885462283059070e+00 -9.989719845685112176e+00
-9.990689431379319529e+00 -9.991561627597436157e+00 -9.991473319277123011e+00
-9.991478493762208757e+00 -9.991617827515726802e+00 -9.991926156956434824e+00
-9.976046310607138423e+00 -9.990722315174515700e+00 -9.990871075715046956e+00
-9.973305125013890660e+00 -9.977795367759334511e+00 -9.978808417868037850e+00
-9.949363176692763489e+00 -9.966042029416747994e+00 -9.951617064075858110e+00
-9.674852533845070823e+00 -9.563777165316261986e+00 -9.570786283151770490e+00
-4.995685857590077994e+00 -4.999221110463889950e+00 -4.999164902090337925e+00
-4.990728724878029432e+00 -4.997586980266365053e+00 0.000000000000000000e+00
0.000000000000000000e+00 0.000000000000000000e+00 0.000000000000000000e+00
0.000000000000000000e+00 0.000000000000000000e+00 0.000000000000000000e+00
0.000000000000000000e+00 0.000000000000000000e+00 0.000000000000000000e+00
-4.991558646840621449e+00 -4.976603395091911963e+00 0.000000000000000000e+00
0.000000000000000000e+00 -4.999090739263728267e+00 -4.829552190787315347e+00
-4.999252451822560062e+00 -3.965774250070997375e+00 0.000000000000000000e+00
-9.966838423299099858e+00 -9.962956549803887896e+00 -9.968574342446691716e+00
-9.971316032669889751e+00 -9.983538041327340906e+00 -9.977759860012202608e+00
-9.981696201257058476e+00 -9.985300404332871693e+00 -9.979955759299340201e+00
-9.986433196889665354e+00 -9.986510638995120814e+00 -9.984077145853810009e+00
-9.987678275596856281e+00 -9.988447505921264735e+00 -9.988197831154909778e+00
-9.989086603294584421e+00 -9.990136202092621431e+00 -9.989892478894876859e+00
-9.990230615974700967e+00 -9.991069857550673561e+00 -9.991092744138089898e+00
-9.991546028632512844e+00 -9.988259299597565644e+00 -9.980385992205128787e+00
-9.990406617634189246e+00 -9.987554394563474602e+00 -9.980811436378967727e+00
-9.975964476128362790e+00 -9.980740335578465405e+00 -9.975312929875592260e+00
-9.844800642245278510e+00 -9.879498505932813757e+00 -9.833600671069516963e+00
-8.513400984873667809e+00 -8.160360188851958796e+00 -8.231478454661981914e+00
-4.934458915775099541e+00 -4.999746007125187575e+00 0.000000000000000000e+00
-7.493577844091815265e+00 -6.682027809860064949e+00 -4.999072020613773759e+00
0.000000000000000000e+00 0.000000000000000000e+00 0.000000000000000000e+00
0.000000000000000000e+00 0.000000000000000000e+00 0.000000000000000000e+00
-4.992808560936313533e+00 -4.995647130358724652e+00 -4.999317292792123446e+00
-7.393635466619496555e+00 -7.496810980417057735e+00 -4.999350593942391008e+00
-4.998349420250726816e+00 -4.897740258926708279e+00 0.000000000000000000e+00
-4.999020618764709489e+00 0.000000000000000000e+00 0.000000000000000000e+00
-7.427224806752267483e+00 -7.494095032788959720e+00 -4.998628858005823794e+00
-9.973362640997972761e+00 -9.972114093497324916e+00 -9.970725368044689674e+00
-9.982814914413580709e+00 -9.980021251166785845e+00 -9.982292981158838785e+00
-9.986217946619024843e+00 -9.987233273582962312e+00 -9.985278985465994239e+00
-9.987230215423178237e+00 -9.986887379489067129e+00 -9.988406476731132244e+00
-9.988898326515844417e+00 -9.990745915564255952e+00 -9.990958321234415962e+00
-9.991248466894894875e+00 -9.988844001965468067e+00 -9.991437078121872872e+00
-9.990874734188697204e+00 -9.981307922621962092e+00 -9.976769817315380706e+00
-9.982674274766818456e+00 -9.968980184621745622e+00 -9.954941662439043881e+00
-9.857052332466240685e+00 -9.920442203659234792e+00 -9.902454538675154794e+00
-8.992748001488223508e+00 -8.422931961112103849e+00 -8.446578418523046139e+00
-4.998764007465732462e+00 0.000000000000000000e+00 -4.987284648958634214e+00
0.000000000000000000e+00 -4.995550152032381064e+00 -4.988009659437913079e+00
-7.495126942168125694e+00 0.000000000000000000e+00 0.000000000000000000e+00
-4.958319574966102650e+00 0.000000000000000000e+00 0.000000000000000000e+00
0.000000000000000000e+00 0.000000000000000000e+00 0.000000000000000000e+00
0.000000000000000000e+00 0.000000000000000000e+00 0.000000000000000000e+00
-7.459142269855693286e+00 -7.476153495852249975e+00 -4.994961275550910074e+00
-7.491900386110849297e+00 -7.496957872103661380e+00 -7.481160205983963252e+00
-7.489586124274383749e+00 -4.995674156299863888e+00 -7.430667303223204456e+00
-4.998128663339675093e+00 0.000000000000000000e+00 -4.893653830205126454e+00
-7.428744118142256880e+00 -8.614524366308680570e+00 -7.495292199245691123e+00
-9.983497078707841865e+00 -9.975241594029547798e+00 -9.975192128373478795e+00
-9.984649539658551731e+00 -9.978656771571767337e+00 -9.984720598502345723e+00
-9.986852304982850370e+00 -9.987831950968493189e+00 -9.988035214650867744e+00
-9.989450457276236151e+00 -9.987702911684074536e+00 -9.989771436970045215e+00
-9.990204163822152594e+00 -9.974592029551789807e+00 -9.990136036201423764e+00
-9.982901680309655745e+00 -9.958805229280045523e+00 -9.944916810616497571e+00
-9.906087085534235115e+00 -9.820123931413528240e+00 -9.861613982653064880e+00
-8.890181531834736361e+00 -8.774230769683857289e+00 -9.058434431774712081e+00
-6.500583982156689089e+00 -7.705303496671101371e+00 -3.355359879557720415e+00
-4.994786394106156102e+00 0.000000000000000000e+00 0.000000000000000000e+00
-4.997793031876804903e+00 0.000000000000000000e+00 0.000000000000000000e+00
-6.940787416283862754e+00 -4.997785724957476639e+00 -7.497620241038001510e+00
0.000000000000000000e+00 0.000000000000000000e+00 0.000000000000000000e+00
0.000000000000000000e+00 0.000000000000000000e+00 0.000000000000000000e+00
0.000000000000000000e+00 0.000000000000000000e+00 0.000000000000000000e+00
0.000000000000000000e+00 0.000000000000000000e+00 -4.976319961470382580e+00
0.000000000000000000e+00 -4.232624806843950260e+00 -4.730769390821125242e+00
-4.983998490820255256e+00 0.000000000000000000e+00 -4.996036405066380581e+00
-7.491305483876557147e+00 0.000000000000000000e+00 0.000000000000000000e+00
-4.991620684916086681e+00 -4.998599867273145314e+00 -7.428053235066925275e+00
-8.710854792830632576e+00 -4.978698829134488690e+00 -4.977317702594215021e+00
-9.979188835747326181e+00 -9.973162330481979865e+00 -9.973394037665197942e+00
-9.982083345760976556e+00 -9.989809835203448785e+00 -9.989845475349010684e+00
-9.989100598655536345e+00 -9.990108324643653503e+00 -9.990226484682327879e+00
-9.978125111980833850e+00 -9.978814380521292549e+00 -9.969496323740496990e+00
-9.922596793651337066e+00 -9.919131248404795542e+00 -9.907010536486783536e+00
-9.753816707197174196e+00 -9.716803989362432503e+00 -9.763325743543234125e+00
-6.268072912399627050e+00 -5.967251771070646527e+00 -6.002199715060912766e+00
0.000000000000000000e+00 -2.554186484814061853e+00 0.000000000000000000e+00
-4.951045670613531513e+00 -7.463086681412887557e+00 -4.997906695194414439e+00
-4.988912283072475695e+00 -4.998908742887436141e+00 -4.999731583000035506e+00
0.000000000000000000e+00 -4.878384132214914182e+00 0.000000000000000000e+00
0.000000000000000000e+00 0.000000000000000000e+00 0.000000000000000000e+00
0.000000000000000000e+00 0.000000000000000000e+00 0.000000000000000000e+00
0.000000000000000000e+00 0.000000000000000000e+00 0.000000000000000000e+00
0.000000000000000000e+00 -4.988263385802409466e+00 -7.462280638615750306e+00
-4.960585425082037148e+00 -4.999680536475979764e+00 -7.424944793321182956e+00
-4.972047901446711826e+00 -4.999206937478764878e+00 0.000000000000000000e+00
-4.958275576773579552e+00 -4.659366528083733527e+00 -4.998258448101048579e+00
-7.436996390046667571e+00 -4.999437445002911318e+00 0.000000000000000000e+00
-4.932600979077166770e+00 -4.992746462147677811e+00 -4.995883917668745511e+00
0.000000000000000000e+00 0.000000000000000000e+00 0.000000000000000000e+00
-9.960826436620653368e+00 -9.957441839162713748e+00 -9.975922723609045306e+00
-9.960031228942284542e+00 -9.962804355351419616e+00 -9.967868451763992610e+00
-9.982359156232986308e+00 -9.934637075150934749e+00 -9.899977529476498006e+00
-9.858246976318493893e+00 -9.835880984746930622e+00 -9.839726749546588991e+00
-9.564771145563339516e+00 -9.508886565967431537e+00 -9.520837460778302841e+00
-6.334169756509854921e+00 -7.032822338470660739e+00 -4.958595581024741961e+00
-4.571277657211894052e+00 -4.890167636431357323e+00 -4.999283910041635970e+00
-4.982345585818057643e+00 -4.998466374655849087e+00 -4.997703469352187788e+00
-7.496875119770807672e+00 -7.463969090072167134e+00 -4.999127964639556332e+00
-7.485804015623298113e+00 -4.998471714224547391e+00 -4.977745526194549797e+00
0.000000000000000000e+00 0.000000000000000000e+00 0.000000000000000000e+00
0.000000000000000000e+00 0.000000000000000000e+00 0.000000000000000000e+00
0.000000000000000000e+00 0.000000000000000000e+00 -4.999450055072318655e+00
-4.999449636138832531e+00 0.000000000000000000e+00 0.000000000000000000e+00
0.000000000000000000e+00 0.000000000000000000e+00 0.000000000000000000e+00
0.000000000000000000e+00 0.000000000000000000e+00 0.000000000000000000e+00
-4.996391314220881341e+00 0.000000000000000000e+00 0.000000000000000000e+00
0.000000000000000000e+00 0.000000000000000000e+00 0.000000000000000000e+00
-4.998893573469946894e+00 0.000000000000000000e+00 0.000000000000000000e+00
-4.998680758650030143e+00 -4.691837514064928882e+00 0.000000000000000000e+00
-4.999717181973641011e+00 0.000000000000000000e+00 -4.986660340609641473e+00
0.000000000000000000e+00 0.000000000000000000e+00 0.000000000000000000e+00
-4.997891842492582448e+00 0.000000000000000000e+00 0.000000000000000000e+00
-4.999140032058977390e+00 0.000000000000000000e+00 0.000000000000000000e+00
0.000000000000000000e+00 -4.998736781519541594e+00 -4.998290295023715579e+00
-4.993126260822103646e+00 0.000000000000000000e+00 0.000000000000000000e+00
-4.995953225863291713e+00 -4.997561715964057072e+00 0.000000000000000000e+00
-7.478382290867951809e+00 0.000000000000000000e+00 -4.994574323767893453e+00
0.000000000000000000e+00 0.000000000000000000e+00 0.000000000000000000e+00
0.000000000000000000e+00 0.000000000000000000e+00 0.000000000000000000e+00
0.000000000000000000e+00 0.000000000000000000e+00 0.000000000000000000e+00
0.000000000000000000e+00 0.000000000000000000e+00 0.000000000000000000e+00
0.000000000000000000e+00 0.000000000000000000e+00 0.000000000000000000e+00
0.000000000000000000e+00 0.000000000000000000e+00 0.000000000000000000e+00
0.000000000000000000e+00 0.000000000000000000e+00 0.000000000000000000e+00
0.000000000000000000e+00 0.000000000000000000e+00 0.000000000000000000e+00
0.000000000000000000e+00 0.000000000000000000e+00 0.000000000000000000e+00
0.000000000000000000e+00 0.000000000000000000e+00 0.000000000000000000e+00
0.000000000000000000e+00 0.000000000000000000e+00 0.000000000000000000e+00
0.000000000000000000e+00 0.000000000000000000e+00 0.000000000000000000e+00
0.000000000000000000e+00 0.000000000000000000e+00 0.000000000000000000e+00
0.000000000000000000e+00 0.000000000000000000e+00 0.000000000000000000e+00
0.000000000000000000e+00 0.000000000000000000e+00 0.000000000000000000e+00
0.000000000000000000e+00 0.000000000000000000e+00 0.000000000000000000e+00
0.000000000000000000e+00 0.000000000000000000e+00 0.000000000000000000e+00
0.000000000000000000e+00 0.000000000000000000e+00 0.000000000000000000e+00
0.000000000000000000e+00 0.000000000000000000e+00 0.000000000000000000e+00
0.000000000000000000e+00 0.000000000000000000e+00 0.000000000000000000e+00
0.000000000000000000e+00 0.000000000000000000e+00 0.000000000000000000e+00
0.000000000000000000e+00 0.000000000000000000e+00 0.000000000000000000e+00
0.000000000000000000e+00 0.000000000000000000e+00 0.000000000000000000e+00
