0.000000000000000000e+00 0.000000000000000000e+00 0.000000000000000000e+00
0.000000000000000000e+00 -3.888888888888888951e-01 0.000000000000000000e+00
-3.888888888888888951e-01 -3.888888888888887840e-01 0.000000000000000000e+00
-3.888888888888887285e-01 -3.888888888888888951e-01 -6.416666666666200891e-01
-1.111111039848799775e+00 -1.111111046840603578e+00 -1.111111051932512250e+00
-1.111111111111110938e+00 -1.111111111111110938e+00 -1.111111111111110938e+00
-1.111111111111110938e+00 -1.111111111111110938e+00 -1.111111111111110938e+00
-1.111111111111110938e+00 -1.111111111111110938e+00 -1.111111111111110938e+00
-1.111111111111110938e+00 -1.111111111111110938e+00 -1.111111111111110938e+00
-1.111111111111110938e+00 -1.111111111111110938e+00 -1.111111111111110938e+00
-1.111111111111110938e+00 -1.111111111111110938e+00 -1.111111111111110938e+00
-1.111111111111110938e+00 -1.111111111111110938e+00 -1.111111111111110938e+00
-1.111111111108280980e+00 -1.111111111107676797e+00 -1.111111111107071725e+00
-3.888888888888888951e-01 0.000000000000000000e+00 0.000000000000000000e+00
0.000000000000000000e+00 0.000000000000000000e+00 0.000000000000000000e+00
-3.888888888888888951e-01 0.000000000000000000e+00 0.000000000000000000e+00
-3.888888888888888951e-01 -3.888888888888888951e-01 0.000000000000000000e+00
-3.888888888888888951e-01 -3.888888888888888951e-01 0.000000000000000000e+00
0.000000000000000000e+00 0.000000000000000000e+00 0.000000000000000000e+00
0.000000000000000000e+00 0.000000000000000000e+00 0.000000000000000000e+00
0.000000000000000000e+00 0.000000000000000000e+00 0.000000000000000000e+00
-3.888888888888887285e-01 -3.888888888888888951e-01 0.000000000000000000e+00
-3.888888888888888951e-01 -6.416666666666054342e-01 0.000000000000000000e+00
-1.109786363011031840e+00 -1.109237829363306060e+00 -1.109181628688994170e+00
-1.111111109769637784e+00 -1.111111110899969612e+00 -1.111111111104730487e+00
-1.111111111111110938e+00 -1.111111111111110938e+00 -1.111111111111110938e+00
-1.111111111111110938e+00 -1.111111111111110938e+00 -1.111111111111110938e+00
-1.111111111111110938e+00 -1.111111111111110938e+00 -1.111111111111110938e+00
-1.111111111111110938e+00 -1.111111111111110938e+00 -1.111111111111110938e+00
-1.111111111111110938e+00 -1.111111111111110938e+00 -1.111111111111110938e+00
-1.111111111111110938e+00 -1.111111111111110938e+00 -1.111111111111110938e+00
-1.111111111111110938e+00 -1.111111111111110938e+00 -1.111111111111110938e+00
-1.111111111111110938e+00 -1.111111111111110938e+00 -1.111111111111110938e+00
-1.111111111111110938e+00 -1.111111111111110938e+00 -1.111111111111110938e+00
-3.888888888888888951e-01 -8.059722222222222010e-01 -3.888888888700547386e-01
-3.888888888888879514e-01 -3.888888888888888951e-01 -6.416666666666657193e-01
-6.416666666666666075e-01 -3.888888888888888951e-01 -3.888888888888888951e-01
-6.416666666666667185e-01 0.000000000000000000e+00 -6.163888888372868191e-01
-3.888888888888888951e-01 -6.415660654098188642e-01 0.000000000000000000e+00
0.000000000000000000e+00 0.000000000000000000e+00 0.000000000000000000e+00
0.000000000000000000e+00 0.000000000000000000e+00 0.000000000000000000e+00
-3.888888888888888951e-01 -3.888888888888887285e-01 -3.888888888888888951e-01
-3.888888888888888951e-01 -6.416348445920971866e-01 -3.888888888888888951e-01
-1.111106964408707487e+00 -1.111106655465054827e+00 -1.111108910126253013e+00
-1.111111111075134161e+00 -1.111111111094566173e+00 -1.111111111064469581e+00
-1.111111111111110938e+00 -1.111111111111110938e+00 -1.111111111111110938e+00
-1.111111111111110938e+00 -1.111111111111110938e+00 -1.111111111111110938e+00
-1.111111111111110938e+00 -1.111111111111110938e+00 -1.111111111111110938e+00
-1.111111111111110938e+00 -1.111111111111110938e+00 -1.111111111111110938e+00
-1.111111111111110938e+00 -1.111111111111110938e+00 -1.111111111111110938e+00
-1.111111111111110938e+00 -1.111111111111110938e+00 -1.111111111111110938e+00
-1.111111111111110938e+00 -1.111111111111110938e+00 -1.111111111111110938e+00
-1.111111111111110938e+00 -1.111111111111110938e+00 -1.111111111111110938e+00
-1.111111111111110938e+00 -1.111111111111110938e+00 -1.111111111111110938e+00
-1.111111111111110272e+00 -1.111111111111110494e+00 -1.111111111111110494e+00
-3.888888887236061076e-01 -3.888888888888888951e-01 0.000000000000000000e+00
-3.888888888888888951e-01 0.000000000000000000e+00 0.000000000000000000e+00
0.000000000000000000e+00 -3.888888888888888951e-01 0.000000000000000000e+00
-3.888888888888888951e-01 -3.888888888888888951e-01 -3.888888888888888951e-01
0.000000000000000000e+00 0.000000000000000000e+00 0.000000000000000000e+00
0.000000000000000000e+00 0.000000000000000000e+00 0.000000000000000000e+00
-3.888888888888888951e-01 -3.888888888888888951e-01 -3.888888888888888951e-01
-1.099288833417823019e+00 -1.099748656424090587e+00 -1.101351931759846581e+00
-1.111110683417130263e+00 -1.111110917195881509e+00 -1.111110417261610195e+00
-1.111111111110231864e+00 -1.111111111109915228e+00 -1.111111111110086425e+00
-1.111111111111110938e+00 -1.111111111111110938e+00 -1.111111111111110938e+00
-1.111111111111110938e+00 -1.111111111111110938e+00 -1.111111111111110938e+00
-1.111111111111110938e+00 -1.111111111111110938e+00 -1.111111111111110938e+00
-1.111111111111110938e+00 -1.111111111111110938e+00 -1.111111111111110938e+00
-1.111111111111110938e+00 -1.111111111111110938e+00 -1.111111111111110938e+00
-1.111111111111110938e+00 -1.111111111111110938e+00 -1.111111111111110938e+00
-1.111111111111110938e+00 -1.111111111111110938e+00 -1.111111111111110938e+00
-1.111111111111110938e+00 -1.111111111111110938e+00 -1.111111111111110938e+00
-1.111111111111110938e+00 -1.111111111111110938e+00 -1.111111111111110938e+00
-1.111111111111110938e+00 -1.111111111111110938e+00 -1.111111111111110938e+00
-1.111111111111020344e+00 -1.111111111110995919e+00 -1.111111111111019900e+00
-3.888888888888888951e-01 -3.888888888888888951e-01 -3.888888888888888951e-01
-6.416666666666666075e-01 -3.888888888888888951e-01 -6.416666666666667185e-01
-3.888888888888888951e-01 -3.888888888888888951e-01 0.000000000000000000e+00
0.000000000000000000e+00 0.000000000000000000e+00 0.000000000000000000e+00
0.000000000000000000e+00 0.000000000000000000e+00 0.000000000000000000e+00
-3.888888888888888951e-01 0.000000000000000000e+00 -8.059722222222026611e-01
-1.111066219070983907e+00 -1.111043391927974522e+00 -1.111068481067627678e+00
-1.111111093413287065e+00 -1.111111104202286093e+00 -1.111111102925200544e+00
-1.111111111111094729e+00 -1.111111111111098726e+00 -1.111111111111099392e+00
-1.111111111111110938e+00 -1.111111111111110938e+00 -1.111111111111110938e+00
-1.111111111111110938e+00 -1.111111111111110938e+00 -1.111111111111110938e+00
-1.111111111111110938e+00 -1.111111111111110938e+00 -1.111111111111110938e+00
-1.111111111111110938e+00 -1.111111111111110938e+00 -1.111111111111110938e+00
-1.111111111111110938e+00 -1.111111111111110938e+00 -1.111111111111110938e+00
-1.111111111111110938e+00 -1.111111111111110938e+00 -1.111111111111110938e+00
-1.111111111111110938e+00 -1.111111111111110938e+00 -1.111111111111110938e+00
-1.111111111111110938e+00 -1.111111111111110938e+00 -1.111111111111110938e+00
-1.111111111111110938e+00 -1.111111111111110938e+00 -1.111111111111110938e+00
-1.111111111111110938e+00 -1.111111111111110938e+00 -1.111111111111110938e+00
-1.111111111111110938e+00 -1.111111111111110938e+00 -1.111111111111110938e+00
-1.111111108936150949e+00 -1.111111109128299468e+00 -1.111111108765261646e+00
-8.059722222222223120e-01 -8.059722222222223120e-01 -6.416666666666667185e-01
-6.416666666666667185e-01 -6.416666666666667185e-01 -3.888888888888888951e-01
0.000000000000000000e+00 0.000000000000000000e+00 0.000000000000000000e+00
0.000000000000000000e+00 0.000000000000000000e+00 0.000000000000000000e+00
-3.888888888888888951e-01 0.000000000000000000e+00 0.000000000000000000e+00
-1.111106735398527556e+00 -1.111105452489233647e+00 -1.111109297517727468e+00
-1.111111110188121254e+00 -1.111111110605925489e+00 -1.111111110481652231e+00
-1.111111111111109828e+00 -1.111111111111110050e+00 -1.111111111111110272e+00
-1.111111111111110938e+00 -1.111111111111110938e+00 -1.111111111111110938e+00
-1.111111111111110938e+00 -1.111111111111110938e+00 -1.111111111111110938e+00
-1.111111111111110938e+00 -1.111111111111110938e+00 -1.111111111111110938e+00
-1.111111111111110938e+00 -1.111111111111110938e+00 -1.111111111111110938e+00
-1.111111111111110938e+00 -1.111111111111110938e+00 -1.111111111111110938e+00
-1.111111111111110938e+00 -1.111111111111110938e+00 -1.111111111111110938e+00
-1.111111111111110938e+00 -1.111111111111110938e+00 -1.111111111111110938e+00
-1.111111111111110938e+00 -1.111111111111110938e+00 -1.111111111111110938e+00
-1.111111111111110938e+00 -1.111111111111110938e+00 -1.111111111111110938e+00
-1.111111111111110938e+00 -1.111111111111110938e+00 -1.111111111111110938e+00
-1.111111111111110938e+00 -1.111111111111110938e+00 -1.111111111111110938e+00
-1.111111111111108496e+00 -1.111111111111106942e+00 -1.111111111111108052e+00
-6.416666666666667185e-01 -3.888888888888888951e-01 -3.888888888888888951e-01
-6.416666666666667185e-01 -6.416666666666667185e-01 -3.888888888888888951e-01
0.000000000000000000e+00 -3.888888888888888951e-01 0.000000000000000000e+00
0.000000000000000000e+00 0.000000000000000000e+00 0.000000000000000000e+00
-3.888888888888888951e-01 -3.888888888888888951e-01 0.000000000000000000e+00
-1.111110463968276951e+00 -1.111110374236845999e+00 -1.111110785951101576e+00
-1.111111111050437472e+00 -1.111111111025679499e+00 -1.111111111040271382e+00
-1.111111111111110716e+00 -1.111111111111110716e+00 -1.111111111111110716e+00
-1.111111111111110938e+00 -1.111111111111110938e+00 -1.111111111111110938e+00
-1.111111111111110938e+00 -1.111111111111110938e+00 -1.111111111111110938e+00
-1.111111111111110938e+00 -1.111111111111110938e+00 -1.111111111111110938e+00
-1.111111111111110938e+00 -1.111111111111110938e+00 -1.111111111111110938e+00
-1.111111111111110938e+00 -1.111111111111110938e+00 -1.111111111111110938e+00
-1.111111111111110938e+00 -1.111111111111110938e+00 -1.111111111111110938e+00
-1.111111111111110938e+00 -1.111111111111110938e+00 -1.111111111111110938e+00
-1.111111111111110938e+00 -1.111111111111110938e+00 -1.111111111111110938e+00
-1.111111111111110938e+00 -1.111111111111110938e+00 -1.111111111111110938e+00
-1.111111111111110938e+00 -1.111111111111110938e+00 -1.111111111111110938e+00
-1.111111111111110938e+00 -1.111111111111110938e+00 -1.111111111111110938e+00
-1.111111111111102501e+00 -1.111111111111104721e+00 -1.111111111111101835e+00
-1.110783637583278249e+00 -1.110717663373731234e+00 -1.110738839081889306e+00
-3.888888888877286565e-01 0.000000000000000000e+00 -3.888888888887321871e-01
0.000000000000000000e+00 0.000000000000000000e+00 0.000000000000000000e+00
0.000000000000000000e+00 0.000000000000000000e+00 0.000000000000000000e+00
-3.888888888888888951e-01 -3.888888888888888951e-01 0.000000000000000000e+00
-1.111110993235956634e+00 -1.111110986213173613e+00 -1.111111073537995875e+00
-1.111111111097875970e+00 -1.111111111096937165e+00 -1.111111111094922999e+00
-1.111111111111106053e+00 -1.111111111111104943e+00 -1.111111111111106053e+00
-1.111111111111110938e+00 -1.111111111111110938e+00 -1.111111111111110938e+00
-1.111111111111110938e+00 -1.111111111111110938e+00 -1.111111111111110938e+00
-1.111111111111110938e+00 -1.111111111111110938e+00 -1.111111111111110938e+00
-1.111111111111110938e+00 -1.111111111111110938e+00 -1.111111111111110938e+00
-1.111111111111110938e+00 -1.111111111111110938e+00 -1.111111111111110938e+00
-1.111111111111110938e+00 -1.111111111111110938e+00 -1.111111111111110938e+00
-1.111111111111110938e+00 -1.111111111111110938e+00 -1.111111111111110938e+00
-1.111111111111110938e+00 -1.111111111111110938e+00 -1.111111111111110938e+00
-1.111111111111110938e+00 -1.111111111111110938e+00 -1.111111111111110938e+00
-1.111111111111110938e+00 -1.111111111111110938e+00 -1.111111111111110938e+00
-1.111111111111110938e+00 -1.111111111111110938e+00 -1.111111111111110938e+00
-1.111111111111066974e+00 -1.111111111111049876e+00 -1.111111111111044769e+00
-1.111110576108137904e+00 -1.111110237390662059e+00 -1.111110474407183579e+00
-3.888888888888888951e-01 -3.888888888888888951e-01 0.000000000000000000e+00
0.000000000000000000e+00 0.000000000000000000e+00 0.000000000000000000e+00
0.000000000000000000e+00 0.000000000000000000e+00 0.000000000000000000e+00
0.000000000000000000e+00 0.000000000000000000e+00 -3.888888888888888951e-01
-1.111111063361374773e+00 -1.111111045362390470e+00 -1.111111057027694304e+00
-1.111111111096930282e+00 -1.111111111097617510e+00 -1.111111111092494053e+00
-1.111111111110874461e+00 -1.111111111110983485e+00 -1.111111111110949734e+00
-1.111111111111105165e+00 -1.111111111111110716e+00 -1.111111111111110938e+00
-1.111111111111110938e+00 -1.111111111111110938e+00 -1.111111111111110938e+00
-1.111111111111110938e+00 -1.111111111111110938e+00 -1.111111111111110938e+00
-1.111111111111110938e+00 -1.111111111111110938e+00 -1.111111111111110938e+00
-1.111111111111110938e+00 -1.111111111111110938e+00 -1.111111111111110938e+00
-1.111111111111110938e+00 -1.111111111111110938e+00 -1.111111111111110938e+00
-1.111111111111110938e+00 -1.111111111111110938e+00 -1.111111111111110938e+00
-1.111111111111110938e+00 -1.111111111111110938e+00 -1.111111111111110938e+00
-1.111111111111110938e+00 -1.111111111111110938e+00 -1.111111111111110938e+00
-1.111111111111110938e+00 -1.111111111111110938e+00 -1.111111111111110938e+00
-1.111111111111110494e+00 -1.111111111111108052e+00 -1.111111111111108940e+00
-1.111111111110610894e+00 -1.111111111109662319e+00 -1.111111111109249983e+00
-1.111109929446684408e+00 -1.111104157698306949e+00 -1.111102721842899044e+00
-3.888888888888888951e-01 -3.888888888888888951e-01 0.000000000000000000e+00
0.000000000000000000e+00 0.000000000000000000e+00 0.000000000000000000e+00
0.000000000000000000e+00 0.000000000000000000e+00 0.000000000000000000e+00
-3.888888888888888951e-01 -3.888888888888885620e-01 0.000000000000000000e+00
-1.027055855922338168e+00 -1.019578283486449077e+00 -1.027237315829889086e+00
-1.111111107262316766e+00 -1.111111111088795678e+00 -1.111111110982906602e+00
-1.111111111110643090e+00 -1.111111111110607563e+00 -1.111111111110566707e+00
-1.111111111111110272e+00 -1.111111111111110272e+00 -1.111111111111110050e+00
-1.111111111111110938e+00 -1.111111111111110938e+00 -1.111111111111110938e+00
-1.111111111111110938e+00 -1.111111111111110938e+00 -1.111111111111110938e+00
-1.111111111111110938e+00 -1.111111111111110938e+00 -1.111111111111110938e+00
-1.111111111111110938e+00 -1.111111111111110938e+00 -1.111111111111110938e+00
-1.111111111111110938e+00 -1.111111111111110938e+00 -1.111111111111110938e+00
-1.111111111111110938e+00 -1.111111111111110938e+00 -1.111111111111110938e+00
-1.111111111111110938e+00 -1.111111111111110938e+00 -1.111111111111110938e+00
-1.111111111111110938e+00 -1.111111111111110938e+00 -1.111111111111110938e+00
-1.111111111111106498e+00 -1.111111111111110938e+00 -1.111111111111110938e+00
-1.111111111111088290e+00 -1.111111111111083405e+00 -1.111111111111086958e+00
-1.111111111101045879e+00 -1.111111111104307936e+00 -1.111111111100771209e+00
-1.110993441456416653e+00 -1.111035454802336231e+00 -1.111029846659878251e+00
-8.059722222222223120e-01 -3.888888888888888951e-01 -3.888888888888888951e-01
-3.888888888888888951e-01 0.000000000000000000e+00 0.000000000000000000e+00
0.000000000000000000e+00 0.000000000000000000e+00 0.000000000000000000e+00
-3.888888888888888951e-01 -3.888888888888888951e-01 0.000000000000000000e+00
-3.888888888888888951e-01 0.000000000000000000e+00 0.000000000000000000e+00
-1.111110651582974729e+00 -1.111110672831150170e+00 -1.111110792448212647e+00
-1.111111111097309534e+00 -1.111111111094756465e+00 -1.111111111095592907e+00
-1.111111111110614891e+00 -1.111111111110843375e+00 -1.111111111110894001e+00
-1.111111111111110716e+00 -1.111111111111110494e+00 -1.111111111111110494e+00
-1.111111111111110938e+00 -1.111111111111110938e+00 -1.111111111111110938e+00
-1.111111111111110938e+00 -1.111111111111110938e+00 -1.111111111111110938e+00
-1.111111111111110938e+00 -1.111111111111110938e+00 -1.111111111111110938e+00
-1.111111111111110938e+00 -1.111111111111110938e+00 -1.111111111111110938e+00
-1.111111111111110938e+00 -1.111111111111110938e+00 -1.111111111111110938e+00
-1.111111111111110938e+00 -1.111111111111110938e+00 -1.111111111111110938e+00
-1.111111111111110938e+00 -1.111111111111110938e+00 -1.111111111111110938e+00
-1.111111111111094285e+00 -1.111111111110890670e+00 -1.111111111111100946e+00
-1.111111111106148019e+00 -1.111111111109482685e+00 -1.111111111108881833e+00
-1.111111110688645986e+00 -1.111111110698428162e+00 -1.111111110557494674e+00
-8.059659116385049504e-01 -8.058436328399076753e-01 -9.020889729525405354e-01
-3.888888888888888951e-01 -3.888888888888888951e-01 0.000000000000000000e+00
0.000000000000000000e+00 0.000000000000000000e+00 0.000000000000000000e+00
0.000000000000000000e+00 0.000000000000000000e+00 0.000000000000000000e+00
-3.888888888888125672e-01 -3.888888888888775153e-01 0.000000000000000000e+00
-3.888888888888888951e-01 0.000000000000000000e+00 0.000000000000000000e+00
-9.108594718370603971e-01 -9.127705600994704405e-01 -9.127686634257892173e-01
-1.111111110244106026e+00 -1.111111093703204489e+00 -1.111111110279253467e+00
-1.111111111098654458e+00 -1.111111111103486371e+00 -1.111111111102122573e+00
-1.111111111110977046e+00 -1.111111111111009686e+00 -1.111111111110981264e+00
-1.111111111111110272e+00 -1.111111111111110272e+00 -1.111111111111110494e+00
-1.111111111111110938e+00 -1.111111111111110938e+00 -1.111111111111110938e+00
-1.111111111111110938e+00 -1.111111111111110938e+00 -1.111111111111110938e+00
-1.111111111111110938e+00 -1.111111111111110938e+00 -1.111111111111110938e+00
-1.111111111111110938e+00 -1.111111111111110938e+00 -1.111111111111110938e+00
-1.111111111111110938e+00 -1.111111111111110938e+00 -1.111111111111110938e+00
-1.111111111111110938e+00 -1.111111111111110938e+00 -1.111111111111110938e+00
-1.111111111109026828e+00 -1.111111111102177862e+00 -1.111111111100496762e+00
-1.111111111058041612e+00 -1.111111111086482639e+00 -1.111111110986285677e+00
-1.111101602123552912e+00 -1.111109373474834960e+00 -1.111097699494460356e+00
-3.884984299544614328e-01 -6.416666666666667185e-01 -3.888888888888888951e-01
-8.059722222222223120e-01 -3.888888888888883955e-01 -3.888888888888888951e-01
0.000000000000000000e+00 0.000000000000000000e+00 0.000000000000000000e+00
0.000000000000000000e+00 0.000000000000000000e+00 0.000000000000000000e+00
-3.888888888888888951e-01 -6.416666666666666075e-01 0.000000000000000000e+00
-8.059722222222217569e-01 -6.416666666666667185e-01 -3.888888888888888951e-01
-3.888888888888888951e-01 -3.888888888888888951e-01 -3.888888888888888951e-01
-1.110582180068665048e+00 -1.110334853204351324e+00 -1.110595128928490549e+00
-1.111111111037835997e+00 -1.111111111045849587e+00 -1.111111111057450307e+00
-1.111111111108788796e+00 -1.111111111107795368e+00 -1.111111111109889915e+00
-1.111111111111014349e+00 -1.111111111111021454e+00 -1.111111111111032335e+00
-1.111111111111110272e+00 -1.111111111111109828e+00 -1.111111111111110050e+00
-1.111111111111110938e+00 -1.111111111111110938e+00 -1.111111111111110938e+00
-1.111111111111110938e+00 -1.111111111111110938e+00 -1.111111111111110938e+00
-1.111111111111110938e+00 -1.111111111111110938e+00 -1.111111111111110938e+00
-1.111111111111110716e+00 -1.111111111111110494e+00 -1.111111111111110494e+00
-1.111111111111100724e+00 -1.111111111111098726e+00 -1.111111111111100058e+00
-1.111111111106402927e+00 -1.111111109612467729e+00 -1.111111109218042348e+00
-1.111111108029431360e+00 -1.111111103761197372e+00 -1.111111106247942404e+00
-1.074801061489976783e+00 -1.075687275841505031e+00 -1.082778481626804457e+00
-3.888888888888888951e-01 -3.888888888888888951e-01 0.000000000000000000e+00
-3.888888888888888951e-01 -3.888888888888888951e-01 0.000000000000000000e+00
0.000000000000000000e+00 0.000000000000000000e+00 0.000000000000000000e+00
0.000000000000000000e+00 0.000000000000000000e+00 0.000000000000000000e+00
-3.888888888888888951e-01 -3.888888888886797290e-01 0.000000000000000000e+00
-3.888888888888888951e-01 -6.416666666666666075e-01 -3.888888888888888951e-01
-3.888888888888888951e-01 -3.888888888888888951e-01 -3.888888888888888951e-01
-3.888888888888888951e-01 -3.888888888888888951e-01 -3.888888888888888951e-01
-1.111110811138290577e+00 -1.111110882540758737e+00 -1.111110932647410898e+00
-1.111111111018242115e+00 -1.111111098689877563e+00 -1.111111111035306687e+00
-1.111111111107850213e+00 -1.111111110439961802e+00 -1.111111111107971006e+00
-1.111111111111012573e+00 -1.111111111111035887e+00 -1.111111111111025895e+00
-1.111111111111103833e+00 -1.111111111111105165e+00 -1.111111111111108052e+00
-1.111111111111110494e+00 -1.111111111111110272e+00 -1.111111111111110272e+00
-1.111111111111110938e+00 -1.111111111111110938e+00 -1.111111111111110938e+00
-1.111111111111076966e+00 -1.111111111110992589e+00 -1.111111111110780980e+00
-1.111111111110469230e+00 -1.111111111108681770e+00 -1.111111111106155347e+00
-1.111111108908225287e+00 -1.111111076075884441e+00 -1.111111110379190858e+00
-1.111087805782915883e+00 -1.111090314190768868e+00 -1.111093646078454400e+00
-3.888888888888888951e-01 -3.888888888888887840e-01 -3.888888888888888951e-01
-3.888888888888888951e-01 0.000000000000000000e+00 0.000000000000000000e+00
-3.888888888888888951e-01 0.000000000000000000e+00 -6.416666666666667185e-01
0.000000000000000000e+00 0.000000000000000000e+00 0.000000000000000000e+00
0.000000000000000000e+00 0.000000000000000000e+00 0.000000000000000000e+00
-3.888888888888888951e-01 0.000000000000000000e+00 0.000000000000000000e+00
-3.888888888888888951e-01 0.000000000000000000e+00 0.000000000000000000e+00
-3.888888888888888951e-01 -3.888888888888888951e-01 0.000000000000000000e+00
0.000000000000000000e+00 -3.888888888888888951e-01 0.000000000000000000e+00
-6.416666666666630547e-01 -3.888888337342805701e-01 0.000000000000000000e+00
-1.111111102297706488e+00 -1.111111105194817927e+00 -1.111111103603183992e+00
-1.111111111059999823e+00 -1.111111110974006388e+00 -1.111111111066542367e+00
-1.111111111110831606e+00 -1.111111111110756111e+00 -1.111111111110873351e+00
-1.111111111111085403e+00 -1.111111111111018124e+00 -1.111111111111054983e+00
-1.111111111111064087e+00 -1.111111111111071192e+00 -1.111111111111077188e+00
-1.111111111099542192e+00 -1.111111111110935523e+00 -1.111111111110937744e+00
-1.111111111102424109e+00 -1.111111111105970162e+00 -1.111111111061212631e+00
-1.111111110911841671e+00 -1.111111110941408242e+00 -1.111111111016878539e+00
-1.111102848609874183e+00 -1.111099181838752337e+00 -1.111100236191584933e+00
-3.888804812839345981e-01 -6.414459370935975402e-01 -6.397028050372259855e-01
-8.059722222222223120e-01 -3.888888888888447637e-01 0.000000000000000000e+00
-3.888888888888888951e-01 0.000000000000000000e+00 0.000000000000000000e+00
-6.416666666666667185e-01 -3.888888888888888951e-01 -6.416666666666621666e-01
0.000000000000000000e+00 0.000000000000000000e+00 0.000000000000000000e+00
0.000000000000000000e+00 0.000000000000000000e+00 0.000000000000000000e+00
0.000000000000000000e+00 -3.888888888888888951e-01 -3.888888888888888951e-01
0.000000000000000000e+00 0.000000000000000000e+00 -6.416666666665835628e-01
-3.888888888864507343e-01 -3.888888888888888951e-01 -6.416666665810095704e-01
-3.888888888888888951e-01 -3.888888888888888951e-01 -3.888888888888888951e-01
0.000000000000000000e+00 0.000000000000000000e+00 0.000000000000000000e+00
-3.888888888888888951e-01 -6.416666666404251540e-01 -3.888888888888885620e-01
-1.111111109841569133e+00 -1.111111109576287559e+00 -1.111111109075491266e+00
-1.111111111103514348e+00 -1.111111111054140510e+00 -1.111111111106555471e+00
-1.111111111110614447e+00 -1.111111111110937077e+00 -1.111111111110927085e+00
-1.111111111028969312e+00 -1.111111111017247133e+00 -1.111111111033124210e+00
-1.111111110931926937e+00 -1.111111110976877203e+00 -1.111111110972964555e+00
-1.111111110150448500e+00 -1.111111110047967143e+00 -1.111111110152712023e+00
-1.111109796640741942e+00 -1.111109299295366393e+00 -1.111110123585414167e+00
-1.103112063495250927e+00 -1.100546198194993996e+00 -1.105143870702853359e+00
0.000000000000000000e+00 -3.888888888475947048e-01 0.000000000000000000e+00
-6.416666666666667185e-01 -6.416666666666667185e-01 -3.888888888888888951e-01
-3.888888888888857864e-01 -3.888888888888888951e-01 -3.888888888888888951e-01
-6.416666666666415164e-01 -3.888888888888888951e-01 0.000000000000000000e+00
0.000000000000000000e+00 -3.888888888888888951e-01 0.000000000000000000e+00
0.000000000000000000e+00 0.000000000000000000e+00 0.000000000000000000e+00
-6.416666666666667185e-01 -6.416666666666615004e-01 -3.888888888888888951e-01
-3.888888888888888951e-01 -3.888888888888888951e-01 -6.416666666666667185e-01
-3.888888888888888951e-01 -3.888888888888888951e-01 -3.888888888888888951e-01
-6.416666666666667185e-01 -6.416666666666197560e-01 -3.888888888888888951e-01
-6.416666666666666075e-01 -3.888888888888888951e-01 -3.888888888888888951e-01
-3.888888888888888951e-01 -3.888888888888888951e-01 0.000000000000000000e+00
-8.059722206754343921e-01 -6.416666666666667185e-01 -6.416666666666667185e-01
-1.111109130503358688e+00 -1.111109371816220825e+00 -1.111108791799515716e+00
-1.111111077826881344e+00 -1.111111104257577420e+00 -1.111111103905794817e+00
-1.111111102466872502e+00 -1.111111110457570383e+00 -1.111111109986024692e+00
-1.111111109059715218e+00 -1.111111109062842051e+00 -1.111111108899807354e+00
-1.111110679985683580e+00 -1.111110792156798421e+00 -1.111110590627880645e+00
-1.110880319237704583e+00 -1.110883300284845943e+00 -1.110983042286828093e+00
-8.030068681419091359e-01 -7.779311832980070340e-01 -6.163888888888888751e-01
0.000000000000000000e+00 0.000000000000000000e+00 -3.888888888888888951e-01
-3.888888888888888951e-01 -3.888888888888888951e-01 -3.888888888888888951e-01
-3.888888888888888951e-01 -6.416666666660642004e-01 -6.416666666666667185e-01
-3.888888888888888951e-01 -3.888888888888888951e-01 0.000000000000000000e+00
-3.888888888888888951e-01 0.000000000000000000e+00 0.000000000000000000e+00
0.000000000000000000e+00 0.000000000000000000e+00 0.000000000000000000e+00
-3.888888888888888951e-01 -6.416666643600890119e-01 -3.888888888888888951e-01
-3.888888888888888951e-01 -3.888888888888888951e-01 0.000000000000000000e+00
-6.416666666666667185e-01 -6.416666666666667185e-01 -3.888888888888888951e-01
0.000000000000000000e+00 -6.416666666273111996e-01 0.000000000000000000e+00
0.000000000000000000e+00 -3.888888888888888951e-01 -3.888888888888887285e-01
-3.888888888888888951e-01 0.000000000000000000e+00 0.000000000000000000e+00
-3.888888888888887285e-01 -3.888888888888888951e-01 -3.888888888888888951e-01
-6.416666666666667185e-01 -6.416666666662910190e-01 -6.416666666666667185e-01
-1.109699247237973418e+00 -1.109389325561068063e+00 -1.108772002208219032e+00
-1.111046140216711997e+00 -1.111089930605718479e+00 -1.111087090714206971e+00
-1.111109007487012468e+00 -1.111110970529007425e+00 -1.111110928008000043e+00
-1.111101772850325631e+00 -1.111098137565556199e+00 -1.111101570626925827e+00
-1.101294142530591547e+00 -1.103803119020560164e+00 -1.099636505744437276e+00
-3.888888888888888951e-01 -3.888888888888888951e-01 -3.888888888888888951e-01
-6.416666666666666075e-01 0.000000000000000000e+00 0.000000000000000000e+00
-6.416666666666667185e-01 -6.416666666666667185e-01 -6.416666666666667185e-01
-3.888888888888888951e-01 -3.888888888880613903e-01 0.000000000000000000e+00
0.000000000000000000e+00 0.000000000000000000e+00 0.000000000000000000e+00
0.000000000000000000e+00 0.000000000000000000e+00 0.000000000000000000e+00
0.000000000000000000e+00 0.000000000000000000e+00 0.000000000000000000e+00
-6.416666666666667185e-01 -3.888888888888888951e-01 -3.888888888888559214e-01
-3.888888888888888951e-01 0.000000000000000000e+00 0.000000000000000000e+00
0.000000000000000000e+00 -3.888888888888807349e-01 0.000000000000000000e+00
0.000000000000000000e+00 -3.888888888888888951e-01 0.000000000000000000e+00
-3.888888888888888951e-01 -3.888888888888888951e-01 -3.888888888888888951e-01
0.000000000000000000e+00 0.000000000000000000e+00 -6.416666666666557273e-01
-3.888888888888888951e-01 0.000000000000000000e+00 0.000000000000000000e+00
-3.888888888888888951e-01 0.000000000000000000e+00 -3.888888888888887840e-01
-3.888888888888888951e-01 -3.888888888888888951e-01 0.000000000000000000e+00
-6.416666666275934183e-01 -6.416666666666666075e-01 -6.416666666666654972e-01
-3.888888888888888951e-01 0.000000000000000000e+00 -3.888888888888888951e-01
-3.888888888888888951e-01 0.000000000000000000e+00 0.000000000000000000e+00
-3.888888888888888951e-01 -3.888888888888888951e-01 -3.888888888888888951e-01
-3.888888888888888951e-01 0.000000000000000000e+00 0.000000000000000000e+00
-3.888888888888888951e-01 0.000000000000000000e+00 0.000000000000000000e+00
-6.416666666666667185e-01 -6.416666666666667185e-01 -6.416666666666667185e-01
-3.888888888888888951e-01 -3.888888888888888951e-01 -3.888888888888888951e-01
0.000000000000000000e+00 0.000000000000000000e+00 0.000000000000000000e+00
0.000000000000000000e+00 0.000000000000000000e+00 0.000000000000000000e+00
0.000000000000000000e+00 0.000000000000000000e+00 0.000000000000000000e+00
0.000000000000000000e+00 0.000000000000000000e+00 0.000000000000000000e+00
0.000000000000000000e+00 0.000000000000000000e+00 0.000000000000000000e+00
0.000000000000000000e+00 0.000000000000000000e+00 0.000000000000000000e+00
0.000000000000000000e+00 0.000000000000000000e+00 0.000000000000000000e+00
0.000000000000000000e+00 0.000000000000000000e+00 0.000000000000000000e+00
0.000000000000000000e+00 0.000000000000000000e+00 0.000000000000000000e+00
0.000000000000000000e+00 0.000000000000000000e+00 0.000000000000000000e+00
0.000000000000000000e+00 0.000000000000000000e+00 0.000000000000000000e+00
0.000000000000000000e+00 0.000000000000000000e+00 0.000000000000000000e+00
0.000000000000000000e+00 0.000000000000000000e+00 0.000000000000000000e+00
0.000000000000000000e+00 0.000000000000000000e+00 0.000000000000000000e+00
0.000000000000000000e+00 0.000000000000000000e+00 0.000000000000000000e+00
0.000000000000000000e+00 0.000000000000000000e+00 0.000000000000000000e+00
0.000000000000000000e+00 0.000000000000000000e+00 0.000000000000000000e+00
0.000000000000000000e+00 0.000000000000000000e+00 0.000000000000000000e+00
0.000000000000000000e+00 0.000000000000000000e+00 0.000000000000000000e+00
0.000000000000000000e+00 0.000000000000000000e+00 0.000000000000000000e+00
0.000000000000000000e+00 0.000000000000000000e+00 0.000000000000000000e+00
0.000000000000000000e+00 0.000000000000000000e+00 0.000000000000000000e+00
