0.000000000000000000e+00 0.000000000000000000e+00 0.000000000000000000e+00
0.000000000000000000e+00 -4.848635017861334440e+00 0.000000000000000000e+00
0.000000000000000000e+00 0.000000000000000000e+00 -5.903377065155010150e+00
-1.919564268977569199e+01 -1.915430531610642717e+01 -1.907669190514879887e+01
-1.943985198166095074e+01 -1.961436459061944859e+01 -1.954728615859457364e+01
-1.945260382984651315e+01 -1.949163398866672026e+01 -1.955764215176006005e+01
-1.944226640763437786e+01 -1.956148711198762413e+01 -1.954061798295681029e+01
-1.948854662251400072e+01 -1.949412214644344132e+01 -1.947126557316553175e+01
-1.951342463950099670e+01 -1.952450479115050896e+01 -1.949209089635527903e+01
-1.951818634230692595e+01 -1.957023413162878711e+01 -1.947089256469383400e+01
-1.944038359506837566e+01 -1.943380146425587185e+01 -1.941128887683260729e+01
-1.940074263927522935e+01 -1.939635068319567068e+01 -1.934337301736152526e+01
-1.929909375611766009e+01 -1.944702146001284149e+01 -1.943653742875914503e+01
-6.947761548976371770e+00 0.000000000000000000e+00 0.000000000000000000e+00
0.000000000000000000e+00 0.000000000000000000e+00 -1.045696251712334046e+01
-6.957337260141105872e+00 0.000000000000000000e+00 0.000000000000000000e+00
-6.979545128589297320e+00 -6.550984840825883282e+00 0.000000000000000000e+00
-6.939699347621919756e+00 -6.639865938315312022e+00 -1.123732592762359772e+01
0.000000000000000000e+00 -6.984560796370188562e+00 0.000000000000000000e+00
0.000000000000000000e+00 0.000000000000000000e+00 0.000000000000000000e+00
0.000000000000000000e+00 0.000000000000000000e+00 0.000000000000000000e+00
0.000000000000000000e+00 -6.866208888123637166e+00 0.000000000000000000e+00
-6.897602524704163685e+00 -6.944779892236440766e+00 -6.789359960656434545e+00
-1.943721341125671387e+01 -1.940116581572742049e+01 -1.948847135356998095e+01
-1.948637988842919810e+01 -1.971607685288283207e+01 -1.959934793053695401e+01
-1.950553455499883171e+01 -1.959627496279098224e+01 -1.959622870209015133e+01
-1.954573318543800653e+01 -1.959275086401548904e+01 -1.958619687866121950e+01
-1.961496409547997999e+01 -1.955799833422966216e+01 -1.963849609315324685e+01
-1.958747649065454866e+01 -1.963592984404032293e+01 -1.954473356748873414e+01
-1.960835784103104373e+01 -1.948492305740781561e+01 -1.960057333373814359e+01
-1.949392147089352179e+01 -1.955610318257644309e+01 -1.943559222646203466e+01
-1.945327937162253207e+01 -1.957362154838597945e+01 -1.935084108971745920e+01
-1.930569372556360364e+01 -1.930725536181470758e+01 -1.929040610718833904e+01
-1.919072524077429875e+01 -1.922003217572315137e+01 -1.922913617887112991e+01
-1.379265071656206487e+01 -1.141554754663676263e+01 -1.102015146849569049e+01
-6.952400033165364590e+00 -5.888939761175694620e+00 -6.956570290190385641e+00
-6.702998411523231503e+00 -1.088084413309114140e+01 -6.854102001942909084e+00
-6.892786111870361054e+00 -6.597089117841266948e+00 -6.910136150266504629e+00
-4.949936560879437231e+00 -6.889329109094560089e+00 0.000000000000000000e+00
-6.141416977391909171e+00 0.000000000000000000e+00 0.000000000000000000e+00
0.000000000000000000e+00 0.000000000000000000e+00 0.000000000000000000e+00
-6.877992903623455057e+00 -6.941427029618785660e+00 0.000000000000000000e+00
-1.861305525921229531e+01 -1.881715030964942414e+01 -1.872440057695386173e+01
-1.934288424467435519e+01 -1.937697198776697149e+01 -1.931668809554352961e+01
-1.963153811316978903e+01 -1.958947341777709639e+01 -1.963156996279576560e+01
-1.954954510587160499e+01 -1.961581330415864954e+01 -1.963378367279508296e+01
-1.960746569488580704e+01 -1.963884747975620115e+01 -1.964846338831366879e+01
-1.965383339986829725e+01 -1.961125507327705719e+01 -1.968217437718787366e+01
-1.962052078572899561e+01 -1.958096614292336923e+01 -1.963861312832896644e+01
-1.959331482127772972e+01 -1.956950834926377070e+01 -1.953948756805689868e+01
-1.954116841471594412e+01 -1.950050248138398601e+01 -1.957796032979996070e+01
-1.954635681815843995e+01 -1.949613338419538522e+01 -1.942662122646234835e+01
-1.930355873315243898e+01 -1.942501601448368120e+01 -1.942885004165395557e+01
-1.918159877687749670e+01 -1.918988235677368692e+01 -1.913132099527961572e+01
-1.911844241285728074e+01 -1.911340283649571248e+01 -1.906142573734553736e+01
-9.817247320617536133e+00 -1.007071586181000100e+01 -1.093439575832466559e+01
-6.830490668598561577e+00 0.000000000000000000e+00 0.000000000000000000e+00
-6.550203079893812230e+00 -6.969521734727413431e+00 0.000000000000000000e+00
0.000000000000000000e+00 0.000000000000000000e+00 -6.224397423369835813e+00
0.000000000000000000e+00 0.000000000000000000e+00 0.000000000000000000e+00
0.000000000000000000e+00 0.000000000000000000e+00 0.000000000000000000e+00
0.000000000000000000e+00 -6.856896469644412129e+00 0.000000000000000000e+00
-1.921520755004197412e+01 -1.927409999690775777e+01 -1.921894056727929012e+01
-1.933059332482185866e+01 -1.952098980556888108e+01 -1.949432470984529431e+01
-1.966362889561681015e+01 -1.967488559805507009e+01 -1.965636343522211504e+01
-1.970554714456526924e+01 -1.966450796858840633e+01 -1.969384842666254443e+01
-1.964454609856188583e+01 -1.967814248328075166e+01 -1.967263149683396861e+01
-1.968512601352419367e+01 -1.966825529334375844e+01 -1.969164475110350665e+01
-1.966592362301373953e+01 -1.963984178200312058e+01 -1.966540018425682490e+01
-1.966023789468696137e+01 -1.965779826983625256e+01 -1.964594300191011556e+01
-1.962280832102102934e+01 -1.963135378692259181e+01 -1.959537808684886073e+01
-1.959458833734814931e+01 -1.960944526849897684e+01 -1.950317877648215159e+01
-1.945138014739082521e+01 -1.943985457654844140e+01 -1.928478587420997314e+01
-1.936260943473095253e+01 -1.939502854385367314e+01 -1.913400647624646211e+01
-1.909836180029267183e+01 -1.907723788207898252e+01 -1.900970678261338875e+01
-1.897897452430458287e+01 -1.899642847982435256e+01 -1.897455442125320957e+01
-6.976900253956611841e+00 -6.816182722161316931e+00 0.000000000000000000e+00
0.000000000000000000e+00 0.000000000000000000e+00 0.000000000000000000e+00
-6.580898173690211905e+00 -6.960693684504535739e+00 0.000000000000000000e+00
0.000000000000000000e+00 0.000000000000000000e+00 0.000000000000000000e+00
0.000000000000000000e+00 0.000000000000000000e+00 0.000000000000000000e+00
-6.942748157444285972e+00 0.000000000000000000e+00 0.000000000000000000e+00
-1.922386405336217408e+01 -1.930471435516146528e+01 -1.933040152892021624e+01
-1.957978037857818521e+01 -1.961443556447700942e+01 -1.952202469378709182e+01
-1.970376297858680914e+01 -1.970374136584047875e+01 -1.970184809853139996e+01
-1.973561748690054785e+01 -1.971172021975397470e+01 -1.977649473167660688e+01
-1.969411407709904438e+01 -1.974247241721560187e+01 -1.973809852371937623e+01
-1.974186689483419599e+01 -1.974165709510268130e+01 -1.973288444316683510e+01
-1.974977387201757750e+01 -1.974856743326907704e+01 -1.974558109019076468e+01
-1.970651963067983203e+01 -1.976561882311488816e+01 -1.974100342310111600e+01
-1.972576423642064469e+01 -1.966657527284055362e+01 -1.971818948204631994e+01
-1.963386266492064891e+01 -1.964014511067989588e+01 -1.956197456535943502e+01
-1.954923378424804525e+01 -1.959874767309114674e+01 -1.951379964216898699e+01
-1.940492638949612214e+01 -1.945736192000759956e+01 -1.941366529328563928e+01
-1.922569242203913831e+01 -1.934837334028573252e+01 -1.907194364412049126e+01
-1.896243190943661006e+01 -1.897288048624836776e+01 -1.892366505611317251e+01
-1.881992867490130195e+01 -1.881237587367629871e+01 -1.883690825102762645e+01
-6.867149339083961301e+00 -6.974386529876232643e+00 -6.969832618855960504e+00
-9.905682149696836802e+00 -1.138121819307475491e+01 -6.867933441464517230e+00
0.000000000000000000e+00 0.000000000000000000e+00 0.000000000000000000e+00
0.000000000000000000e+00 0.000000000000000000e+00 0.000000000000000000e+00
-6.669382965663564811e+00 0.000000000000000000e+00 0.000000000000000000e+00
-1.921314020258277466e+01 -1.922265295300654131e+01 -1.925558110524162814e+01
-1.964455814623858032e+01 -1.964745623643969097e+01 -1.957790000989439605e+01
-1.971454750085873187e+01 -1.972921194716072790e+01 -1.972902017653943219e+01
-1.975829569422947074e+01 -1.974400064705895730e+01 -1.976528590669066787e+01
-1.977770506031244935e+01 -1.975725982866799058e+01 -1.977238598764270705e+01
-1.978235534478580249e+01 -1.978475287315157516e+01 -1.977359484090024111e+01
-1.980935317177149813e+01 -1.987097737089950655e+01 -1.981824230819358235e+01
-1.986194859631434184e+01 -1.986339640776481730e+01 -1.982883749029672771e+01
-1.986314662602580228e+01 -1.988301619877034909e+01 -1.979533803050419394e+01
-1.983463097343705428e+01 -1.988025694393098419e+01 -1.981746033958189201e+01
-1.962485692211654964e+01 -1.965590025674633878e+01 -1.948149610437963375e+01
-1.963628217402093767e+01 -1.952289973128353751e+01 -1.944382846448966617e+01
-1.932132722134989322e+01 -1.920127371468527855e+01 -1.918024149129489686e+01
-1.906437099938866098e+01 -1.906958709027077603e+01 -1.888012761846394483e+01
-1.880949640643252607e+01 -1.881810980629854413e+01 -1.880801271839019506e+01
-1.105127813678132753e+01 -6.906103026296885439e+00 -8.509912541240119310e+00
-1.115773109916260175e+01 0.000000000000000000e+00 0.000000000000000000e+00
0.000000000000000000e+00 0.000000000000000000e+00 0.000000000000000000e+00
0.000000000000000000e+00 0.000000000000000000e+00 0.000000000000000000e+00
-6.935869076222422436e+00 -8.115599992916779470e+00 -6.820273942048331151e+00
-1.913909946081491498e+01 -1.915352277346953969e+01 -1.913885042867003250e+01
-1.961855944670939778e+01 -1.960951150758057793e+01 -1.961631501927076826e+01
-1.975043327703543028e+01 -1.974721791752839550e+01 -1.973938031601616672e+01
-1.977154408716559431e+01 -1.979152881096716499e+01 -1.978893862021229211e+01
-1.979179661242482524e+01 -1.980559602623041826e+01 -1.979866882859852240e+01
-1.979371679619680080e+01 -1.981155808663663009e+01 -1.982202954169265041e+01
-1.982249830052292694e+01 -1.988321157668365657e+01 -1.988496911740567441e+01
-1.997622319755980058e+01 -1.997611147367438988e+01 -1.996228788994690717e+01
-1.997745737040267855e+01 -1.997757377347638652e+01 -1.992109979583668178e+01
-1.995433591475945079e+01 -1.995078594800679639e+01 -1.991736034821337142e+01
-1.993371189566653712e+01 -1.988583609618546078e+01 -1.984714007123022483e+01
-1.972984858141746400e+01 -1.971084907051470836e+01 -1.941099343015636691e+01
-1.935317807731287587e+01 -1.928333069333411132e+01 -1.926305810281632702e+01
-1.900860292995429290e+01 -1.890911504527389653e+01 -1.909449205152566620e+01
-1.876519325457653053e+01 -1.875032141086038706e+01 -1.875703868922485640e+01
-1.866538221951472920e+01 -1.851528982173292448e+01 -1.865569080561026283e+01
-6.809176416289061784e+00 -5.429968194145559757e+00 -1.077577674922951090e+01
-6.943972005347517573e+00 -6.969300406813589532e+00 0.000000000000000000e+00
0.000000000000000000e+00 0.000000000000000000e+00 0.000000000000000000e+00
-1.133490757703354745e+01 -3.499999999999999778e-01 0.000000000000000000e+00
-1.898101482863068767e+01 -1.901630171745641462e+01 -1.913248572757517607e+01
-1.953767295116826475e+01 -1.955267736875133622e+01 -1.954094208752902873e+01
-1.978996382797053499e+01 -1.970324370209898390e+01 -1.975982287761343059e+01
-1.981308542045358934e+01 -1.983791030989119974e+01 -1.979750551558021243e+01
-1.980391990825032877e+01 -1.981538883814794971e+01 -1.981410269273906266e+01
-1.981323860270984483e+01 -1.983547688776239681e+01 -1.982926580810077155e+01
-1.986306147725531090e+01 -1.990018501771184134e+01 -1.992937087917785277e+01
-1.991057526834803681e+01 -1.997442521106132318e+01 -1.997485375699108090e+01
-1.993319857339360368e+01 -1.996975795862829983e+01 -1.995778208979953305e+01
-1.994659293157591406e+01 -1.994696345863082243e+01 -1.994682981345189177e+01
-1.994509871406372881e+01 -1.994554967875537699e+01 -1.990478957479665567e+01
-1.981913579123341407e+01 -1.980527257859974810e+01 -1.980344255064064640e+01
-1.951512832969201128e+01 -1.942209357985161589e+01 -1.929758271299276018e+01
-1.931546364140491789e+01 -1.904029242926853982e+01 -1.896129253546791560e+01
-1.876144777111578676e+01 -1.868454796241269733e+01 -1.870302028726555577e+01
-1.846958861742979963e+01 -1.854449287872412810e+01 -1.848335321754108662e+01
-6.878087137848200250e+00 0.000000000000000000e+00 -6.890502954266930047e+00
0.000000000000000000e+00 0.000000000000000000e+00 0.000000000000000000e+00
0.000000000000000000e+00 0.000000000000000000e+00 0.000000000000000000e+00
-6.980998128176058692e+00 0.000000000000000000e+00 0.000000000000000000e+00
-1.882570499578083201e+01 -1.909510756067601278e+01 -1.903862252287039780e+01
-1.902340944091187325e+01 -1.934024458319055739e+01 -1.936487823234022088e+01
-1.949500760846319736e+01 -1.970705767007270026e+01 -1.970716696977581606e+01
-1.982072088856686065e+01 -1.982023996787962972e+01 -1.981598902778962668e+01
-1.982189726556765308e+01 -1.982475230238792108e+01 -1.982436226449631533e+01
-1.984214053376970455e+01 -1.984751076194591235e+01 -1.983411952924965149e+01
-1.987656241629298037e+01 -1.991735125539735662e+01 -1.990140779843428120e+01
-1.994575530345960601e+01 -1.992264177079642806e+01 -1.993749623034861429e+01
-1.992680173087328654e+01 -1.994148107387824354e+01 -1.993772541690975686e+01
-1.994496763195329692e+01 -1.992219018908292227e+01 -1.992805979344860745e+01
-1.992707287112457948e+01 -1.991842205766258544e+01 -1.993746878696281399e+01
-1.984151592993850244e+01 -1.981779595280545792e+01 -1.980929356877479464e+01
-1.948327565337484302e+01 -1.933399322238236095e+01 -1.928512352828396104e+01
-1.913139564745159760e+01 -1.903871798871653453e+01 -1.897558943688929034e+01
-1.861667885073020656e+01 -1.863291127440678707e+01 -1.861134251079460711e+01
-1.843356692819203957e+01 -1.854395913481387836e+01 -1.841211429351015028e+01
-6.596047541229951960e+00 0.000000000000000000e+00 0.000000000000000000e+00
0.000000000000000000e+00 0.000000000000000000e+00 0.000000000000000000e+00
0.000000000000000000e+00 0.000000000000000000e+00 0.000000000000000000e+00
-6.846522134542902371e+00 0.000000000000000000e+00 0.000000000000000000e+00
-1.880983671581532590e+01 -1.883419183931168917e+01 -1.856716809704786542e+01
-1.887779029410434006e+01 -1.909202034558580863e+01 -1.910482302342756000e+01
-1.958137123471722418e+01 -1.952037185959498444e+01 -1.960665822810282677e+01
-1.958154976629039368e+01 -1.966901608990518824e+01 -1.975174407320802317e+01
-1.978150289117902005e+01 -1.976886599574248038e+01 -1.969940950373735689e+01
-1.982285168724106583e+01 -1.983019334375364906e+01 -1.983744609923417457e+01
-1.986422499075640502e+01 -1.986126379153138544e+01 -1.986885550908512243e+01
-1.989345191160693815e+01 -1.989426839865095786e+01 -1.990221589289341608e+01
-1.988393963842665002e+01 -1.990260723002991128e+01 -1.990086608757062692e+01
-1.989815046408248378e+01 -1.990324280541282320e+01 -1.990507001257840614e+01
-1.988247359025248073e+01 -1.989719585977852390e+01 -1.989768759766111117e+01
-1.982597772729971553e+01 -1.984254389509851890e+01 -1.975552232040837808e+01
-1.952505687469643902e+01 -1.947800568789063647e+01 -1.936422230718498128e+01
-1.910058445056038678e+01 -1.908040130532357637e+01 -1.903760184933146249e+01
-1.858464136822122015e+01 -1.859886759471990203e+01 -1.854564247632456642e+01
-1.832625128319575580e+01 -1.832976688636768259e+01 -1.838410073297402647e+01
0.000000000000000000e+00 0.000000000000000000e+00 0.000000000000000000e+00
0.000000000000000000e+00 0.000000000000000000e+00 0.000000000000000000e+00
0.000000000000000000e+00 0.000000000000000000e+00 0.000000000000000000e+00
-6.799299888707237116e+00 -5.400694735843210914e+00 0.000000000000000000e+00
-6.865065018807659847e+00 -6.941048311216077238e+00 -1.135839802024762868e+01
-1.889137785295081073e+01 -1.913282716333410605e+01 -1.912634991875838963e+01
-1.935712847764928668e+01 -1.906687492284521568e+01 -1.938627040508201560e+01
-1.961662423427217306e+01 -1.943647410586969926e+01 -1.959581515723778011e+01
-1.964925361886823296e+01 -1.972295511827879366e+01 -1.976971460042560835e+01
-1.969127931266099552e+01 -1.977880126082985868e+01 -1.978109173016019184e+01
-1.982165991641787883e+01 -1.982840010081428517e+01 -1.980233559867882320e+01
-1.986068212371879227e+01 -1.985386964965029577e+01 -1.986171331955108244e+01
-1.986122391618244265e+01 -1.986446779481683933e+01 -1.986641661325078800e+01
-1.986212612300439062e+01 -1.986194430876697226e+01 -1.987977643712925158e+01
-1.986303453796893592e+01 -1.987836719428160848e+01 -1.982819108385045226e+01
-1.972412417486077274e+01 -1.968715075050248231e+01 -1.968654998822560387e+01
-1.947620314855593904e+01 -1.945368513551526490e+01 -1.935166810480249922e+01
-1.854570689999199473e+01 -1.870408722432365423e+01 -1.851020163800462726e+01
-1.847452003487135386e+01 -1.849557087824662460e+01 -1.845008003138917374e+01
-1.805580694958128163e+01 -1.808070195931608026e+01 -1.806418005330574417e+01
-6.978048295928529043e+00 0.000000000000000000e+00 -6.886742597296695578e+00
0.000000000000000000e+00 0.000000000000000000e+00 0.000000000000000000e+00
0.000000000000000000e+00 0.000000000000000000e+00 0.000000000000000000e+00
-6.889206887251882350e+00 -1.130242480353228629e+01 -6.963991354780120879e+00
-6.240917291150215540e+00 0.000000000000000000e+00 -6.024476531533532686e+00
-1.839713222629304568e+01 -1.840163219084697843e+01 -1.841506698100794281e+01
-1.919214829239570008e+01 -1.918197799745749776e+01 -1.915889570312453216e+01
-1.953707252082655899e+01 -1.948002734258716373e+01 -1.933874309223618937e+01
-1.961450947460721395e+01 -1.954799795756303737e+01 -1.961290842958953107e+01
-1.971244795750016010e+01 -1.970462497310492367e+01 -1.968936545247073866e+01
-1.980202637153193734e+01 -1.971039956224932510e+01 -1.978895654329502918e+01
-1.978172532226864888e+01 -1.978973090764232978e+01 -1.980345202472902599e+01
-1.980225318823273639e+01 -1.979840534639873795e+01 -1.980079780312697224e+01
-1.980004804785380301e+01 -1.980025394455925891e+01 -1.976440457260861905e+01
-1.978466446563616898e+01 -1.976648219256974315e+01 -1.973801506263777839e+01
-1.955994185696139098e+01 -1.967205421355162542e+01 -1.963656876648125404e+01
-1.943817480855496527e+01 -1.937937827810570823e+01 -1.934666176455677800e+01
-1.838564580991672059e+01 -1.850556260930902042e+01 -1.858749238732705322e+01
-1.832491033974087813e+01 -1.837010205690134867e+01 -1.836458963828990676e+01
-6.759364576035372885e+00 -6.522723714608078538e+00 -5.733417408907964585e+00
-5.806105810898155362e+00 -6.929475809806983300e+00 -1.069963689178007371e+01
0.000000000000000000e+00 -6.937710376642745480e+00 0.000000000000000000e+00
0.000000000000000000e+00 0.000000000000000000e+00 0.000000000000000000e+00
-6.939738640262062219e+00 -6.796706725568196106e+00 -6.992211808262322137e+00
-6.024757615654284137e+00 -1.097485763171714623e+01 -6.975217709143803901e+00
-6.946608466874039323e+00 0.000000000000000000e+00 0.000000000000000000e+00
-1.944716257869008658e+01 -1.929588328090738258e+01 -1.901119356232086943e+01
-1.922999655108143457e+01 -1.922448135775055533e+01 -1.935129594404981646e+01
-1.925666797120258877e+01 -1.936766520941953829e+01 -1.941685877777781855e+01
-1.958150932620356244e+01 -1.957538467122658332e+01 -1.960759729226158754e+01
-1.957689709033724057e+01 -1.971294936612158111e+01 -1.960063523274054020e+01
-1.968962876701792908e+01 -1.969352723259700255e+01 -1.968147286976399357e+01
-1.966166051630736433e+01 -1.968466982989581027e+01 -1.969226465167865925e+01
-1.967434596662664603e+01 -1.970870461835588472e+01 -1.971260246424498064e+01
-1.970755162746293365e+01 -1.969774382404134627e+01 -1.969813088749195273e+01
-1.950740651497341815e+01 -1.961845492756410536e+01 -1.963579441762124489e+01
-1.873117410839765640e+01 -1.871906427244772075e+01 -1.833229999863617010e+01
-1.840277286955612013e+01 -1.831902179716522028e+01 -1.827395978161857926e+01
-1.825305068190998625e+01 -1.797007693285651442e+01 -1.794430468222653374e+01
-6.383296774691149089e+00 -6.752501144158967961e+00 -1.351499834394159194e+01
0.000000000000000000e+00 -6.854118703837692728e+00 -1.078800573799085782e+01
-6.823970733074615325e+00 0.000000000000000000e+00 -6.972528127005796605e+00
0.000000000000000000e+00 0.000000000000000000e+00 0.000000000000000000e+00
-6.894168389099415428e+00 -6.980771395497277432e+00 0.000000000000000000e+00
-6.954952203484246809e+00 0.000000000000000000e+00 0.000000000000000000e+00
0.000000000000000000e+00 0.000000000000000000e+00 -1.034468512181777733e+01
-6.521251410175624486e+00 -6.883380416141518410e+00 -6.921026771597405869e+00
-1.907495716942005259e+01 -1.932660260136545460e+01 -1.936274130747192146e+01
-1.934429087507986011e+01 -1.927160187096618316e+01 -1.934580212787440701e+01
-1.935245090127882506e+01 -1.946020810959808145e+01 -1.942190211435354286e+01
-1.946671623923113970e+01 -1.956860865239506353e+01 -1.954971116974675738e+01
-1.956129151392991972e+01 -1.960441009350507002e+01 -1.962053629301417956e+01
-1.960841480834412920e+01 -1.963529889812534890e+01 -1.964614126795203930e+01
-1.966397430365728738e+01 -1.964152540137879299e+01 -1.967737910629326947e+01
-1.943583948183428589e+01 -1.950055945434649018e+01 -1.963453998107180709e+01
-1.916960591240753331e+01 -1.907448193189711105e+01 -1.849179579937083062e+01
-1.840966941781392308e+01 -1.857516579007599944e+01 -1.813814102279292939e+01
-1.802608096517436209e+01 -1.807732386419840509e+01 -1.810113533062604319e+01
0.000000000000000000e+00 -1.133200450539392889e+01 -1.317677613392449487e+01
-1.135663933900116085e+01 -1.293840861438649270e+01 -1.109110641417898613e+01
-6.758274497329463060e+00 -1.133569276559547845e+01 -6.858383482603102266e+00
0.000000000000000000e+00 0.000000000000000000e+00 0.000000000000000000e+00
0.000000000000000000e+00 0.000000000000000000e+00 0.000000000000000000e+00
-6.813474844389916463e+00 -6.931497803409097713e+00 -9.313298582111093182e+00
-6.698190327795567001e+00 0.000000000000000000e+00 0.000000000000000000e+00
-6.977998139591496063e+00 0.000000000000000000e+00 0.000000000000000000e+00
-6.840289295289402105e+00 0.000000000000000000e+00 0.000000000000000000e+00
-3.751121424366167023e+00 -6.905692225993263378e+00 -6.790962393893032356e+00
-1.937637324862428656e+01 -1.933309886691711199e+01 -1.941211885718803387e+01
-1.945601973501367965e+01 -1.939731149314495795e+01 -1.942787326959886940e+01
-1.957974288477860725e+01 -1.946997443053119881e+01 -1.953986892962414146e+01
-1.954668041079521501e+01 -1.956895786022069572e+01 -1.957743033472279137e+01
-1.959090755306471010e+01 -1.962327855267002263e+01 -1.962878130973265556e+01
-1.960763056326046794e+01 -1.960607978289214515e+01 -1.960213841095504250e+01
-1.936466999758476604e+01 -1.903763840856873202e+01 -1.932536228584747562e+01
-1.864042510937109398e+01 -1.873687909325319367e+01 -1.788074100799490296e+01
-1.792927099322225715e+01 -1.793407533716463931e+01 -1.789044381572836784e+01
-1.680627552422276239e+01 -1.615463202191217107e+01 -1.665924526210899970e+01
-1.055652886118383016e+01 -1.134133070943216559e+01 -6.894464167246384001e+00
-6.910488375924370708e+00 -6.945082680920179996e+00 -1.027817749660621161e+01
-1.120636665448546054e+01 -6.791249839332190064e+00 -1.145000752623760221e+01
0.000000000000000000e+00 0.000000000000000000e+00 0.000000000000000000e+00
0.000000000000000000e+00 0.000000000000000000e+00 0.000000000000000000e+00
0.000000000000000000e+00 0.000000000000000000e+00 -6.985044679083375563e+00
-6.932324367204745208e+00 -1.105837808248194598e+01 0.000000000000000000e+00
0.000000000000000000e+00 0.000000000000000000e+00 0.000000000000000000e+00
-1.137276618119743077e+01 -1.093804267792724971e+01 -6.941842982132721218e+00
-1.108717438945182820e+01 0.000000000000000000e+00 0.000000000000000000e+00
-9.838350709216246770e+00 -1.148871759578109142e+01 -6.962772610270176799e+00
-1.946242665430305152e+01 -1.947501762274699999e+01 -1.947350592277520320e+01
-1.950118025039828851e+01 -1.954016260022189400e+01 -1.955023966544159464e+01
-1.956292679290116610e+01 -1.959822362592667488e+01 -1.959806330486659931e+01
-1.963503274122969700e+01 -1.961572055067711773e+01 -1.963529635869871726e+01
-1.945782876724056010e+01 -1.930384804679411914e+01 -1.941704297433769000e+01
-1.887576087575742179e+01 -1.880094934881957869e+01 -1.880285940890344776e+01
-1.789487788705208260e+01 -1.821587694765215559e+01 -1.760149026108796733e+01
-1.700440940920171684e+01 -1.671903976782435919e+01 -1.669328280709865453e+01
-6.843264149384159722e+00 -6.978071017383588703e+00 -6.496688369554561859e+00
-1.065982119562211317e+01 -1.102425373905942330e+01 -6.936190762859167691e+00
-6.963723277792054134e+00 -6.968979310132479732e+00 0.000000000000000000e+00
-1.132913144840814113e+01 -1.112719226942301276e+01 -1.148615465772445532e+01
0.000000000000000000e+00 0.000000000000000000e+00 0.000000000000000000e+00
0.000000000000000000e+00 0.000000000000000000e+00 0.000000000000000000e+00
0.000000000000000000e+00 -5.974406017373168787e+00 0.000000000000000000e+00
-6.879372360556370580e+00 0.000000000000000000e+00 0.000000000000000000e+00
-5.927279118710037764e+00 -6.973648628365056723e+00 0.000000000000000000e+00
-6.769286989186710457e+00 -1.136634601149185642e+01 -6.831021072715565801e+00
-6.965238325347329784e+00 0.000000000000000000e+00 0.000000000000000000e+00
-1.072265989990843238e+01 -1.053037812391937322e+01 -6.633043835654207854e+00
-6.842986755217633998e+00 -6.973056585895653470e+00 0.000000000000000000e+00
-1.954229336783025772e+01 -1.954624568347363223e+01 -1.953196957559995184e+01
-1.960129532825025933e+01 -1.962961323611811792e+01 -1.962910054822649641e+01
-1.959354369739505586e+01 -1.958744844807212360e+01 -1.942889306018082962e+01
-1.936657635280049661e+01 -1.937154196371321646e+01 -1.924501715480582575e+01
-1.745474486156232530e+01 -1.808422243632011117e+01 -1.714788107194990019e+01
-1.733116195942812610e+01 -1.731819145692774597e+01 -1.723126617552317086e+01
-1.053560471549385014e+01 -9.236859373710050392e+00 -8.968264711401557676e+00
0.000000000000000000e+00 0.000000000000000000e+00 0.000000000000000000e+00
-6.860387377048684954e+00 -6.948262335175837023e+00 0.000000000000000000e+00
-1.421603098742245308e+01 -1.145778800478383452e+01 -1.114471834510864312e+01
-1.138676668889628907e+01 -6.857146098163650727e+00 -6.924195060786948908e+00
-6.879424508461185361e+00 0.000000000000000000e+00 0.000000000000000000e+00
0.000000000000000000e+00 0.000000000000000000e+00 0.000000000000000000e+00
-1.024321916747105021e+01 0.000000000000000000e+00 -6.974797853230213285e+00
-6.608509550136634658e+00 -1.137476781108343360e+01 0.000000000000000000e+00
-1.124878164232075939e+01 -6.886269121848556551e+00 0.000000000000000000e+00
-6.840820961961873614e+00 0.000000000000000000e+00 -6.699296479386855019e+00
-6.846464666430039259e+00 -6.883483757559689664e+00 -1.120335260618130668e+01
-6.641067477667899510e+00 -6.954814928430303134e+00 0.000000000000000000e+00
-6.901707398826428808e+00 -3.946082656670874211e+00 0.000000000000000000e+00
-1.137500483409073126e+01 -6.897208845556145995e+00 -1.133615805252991393e+01
-1.919042699913049432e+01 -1.933680552083719562e+01 -1.918356442312258636e+01
-1.931442626947390195e+01 -1.916898309233609154e+01 -1.915841163028604299e+01
-1.894392017834529796e+01 -1.886701915163908794e+01 -1.834311250547414218e+01
-1.759174150424911431e+01 -1.728234673730446858e+01 -1.725534302470236270e+01
-1.673808712689804068e+01 -1.663248300717839712e+01 -1.661211129648195950e+01
-8.974318815333754529e+00 -9.132550273115372264e+00 -9.450048569821962730e+00
0.000000000000000000e+00 0.000000000000000000e+00 -6.386824138599962453e+00
-1.125741991915923279e+01 -1.145320540006968635e+01 -1.141152739172925479e+01
-1.148668342466999093e+01 -1.128117099553162461e+01 -1.052334658520241817e+01
-1.142249657274294883e+01 -9.425499147726100091e+00 -6.885129095326975701e+00
0.000000000000000000e+00 0.000000000000000000e+00 0.000000000000000000e+00
0.000000000000000000e+00 0.000000000000000000e+00 0.000000000000000000e+00
0.000000000000000000e+00 0.000000000000000000e+00 -6.463345466559391461e+00
-6.983495043050457873e+00 -6.813047659288221425e+00 0.000000000000000000e+00
-6.854801602103727909e+00 0.000000000000000000e+00 0.000000000000000000e+00
-6.856284304595586576e+00 0.000000000000000000e+00 0.000000000000000000e+00
-6.958138089800014470e+00 -6.812017871589545415e+00 -6.970785240633034618e+00
-1.145996533550646745e+01 -1.420301300071663064e+01 -1.437604728031903178e+01
0.000000000000000000e+00 0.000000000000000000e+00 -6.049331769940570425e+00
-1.146416468202737171e+01 -6.976802589812299615e+00 0.000000000000000000e+00
-1.135272031020348393e+01 -1.143584750704254915e+01 0.000000000000000000e+00
0.000000000000000000e+00 -6.979046837906266454e+00 0.000000000000000000e+00
-6.955890522325594461e+00 0.000000000000000000e+00 0.000000000000000000e+00
-1.101158180587536961e+01 -6.859244493448462876e+00 -1.141893298609004503e+01
-6.703440062191644344e+00 0.000000000000000000e+00 -6.950991775309360854e+00
-6.954005991857639124e+00 -6.956301603265027111e+00 0.000000000000000000e+00
-6.873950299248503093e+00 0.000000000000000000e+00 0.000000000000000000e+00
0.000000000000000000e+00 0.000000000000000000e+00 0.000000000000000000e+00
-6.962997274595595698e+00 -1.417457778242762423e+01 -6.975769832044470320e+00
0.000000000000000000e+00 0.000000000000000000e+00 0.000000000000000000e+00
0.000000000000000000e+00 0.000000000000000000e+00 -6.829688604991108747e+00
0.000000000000000000e+00 0.000000000000000000e+00 0.000000000000000000e+00
0.000000000000000000e+00 0.000000000000000000e+00 0.000000000000000000e+00
0.000000000000000000e+00 0.000000000000000000e+00 0.000000000000000000e+00
0.000000000000000000e+00 0.000000000000000000e+00 0.000000000000000000e+00
0.000000000000000000e+00 0.000000000000000000e+00 0.000000000000000000e+00
0.000000000000000000e+00 0.000000000000000000e+00 0.000000000000000000e+00
0.000000000000000000e+00 0.000000000000000000e+00 0.000000000000000000e+00
0.000000000000000000e+00 0.000000000000000000e+00 0.000000000000000000e+00
0.000000000000000000e+00 0.000000000000000000e+00 0.000000000000000000e+00
0.000000000000000000e+00 0.000000000000000000e+00 0.000000000000000000e+00
0.000000000000000000e+00 0.000000000000000000e+00 0.000000000000000000e+00
0.000000000000000000e+00 0.000000000000000000e+00 0.000000000000000000e+00
0.000000000000000000e+00 0.000000000000000000e+00 0.000000000000000000e+00
0.000000000000000000e+00 0.000000000000000000e+00 0.000000000000000000e+00
0.000000000000000000e+00 0.000000000000000000e+00 0.000000000000000000e+00
0.000000000000000000e+00 0.000000000000000000e+00 0.000000000000000000e+00
0.000000000000000000e+00 0.000000000000000000e+00 0.000000000000000000e+00
0.000000000000000000e+00 0.000000000000000000e+00 0.000000000000000000e+00
0.000000000000000000e+00 0.000000000000000000e+00 0.000000000000000000e+00
0.000000000000000000e+00 0.000000000000000000e+00 0.000000000000000000e+00
