0.000000000000000000e+00 0.000000000000000000e+00 0.000000000000000000e+00
0.000000000000000000e+00 0.000000000000000000e+00 0.000000000000000000e+00
0.000000000000000000e+00 0.000000000000000000e+00 0.000000000000000000e+00
-3.534491255832570289e+01 -3.533243329958437329e+01 -2.984819867373705193e+01
-8.181663668298472203e+01 -7.499061957980241289e+01 -8.178506093996824688e+01
-7.797509673306946354e+01 -8.827352927658067472e+01 -7.741623501535876528e+01
-7.695179315448366708e+01 -7.727629515576231256e+01 -7.724590907474082258e+01
-7.814143964837919043e+01 -7.841572275493116706e+01 -8.662385019133451181e+01
-8.799561765976778815e+01 -7.833535409287289042e+01 -7.860287674976144956e+01
-7.921756473479707950e+01 -7.925241154099445851e+01 -7.911922677669100779e+01
-7.980700970539140826e+01 -7.968130211190694467e+01 -7.962630617627817742e+01
-7.844799684718763899e+01 -7.848078758887029949e+01 -7.812119084517168233e+01
-8.420601010158904387e+01 -7.581578758659080108e+01 -8.121005271197827824e+01
-1.941879900225434241e+01 0.000000000000000000e+00 0.000000000000000000e+00
-2.081412157521051398e+01 0.000000000000000000e+00 -6.737174179629474402e+00
-3.565603390017668062e+01 -2.006821559849159087e+01 -2.340659896982393562e+01
-1.860392284410129093e+01 -8.520418317651254014e+00 0.000000000000000000e+00
-3.739186564721019579e+01 0.000000000000000000e+00 0.000000000000000000e+00
-1.391730643790365995e+01 -1.657339656767219438e+01 0.000000000000000000e+00
0.000000000000000000e+00 0.000000000000000000e+00 0.000000000000000000e+00
0.000000000000000000e+00 0.000000000000000000e+00 0.000000000000000000e+00
-1.710869578606758168e+01 0.000000000000000000e+00 -8.597517394964137694e+00
-3.009706852490572260e+01 -2.276066494250148153e+01 0.000000000000000000e+00
-6.062013531509752085e+01 -6.591565637848331960e+01 -6.542159357972009559e+01
-7.597117664272342097e+01 -7.644789668977792019e+01 -7.582689463353511883e+01
-7.750899041040193538e+01 -7.798754644948495240e+01 -7.791861205511648336e+01
-7.923731353372929220e+01 -8.239747375042549038e+01 -7.946540595175451926e+01
-7.989166267166220337e+01 -7.981058137247441664e+01 -7.959455915511503576e+01
-8.066221275005932512e+01 -8.034941296659933130e+01 -8.046041215333026742e+01
-8.051199948579862564e+01 -8.035661762133905484e+01 -8.047048681673255999e+01
-8.035775317251581384e+01 -8.025007356698515082e+01 -8.086197349756255903e+01
-8.251710839713162216e+01 -8.307937648983696022e+01 -7.916843210070874193e+01
-7.764628650430283585e+01 -7.704337003843490095e+01 -7.760954169517451362e+01
-7.534518818741483415e+01 -7.535467940153996835e+01 -7.524466910855473145e+01
-2.414067967516059809e+01 -2.246789490022282720e+01 -1.622316136151502164e+01
-1.672932843904841960e+01 -1.864015932410841714e+01 -2.290041898850809332e+01
-3.063141352273522955e+01 -1.730884740165621594e+01 -1.538533763399627574e+01
-3.521222399053887386e+01 -2.193327921993667928e+01 -4.020420762449958829e+01
-2.344445451929376745e+01 0.000000000000000000e+00 0.000000000000000000e+00
0.000000000000000000e+00 0.000000000000000000e+00 0.000000000000000000e+00
0.000000000000000000e+00 0.000000000000000000e+00 0.000000000000000000e+00
-1.861675164081606226e+01 0.000000000000000000e+00 -4.138124885539165909e+00
-1.567985350989783377e+01 -2.940643558932687185e+01 -2.758732788937861358e+01
-6.886071630929073706e+01 -7.328663321821606758e+01 -7.817554436106162541e+01
-7.819871692514118422e+01 -7.825932684381160698e+01 -7.862703640583070808e+01
-7.997299485462841062e+01 -8.009542176139319736e+01 -8.070004722841984801e+01
-8.229958663184432055e+01 -8.294453904795743426e+01 -8.297190397039376819e+01
-8.584372637524847960e+01 -8.426154584152361338e+01 -8.429863609326106655e+01
-8.403599785544740541e+01 -8.405322091683029839e+01 -8.400420832775742497e+01
-8.330302487541436562e+01 -8.645897498594425201e+01 -8.317240641183175853e+01
-8.333266500808018407e+01 -8.241891067889896760e+01 -8.197332408534575166e+01
-8.056084645959778356e+01 -8.007219228507167941e+01 -7.944950777915470042e+01
-8.166628440027822933e+01 -7.974849019417226259e+01 -7.825112921846974245e+01
-7.567981695110002249e+01 -7.537008420575267564e+01 -7.488502374814898133e+01
-7.331579784480848616e+01 -7.324185216447693847e+01 -7.337734684217059566e+01
-5.495098515787553595e+01 -5.155897156404691373e+01 -4.937041061428782029e+01
-2.023843969636086015e+01 -2.210477283271561788e+01 -2.194844620489623210e+01
0.000000000000000000e+00 0.000000000000000000e+00 0.000000000000000000e+00
0.000000000000000000e+00 0.000000000000000000e+00 0.000000000000000000e+00
0.000000000000000000e+00 0.000000000000000000e+00 0.000000000000000000e+00
0.000000000000000000e+00 0.000000000000000000e+00 0.000000000000000000e+00
0.000000000000000000e+00 -6.965427195267084315e+00 -2.073039373975788990e+01
-5.963196176151099337e+01 -6.218518736928981383e+01 -6.861035780217017077e+01
-7.667162182245709801e+01 -7.656627678758985667e+01 -7.732936482184381077e+01
-7.975948271443201065e+01 -8.032902173040770322e+01 -8.036392998328301474e+01
-8.430718705423849713e+01 -8.530255222987013042e+01 -9.171634948737816728e+01
-8.659194561769137977e+01 -8.684163920484334653e+01 -8.671911820283676775e+01
-8.633304325923849376e+01 -8.805662055287970702e+01 -8.874702100712805475e+01
-9.235513513566561983e+01 -9.277969386077162994e+01 -9.289363409672996852e+01
-9.407065464469530980e+01 -9.419137540538707754e+01 -9.419831299513600698e+01
-9.441891562025330131e+01 -9.498801380371368452e+01 -9.413029230245781775e+01
-9.318588098369622230e+01 -9.405999339593442699e+01 -9.315767235471660968e+01
-9.037215651460503807e+01 -9.072978220021254003e+01 -8.479824702431886863e+01
-7.634093951175901793e+01 -7.741311308442760719e+01 -7.470910552841404240e+01
-7.250089081882300945e+01 -7.181801568818471537e+01 -7.266324537116594229e+01
-7.008249748428649184e+01 -7.032030053843871542e+01 -6.909370624703480246e+01
-1.981529449998487280e+01 -2.535067099881044328e+01 -2.963177982899365048e+01
-2.240277368940417446e+01 -1.831650311620322924e+01 0.000000000000000000e+00
-3.189140669796081440e+01 -1.758512902223110785e+01 -3.860802162964890272e+01
0.000000000000000000e+00 0.000000000000000000e+00 0.000000000000000000e+00
0.000000000000000000e+00 0.000000000000000000e+00 0.000000000000000000e+00
-1.745615076971007440e+01 -3.213757050409578486e+00 -2.159969840628495774e+01
-6.769943304435068399e+01 -6.968972986586913976e+01 -6.887177344494324416e+01
-7.999233480056955159e+01 -7.900570288769377214e+01 -8.030853138245363709e+01
-8.357670821973950126e+01 -8.293481421603893011e+01 -8.329713407223721333e+01
-8.888015577063551120e+01 -8.716323305922998088e+01 -8.686981366885335376e+01
-8.792203720446038062e+01 -8.910831708231481230e+01 -8.958978494489917921e+01
-9.575516190564961505e+01 -9.617395469310640976e+01 -9.592570429520456798e+01
-9.836279172565664908e+01 -9.782795951011216573e+01 -9.888113731532847339e+01
-1.005691838488486241e+02 -1.002590386495850083e+02 -1.003113576824654558e+02
-1.019833197702097465e+02 -1.009795493199618761e+02 -1.018634985944925404e+02
-9.882232603937977444e+01 -9.693650176226684323e+01 -9.782424579997307035e+01
-9.603336306096998953e+01 -9.459875715387015305e+01 -9.640248074353139884e+01
-8.583416926427879901e+01 -8.950335372690641123e+01 -9.009637966653014018e+01
-7.432196202273613039e+01 -7.647252645472308075e+01 -7.190329953396484086e+01
-6.859473332915878530e+01 -6.756272064108885900e+01 -7.407979702166210245e+01
-6.602132476323744470e+01 -6.610660193207067437e+01 -6.504729581265887361e+01
-1.871295746160094708e+01 0.000000000000000000e+00 -2.085412157521051313e+01
-3.170573209922703128e+01 -3.674674302859051522e+01 -3.177185097155899740e+01
-9.920050598906959394e+00 -1.766037194185183168e+01 0.000000000000000000e+00
0.000000000000000000e+00 0.000000000000000000e+00 0.000000000000000000e+00
-2.381271219528110805e+01 -2.638024852863420122e+01 -2.190214116956730450e+01
-7.841099970259648444e+01 -7.154025550630268526e+01 -7.110959003684729396e+01
-8.104634263872023325e+01 -8.078293242053595691e+01 -8.486992857423594216e+01
-8.965922725683913086e+01 -8.642984584768406364e+01 -8.611239451379665866e+01
-8.881187209240931679e+01 -8.973361068280316033e+01 -8.992642546101488676e+01
-9.052356199861480945e+01 -9.470901988027519280e+01 -9.478596672090365871e+01
-9.834666358143174136e+01 -9.956947441351731243e+01 -9.990402863956200008e+01
-1.078412807017084134e+02 -1.081332455098812773e+02 -1.084622643421411539e+02
-1.124143477050977680e+02 -1.085082379611995407e+02 -1.125079866603264804e+02
-1.154078934506154042e+02 -1.118960267571724501e+02 -1.086491991968395183e+02
-1.083402402545868739e+02 -1.065281187985115707e+02 -1.043494007638172150e+02
-1.024138482794885761e+02 -1.024604199346631788e+02 -9.898756021504726732e+01
-9.355685519691213869e+01 -9.272586958167988769e+01 -9.404394765874171469e+01
-8.498796285512152338e+01 -8.416516940450701156e+01 -7.594074922123519400e+01
-6.871946384987658973e+01 -6.732092313626884561e+01 -6.640013923968729159e+01
-7.004717602121300501e+01 -6.260093766234363954e+01 -6.511597240843595102e+01
-1.901967151231735542e+01 -1.532489875116209888e+01 -3.362654429447001547e+01
-3.762601504858054824e+01 0.000000000000000000e+00 0.000000000000000000e+00
0.000000000000000000e+00 0.000000000000000000e+00 0.000000000000000000e+00
0.000000000000000000e+00 0.000000000000000000e+00 0.000000000000000000e+00
-2.000000000000000111e-01 -2.369030945259736853e+01 0.000000000000000000e+00
-7.037752542600317440e+01 -7.055279491408248305e+01 -7.279833684825973705e+01
-8.210893174836947139e+01 -8.201506969336683994e+01 -8.218757946889913057e+01
-8.669696046707895221e+01 -8.692496687368553410e+01 -8.680541437544827943e+01
-9.423851854111956072e+01 -9.013040643671811836e+01 -9.041096682273381191e+01
-9.524823610335556623e+01 -9.615066196834578705e+01 -9.566799085301940408e+01
-1.000219187624305448e+02 -1.022907979396392477e+02 -1.013770220956947270e+02
-1.112972877078425142e+02 -1.129891370657982037e+02 -1.155688540384831953e+02
-1.266307395226215107e+02 -1.270571055108917164e+02 -1.244127676523394399e+02
-1.272118710418005776e+02 -1.281344339094095517e+02 -1.228234127502863942e+02
-1.199897753226437800e+02 -1.203389981326065907e+02 -1.199444087797121483e+02
-1.074235038515269167e+02 -1.074582435381787064e+02 -1.003119212171660735e+02
-9.966488767975479846e+01 -9.984569344153008785e+01 -9.657636698658706109e+01
-8.782057504432656003e+01 -8.788862963400480055e+01 -8.446763759544994343e+01
-7.236078823816274053e+01 -7.492991005016129691e+01 -6.957096877332389795e+01
-6.241381653532112495e+01 -6.275926798740683665e+01 -6.144842193674000441e+01
-5.931517875727219291e+01 -5.912882995027047173e+01 -5.920836293204794032e+01
-1.512504201932013181e+01 -2.455856877103948577e+01 0.000000000000000000e+00
0.000000000000000000e+00 0.000000000000000000e+00 0.000000000000000000e+00
0.000000000000000000e+00 0.000000000000000000e+00 0.000000000000000000e+00
-1.169469673173911417e+01 -1.973442693506237333e+01 -2.263952257209516361e+01
-6.854190711283574444e+01 -7.373918647700773477e+01 -7.103499038738819138e+01
-8.171375601610925798e+01 -8.245119998115990256e+01 -8.331053940830194904e+01
-8.650950065766575392e+01 -8.646832888949569451e+01 -8.673109422384010259e+01
-8.975916790742959961e+01 -8.994857906637368217e+01 -8.975192348628738159e+01
-9.522103657057131443e+01 -9.649868466246820731e+01 -9.708663567116303739e+01
-9.996184239805636196e+01 -1.001798243281997003e+02 -1.000576869695369453e+02
-1.123650745622088039e+02 -1.097800079920774863e+02 -1.124676891015209890e+02
-1.170265071282652372e+02 -1.299358514060772904e+02 -1.323997962439638059e+02
-1.252029783964957801e+02 -1.376901275324152891e+02 -1.427495075115138548e+02
-1.236693731984896658e+02 -1.225433202596029076e+02 -1.215070994602351107e+02
-1.100302379982912271e+02 -1.093231948235342372e+02 -1.089775715953212227e+02
-1.021743416543104814e+02 -1.032987910144018855e+02 -9.882886982072049875e+01
-9.191753799761283972e+01 -8.955969475922307765e+01 -8.976644932720240888e+01
-7.688504510744412812e+01 -7.640834509477400616e+01 -8.345396575376499015e+01
-6.055243327464643244e+01 -6.189068613931437568e+01 -6.068136622029146565e+01
-6.117822748893966889e+01 -5.980153545357137546e+01 -7.119909516046298847e+01
0.000000000000000000e+00 0.000000000000000000e+00 -1.026105106450009785e+01
0.000000000000000000e+00 0.000000000000000000e+00 0.000000000000000000e+00
0.000000000000000000e+00 0.000000000000000000e+00 0.000000000000000000e+00
0.000000000000000000e+00 0.000000000000000000e+00 0.000000000000000000e+00
-7.192576883239594565e+01 -6.585840834294293700e+01 -6.551354597189788365e+01
-8.165088668842072650e+01 -7.974211828095144483e+01 -8.726152710450570282e+01
-8.402510852179412382e+01 -8.476081827269628377e+01 -8.497198332034398049e+01
-8.931327670354677650e+01 -8.953309631692918913e+01 -8.940357293944438766e+01
-9.570306925369634143e+01 -9.528256904422121920e+01 -9.626901153370427267e+01
-1.001389300655241499e+02 -1.002325947182817742e+02 -9.997826397827711276e+01
-1.073331778338914688e+02 -1.073080581003499958e+02 -1.069615340399613643e+02
-1.171762742615894126e+02 -1.148832606131308438e+02 -1.170531441428008321e+02
-1.171435299710382907e+02 -1.173040545290521379e+02 -1.171857256824549296e+02
-1.172831165281541814e+02 -1.173087146376802110e+02 -1.172848220508427062e+02
-1.102143469643405780e+02 -1.099937718875087569e+02 -1.082558190812565613e+02
-1.031518389281936692e+02 -1.030032863951175273e+02 -9.994608809301003305e+01
-9.245376226630726535e+01 -9.154744050928114518e+01 -9.065623418038154568e+01
-7.871524349063940917e+01 -7.648059685499704585e+01 -7.483595312030229252e+01
-6.169931965134131246e+01 -6.078988082602376153e+01 -5.920394852170492328e+01
-6.000019256731638251e+01 -6.311644195966326265e+01 -5.744976500416461107e+01
-2.744946724016408979e+01 -1.869244083822308511e+01 -2.366967580874177202e+01
0.000000000000000000e+00 0.000000000000000000e+00 0.000000000000000000e+00
0.000000000000000000e+00 0.000000000000000000e+00 0.000000000000000000e+00
-1.165611960977210870e+01 -1.543805172456317010e+01 -2.268245352263556569e+01
-4.088759630188757654e+01 -5.014853430622795827e+01 -4.255779560841219222e+01
-7.931509397644326498e+01 -7.836834006822215315e+01 -7.803046161061801911e+01
-8.386980065463258427e+01 -8.358963361964819683e+01 -8.353735771663306764e+01
-8.868390685631382553e+01 -8.890483577533576920e+01 -8.879694758155169154e+01
-9.079887079411885509e+01 -9.330101559806971068e+01 -9.281091862044571883e+01
-9.832645295385501072e+01 -9.436196445693562396e+01 -9.806276609213772133e+01
-1.026041866058512966e+02 -1.025024985906374440e+02 -1.021631511976125495e+02
-1.053379913341340881e+02 -1.047564691303909257e+02 -1.060603161119343554e+02
-1.061651812281856451e+02 -1.064628037346878671e+02 -1.066285050477037828e+02
-1.049356882374320747e+02 -1.069733261654643144e+02 -1.068972128588471122e+02
-1.053652609451082185e+02 -1.055851343077714120e+02 -1.055332932099221779e+02
-1.000413492604975545e+02 -9.876043911774067396e+01 -9.959759340132045224e+01
-9.162960808249334832e+01 -9.112328730862071779e+01 -9.025414953882463465e+01
-7.500432443057761134e+01 -7.555213828529819864e+01 -7.147016477621835406e+01
-6.077133916608244135e+01 -6.094280545455352893e+01 -5.725578753550178135e+01
-5.701499567187990891e+01 -6.885896610171823795e+01 -5.614300611239466576e+01
-2.207951493055631076e+01 -7.585685436024435901e+00 0.000000000000000000e+00
0.000000000000000000e+00 0.000000000000000000e+00 0.000000000000000000e+00
0.000000000000000000e+00 0.000000000000000000e+00 0.000000000000000000e+00
-7.937672714921091277e+00 -8.523199285966525096e+00 -2.050151453997815310e+01
-1.730242049965286810e+01 -2.121069548046138564e+01 -1.231899816339243614e+01
-7.270954288594182913e+01 -7.234477355682136590e+01 -7.280245196980014555e+01
-8.049183900647865642e+01 -8.173383225595884483e+01 -8.732450419881082837e+01
-8.583675650671008839e+01 -8.666871512927227172e+01 -8.655197938961346438e+01
-9.010090136724184617e+01 -8.998157623077925393e+01 -8.992468339240991781e+01
-9.400476916713900266e+01 -9.429469230314609263e+01 -9.434204359070061230e+01
-9.709255143478328876e+01 -9.637256050985828892e+01 -9.724418605744565980e+01
-1.005301007626482175e+02 -1.011788419455730548e+02 -1.050334136797468005e+02
-1.013729335465972241e+02 -1.011343147511255864e+02 -1.012598059869678053e+02
-1.000693782328635564e+02 -1.011185355663921257e+02 -1.011201757754069064e+02
-1.008464681679435273e+02 -9.902095649528533272e+01 -9.990513893780996568e+01
-9.684623899516856227e+01 -9.749074692182250601e+01 -9.748168069971656280e+01
-8.767721736056256532e+01 -8.433912377795707016e+01 -8.679740472607441859e+01
-6.944491043956946896e+01 -7.310760736129384441e+01 -6.274419097772879184e+01
-5.890614437339512932e+01 -5.619662560669723206e+01 -5.454772560578275886e+01
-5.138701386225439904e+01 -5.143548201088655958e+01 -5.132693010829559199e+01
-2.797865252536618996e+01 -8.508820430772582100e+00 -1.622087471400882563e+01
0.000000000000000000e+00 0.000000000000000000e+00 0.000000000000000000e+00
0.000000000000000000e+00 0.000000000000000000e+00 0.000000000000000000e+00
0.000000000000000000e+00 -9.451144540221445567e+00 0.000000000000000000e+00
-1.422143226944379002e+01 -1.792339538208739924e+01 -2.440342902778385792e+01
-3.433756691610632572e+01 -3.447708092018923764e+01 -2.977230517926142639e+01
-7.867418472465720924e+01 -7.902590623951333271e+01 -7.913402753000826806e+01
-8.256222215864549696e+01 -8.333134420071893089e+01 -8.367935069286224348e+01
-9.440120526071908102e+01 -8.779027225566117920e+01 -8.732075577507372088e+01
-9.161687599106902269e+01 -9.096060192068298988e+01 -9.096698486373512083e+01
-9.432071192385045322e+01 -9.403830918813888218e+01 -9.383663155818304347e+01
-9.575300811442728843e+01 -9.869409592064459957e+01 -9.548744922062533647e+01
-9.707434881451968067e+01 -9.633820225565987982e+01 -9.631303699189341216e+01
-9.641069637643164469e+01 -9.641961135212864065e+01 -9.639755402197685896e+01
-9.543672387408138036e+01 -9.523563639372443390e+01 -9.506644023490203210e+01
-9.167892279024106017e+01 -9.194024672109166829e+01 -8.861704948175726315e+01
-8.100389601462964606e+01 -7.483561081194621067e+01 -7.057117998033024264e+01
-5.838793597340949759e+01 -6.108421174420649891e+01 -5.086989727142564988e+01
-5.521303238091324772e+01 -5.468445180983312781e+01 -5.208224399489359513e+01
-1.734212339708135886e+01 -1.101784113028657863e+01 -2.453543227973825935e+01
-9.935846720703972679e+00 -4.077830361528657477e+01 -4.496124008124071736e+01
-2.200831980745698147e+01 0.000000000000000000e+00 0.000000000000000000e+00
0.000000000000000000e+00 0.000000000000000000e+00 0.000000000000000000e+00
-1.379328718743589199e+01 -1.811657658905029322e+01 0.000000000000000000e+00
-1.129539457323432750e+01 -1.516952500817497551e+01 -1.482517708923921695e+01
0.000000000000000000e+00 -1.773883116840187668e+01 -8.807490493751789273e+00
-6.545334264127241397e+01 -6.514046229020379997e+01 -6.860806756573327903e+01
-8.111713735274939552e+01 -8.851597133827515052e+01 -7.995792650269044088e+01
-8.297976080781455721e+01 -8.346592128331624849e+01 -8.387057819174297890e+01
-8.699874345080409910e+01 -8.611246080122434421e+01 -8.804466900555513575e+01
-8.910098312629085626e+01 -8.842283393585191220e+01 -8.871574283650595305e+01
-9.040732692012450400e+01 -9.119003285486981270e+01 -9.044362139312633531e+01
-9.125421126369850811e+01 -9.138038201565584018e+01 -9.142131108835214093e+01
-9.167689275744729116e+01 -9.163917825831407526e+01 -9.101309166494195324e+01
-9.724700299780239732e+01 -9.035936702851306279e+01 -9.072649323734013649e+01
-8.607411778301033678e+01 -8.112214187251755959e+01 -7.969183051257255102e+01
-7.086083320254492435e+01 -6.951137971066448529e+01 -5.914669829584813954e+01
-4.965612023751872073e+01 -5.258053339859602460e+01 -5.317596201086799113e+01
-5.102775741839742096e+01 -5.005900813551786399e+01 -5.036283584537130054e+01
-3.460854626676869827e+01 -1.750265023303870748e+01 -2.279467283161178059e+01
0.000000000000000000e+00 0.000000000000000000e+00 -1.062390032773132731e+01
0.000000000000000000e+00 0.000000000000000000e+00 0.000000000000000000e+00
0.000000000000000000e+00 0.000000000000000000e+00 0.000000000000000000e+00
-1.437613100772075825e+01 0.000000000000000000e+00 0.000000000000000000e+00
-1.584557138581899416e+01 -2.361637493417983080e+01 -2.519964903844688919e+01
-2.489073331437821324e+01 -2.149447937531436637e+01 -3.745213303183015086e+01
-3.082173175267259069e+01 -2.365334364239725673e+01 -8.132131679927020684e+00
-7.782092002276637288e+01 -7.429953983282355523e+01 -7.352182385028463329e+01
-8.155186347942468217e+01 -8.155335266387943705e+01 -8.104036343054683300e+01
-8.424772996787896773e+01 -8.395743228182658413e+01 -8.441114991605020634e+01
-8.609780203424654133e+01 -8.639664430618529423e+01 -8.549874563622090307e+01
-8.703834414576989786e+01 -8.654544741494453319e+01 -8.666050903754749868e+01
-9.596987647142935884e+01 -8.763710103747919788e+01 -8.755953937606697934e+01
-8.776373709491107888e+01 -8.775206685938898943e+01 -8.771261591171331418e+01
-8.719589834387485894e+01 -8.724224039069669345e+01 -8.191694197348952855e+01
-7.584415350747742934e+01 -7.318635669954777256e+01 -6.283625543890896381e+01
-5.872311938813371057e+01 -5.400073041909607241e+01 -5.327187845935536359e+01
-4.757924406464052680e+01 -4.659880083458589439e+01 -4.589164462838643743e+01
-1.735737684446558404e+01 -2.042278633052449166e+01 -2.733704639207240561e+01
-2.414734169516794893e+01 0.000000000000000000e+00 0.000000000000000000e+00
-5.682195339575952175e+01 -2.392633993264637127e+01 -2.141028355066628563e+01
0.000000000000000000e+00 0.000000000000000000e+00 0.000000000000000000e+00
0.000000000000000000e+00 0.000000000000000000e+00 0.000000000000000000e+00
-1.700788807812803682e+01 0.000000000000000000e+00 0.000000000000000000e+00
-2.266162507541080018e+01 -2.482909477017291522e+01 0.000000000000000000e+00
-5.379031785141289213e+00 -1.322120858361337348e+01 -2.419237454635669948e+01
-1.925993839694551824e+01 -3.744309775808042673e+01 -3.353962180802517423e+01
0.000000000000000000e+00 -1.747426698013798330e+01 0.000000000000000000e+00
-7.523023094105111852e+01 -7.574862098350071449e+01 -7.501637207827474185e+01
-8.073761543732918256e+01 -8.082297262377340985e+01 -8.120822974001987404e+01
-8.313363582258709528e+01 -8.296600840748560302e+01 -8.364835727767149365e+01
-8.405638298810320919e+01 -8.420705118163985503e+01 -8.426684869583291970e+01
-8.514670679652678587e+01 -8.557369055487933451e+01 -9.454537345083004141e+01
-8.393931894402726357e+01 -8.353389941952170261e+01 -8.376046071247741054e+01
-7.595682527627037928e+01 -7.794185945741662636e+01 -7.686843880094174608e+01
-5.511226038245139591e+01 -5.802089361062056838e+01 -4.373342297431725711e+01
-4.915027711968905066e+01 -4.524469030195886887e+01 -4.785233180131726272e+01
-3.926379629458898535e+01 -3.884159322217721666e+01 -3.791380257585198166e+01
-2.054307902766468530e+01 0.000000000000000000e+00 0.000000000000000000e+00
-1.101608764812967856e+01 -2.383614316948523282e+01 -2.237643905131413646e+01
-2.723260769908451806e+01 -1.437985678834157710e+01 0.000000000000000000e+00
0.000000000000000000e+00 0.000000000000000000e+00 0.000000000000000000e+00
0.000000000000000000e+00 0.000000000000000000e+00 0.000000000000000000e+00
-4.736225136937873614e+00 -2.419136675011325011e+01 0.000000000000000000e+00
-1.957993953228347905e+01 0.000000000000000000e+00 -1.057984198719490010e+01
-3.746020299382033159e+01 0.000000000000000000e+00 -1.096710992804573870e+01
-1.737292857839859650e+01 -2.058267392901417736e+01 -2.446526538708262777e+01
-2.216291334616575170e+01 -2.231377135260673938e+01 -2.400908929356148036e+01
-8.452707921778969791e+00 -3.528802624818705169e+01 -1.710285997982578365e+01
-7.989490913737542144e+01 -7.320958051495239260e+01 -7.412219879683131296e+01
-8.591081005705422058e+01 -7.980338951847757301e+01 -7.913816637331369463e+01
-9.043354894833831281e+01 -8.110052715590197181e+01 -9.087657698610013313e+01
-8.190181780946083734e+01 -8.206237840243291259e+01 -8.187516708540022137e+01
-7.691518609034307019e+01 -7.541237831013907567e+01 -7.423478713801752349e+01
-5.588464730670364844e+01 -5.881466633050193593e+01 -5.136635941824424378e+01
-4.704406137496949469e+01 -4.581522096737727168e+01 -4.184896546269627038e+01
-3.177859941319883319e+01 -3.783287430285026431e+01 -3.085490567144745810e+01
-1.038291740921792083e+01 -9.533114336856563398e+00 -3.077651710157411458e+01
-2.235849100774685283e+01 -2.950504183031916483e+01 -6.206081645514539780e+00
-2.286145300104491795e+01 0.000000000000000000e+00 -5.418403388155184075e+00
0.000000000000000000e+00 -5.144227015983715035e+01 0.000000000000000000e+00
0.000000000000000000e+00 0.000000000000000000e+00 0.000000000000000000e+00
0.000000000000000000e+00 0.000000000000000000e+00 0.000000000000000000e+00
0.000000000000000000e+00 -2.277703487885007405e+01 0.000000000000000000e+00
-2.194228348629034286e+01 -3.317723028732113733e+01 -2.442240399787679905e+01
0.000000000000000000e+00 0.000000000000000000e+00 0.000000000000000000e+00
-1.515919167447087368e+01 -2.063834698116315991e+01 -1.911995375368550043e+01
-4.415158957695159359e+01 0.000000000000000000e+00 0.000000000000000000e+00
-2.914878182646881655e+01 -2.138797105728784942e+01 -4.164989969128748726e+01
-9.920839611220410248e+00 -1.738635084432675626e+01 0.000000000000000000e+00
-6.796898643923701400e+01 -6.809523842994508414e+01 -7.484575847837852791e+01
-7.714674514465529853e+01 -8.417966319105792650e+01 -7.662139832444853482e+01
-7.625641882160090290e+01 -7.148588808642074355e+01 -7.640297206879419889e+01
-6.033350767099538103e+01 -5.499818724054377839e+01 -5.159274041785020870e+01
-5.189800402874245577e+01 -4.911472282395822475e+01 -4.802410653014390363e+01
-3.749015302560511032e+01 -3.903128812935855052e+01 -3.467025298759937613e+01
-2.509142814619214334e+01 -2.273431693753417804e+01 -1.239816904741870118e+01
-6.342021938876317932e+00 -1.207895029007134902e+01 -1.266722675711383772e+01
-1.530559335278493904e+01 -2.235443363941577033e+01 0.000000000000000000e+00
0.000000000000000000e+00 -1.654535630803938417e+01 0.000000000000000000e+00
-1.733567707352404952e+01 0.000000000000000000e+00 0.000000000000000000e+00
0.000000000000000000e+00 0.000000000000000000e+00 0.000000000000000000e+00
0.000000000000000000e+00 0.000000000000000000e+00 0.000000000000000000e+00
-2.211951493055630991e+01 -2.340060629553058646e+01 0.000000000000000000e+00
-1.651249132480052850e+01 -1.860832252240036055e+01 -2.363670388662970367e+01
-1.864623087762723230e+01 0.000000000000000000e+00 -1.720062502777094693e+01
0.000000000000000000e+00 0.000000000000000000e+00 0.000000000000000000e+00
0.000000000000000000e+00 0.000000000000000000e+00 0.000000000000000000e+00
0.000000000000000000e+00 -1.987793799998331679e+01 -1.180990172449405939e+01
-2.323108200046612737e+01 -2.208397424570993195e+01 -3.087274343328692083e+01
-1.674603052997009200e+01 -1.846111668601282574e+01 -3.246381343619703586e+01
-4.928433787588905091e+01 -5.293529502030967393e+01 -4.749064923738572475e+01
-5.303798489362123547e+01 -6.507260515219121544e+01 -5.300855664208248896e+01
-4.879008184912564872e+01 -4.834271166170263712e+01 -4.744574169309088063e+01
-4.649216370386389485e+01 -4.737950649147777682e+01 -4.509483566977321090e+01
-3.369373466458422683e+01 -3.339565894362056042e+01 -3.348009672645473245e+01
-1.395144855563154707e+01 -1.008997182930122172e+01 -1.027999999999999758e+01
-2.107798304059920014e+01 0.000000000000000000e+00 0.000000000000000000e+00
0.000000000000000000e+00 -3.561354565271494721e+01 0.000000000000000000e+00
-2.794629156823986094e+01 -9.828038020805271557e+00 0.000000000000000000e+00
0.000000000000000000e+00 -1.351663918720835511e+01 0.000000000000000000e+00
0.000000000000000000e+00 0.000000000000000000e+00 0.000000000000000000e+00
0.000000000000000000e+00 0.000000000000000000e+00 0.000000000000000000e+00
-1.676234032731627366e+01 0.000000000000000000e+00 -1.729177096406228387e+01
-1.853151932450799322e+01 -2.333931420709679116e+01 0.000000000000000000e+00
0.000000000000000000e+00 0.000000000000000000e+00 -1.763641329716894290e+01
-2.060195405837168892e+01 -8.434812084606802429e+00 -1.282999282418623466e+01
-1.078669034227834267e+01 -2.206832274327850030e+01 0.000000000000000000e+00
-3.350692044438207517e+01 -2.796873526105795094e+01 -2.256773904336637671e+01
-1.894442178511907926e+01 0.000000000000000000e+00 0.000000000000000000e+00
-1.554856862567792497e+01 -2.723896686768096131e+01 0.000000000000000000e+00
-2.427767183279030405e+01 -3.643276948548600558e+01 0.000000000000000000e+00
-4.029263923062979558e+01 -2.204256326386662224e+01 -3.147392288416929063e+01
-2.279340999356008624e+01 0.000000000000000000e+00 -5.365896127741417665e+00
0.000000000000000000e+00 0.000000000000000000e+00 -1.628696289913911599e+01
-1.919272370788453586e+01 0.000000000000000000e+00 0.000000000000000000e+00
-1.812155907799685295e+01 -2.089296717941503445e+01 0.000000000000000000e+00
0.000000000000000000e+00 0.000000000000000000e+00 0.000000000000000000e+00
-1.089116005762339867e+01 0.000000000000000000e+00 0.000000000000000000e+00
-2.175567497829099040e+01 -2.244754099095208844e+01 0.000000000000000000e+00
-1.480972166242909616e+01 -1.688112367299738992e+01 -2.492308011805142698e+01
0.000000000000000000e+00 0.000000000000000000e+00 0.000000000000000000e+00
0.000000000000000000e+00 0.000000000000000000e+00 0.000000000000000000e+00
0.000000000000000000e+00 0.000000000000000000e+00 0.000000000000000000e+00
0.000000000000000000e+00 0.000000000000000000e+00 0.000000000000000000e+00
0.000000000000000000e+00 0.000000000000000000e+00 0.000000000000000000e+00
0.000000000000000000e+00 0.000000000000000000e+00 0.000000000000000000e+00
0.000000000000000000e+00 0.000000000000000000e+00 0.000000000000000000e+00
0.000000000000000000e+00 0.000000000000000000e+00 0.000000000000000000e+00
0.000000000000000000e+00 0.000000000000000000e+00 0.000000000000000000e+00
0.000000000000000000e+00 0.000000000000000000e+00 0.000000000000000000e+00
0.000000000000000000e+00 0.000000000000000000e+00 0.000000000000000000e+00
0.000000000000000000e+00 0.000000000000000000e+00 0.000000000000000000e+00
0.000000000000000000e+00 0.000000000000000000e+00 0.000000000000000000e+00
0.000000000000000000e+00 0.000000000000000000e+00 0.000000000000000000e+00
0.000000000000000000e+00 0.000000000000000000e+00 0.000000000000000000e+00
0.000000000000000000e+00 0.000000000000000000e+00 0.000000000000000000e+00
0.000000000000000000e+00 0.000000000000000000e+00 0.000000000000000000e+00
0.000000000000000000e+00 0.000000000000000000e+00 0.000000000000000000e+00
0.000000000000000000e+00 0.000000000000000000e+00 0.000000000000000000e+00
0.000000000000000000e+00 0.000000000000000000e+00 0.000000000000000000e+00
0.000000000000000000e+00 0.000000000000000000e+00 0.000000000000000000e+00
