0.000000000000000000e+00 0.000000000000000000e+00 0.000000000000000000e+00
0.000000000000000000e+00 0.000000000000000000e+00 0.000000000000000000e+00
0.000000000000000000e+00 0.000000000000000000e+00 0.000000000000000000e+00
-2.999442335858795161e+00 0.000000000000000000e+00 -2.998523165483472752e+00
-3.999991330137821599e+00 -3.999886283091862893e+00 -3.999991847512580634e+00
-3.999903453256608898e+00 -3.999947185857994025e+00 -3.999938166227301473e+00
-3.999963081930156150e+00 -3.999974905276621584e+00 -3.999952089144520606e+00
-3.999998110560203379e+00 -3.999961393695759426e+00 -3.999997679669332395e+00
-3.999939486062350280e+00 -3.999966287866176362e+00 -3.999998688073381548e+00
-3.999925581732833635e+00 -3.999929580911928184e+00 -3.999916598581049421e+00
-3.999968404983515136e+00 -3.999972367288047614e+00 -3.999955369704565999e+00
-3.999957156637651501e+00 -3.999958585617717777e+00 -3.999911958861418704e+00
-3.999918607181642827e+00 -3.999918030352681342e+00 -3.999866698149866728e+00
-2.999966107839465490e+00 -2.999707349936477918e+00 0.000000000000000000e+00
-2.999996503451968444e+00 0.000000000000000000e+00 0.000000000000000000e+00
0.000000000000000000e+00 0.000000000000000000e+00 0.000000000000000000e+00
0.000000000000000000e+00 0.000000000000000000e+00 0.000000000000000000e+00
0.000000000000000000e+00 0.000000000000000000e+00 0.000000000000000000e+00
-2.999998161991896062e+00 0.000000000000000000e+00 0.000000000000000000e+00
0.000000000000000000e+00 0.000000000000000000e+00 0.000000000000000000e+00
0.000000000000000000e+00 0.000000000000000000e+00 0.000000000000000000e+00
0.000000000000000000e+00 0.000000000000000000e+00 0.000000000000000000e+00
-3.749755154183326500e+00 -3.749993539896805395e+00 -3.749999584070073055e+00
-3.964014563734282959e+00 -3.990174931457114216e+00 -3.984224284539316763e+00
-3.999997604330492784e+00 -3.999997479423673230e+00 -3.999958768866151093e+00
-3.999962245003369610e+00 -3.999999134904697495e+00 -3.999922245541501553e+00
-3.999940066216211232e+00 -3.999998944021426972e+00 -3.999975388973554757e+00
-3.999969858601719608e+00 -3.999965532192919060e+00 -3.999967349506386771e+00
-3.999959045642351718e+00 -3.999951238771438433e+00 -3.999957825774376641e+00
-3.999951256970338154e+00 -3.999947794420003699e+00 -3.999942356145789635e+00
-3.999940364984782448e+00 -3.999949758389757193e+00 -3.999918892261418613e+00
-3.999915516975867114e+00 -3.999923597224336103e+00 -3.999904625322026064e+00
-3.999936466691504044e+00 -3.999945429597940194e+00 -3.999879907368768528e+00
-3.999911094531711786e+00 -3.999904442080382871e+00 -3.999842901507829396e+00
-3.747719821535651974e+00 -2.999999868910885326e+00 -2.999999953322199264e+00
-2.999992691450366067e+00 -2.999992463944166410e+00 -3.747961858315397077e+00
0.000000000000000000e+00 0.000000000000000000e+00 0.000000000000000000e+00
-3.931318755482674732e+00 -3.749999030607528816e+00 -3.937497000014533288e+00
-2.999916627697962745e+00 -2.999996175352525718e+00 0.000000000000000000e+00
0.000000000000000000e+00 0.000000000000000000e+00 0.000000000000000000e+00
0.000000000000000000e+00 0.000000000000000000e+00 0.000000000000000000e+00
0.000000000000000000e+00 -3.749933034722836567e+00 0.000000000000000000e+00
-3.749962083868251916e+00 -2.999996380817631980e+00 -3.749671023849646456e+00
-3.999735087400359212e+00 -3.999547323764951923e+00 -3.999418372038135328e+00
-3.999999141009136672e+00 -3.999954998714621901e+00 -3.999994578581154592e+00
-3.999951461993803914e+00 -3.999986383807296431e+00 -3.999975881908608866e+00
-3.999970643108929469e+00 -3.999964189916715540e+00 -3.999974438267809518e+00
-3.999976098968306193e+00 -3.999958920508750460e+00 -3.999951281420630611e+00
-3.999999254566926510e+00 -3.999999247750023024e+00 -3.999927532267341768e+00
-3.999998958198578425e+00 -3.999839540912342173e+00 -3.999999022264620674e+00
-3.999998879060231882e+00 -3.999998800227568374e+00 -3.999851260940602504e+00
-3.999831595153953145e+00 -3.999852828405839666e+00 -3.999998955069942408e+00
-3.999872662801260859e+00 -3.999869607638548707e+00 -3.999851713612676107e+00
-3.999811472485691688e+00 -3.999892694218972533e+00 -3.999822552064691727e+00
-3.999879761035307624e+00 -3.999878649826455135e+00 -3.999786761066188134e+00
-3.749310975545664171e+00 -2.999986552780567806e+00 -2.999999911828206578e+00
-3.749962257215120776e+00 -2.999997767115461844e+00 -2.999999986600552671e+00
-2.999966184923556156e+00 0.000000000000000000e+00 0.000000000000000000e+00
-2.999712895607147267e+00 -2.999958218958339806e+00 0.000000000000000000e+00
0.000000000000000000e+00 0.000000000000000000e+00 0.000000000000000000e+00
0.000000000000000000e+00 0.000000000000000000e+00 0.000000000000000000e+00
-3.749961918568312846e+00 0.000000000000000000e+00 0.000000000000000000e+00
-3.942924271288958948e+00 -3.984459485986416638e+00 -3.960620903293466277e+00
-3.999959527500011269e+00 -3.999964920353230369e+00 -3.999981962604752361e+00
-3.999966106448877845e+00 -3.999999470008396951e+00 -3.999979985388062875e+00
-3.999979166227634053e+00 -3.999967817355566169e+00 -3.999973414459922161e+00
-3.999999631788900611e+00 -3.999983051519079957e+00 -3.999966200166912955e+00
-3.999999381909765450e+00 -3.999981750578156969e+00 -3.999979693121132662e+00
-3.999999585898332821e+00 -3.999999541463979291e+00 -3.999986627983693310e+00
-3.999991417506084446e+00 -3.999924641308289619e+00 -3.999999501263982626e+00
-3.999999499288218630e+00 -3.999999426321272367e+00 -3.999925521792092820e+00
-3.999999327358801260e+00 -3.999999041593309990e+00 -3.999937457531752560e+00
-3.999984443043637761e+00 -3.999922883945461471e+00 -3.999976614219075799e+00
-3.999879077218757573e+00 -3.999843192310954532e+00 -3.999869924728616244e+00
-3.999874256343749934e+00 -3.999916090481355102e+00 -3.999785027488499178e+00
-3.999754651579467968e+00 -3.999794804858369801e+00 -3.999861650511935540e+00
-2.999998316690357214e+00 -2.999998085044254914e+00 -2.999999077886128074e+00
-3.743648984744231356e+00 -2.999999943884515741e+00 0.000000000000000000e+00
-3.745794554137517274e+00 -2.998955760145636695e+00 -2.999999139348641819e+00
0.000000000000000000e+00 0.000000000000000000e+00 0.000000000000000000e+00
0.000000000000000000e+00 0.000000000000000000e+00 0.000000000000000000e+00
0.000000000000000000e+00 0.000000000000000000e+00 0.000000000000000000e+00
-3.973845354486884140e+00 -3.999729192930009170e+00 -3.998733575426564713e+00
-3.999947860902669738e+00 -3.999982109579457656e+00 -3.999976313838464748e+00
-3.999999708426490663e+00 -3.999980234095783516e+00 -3.999987574654001676e+00
-3.999989931744874383e+00 -3.999961800777396270e+00 -3.999999670106141991e+00
-3.999999778519918170e+00 -3.999987651750864348e+00 -3.999999754885346981e+00
-3.999999419575222426e+00 -3.999996079873557431e+00 -3.999999811693547791e+00
-3.999997940818444064e+00 -3.999993263205756655e+00 -3.999999511195378332e+00
-3.999962485994162265e+00 -3.999997926744789378e+00 -3.999999183226398358e+00
-3.999977240665389289e+00 -3.999961589964522890e+00 -3.999998879309606181e+00
-3.999968506642053168e+00 -3.999998893393982069e+00 -3.999988414011775628e+00
-3.999980918798767160e+00 -3.999985210888691523e+00 -3.999933357678817192e+00
-3.999993050318543908e+00 -3.999992323184853760e+00 -3.999930607966037499e+00
-3.999979170676639662e+00 -3.999828981631398772e+00 -3.999959671507948844e+00
-3.999685576279440546e+00 -3.999661694551547519e+00 -3.999914384700933745e+00
-3.999685114160863808e+00 -3.999913188644639739e+00 -3.999900648528995628e+00
-2.999995805936674031e+00 -2.999996364204067234e+00 -2.999537254275724152e+00
-2.999999513396699236e+00 -2.999999985078705134e+00 0.000000000000000000e+00
0.000000000000000000e+00 0.000000000000000000e+00 0.000000000000000000e+00
0.000000000000000000e+00 0.000000000000000000e+00 0.000000000000000000e+00
-2.998457257981938628e+00 -2.999993431151840362e+00 0.000000000000000000e+00
-3.984797672009631420e+00 -3.999876963585356826e+00 -3.999255387921606175e+00
-3.999959420436116186e+00 -3.999976339473692022e+00 -3.999992831681244532e+00
-3.999994182105583107e+00 -3.999988544353555220e+00 -3.999992378714614993e+00
-3.999999756428939790e+00 -3.999999746034224035e+00 -3.999985310756902113e+00
-3.999999856313253499e+00 -3.999999105530630317e+00 -3.999988220473374323e+00
-3.999999504583201748e+00 -3.999999678063727249e+00 -3.999998883112897197e+00
-3.999999923149774261e+00 -3.999996511213596229e+00 -3.999999740907394408e+00
-3.999999389117294690e+00 -3.999999364022516879e+00 -3.999993998196394784e+00
-3.999995904967059257e+00 -3.999996118838649473e+00 -3.999995260357345206e+00
-3.999995013643455444e+00 -3.999995661004571268e+00 -3.999995173252361980e+00
-3.999996140878375073e+00 -3.999998039468461553e+00 -3.999998657565082993e+00
-3.999999332554601050e+00 -3.999998671192011468e+00 -3.999955609403104351e+00
-3.999997936479391836e+00 -3.999998797479837442e+00 -3.999987885390335673e+00
-3.999955422969231122e+00 -3.999914708109136630e+00 -3.999299070065647221e+00
-3.999714687047450035e+00 -3.999767377846828342e+00 -3.999709708479503689e+00
-3.749943544447596366e+00 -2.999998264006551896e+00 -3.639162042822007948e+00
-2.999978739479790768e+00 -2.998404214126331624e+00 0.000000000000000000e+00
0.000000000000000000e+00 0.000000000000000000e+00 0.000000000000000000e+00
0.000000000000000000e+00 0.000000000000000000e+00 0.000000000000000000e+00
0.000000000000000000e+00 -2.999994052749906270e+00 -2.999907703149937710e+00
-3.998766670366851628e+00 -3.998611221429145601e+00 -3.997755605512181454e+00
-3.999976334984082893e+00 -3.999974151125135435e+00 -3.999977147408293909e+00
-3.999991373710383158e+00 -3.999999803193722059e+00 -3.999999804300803152e+00
-3.999991408442221452e+00 -3.999999849393226725e+00 -3.999999853974478548e+00
-3.999999034272910592e+00 -3.999999762527028935e+00 -3.999999723944440699e+00
-3.999999958145200374e+00 -3.999999723330246226e+00 -3.999999943304156425e+00
-3.999998414408762137e+00 -3.999999784253073454e+00 -3.999999779374789455e+00
-3.999999991905794250e+00 -3.999999955959907982e+00 -3.999999778633519742e+00
-3.999999881916060041e+00 -3.999999829930202644e+00 -3.999999744880163632e+00
-3.999999818881522895e+00 -3.999999996407197500e+00 -3.999999497066409671e+00
-3.999999735874717466e+00 -3.999999750373859797e+00 -3.999999753714241102e+00
-3.999999744501673948e+00 -3.999998898113211521e+00 -3.999999702146936453e+00
-3.999999042418409534e+00 -3.999999192154851002e+00 -3.999962204309466252e+00
-3.999928535300842913e+00 -3.999945601009923912e+00 -3.999955228966865839e+00
-3.999839691295921540e+00 -3.999790580830641762e+00 -3.999899196341038632e+00
-3.999567622983152049e+00 -3.999386720936874084e+00 -3.999042166217654959e+00
-2.999977957962470132e+00 -2.999999987530125090e+00 0.000000000000000000e+00
0.000000000000000000e+00 0.000000000000000000e+00 0.000000000000000000e+00
0.000000000000000000e+00 0.000000000000000000e+00 0.000000000000000000e+00
-2.999864963215742364e+00 -2.999997592184898920e+00 0.000000000000000000e+00
-3.998948503489787143e+00 -3.998730377010671244e+00 -3.994880108302599098e+00
-3.999977328331998816e+00 -3.999975522370798231e+00 -3.999969228175500824e+00
-3.999997079615170037e+00 -3.999993464744839855e+00 -3.999996803728078643e+00
-3.999999863618074247e+00 -3.999995725810856939e+00 -3.999999866369125634e+00
-3.999982208730163968e+00 -3.999999944161029219e+00 -3.999992962241363248e+00
-3.999999761092451145e+00 -3.999999963622509647e+00 -3.999999678090981003e+00
-3.999999935312867905e+00 -3.999999103275067469e+00 -3.999999943147511505e+00
-3.999999753284578574e+00 -3.999999995396990471e+00 -3.999999988188669420e+00
-3.999999975098904148e+00 -3.999999997841241495e+00 -3.999999997869339463e+00
-3.999999995960726196e+00 -3.999999933105290673e+00 -3.999999918494388851e+00
-3.999999815523035185e+00 -3.999999734263387730e+00 -3.999999831095733427e+00
-3.999998871530573652e+00 -3.999999037142192737e+00 -3.999998973849696160e+00
-3.999998859799402506e+00 -3.999999004568779881e+00 -3.999957401593679407e+00
-3.999975923518724663e+00 -3.999969296296066457e+00 -3.999979765334421344e+00
-3.999811052192336014e+00 -3.999895085769485270e+00 -3.999858997330830945e+00
-3.999870584698998144e+00 -3.984575159979887093e+00 -3.999696212417494401e+00
-3.749995326587847178e+00 -2.999998152622765701e+00 -2.999988750857652597e+00
0.000000000000000000e+00 0.000000000000000000e+00 0.000000000000000000e+00
0.000000000000000000e+00 0.000000000000000000e+00 0.000000000000000000e+00
0.000000000000000000e+00 0.000000000000000000e+00 0.000000000000000000e+00
-3.996950593479700053e+00 -3.997484305733391086e+00 -3.998275102627479871e+00
-3.999976794818756787e+00 -3.999976263760060213e+00 -3.999977588188750044e+00
-3.999968683360451749e+00 -3.999995475774993814e+00 -3.999995032511091786e+00
-3.999931756822462603e+00 -3.999999885742173245e+00 -3.999999877077729415e+00
-3.999967895069886481e+00 -3.999999849998053136e+00 -3.999977740947560978e+00
-3.999999959674780392e+00 -3.999999968360678171e+00 -3.999999948935040184e+00
-3.999999988005715323e+00 -3.999999792991795644e+00 -3.999999987387632849e+00
-3.999999877950500604e+00 -3.999999985295534799e+00 -3.999999986342190006e+00
-3.999999992393135972e+00 -3.999999994788675295e+00 -3.999999973402434073e+00
-3.999999991573170988e+00 -3.999999989718781457e+00 -3.999999992837570240e+00
-3.999999852625609531e+00 -3.999997869558861385e+00 -3.999999832126623467e+00
-3.999999120141666697e+00 -3.999999534459934836e+00 -3.999998699335328034e+00
-3.999997924269724781e+00 -3.999998909400892089e+00 -3.999989356089556747e+00
-3.999989982816093192e+00 -3.999984468015987282e+00 -3.999982353178691774e+00
-3.999923472668661439e+00 -3.999940541106748348e+00 -3.999925305946570031e+00
-3.999754339071582621e+00 -3.996902583556130928e+00 -3.993596420971631478e+00
0.000000000000000000e+00 0.000000000000000000e+00 -2.999999762214471843e+00
-2.999267455747711253e+00 0.000000000000000000e+00 0.000000000000000000e+00
0.000000000000000000e+00 0.000000000000000000e+00 0.000000000000000000e+00
-2.999999560432372370e+00 0.000000000000000000e+00 0.000000000000000000e+00
-3.662019661919295288e+00 -3.749584887494581853e+00 -3.086201892734445007e+00
-3.999959927110303681e+00 -3.999926774669212648e+00 -3.999947441719002406e+00
-3.999985290930252013e+00 -3.999975018497510248e+00 -3.999986048855747267e+00
-3.999985329323149763e+00 -3.999977989686600566e+00 -3.999975329879625896e+00
-3.999951071312516149e+00 -3.999999854456897541e+00 -3.999999888939075543e+00
-3.999940131008344668e+00 -3.999999970032753094e+00 -3.999999971791178055e+00
-3.999999975498444549e+00 -3.999999982385019859e+00 -3.999999983969868111e+00
-3.999999962060253100e+00 -3.999999988983946597e+00 -3.999999990168741970e+00
-3.999999982692258094e+00 -3.999999990765615188e+00 -3.999999989677969214e+00
-3.999999985039294437e+00 -3.999999988319139277e+00 -3.999999986159481935e+00
-3.999999032150072686e+00 -3.999999929266717658e+00 -3.999997743452141208e+00
-3.999995012978592168e+00 -3.999999133689731590e+00 -3.999999041198265992e+00
-3.999996559342586355e+00 -3.999976977144442003e+00 -3.999989086605060251e+00
-3.999986933762976093e+00 -3.999982368819310352e+00 -3.999978303233732824e+00
-3.999943997693457653e+00 -3.999958314172813445e+00 -3.999957435629466929e+00
-3.999746040413874937e+00 -3.999745817095655909e+00 -3.857982889789862924e+00
-2.999986126872600245e+00 0.000000000000000000e+00 -3.749301984101231611e+00
0.000000000000000000e+00 -2.999824174499849505e+00 0.000000000000000000e+00
0.000000000000000000e+00 0.000000000000000000e+00 0.000000000000000000e+00
0.000000000000000000e+00 0.000000000000000000e+00 0.000000000000000000e+00
-2.999666139821592026e+00 -2.998899198148876177e+00 -2.999999353287306825e+00
-3.999823264831606551e+00 -3.999812983131732835e+00 -3.999733187819013658e+00
-3.999928149356383855e+00 -3.999976046468860069e+00 -3.999978511502790379e+00
-3.999947729724773193e+00 -3.999962493155971188e+00 -3.999964444060072566e+00
-3.999950407889194093e+00 -3.999999843038491321e+00 -3.999920924711295900e+00
-3.999964647300586762e+00 -3.999990686092342873e+00 -3.999999536456535498e+00
-3.999949467830786087e+00 -3.999999477611809517e+00 -3.999998809718609660e+00
-3.999956774781733948e+00 -3.999999477754171195e+00 -3.999999980069360195e+00
-3.999992968089075340e+00 -3.999998990942748467e+00 -3.999999180283002609e+00
-3.999998726777429958e+00 -3.999998782346017023e+00 -3.999999182519157870e+00
-3.999997456769594173e+00 -3.999998384587400313e+00 -3.999999283045092113e+00
-3.999997984292726905e+00 -3.999981399313006669e+00 -3.999997898253392137e+00
-3.999956411151969871e+00 -3.999991164444587355e+00 -3.999972416730311231e+00
-3.999978504325279793e+00 -3.999657886394436090e+00 -3.999979031273460883e+00
-3.999959433933630848e+00 -3.999963849280813388e+00 -3.999958933653031234e+00
-3.746123493062803345e+00 -3.747618976556209347e+00 -3.740190830230480934e+00
-2.999945305259392736e+00 -2.999999999071744750e+00 0.000000000000000000e+00
0.000000000000000000e+00 0.000000000000000000e+00 0.000000000000000000e+00
0.000000000000000000e+00 0.000000000000000000e+00 0.000000000000000000e+00
-2.999951267020685375e+00 -3.749957422604415669e+00 -2.999999235556100707e+00
-2.999886416076381845e+00 -3.748473192636441187e+00 -3.748580513759626864e+00
-3.980837339479922576e+00 -3.959161991623641796e+00 -3.934129912040119859e+00
-3.999962088015972750e+00 -3.999950028863369589e+00 -3.999944796811615966e+00
-3.999926306011332588e+00 -3.999962189936030921e+00 -3.999914676663283153e+00
-3.999961923149339071e+00 -3.999961652230655140e+00 -3.999952596767441637e+00
-3.999950425942415233e+00 -3.999986638380001125e+00 -3.999947818206730510e+00
-3.999989665634013036e+00 -3.999961103410070606e+00 -3.999999244388514619e+00
-3.999962825012887357e+00 -3.999976092439905706e+00 -3.999999568453637799e+00
-3.999999477792631097e+00 -3.999975673788914055e+00 -3.999998022534116515e+00
-3.999999467658831520e+00 -3.999997166356861200e+00 -3.999999440346339696e+00
-3.999999009965808927e+00 -3.999997998710255409e+00 -3.999976565204850676e+00
-3.999992944692377428e+00 -3.999986459530754601e+00 -3.999983980590963384e+00
-3.999983235355057065e+00 -3.999971155600522632e+00 -3.999110574222685344e+00
-3.999961883299913978e+00 -3.999835766463444742e+00 -3.999970279485092650e+00
-3.999761562524258185e+00 -3.999854369255288589e+00 -3.990836757245402211e+00
0.000000000000000000e+00 0.000000000000000000e+00 -2.999894489723221813e+00
-2.999994805792370656e+00 -2.999477964860002288e+00 -2.997281057801579607e+00
0.000000000000000000e+00 0.000000000000000000e+00 0.000000000000000000e+00
0.000000000000000000e+00 0.000000000000000000e+00 0.000000000000000000e+00
-2.999912446797267762e+00 -2.999919372460921441e+00 -2.999999530883629362e+00
-2.999997158157903687e+00 -2.999999597391454387e+00 -2.999999240340383455e+00
0.000000000000000000e+00 -2.910320005492594397e+00 -3.749996395292625628e+00
-3.994275155324242821e+00 -3.999112897443123593e+00 -3.998719083088885906e+00
-3.999929699764608770e+00 -3.999929589587414736e+00 -3.999952090062846466e+00
-3.999937830221301560e+00 -3.999959165938157923e+00 -3.999962616261550252e+00
-3.999958941178424432e+00 -3.999969808160744211e+00 -3.999963175255636827e+00
-3.999955852315586924e+00 -3.999979160305199954e+00 -3.999973088636207486e+00
-3.999960824362516654e+00 -3.999970022127718128e+00 -3.999969200824085469e+00
-3.999962931511060305e+00 -3.999981311614428048e+00 -3.999982695557188439e+00
-3.999983727721355020e+00 -3.999985588643462986e+00 -3.999966827671275649e+00
-3.999976114982353614e+00 -3.999976192629345562e+00 -3.999978219218909281e+00
-3.999977186493608894e+00 -3.999960604939074127e+00 -3.999976343490550867e+00
-3.999965582302141165e+00 -3.999776888252384754e+00 -3.999485107699721542e+00
-3.999962994468828192e+00 -3.999928811192822842e+00 -3.999647188778372886e+00
-3.998250804611967357e+00 -3.974274830752237087e+00 -3.936648720482353703e+00
-2.998446891760663036e+00 -3.911987510815886804e+00 -2.999998983862686153e+00
-2.999982468359052579e+00 -2.999988032070586286e+00 -2.999999984111981988e+00
0.000000000000000000e+00 0.000000000000000000e+00 0.000000000000000000e+00
0.000000000000000000e+00 0.000000000000000000e+00 0.000000000000000000e+00
-2.999930262909170864e+00 -2.999900799811563878e+00 -2.999999995742913761e+00
-2.999993246829202320e+00 -2.999413979601310842e+00 -2.999989751401118898e+00
0.000000000000000000e+00 0.000000000000000000e+00 0.000000000000000000e+00
-2.999412719915693692e+00 -2.999999043840338331e+00 -2.999999965799803991e+00
-3.999808595634107622e+00 -3.996883275817213477e+00 -3.999855633212102912e+00
-3.999509263373580925e+00 -3.999914927016284594e+00 -3.999834810360005655e+00
-3.999962824765493252e+00 -3.998977698019285043e+00 -3.999950273625628938e+00
-3.999944867258331538e+00 -3.999967138299981961e+00 -3.999968121557252232e+00
-3.999975078667522776e+00 -3.999844982344155753e+00 -3.999974878076837381e+00
-3.999971370473966115e+00 -3.999921434909297968e+00 -3.999973307163479319e+00
-3.999958756439456753e+00 -3.999971519239412299e+00 -3.999969960052679241e+00
-3.999904940692267985e+00 -3.999979468702171914e+00 -3.999984067337007954e+00
-3.999980246983803500e+00 -3.999944935604552221e+00 -3.999952737983999640e+00
-3.999915614398465102e+00 -3.999810355897504444e+00 -3.999938797586169770e+00
-3.999396070275867743e+00 -3.999282911405369845e+00 -3.998795973537907500e+00
-2.965858481212921838e+00 -2.999994099111720658e+00 -2.999999594475151188e+00
0.000000000000000000e+00 0.000000000000000000e+00 0.000000000000000000e+00
-3.937314544852828391e+00 -3.749673921608624561e+00 -3.749993388423666474e+00
0.000000000000000000e+00 0.000000000000000000e+00 0.000000000000000000e+00
0.000000000000000000e+00 0.000000000000000000e+00 0.000000000000000000e+00
0.000000000000000000e+00 -2.999758001666351426e+00 0.000000000000000000e+00
0.000000000000000000e+00 -2.999994467912450613e+00 0.000000000000000000e+00
-2.999491786307139307e+00 -3.749998743722454897e+00 0.000000000000000000e+00
-2.999999831132105665e+00 0.000000000000000000e+00 -2.999999833039330710e+00
-3.749968820339543818e+00 -2.999994366079984154e+00 0.000000000000000000e+00
-3.999695103556301312e+00 -3.999676608459694194e+00 -3.999588367343107187e+00
-3.999835170414841823e+00 -3.999920384100203563e+00 -3.999910029846024173e+00
-3.999941500382029780e+00 -3.999941881130378185e+00 -3.999938305673883310e+00
-3.999928257057593584e+00 -3.999938449083133563e+00 -3.999946723816448557e+00
-3.999938844477863409e+00 -3.999917378154616010e+00 -3.999949422323516579e+00
-3.999942008734688859e+00 -3.999816737922994747e+00 -3.999967651889909881e+00
-3.999854225684916553e+00 -3.999900912992127466e+00 -3.999965069725222477e+00
-3.999886760820329457e+00 -3.999958531899225456e+00 -3.999957822898195126e+00
-3.999692514211949934e+00 -3.998758102275289161e+00 -3.998148409473844644e+00
-3.934073926941792809e+00 -3.440459388426747367e+00 -3.636032216201241063e+00
-2.999586314394460551e+00 -2.892998018891844048e+00 0.000000000000000000e+00
-2.999998659158563008e+00 -2.999999936817756563e+00 -2.977284048147877726e+00
-2.999999901524128099e+00 -2.978924921173957685e+00 0.000000000000000000e+00
0.000000000000000000e+00 0.000000000000000000e+00 0.000000000000000000e+00
0.000000000000000000e+00 0.000000000000000000e+00 0.000000000000000000e+00
0.000000000000000000e+00 0.000000000000000000e+00 -2.998743628462403610e+00
-2.999990109766027313e+00 -2.999993856295658290e+00 0.000000000000000000e+00
-2.999095039482374769e+00 -2.989642728039708874e+00 -3.735419969873634116e+00
-2.998763391508600495e+00 -3.749962641740473668e+00 -2.999999658691319127e+00
-2.999999460856186406e+00 -3.936672065716138036e+00 0.000000000000000000e+00
-2.999999970222466672e+00 -3.749940989103427214e+00 0.000000000000000000e+00
-3.999826956411801859e+00 -3.999844111735644248e+00 -3.999714039148807299e+00
-3.999268116962240605e+00 -3.999631210344825050e+00 -3.999825643724349344e+00
-3.999623509080447725e+00 -3.999694404542414539e+00 -3.999521859260963375e+00
-3.999557358364780768e+00 -3.999540371219786117e+00 -3.999509113102432067e+00
-3.999592563065625495e+00 -3.999960328176146440e+00 -3.999884377822638726e+00
-3.999654948829329371e+00 -3.999946186222681277e+00 -3.999943493456074695e+00
-3.999846863673322428e+00 -3.999853057262396483e+00 -3.999715875801115317e+00
-3.988154043724063236e+00 -3.954746323969267063e+00 -3.978284489524349432e+00
-2.997995851600257833e+00 -3.749794413775139112e+00 -2.999999816442841638e+00
-3.740531137863483124e+00 -3.976652542439364613e+00 -3.730809061203701926e+00
0.000000000000000000e+00 0.000000000000000000e+00 -2.999949977797973233e+00
-2.999996546254359409e+00 0.000000000000000000e+00 -2.999998681872658501e+00
-2.999972148475037237e+00 0.000000000000000000e+00 -2.202350645150807917e+00
0.000000000000000000e+00 0.000000000000000000e+00 0.000000000000000000e+00
0.000000000000000000e+00 0.000000000000000000e+00 -3.749768437076455907e+00
-3.749987182908467886e+00 -3.749999628466761603e+00 -3.749933371550185246e+00
-3.748189312024559960e+00 -3.749870997625962765e+00 -3.749998174017003638e+00
-2.999995742719347991e+00 -2.999999979386229310e+00 -2.998706069909313321e+00
-3.749122801313817366e+00 -3.749663668081264056e+00 -3.749998547281939043e+00
0.000000000000000000e+00 0.000000000000000000e+00 -2.999621245235529532e+00
-2.999827160617812183e+00 0.000000000000000000e+00 -2.996057604993714207e+00
-3.999910604156970528e+00 -3.999898668095965171e+00 -3.999513985598019516e+00
-3.999807542070017430e+00 -3.999333331041985407e+00 -3.999808608739562565e+00
-3.999620545898436852e+00 -3.999967846628102119e+00 -3.999867129145199485e+00
-3.999968711528433918e+00 -3.999799366755822039e+00 -3.999972391332831556e+00
-3.999916893651499272e+00 -3.999916923273514335e+00 -3.982089829613844945e+00
-3.990591741266949821e+00 -3.978057843812916161e+00 -3.954267890602855662e+00
-3.749427184436536109e+00 -3.907802423373855305e+00 -3.749952018570001933e+00
0.000000000000000000e+00 -2.999955988727478484e+00 -3.749921214176862971e+00
-2.996527232834520937e+00 -3.749124646440320063e+00 -2.992401760039770764e+00
-2.999514823722901458e+00 -2.999999517793416004e+00 0.000000000000000000e+00
-2.999982508942497184e+00 -3.749958608688451100e+00 -2.999994527648184306e+00
0.000000000000000000e+00 0.000000000000000000e+00 0.000000000000000000e+00
0.000000000000000000e+00 0.000000000000000000e+00 0.000000000000000000e+00
-2.999999967820022206e+00 0.000000000000000000e+00 0.000000000000000000e+00
-2.999963238247589814e+00 -2.999976669253832551e+00 0.000000000000000000e+00
-2.999945498650860021e+00 0.000000000000000000e+00 0.000000000000000000e+00
-3.749541372211413037e+00 -3.749337010647854740e+00 -2.999876731204201175e+00
0.000000000000000000e+00 0.000000000000000000e+00 0.000000000000000000e+00
-2.999758111823481066e+00 -3.749355910463558317e+00 -2.999995409257760315e+00
0.000000000000000000e+00 0.000000000000000000e+00 -2.999999696613700806e+00
-3.984323458178294697e+00 -3.984290290275641411e+00 -3.937453756581442033e+00
-3.998769625873031419e+00 -3.998242316172580857e+00 -3.999474997608599480e+00
-3.998871797033198394e+00 -3.999825089028052005e+00 -3.999785954182676129e+00
-3.999523437732703801e+00 -3.999546872907799866e+00 -3.999562472134642999e+00
-3.985366168321140545e+00 -3.982017858487665762e+00 -3.974160416043728716e+00
-3.980765977834004765e+00 -3.943643289138133223e+00 -3.952002757018257206e+00
-2.999970885022819278e+00 -2.999998723305023596e+00 -2.999999646746198678e+00
-3.749997495153983174e+00 -3.749974764800847016e+00 -3.749956925678441522e+00
-2.999999225428128469e+00 -2.999999784289602012e+00 0.000000000000000000e+00
0.000000000000000000e+00 -2.999459316297082179e+00 -3.749535639715991575e+00
-2.999205825779769796e+00 0.000000000000000000e+00 0.000000000000000000e+00
0.000000000000000000e+00 0.000000000000000000e+00 -2.990595236875434715e+00
0.000000000000000000e+00 0.000000000000000000e+00 0.000000000000000000e+00
-2.974930026781900771e+00 -2.999699399172922387e+00 -2.999998695181553376e+00
-2.999999976365516297e+00 0.000000000000000000e+00 0.000000000000000000e+00
-2.999724139521927846e+00 -2.999537785649687649e+00 -2.999999726064634054e+00
-2.999926349192941100e+00 -2.999924251258721419e+00 -2.999956119335190685e+00
-2.999978061499890103e+00 -2.999999829453571465e+00 -2.999999962420619060e+00
0.000000000000000000e+00 -3.749998813497711581e+00 0.000000000000000000e+00
-2.999870301307780096e+00 0.000000000000000000e+00 0.000000000000000000e+00
-2.999999295349915940e+00 0.000000000000000000e+00 0.000000000000000000e+00
-2.999690956259349228e+00 -2.999765682950743972e+00 -3.741848136503065803e+00
-2.999992662549104239e+00 0.000000000000000000e+00 0.000000000000000000e+00
-2.999977994459992470e+00 0.000000000000000000e+00 0.000000000000000000e+00
-3.921379555901329361e+00 -2.998369052281919522e+00 -2.999997577489002865e+00
-3.749995137719684735e+00 0.000000000000000000e+00 -2.999992056997897283e+00
-3.936902516053214285e+00 -3.745647490593346340e+00 -3.749993769315243419e+00
-2.847399878595203049e+00 -2.999989665662008864e+00 -2.995638096210102574e+00
-2.999994139783627389e+00 0.000000000000000000e+00 0.000000000000000000e+00
-2.999984730492563756e+00 0.000000000000000000e+00 0.000000000000000000e+00
-2.997767278535211410e+00 0.000000000000000000e+00 0.000000000000000000e+00
0.000000000000000000e+00 0.000000000000000000e+00 0.000000000000000000e+00
0.000000000000000000e+00 0.000000000000000000e+00 0.000000000000000000e+00
0.000000000000000000e+00 0.000000000000000000e+00 0.000000000000000000e+00
0.000000000000000000e+00 0.000000000000000000e+00 0.000000000000000000e+00
0.000000000000000000e+00 0.000000000000000000e+00 0.000000000000000000e+00
0.000000000000000000e+00 0.000000000000000000e+00 0.000000000000000000e+00
0.000000000000000000e+00 0.000000000000000000e+00 0.000000000000000000e+00
0.000000000000000000e+00 0.000000000000000000e+00 0.000000000000000000e+00
0.000000000000000000e+00 0.000000000000000000e+00 0.000000000000000000e+00
0.000000000000000000e+00 0.000000000000000000e+00 0.000000000000000000e+00
0.000000000000000000e+00 0.000000000000000000e+00 0.000000000000000000e+00
0.000000000000000000e+00 0.000000000000000000e+00 0.000000000000000000e+00
0.000000000000000000e+00 0.000000000000000000e+00 0.000000000000000000e+00
0.000000000000000000e+00 0.000000000000000000e+00 0.000000000000000000e+00
0.000000000000000000e+00 0.000000000000000000e+00 0.000000000000000000e+00
0.000000000000000000e+00 0.000000000000000000e+00 0.000000000000000000e+00
0.000000000000000000e+00 0.000000000000000000e+00 0.000000000000000000e+00
0.000000000000000000e+00 0.000000000000000000e+00 0.000000000000000000e+00
0.000000000000000000e+00 0.000000000000000000e+00 0.000000000000000000e+00
0.000000000000000000e+00 0.000000000000000000e+00 0.000000000000000000e+00
0.000000000000000000e+00 0.000000000000000000e+00 0.000000000000000000e+00
