0.000000000000000000e+00 0.000000000000000000e+00 0.000000000000000000e+00
-1.333333333330467552e-01 0.000000000000000000e+00 0.000000000000000000e+00
-1.333333333333330817e-01 0.000000000000000000e+00 0.000000000000000000e+00
-1.028308997842764860e+00 -1.058736093306116066e+00 -1.028308882367524824e+00
-1.333332538744692819e+00 -1.333332558076340213e+00 -1.333332490858601949e+00
-1.333333261750719645e+00 -1.333333179041934269e+00 -1.333333173146779682e+00
-1.333333276194643702e+00 -1.333333262778996886e+00 -1.333333277552889884e+00
-1.333333285144477687e+00 -1.333333287920127619e+00 -1.333333286752339086e+00
-1.333333229489560789e+00 -1.333333261856383567e+00 -1.333333224939056150e+00
-1.333333194929855248e+00 -1.333333068791846321e+00 -1.333333220686398812e+00
-1.333333217320278541e+00 -1.333333203005071077e+00 -1.333333133199145148e+00
-1.333332585243074631e+00 -1.333332309116593395e+00 -1.333332123000929181e+00
-1.333324234545076203e+00 -1.333324567459578391e+00 -1.333324820939309152e+00
-1.333333333333284743e-01 0.000000000000000000e+00 0.000000000000000000e+00
0.000000000000000000e+00 0.000000000000000000e+00 0.000000000000000000e+00
-1.333333333333333037e-01 -1.333333333333227566e-01 0.000000000000000000e+00
0.000000000000000000e+00 -1.333333333306161161e-01 0.000000000000000000e+00
0.000000000000000000e+00 0.000000000000000000e+00 0.000000000000000000e+00
-1.333333333297691825e-01 -1.333333333333333037e-01 0.000000000000000000e+00
0.000000000000000000e+00 0.000000000000000000e+00 0.000000000000000000e+00
0.000000000000000000e+00 0.000000000000000000e+00 0.000000000000000000e+00
-1.333333333333330539e-01 -2.533333333333325221e-01 -1.333333333333333037e-01
-2.533333332383476133e-01 -2.533333333267320242e-01 -2.526598729414282762e-01
-1.328231942897376117e+00 -1.328519433666579985e+00 -1.328613482192902095e+00
-1.333333163148049616e+00 -1.333333186440854634e+00 -1.333333195011366268e+00
-1.333333322329839143e+00 -1.333333322643583285e+00 -1.333333321184180242e+00
-1.333333327218938713e+00 -1.333333326744220670e+00 -1.333333327017992787e+00
-1.333333308503094283e+00 -1.333333308367733228e+00 -1.333333309198882155e+00
-1.333333326104386263e+00 -1.333333289356223528e+00 -1.333333175213508248e+00
-1.333333263696292015e+00 -1.333332843728660233e+00 -1.333332003413014499e+00
-1.333332539739261247e+00 -1.333328939432611326e+00 -1.333329009239111018e+00
-1.333326513818370529e+00 -1.333327039229015076e+00 -1.333326982109316994e+00
-1.333332951504288211e+00 -1.333332947440722727e+00 -1.333332952242608727e+00
-1.333332427138830267e+00 -1.333332466762753521e+00 -1.333332460777413075e+00
-4.567532823452349899e-01 -3.606311944080005105e-01 -3.603725528262496369e-01
-2.533259365763137483e-01 -3.613333331846877439e-01 0.000000000000000000e+00
-3.613333136793470679e-01 -1.333332253898274755e-01 -1.333333333333327764e-01
-1.333333333333333037e-01 -2.533333276174312143e-01 -3.613333333333329511e-01
0.000000000000000000e+00 0.000000000000000000e+00 -1.333333333300585066e-01
0.000000000000000000e+00 0.000000000000000000e+00 0.000000000000000000e+00
0.000000000000000000e+00 0.000000000000000000e+00 0.000000000000000000e+00
0.000000000000000000e+00 0.000000000000000000e+00 -1.333332114362761611e-01
-7.873503087742792506e-01 -8.124543043199222714e-01 -8.075241864930640112e-01
-1.332594480567019568e+00 -1.332537582934284703e+00 -1.332754341494335026e+00
-1.333333301951515670e+00 -1.333333306704340249e+00 -1.333333305814473180e+00
-1.333333332252505610e+00 -1.333333332216435796e+00 -1.333333332228342050e+00
-1.333333331139662681e+00 -1.333333332721781783e+00 -1.333333332446317021e+00
-1.333333328750685443e+00 -1.333333332819321315e+00 -1.333333332992235221e+00
-1.333333329681806179e+00 -1.333333313656780206e+00 -1.333333321253470372e+00
-1.333333266815954765e+00 -1.333333200494897008e+00 -1.333333288971548791e+00
-1.333333172606852468e+00 -1.333332402087985979e+00 -1.333332390691741143e+00
-1.333329915736272353e+00 -1.333330200514077690e+00 -1.333329453438626633e+00
-1.333305672835932487e+00 -1.333305071653067664e+00 -1.333306775297000701e+00
-1.333332221849028665e+00 -1.333332235250284992e+00 -1.333332237767554496e+00
-1.333332391715773335e+00 -1.333332358342104840e+00 -1.333332323970289446e+00
-8.683171655751635853e-01 -8.675933925565235683e-01 -9.144859147919442988e-01
-1.333333333333332760e-01 0.000000000000000000e+00 -1.333333329373395382e-01
-1.333333333333326376e-01 -1.333333333333279469e-01 0.000000000000000000e+00
-1.333333333242260055e-01 -1.333333333333326653e-01 0.000000000000000000e+00
0.000000000000000000e+00 0.000000000000000000e+00 0.000000000000000000e+00
0.000000000000000000e+00 0.000000000000000000e+00 0.000000000000000000e+00
0.000000000000000000e+00 -1.333316941572091074e-01 0.000000000000000000e+00
-1.326461384246992559e+00 -1.326074732782053900e+00 -1.326710343289934535e+00
-1.333202546173399838e+00 -1.333231904959220504e+00 -1.333234283401888209e+00
-1.333333329263815203e+00 -1.333333329112128540e+00 -1.333333328927241546e+00
-1.333333333105048091e+00 -1.333333333173988500e+00 -1.333333333256567554e+00
-1.333333333226992545e+00 -1.333333333096782258e+00 -1.333333333281795152e+00
-1.333333333294461243e+00 -1.333333333098287499e+00 -1.333333331969559277e+00
-1.333333332828778639e+00 -1.333333330571384368e+00 -1.333333332809546468e+00
-1.333333331924850373e+00 -1.333333331915740994e+00 -1.333333331741701988e+00
-1.333333330176861509e+00 -1.333333327487170816e+00 -1.333333323806906057e+00
-1.333333267222083451e+00 -1.333333265104476917e+00 -1.333333266027982855e+00
-1.333332975381553265e+00 -1.333332953997254267e+00 -1.333332896669332968e+00
-1.333330641713389664e+00 -1.333330486159720163e+00 -1.333330551670651953e+00
-1.333331778617090846e+00 -1.333331761021394390e+00 -1.333331727565564506e+00
-1.333328690263580363e+00 -1.333328946277428040e+00 -1.333328742368361741e+00
-3.613333333326793628e-01 -2.533036536740312372e-01 -3.612421004128557045e-01
-2.533333333333309123e-01 -2.533332868570031260e-01 -2.533333333333309678e-01
-1.333333333333299453e-01 0.000000000000000000e+00 0.000000000000000000e+00
0.000000000000000000e+00 0.000000000000000000e+00 0.000000000000000000e+00
0.000000000000000000e+00 0.000000000000000000e+00 0.000000000000000000e+00
0.000000000000000000e+00 -1.328255393267965268e-01 0.000000000000000000e+00
-1.332136243563985856e+00 -1.332300403535598088e+00 -1.332371588713014310e+00
-1.333311259352549127e+00 -1.333313342188714445e+00 -1.333314518924356928e+00
-1.333333332373910940e+00 -1.333333332338500377e+00 -1.333333332385043812e+00
-1.333333333304762114e+00 -1.333333333316570890e+00 -1.333333333325261494e+00
-1.333333333330452453e+00 -1.333333333303306834e+00 -1.333333333317681335e+00
-1.333333333323865943e+00 -1.333333333312867852e+00 -1.333333333285809497e+00
-1.333333333277552990e+00 -1.333333333280453337e+00 -1.333333333167565415e+00
-1.333333333167527002e+00 -1.333333333164509638e+00 -1.333333333047859615e+00
-1.333333332341405608e+00 -1.333333332297474749e+00 -1.333333332227375267e+00
-1.333333328216486535e+00 -1.333333326806409813e+00 -1.333333328043682986e+00
-1.333333281218406441e+00 -1.333333280647899688e+00 -1.333333254082126107e+00
-1.333332505768860310e+00 -1.333332442453494693e+00 -1.333332446989680342e+00
-1.333329771446560397e+00 -1.333330070661683076e+00 -1.333329880900956832e+00
-1.333330269148883307e+00 -1.333329637480714869e+00 -1.333317718476142888e+00
-1.333203891738403923e+00 -1.333213903816813151e+00 -1.333208088395563484e+00
-1.333333333333330817e-01 -2.533333333333327997e-01 -1.333333333333330817e-01
-1.333333333333333037e-01 0.000000000000000000e+00 -1.333333333333309445e-01
0.000000000000000000e+00 0.000000000000000000e+00 0.000000000000000000e+00
0.000000000000000000e+00 0.000000000000000000e+00 0.000000000000000000e+00
-1.900000000000000022e-01 0.000000000000000000e+00 -1.333333333333333037e-01
-1.333163161895678961e+00 -1.333161620405620251e+00 -1.333131817381009609e+00
-1.333329962599374197e+00 -1.333330274870470067e+00 -1.333330040183324572e+00
-1.333333332967820306e+00 -1.333333333014664168e+00 -1.333333332973475338e+00
-1.333333333331876647e+00 -1.333333333331206072e+00 -1.333333333332611170e+00
-1.333333333332444859e+00 -1.333333333330331438e+00 -1.333333333332215709e+00
-1.333333333331120363e+00 -1.333333333330648296e+00 -1.333333333331115922e+00
-1.333333333327459513e+00 -1.333333333325501524e+00 -1.333333333327480386e+00
-1.333333333320909420e+00 -1.333333333324572489e+00 -1.333333333323943659e+00
-1.333333333271348842e+00 -1.333333333273180044e+00 -1.333333333251624842e+00
-1.333333332617225420e+00 -1.333333332617436806e+00 -1.333333332683205086e+00
-1.333333327503285926e+00 -1.333333327324679463e+00 -1.333333325263390545e+00
-1.333333253332507073e+00 -1.333333255264762096e+00 -1.333333202239944892e+00
-1.333332076968529734e+00 -1.333331965063466518e+00 -1.333332045534514565e+00
-1.333329662091572887e+00 -1.333329609004019423e+00 -1.333329899481580094e+00
-1.333332775002414206e+00 -1.333332816137664301e+00 -1.333332794403200738e+00
-9.548370018176361995e-01 -9.566234465666950681e-01 -9.462223084236613957e-01
0.000000000000000000e+00 -1.333333333333301118e-01 -1.333333333333288906e-01
0.000000000000000000e+00 0.000000000000000000e+00 0.000000000000000000e+00
0.000000000000000000e+00 0.000000000000000000e+00 0.000000000000000000e+00
-1.333333333333280857e-01 -2.199999997494577197e-01 -2.533232925478434705e-01
-1.333286189204811567e+00 -1.333288333740944243e+00 -1.333286770709562807e+00
-1.333332628236922890e+00 -1.333332604681438660e+00 -1.333332665445697618e+00
-1.333333231149378850e+00 -1.333333326075314851e+00 -1.333333325025777061e+00
-1.333333333220066974e+00 -1.333333333223885919e+00 -1.333333333294334011e+00
-1.333333333333069914e+00 -1.333333333333210025e+00 -1.333333333333171389e+00
-1.333333333333169612e+00 -1.333333333333151627e+00 -1.333333333333154069e+00
-1.333333333333222459e+00 -1.333333333333181381e+00 -1.333333333332819892e+00
-1.333333333332644699e+00 -1.333333333333169612e+00 -1.333333333333193815e+00
-1.333333333333326820e+00 -1.333333333333326820e+00 -1.333333333333318160e+00
-1.333333333333177606e+00 -1.333333333333138304e+00 -1.333333333333100335e+00
-1.333333333332513249e+00 -1.333333333332495707e+00 -1.333333333332241244e+00
-1.333333333305967816e+00 -1.333333333306820689e+00 -1.333333333305126045e+00
-1.333333332217891964e+00 -1.333333332186928732e+00 -1.333333327961376602e+00
-1.333333262633252136e+00 -1.333333267700401059e+00 -1.333333268030858942e+00
-1.333332947993680628e+00 -1.333333122549769989e+00 -1.333331235465601949e+00
-1.333316781736500589e+00 -1.333315358881988821e+00 -1.333316122540239901e+00
-3.613333333328935248e-01 -1.333333333333272808e-01 -1.333333333333329151e-01
-1.333333333332878401e-01 0.000000000000000000e+00 0.000000000000000000e+00
0.000000000000000000e+00 0.000000000000000000e+00 0.000000000000000000e+00
-2.233333333263737286e-01 -2.233333333333264448e-01 -1.333333333333333037e-01
-1.332986054669541121e+00 -1.332955814153119478e+00 -1.333260780999773631e+00
-1.333331498442746454e+00 -1.333331487113643243e+00 -1.333331586666936630e+00
-1.333333214284058599e+00 -1.333333222394670559e+00 -1.333333247844722846e+00
-1.333333333290747991e+00 -1.333333333241640162e+00 -1.333333333300596557e+00
-1.333333333313156954e+00 -1.333333333330027903e+00 -1.333333333330878334e+00
-1.333333333332059389e+00 -1.333333333333172943e+00 -1.333333333333206250e+00
-1.333333333333246662e+00 -1.333333333333313497e+00 -1.333333333333320159e+00
-1.333333333333321491e+00 -1.333333333333309279e+00 -1.333333333333321047e+00
-1.333333333333323489e+00 -1.333333333333331261e+00 -1.333333333333331261e+00
-1.333333333333331261e+00 -1.333333333333311721e+00 -1.333333333333332149e+00
-1.333333333332906934e+00 -1.333333333332912263e+00 -1.333333333332815007e+00
-1.333333333327558101e+00 -1.333333333327526571e+00 -1.333333333327026970e+00
-1.333333332892198797e+00 -1.333333332898124057e+00 -1.333333332951447847e+00
-1.333333309603509154e+00 -1.333333316034046589e+00 -1.333333308657053573e+00
-1.333333031438710181e+00 -1.333333137281730307e+00 -1.333328677395191120e+00
-1.333305103019845284e+00 -1.333300958502968259e+00 -1.333302431149414824e+00
-1.333333333333331649e-01 -1.333333333333333037e-01 -1.333333333333333037e-01
0.000000000000000000e+00 0.000000000000000000e+00 0.000000000000000000e+00
0.000000000000000000e+00 0.000000000000000000e+00 0.000000000000000000e+00
-1.333333333333311388e-01 0.000000000000000000e+00 0.000000000000000000e+00
-1.332996732545126628e+00 -1.332845270955388184e+00 -1.333329679951869462e+00
-1.333297134576263199e+00 -1.333314952019410748e+00 -1.333306240506290319e+00
-1.333331918722344467e+00 -1.333331970225705376e+00 -1.333333292485608723e+00
-1.333333287760051666e+00 -1.333333257185316256e+00 -1.333333330306674780e+00
-1.333333328108678772e+00 -1.333333332604021981e+00 -1.333333332983683173e+00
-1.333333333169343327e+00 -1.333333333319940639e+00 -1.333333333283528654e+00
-1.333333333316828906e+00 -1.333333333330838144e+00 -1.333333333330530168e+00
-1.333333333332166859e+00 -1.333333333333235338e+00 -1.333333333333181603e+00
-1.333333333333191373e+00 -1.333333333333321935e+00 -1.333333333333317272e+00
-1.333333333333226900e+00 -1.333333333333309279e+00 -1.333333333333310833e+00
-1.333333333333312609e+00 -1.333333333333315940e+00 -1.333333333333311499e+00
-1.333333333332807458e+00 -1.333333333332819226e+00 -1.333333333332829884e+00
-1.333333333288006184e+00 -1.333333333292596512e+00 -1.333333333271364607e+00
-1.333333309082101348e+00 -1.333333308538600104e+00 -1.333333307724079209e+00
-1.333332732073376325e+00 -1.333332359822322566e+00 -1.333332732625708505e+00
-1.333222986222369899e+00 -1.333210374478439819e+00 -1.333203741774963813e+00
0.000000000000000000e+00 0.000000000000000000e+00 0.000000000000000000e+00
-1.333333333333332760e-01 0.000000000000000000e+00 0.000000000000000000e+00
0.000000000000000000e+00 0.000000000000000000e+00 0.000000000000000000e+00
-1.333333333332839821e-01 0.000000000000000000e+00 0.000000000000000000e+00
-1.324389818293588039e+00 -1.324354777589019871e+00 -1.324037211533680480e+00
-1.332799461314362333e+00 -1.333227319259045807e+00 -1.333209628663950763e+00
-1.333325630553192198e+00 -1.333324950186982827e+00 -1.333325844703123320e+00
-1.333332473109688943e+00 -1.333332807210052984e+00 -1.333333019878599979e+00
-1.333333285851616257e+00 -1.333333311991486081e+00 -1.333333317918287131e+00
-1.333333328626249648e+00 -1.333333329409242207e+00 -1.333333331931088050e+00
-1.333333332904435897e+00 -1.333333333128059461e+00 -1.333333333232280982e+00
-1.333333333277766597e+00 -1.333333333321773173e+00 -1.333333333326517822e+00
-1.333333333327847425e+00 -1.333333333332429538e+00 -1.333333333332402226e+00
-1.333333333332786363e+00 -1.333333333332569426e+00 -1.333333333332876069e+00
-1.333333333332891613e+00 -1.333333333332954451e+00 -1.333333333332883619e+00
-1.333333333330904757e+00 -1.333333333331292669e+00 -1.333333333329934867e+00
-1.333333333136161647e+00 -1.333333333161726086e+00 -1.333333332901478707e+00
-1.333333186406547854e+00 -1.333333191395365436e+00 -1.333333198537517639e+00
-1.333330961689978889e+00 -1.333331176553535613e+00 -1.333325822889755763e+00
-1.332884724745545757e+00 -1.332861750488699482e+00 -1.332663593250970724e+00
-2.533333333333323556e-01 -1.333333333333331927e-01 -2.533333333323869452e-01
-1.333333333333333037e-01 0.000000000000000000e+00 -1.333333333333331649e-01
0.000000000000000000e+00 0.000000000000000000e+00 0.000000000000000000e+00
-1.333333333333330817e-01 0.000000000000000000e+00 -1.333333333333331649e-01
-2.525944368612005886e-01 -1.333333333333329151e-01 -1.333333333333330539e-01
-1.332985967280056583e+00 -1.332965876113310966e+00 -1.332979052325434566e+00
-1.333307729961611399e+00 -1.333310244694168922e+00 -1.333307972102870220e+00
-1.333330275773257689e+00 -1.333330140214423531e+00 -1.333330154068144147e+00
-1.333332697937101408e+00 -1.333332949091928787e+00 -1.333332930241343695e+00
-1.333333290153689177e+00 -1.333333308886928581e+00 -1.333333317513020644e+00
-1.333333330308866360e+00 -1.333333330735494870e+00 -1.333333330609214551e+00
-1.333333333132165066e+00 -1.333333333005477961e+00 -1.333333333204860693e+00
-1.333333333307727298e+00 -1.333333333300403156e+00 -1.333333333305423363e+00
-1.333333333296682355e+00 -1.333333333326742975e+00 -1.333333333320748659e+00
-1.333333333328533987e+00 -1.333333333329315140e+00 -1.333333333329303816e+00
-1.333333333296847778e+00 -1.333333333293205580e+00 -1.333333333297571643e+00
-1.333333330643463377e+00 -1.333333331608476557e+00 -1.333333329893206187e+00
-1.333332721559536971e+00 -1.333332766508576794e+00 -1.333332412597932892e+00
-1.333314519789082553e+00 -1.333303111242785999e+00 -1.333285071702694946e+00
-1.327339761051450129e+00 -1.327193294827247128e+00 -1.327746894229622887e+00
-1.333333333333326931e-01 0.000000000000000000e+00 0.000000000000000000e+00
0.000000000000000000e+00 0.000000000000000000e+00 0.000000000000000000e+00
0.000000000000000000e+00 0.000000000000000000e+00 0.000000000000000000e+00
-1.333333333333325266e-01 -1.333333333333154014e-01 -1.333333333333327209e-01
0.000000000000000000e+00 -1.333333333333171222e-01 0.000000000000000000e+00
-1.231760541667442643e+00 -1.236067655028343371e+00 -1.222413357590130367e+00
-1.329916789843026192e+00 -1.332823672343663723e+00 -1.332692418916891830e+00
-1.333141031153305178e+00 -1.333289006516201525e+00 -1.333289942192879440e+00
-1.333327265916187443e+00 -1.333328211734909896e+00 -1.333324743184173045e+00
-1.333331912228692406e+00 -1.333332655022775093e+00 -1.333332980081078256e+00
-1.333333178119666451e+00 -1.333333261723203877e+00 -1.333333261130132730e+00
-1.333333316943532632e+00 -1.333333327654846689e+00 -1.333333326949076802e+00
-1.333333332343765276e+00 -1.333333332589895504e+00 -1.333333332484819778e+00
-1.333333333054238956e+00 -1.333333333093276618e+00 -1.333333333152794342e+00
-1.333333333294675960e+00 -1.333333333271650156e+00 -1.333333333297633150e+00
-1.333333333102530771e+00 -1.333333332988017039e+00 -1.333333332781042158e+00
-1.333333306481201186e+00 -1.333333305708944039e+00 -1.333333305004267499e+00
-1.333330121799994883e+00 -1.333317875557325838e+00 -1.333328157269826120e+00
-1.333157747761343881e+00 -1.333104064323301197e+00 -1.333007259477867246e+00
-6.236953060107479629e-01 -5.841234636300514094e-01 -6.047588891511884723e-01
-3.493411952358243533e-01 -2.533333333333327442e-01 -2.533333332992087628e-01
0.000000000000000000e+00 -1.333333333333331649e-01 0.000000000000000000e+00
0.000000000000000000e+00 0.000000000000000000e+00 0.000000000000000000e+00
-1.333333333333293902e-01 -1.333333333333331649e-01 -1.333333333333306392e-01
-2.533333333333331883e-01 -2.533333333227742457e-01 -2.533333333333317450e-01
-2.533333333043055746e-01 -2.533333333326047709e-01 -1.333333333333330539e-01
-1.330874284607103553e+00 -1.331015500351029335e+00 -1.330944905639075193e+00
-1.333112665141513276e+00 -1.332985390670352821e+00 -1.333216306219999092e+00
-1.333307808623043433e+00 -1.333316790192822454e+00 -1.333314916103678804e+00
-1.333330875828046658e+00 -1.333330867475677195e+00 -1.333330669600414797e+00
-1.333333071935942415e+00 -1.333333026287370160e+00 -1.333333074422560216e+00
-1.333333279298360097e+00 -1.333333283747762943e+00 -1.333333296976194626e+00
-1.333333324162898847e+00 -1.333333327135630242e+00 -1.333333329407237144e+00
-1.333333331934378307e+00 -1.333333332633062529e+00 -1.333333332538569671e+00
-1.333333333124348652e+00 -1.333333333184739011e+00 -1.333333333163289502e+00
-1.333333328778643523e+00 -1.333333329436970471e+00 -1.333333328375763793e+00
-1.333332933348241323e+00 -1.333332924097129890e+00 -1.333333212304241178e+00
-1.333305492136415360e+00 -1.333241693881577428e+00 -1.333244580776443033e+00
-1.330232208739791311e+00 -1.330332199119766301e+00 -1.330479291059382563e+00
0.000000000000000000e+00 0.000000000000000000e+00 0.000000000000000000e+00
-1.333333333333114878e-01 -2.533333333319797154e-01 -1.333333333333331927e-01
0.000000000000000000e+00 0.000000000000000000e+00 0.000000000000000000e+00
0.000000000000000000e+00 0.000000000000000000e+00 0.000000000000000000e+00
-1.333333333333123483e-01 0.000000000000000000e+00 0.000000000000000000e+00
-1.333333333333331649e-01 -1.333333333333326653e-01 -1.333333333333332482e-01
-1.333333333333331094e-01 -1.333333333333333037e-01 0.000000000000000000e+00
-1.333333333333199533e-01 -1.333333333333332760e-01 -1.333333333332957227e-01
-1.333201572338654550e+00 -1.333203003736062042e+00 -1.333200467646940224e+00
-1.333307530161228938e+00 -1.333312335676094529e+00 -1.333314170291721057e+00
-1.333330619584491616e+00 -1.333330769632971036e+00 -1.333330602687956112e+00
-1.333332898542487266e+00 -1.333332896557712699e+00 -1.333332870844869289e+00
-1.333333254456146477e+00 -1.333333262058756796e+00 -1.333333267288027368e+00
-1.333333319492978619e+00 -1.333333320771812325e+00 -1.333333325136217606e+00
-1.333333331099319841e+00 -1.333333331501965535e+00 -1.333333331374595199e+00
-1.333333332663051651e+00 -1.333333332745600508e+00 -1.333333332673606986e+00
-1.333333288896465074e+00 -1.333333249035210555e+00 -1.333333306619090664e+00
-1.333329718725186686e+00 -1.333328448737770344e+00 -1.333332240991327522e+00
-1.332660079934456121e+00 -1.332938105494702041e+00 -1.332655902939308579e+00
-7.587121271400568689e-01 -7.585253003558941609e-01 -7.586881951503435806e-01
-1.333333333333312776e-01 -1.333333333333329984e-01 -1.333333333320666225e-01
-1.333333333333293902e-01 -2.533333333331730941e-01 -1.333333333333250603e-01
0.000000000000000000e+00 0.000000000000000000e+00 0.000000000000000000e+00
0.000000000000000000e+00 0.000000000000000000e+00 0.000000000000000000e+00
-1.333333333333331372e-01 -1.333333333333332205e-01 0.000000000000000000e+00
-2.533333333318504299e-01 -1.333333333333331649e-01 -1.333333333332265280e-01
-1.333333333215367122e-01 -3.613333333332087727e-01 -1.333333333333322768e-01
-1.333333333333333037e-01 -2.533333333301622248e-01 -1.333333333333325821e-01
-1.333333333333333037e-01 -1.333285629427451713e-01 -1.333333333333318327e-01
-1.333210398243863448e+00 -1.333213697673534703e+00 -1.333218109905174309e+00
-1.333316678515843900e+00 -1.333317936505648227e+00 -1.333323041016407640e+00
-1.333332242104106946e+00 -1.333331706960278362e+00 -1.333332317573305836e+00
-1.333333162347936751e+00 -1.333333159315824190e+00 -1.333333176011117338e+00
-1.333333298660645427e+00 -1.333333300600027638e+00 -1.333333296898876252e+00
-1.333333325568243355e+00 -1.333333328228028414e+00 -1.333333327037862892e+00
-1.333333330933847094e+00 -1.333333330984740606e+00 -1.333333325871015607e+00
-1.333332970277629981e+00 -1.333333001780627081e+00 -1.333332134942987635e+00
-1.333313391411178994e+00 -1.333298702309271277e+00 -1.333228112276052535e+00
-1.322656137703138945e+00 -1.321550505757671967e+00 -1.321992133896037425e+00
-1.333333333333327209e-01 0.000000000000000000e+00 -1.333333333333312776e-01
-2.533333333200625814e-01 -3.613333332668282050e-01 -2.533333333235481266e-01
0.000000000000000000e+00 0.000000000000000000e+00 -2.533333330699688024e-01
0.000000000000000000e+00 0.000000000000000000e+00 0.000000000000000000e+00
0.000000000000000000e+00 0.000000000000000000e+00 0.000000000000000000e+00
0.000000000000000000e+00 0.000000000000000000e+00 0.000000000000000000e+00
-2.533333325918876722e-01 -2.533333333332732362e-01 -1.333333333333330817e-01
-1.333333333333333037e-01 -1.333333333333293902e-01 0.000000000000000000e+00
-2.533333333332882242e-01 -3.613333332903509998e-01 -1.333333333333331927e-01
0.000000000000000000e+00 -1.324437253689952354e-01 -1.333333333333329984e-01
-1.333333333333332205e-01 -2.533330788864134875e-01 -1.333333333333332760e-01
-1.333165814946380534e+00 -1.333165307198634686e+00 -1.333170538757798784e+00
-1.333317555031316326e+00 -1.333321346866002788e+00 -1.333322848562976448e+00
-1.333332215970402412e+00 -1.333332196822142324e+00 -1.333331773131933851e+00
-1.333333184570375529e+00 -1.333333173195162313e+00 -1.333333201287234537e+00
-1.333333304671446173e+00 -1.333333307893157960e+00 -1.333333307860124384e+00
-1.333333307869560169e+00 -1.333333289308816116e+00 -1.333333103657013519e+00
-1.333322820993750435e+00 -1.333323583282630009e+00 -1.333323892189446136e+00
-1.332955190900086739e+00 -1.332581533301747223e+00 -1.332640518359568871e+00
-6.047823859298665505e-01 -6.766009900940218591e-01 -7.552258907552561462e-01
-1.333333333333328041e-01 0.000000000000000000e+00 -2.533333333332284387e-01
-1.333333333333330539e-01 0.000000000000000000e+00 0.000000000000000000e+00
0.000000000000000000e+00 0.000000000000000000e+00 -2.533333333333067650e-01
0.000000000000000000e+00 0.000000000000000000e+00 0.000000000000000000e+00
0.000000000000000000e+00 0.000000000000000000e+00 0.000000000000000000e+00
-1.333333333333333037e-01 0.000000000000000000e+00 -1.333333333316504832e-01
0.000000000000000000e+00 0.000000000000000000e+00 0.000000000000000000e+00
-2.533333333333259718e-01 -1.333333333331901405e-01 -1.333333333333333037e-01
0.000000000000000000e+00 0.000000000000000000e+00 0.000000000000000000e+00
-1.333333333333321102e-01 -2.533333333206944094e-01 -1.333333333333321935e-01
-1.333333333333333037e-01 -1.333333333333303894e-01 0.000000000000000000e+00
-3.613333333279158399e-01 0.000000000000000000e+00 0.000000000000000000e+00
-1.333311045210582302e+00 -1.333314692954488567e+00 -1.333313790385384223e+00
-1.333330540128492059e+00 -1.333332655196368677e+00 -1.333331008844635512e+00
-1.333332164759974514e+00 -1.333332945562585747e+00 -1.333332956408712411e+00
-1.333333116183320399e+00 -1.333333183470624350e+00 -1.333333200293397303e+00
-1.333332772037159719e+00 -1.333332713012973958e+00 -1.333328488391724465e+00
-1.333148610078865204e+00 -1.333176641022590481e+00 -1.333141711048298594e+00
-1.327932005726374376e+00 -1.327425409655683008e+00 -1.326346587651052289e+00
-1.328480585101824429e-01 -1.333333333333333037e-01 -2.533331210664215849e-01
-2.533333333333293580e-01 -1.333333333333333037e-01 -2.533333333332971615e-01
-2.533333333300648027e-01 -2.533333333333290804e-01 0.000000000000000000e+00
-1.333333333333307225e-01 -1.333333333333309445e-01 -1.333333333333259485e-01
0.000000000000000000e+00 0.000000000000000000e+00 0.000000000000000000e+00
0.000000000000000000e+00 0.000000000000000000e+00 0.000000000000000000e+00
-1.333333333333328319e-01 -1.333333333333173998e-01 0.000000000000000000e+00
-1.333333333333332760e-01 0.000000000000000000e+00 0.000000000000000000e+00
-2.533333333333308568e-01 -1.333333333333330539e-01 -1.333333333333330817e-01
-1.333333333333333037e-01 -1.333333333333332482e-01 -1.333333333333103776e-01
-2.533333333333321336e-01 -2.533333330339504474e-01 -1.333333333333333037e-01
-1.333333333333333037e-01 -1.333333333333329429e-01 -2.533333333333323001e-01
-2.533333333327458248e-01 -1.333333333333322490e-01 -1.333333333333333037e-01
-2.533333333333265269e-01 -2.533333333333289694e-01 -1.333333333333317494e-01
-1.333039050018909100e+00 -1.333048577077955210e+00 -1.333016896597614576e+00
-1.333304840937017399e+00 -1.333315253461086147e+00 -1.333313246963401699e+00
-1.333330685322150044e+00 -1.333331851321120753e+00 -1.333331923789822016e+00
-1.333327598758946575e+00 -1.333326669354865546e+00 -1.333268987522851390e+00
-1.332250415025811874e+00 -1.332274280528008781e+00 -1.331274379807160235e+00
-1.279856852376066279e+00 -1.278076395297526258e+00 -1.274258923857106485e+00
-1.333333333333333037e-01 0.000000000000000000e+00 -1.333333333331992721e-01
-1.333333333333326653e-01 0.000000000000000000e+00 0.000000000000000000e+00
-2.533330686840184476e-01 -1.333333333333330539e-01 0.000000000000000000e+00
-1.333333333325493752e-01 -1.333333333333333037e-01 0.000000000000000000e+00
0.000000000000000000e+00 0.000000000000000000e+00 0.000000000000000000e+00
0.000000000000000000e+00 0.000000000000000000e+00 0.000000000000000000e+00
0.000000000000000000e+00 0.000000000000000000e+00 0.000000000000000000e+00
-1.333333333333333037e-01 -1.333333333333325266e-01 0.000000000000000000e+00
0.000000000000000000e+00 0.000000000000000000e+00 0.000000000000000000e+00
0.000000000000000000e+00 0.000000000000000000e+00 -2.533333333333151471e-01
-1.333333333333330817e-01 0.000000000000000000e+00 0.000000000000000000e+00
-2.533333333333281923e-01 -1.333333333333319992e-01 0.000000000000000000e+00
-2.533333333284449873e-01 -1.333333333324061842e-01 -1.333333333333331649e-01
-1.333330536451315662e-01 -1.333333333331977177e-01 -1.333333333333331649e-01
-1.333333109577163611e-01 -1.333333333333332482e-01 0.000000000000000000e+00
-1.333333333333143744e-01 -1.333333329963063973e-01 0.000000000000000000e+00
-1.333333333333054649e-01 0.000000000000000000e+00 0.000000000000000000e+00
-1.333333333333326376e-01 -1.333333333333331927e-01 -1.333333333333329429e-01
-2.533333333333128157e-01 -1.333332554397215208e-01 0.000000000000000000e+00
-1.333333333190682701e-01 -1.333333333317339164e-01 -1.333333333333309167e-01
-2.533333333201925885e-01 -1.333333333326369718e-01 0.000000000000000000e+00
0.000000000000000000e+00 0.000000000000000000e+00 -1.333333330303410891e-01
0.000000000000000000e+00 0.000000000000000000e+00 0.000000000000000000e+00
-1.333333333333295012e-01 -2.533332471874434333e-01 0.000000000000000000e+00
0.000000000000000000e+00 0.000000000000000000e+00 0.000000000000000000e+00
0.000000000000000000e+00 0.000000000000000000e+00 0.000000000000000000e+00
0.000000000000000000e+00 0.000000000000000000e+00 0.000000000000000000e+00
0.000000000000000000e+00 0.000000000000000000e+00 0.000000000000000000e+00
0.000000000000000000e+00 0.000000000000000000e+00 0.000000000000000000e+00
0.000000000000000000e+00 0.000000000000000000e+00 0.000000000000000000e+00
0.000000000000000000e+00 0.000000000000000000e+00 0.000000000000000000e+00
0.000000000000000000e+00 0.000000000000000000e+00 0.000000000000000000e+00
0.000000000000000000e+00 0.000000000000000000e+00 0.000000000000000000e+00
0.000000000000000000e+00 0.000000000000000000e+00 0.000000000000000000e+00
0.000000000000000000e+00 0.000000000000000000e+00 0.000000000000000000e+00
0.000000000000000000e+00 0.000000000000000000e+00 0.000000000000000000e+00
0.000000000000000000e+00 0.000000000000000000e+00 0.000000000000000000e+00
0.000000000000000000e+00 0.000000000000000000e+00 0.000000000000000000e+00
0.000000000000000000e+00 0.000000000000000000e+00 0.000000000000000000e+00
0.000000000000000000e+00 0.000000000000000000e+00 0.000000000000000000e+00
0.000000000000000000e+00 0.000000000000000000e+00 0.000000000000000000e+00
0.000000000000000000e+00 0.000000000000000000e+00 0.000000000000000000e+00
0.000000000000000000e+00 0.000000000000000000e+00 0.000000000000000000e+00
0.000000000000000000e+00 0.000000000000000000e+00 0.000000000000000000e+00
0.000000000000000000e+00 0.000000000000000000e+00 0.000000000000000000e+00
