0.000000000000000000e+00 0.000000000000000000e+00 0.000000000000000000e+00
0.000000000000000000e+00 0.000000000000000000e+00 -2.222222222221970078e-01
0.000000000000000000e+00 0.000000000000000000e+00 0.000000000000000000e+00
-1.050027127359755230e+00 -1.034756132907927118e+00 -1.050027124311635696e+00
-1.111111110424099158e+00 -1.111111111027198506e+00 -1.111111110305890159e+00
-1.111111111087050851e+00 -1.111111111087033532e+00 -1.111111111085576919e+00
-1.111111111097963011e+00 -1.111111111095468562e+00 -1.111111111094774229e+00
-1.111111111096890758e+00 -1.111111111097654147e+00 -1.111111111098715298e+00
-1.111111111077601077e+00 -1.111111111072808910e+00 -1.111111111082954794e+00
-1.111111111100423043e+00 -1.111111110998820761e+00 -1.111111110983684647e+00
-1.111111111095263615e+00 -1.111111111031408472e+00 -1.111111111019849051e+00
-1.111111110918399980e+00 -1.111111110379339628e+00 -1.111111109768982974e+00
-1.111111083846510361e+00 -1.111111086845237628e+00 -1.111111084897495216e+00
-2.222222222222222376e-01 0.000000000000000000e+00 0.000000000000000000e+00
0.000000000000000000e+00 0.000000000000000000e+00 -2.222222222222222376e-01
0.000000000000000000e+00 0.000000000000000000e+00 0.000000000000000000e+00
0.000000000000000000e+00 -2.222222222222222376e-01 0.000000000000000000e+00
-2.222222222222222376e-01 0.000000000000000000e+00 0.000000000000000000e+00
-2.222222222222222376e-01 0.000000000000000000e+00 -2.222222222222222376e-01
0.000000000000000000e+00 0.000000000000000000e+00 0.000000000000000000e+00
0.000000000000000000e+00 0.000000000000000000e+00 0.000000000000000000e+00
-2.222222222222222099e-01 -2.222222222222222376e-01 -2.222222222222222376e-01
-5.411536505741076919e-01 -5.420848374099793698e-01 -3.999252533546241439e-01
-1.109809636850627612e+00 -1.109589999933402682e+00 -1.109851520939075575e+00
-1.111111111108189498e+00 -1.111111111109071015e+00 -1.111111111108354699e+00
-1.111111111110235417e+00 -1.111111111110060889e+00 -1.111111111110248739e+00
-1.111111111110130389e+00 -1.111111111109971850e+00 -1.111111111110100191e+00
-1.111111111108978866e+00 -1.111111111108505911e+00 -1.111111111108691096e+00
-1.111111111105804294e+00 -1.111111111107984550e+00 -1.111111111106288130e+00
-1.111111111091497738e+00 -1.111111111090507642e+00 -1.111111111091348302e+00
-1.111111111064122303e+00 -1.111111111065598012e+00 -1.111111111066272805e+00
-1.111111111008601382e+00 -1.111111111020488984e+00 -1.111111111028594722e+00
-1.111111111111110716e+00 -1.111111111111110716e+00 -1.111111111111110716e+00
-1.111111111111108940e+00 -1.111111111111108940e+00 -1.111111111111108940e+00
-3.999999999999946931e-01 -3.999999998778747123e-01 -5.422222222221543264e-01
0.000000000000000000e+00 0.000000000000000000e+00 0.000000000000000000e+00
-4.000000000000000222e-01 -5.422222222222222721e-01 0.000000000000000000e+00
-4.000000000000000222e-01 -4.000000000000000222e-01 -3.999999999987559063e-01
-2.222222222222222376e-01 -2.222222222222222376e-01 0.000000000000000000e+00
0.000000000000000000e+00 0.000000000000000000e+00 0.000000000000000000e+00
0.000000000000000000e+00 0.000000000000000000e+00 0.000000000000000000e+00
0.000000000000000000e+00 0.000000000000000000e+00 -2.222222222222222376e-01
-1.089350675053002648e+00 -1.087039855401381594e+00 -1.090275003397822129e+00
-1.111084519363292333e+00 -1.111085902656949953e+00 -1.111085893188755280e+00
-1.111111111110893779e+00 -1.111111111110931526e+00 -1.111111111110927530e+00
-1.111111111111021454e+00 -1.111111111111018568e+00 -1.111111111110993033e+00
-1.111111111111023675e+00 -1.111111111111035665e+00 -1.111111111111032335e+00
-1.111111111111048988e+00 -1.111111111111023009e+00 -1.111111111111056093e+00
-1.111111111111104943e+00 -1.111111111111105387e+00 -1.111111111111105831e+00
-1.111111111111108940e+00 -1.111111111111109162e+00 -1.111111111111108940e+00
-1.111111111111110716e+00 -1.111111111111110716e+00 -1.111111111111110716e+00
-1.111111111111110716e+00 -1.111111111111110716e+00 -1.111111111111110716e+00
-1.111111111111109606e+00 -1.111111111111109606e+00 -1.111111111111109606e+00
-1.111111111111110494e+00 -1.111111111111110272e+00 -1.111111111111108496e+00
-1.111111111111089400e+00 -1.111111111111087624e+00 -1.111111111111088290e+00
-7.470221522511236723e-01 -6.559999999911243496e-01 -6.559999999940513415e-01
-2.222222222222222376e-01 0.000000000000000000e+00 -2.222222222222222099e-01
-2.222222222222222376e-01 -2.222222222222222376e-01 0.000000000000000000e+00
-2.222222222222222376e-01 -2.222222222222222376e-01 -2.222222222222222376e-01
-2.222222222222222376e-01 0.000000000000000000e+00 0.000000000000000000e+00
0.000000000000000000e+00 0.000000000000000000e+00 0.000000000000000000e+00
0.000000000000000000e+00 0.000000000000000000e+00 0.000000000000000000e+00
-1.110470909385177229e+00 -1.110394485603740433e+00 -1.110523838150072606e+00
-1.111110210981830049e+00 -1.111110279086326980e+00 -1.111110269109931270e+00
-1.111111111111097394e+00 -1.111111111111094729e+00 -1.111111111111096283e+00
-1.111111111111088068e+00 -1.111111111111086958e+00 -1.111111111111088068e+00
-1.111111111111109162e+00 -1.111111111111109162e+00 -1.111111111111109384e+00
-1.111111111111108496e+00 -1.111111111111110716e+00 -1.111111111111110716e+00
-1.111111111111110716e+00 -1.111111111111110716e+00 -1.111111111111110716e+00
-1.111111111111110716e+00 -1.111111111111110716e+00 -1.111111111111110716e+00
-1.111111111111110716e+00 -1.111111111111110716e+00 -1.111111111111110716e+00
-1.111111111111110716e+00 -1.111111111111110716e+00 -1.111111111111110716e+00
-1.111111111111110272e+00 -1.111111111111110716e+00 -1.111111111111109606e+00
-1.111111111111085847e+00 -1.111111111111083183e+00 -1.111111111111086736e+00
-1.111111111111004801e+00 -1.111111111111006577e+00 -1.111111111111009686e+00
-1.111111111110411054e+00 -1.111111111110437033e+00 -1.111111111110407057e+00
-5.422222220310822793e-01 -4.000000000000000222e-01 -4.000000000000000222e-01
-2.222222222222222376e-01 0.000000000000000000e+00 -2.222222221430668609e-01
-4.000000000000000222e-01 -2.222222222222222376e-01 -2.222222222222222376e-01
-2.222222222222222376e-01 -2.222222222133442282e-01 0.000000000000000000e+00
0.000000000000000000e+00 0.000000000000000000e+00 0.000000000000000000e+00
-2.222222222222222376e-01 -3.999814738302344130e-01 0.000000000000000000e+00
-1.111097191810480833e+00 -1.111090233384843584e+00 -1.111097445728197020e+00
-1.111111088396352642e+00 -1.111111084422010231e+00 -1.111111086193353747e+00
-1.111111111111109162e+00 -1.111111111111108940e+00 -1.111111111111108940e+00
-1.111111111111109606e+00 -1.111111111111109828e+00 -1.111111111111109828e+00
-1.111111111111110716e+00 -1.111111111111110716e+00 -1.111111111111110716e+00
-1.111111111111110716e+00 -1.111111111111110716e+00 -1.111111111111110716e+00
-1.111111111111110716e+00 -1.111111111111110716e+00 -1.111111111111110716e+00
-1.111111111111110716e+00 -1.111111111111110716e+00 -1.111111111111110716e+00
-1.111111111111110716e+00 -1.111111111111110716e+00 -1.111111111111110716e+00
-1.111111111111110716e+00 -1.111111111111110716e+00 -1.111111111111110716e+00
-1.111111111111110272e+00 -1.111111111111110716e+00 -1.111111111111110716e+00
-1.111111111111109828e+00 -1.111111111111086958e+00 -1.111111111111092953e+00
-1.111111111110747007e+00 -1.111111111110785421e+00 -1.111111111110845817e+00
-1.111111111107988547e+00 -1.111111111106641181e+00 -1.111111111108305405e+00
-1.111111111009406738e+00 -1.111111110990632644e+00 -1.111111110997480278e+00
-4.000000000000000222e-01 -2.222222222222222376e-01 0.000000000000000000e+00
-2.222222222222222376e-01 -2.222222222222222376e-01 -2.222222222222222376e-01
-2.222222222222222376e-01 0.000000000000000000e+00 0.000000000000000000e+00
0.000000000000000000e+00 0.000000000000000000e+00 0.000000000000000000e+00
-6.183745854531950137e-01 -5.422071694893030314e-01 -6.559927340269235962e-01
-1.111110455009974185e+00 -1.111110580076136056e+00 -1.111110734759232388e+00
-1.111111109244159234e+00 -1.111111109633112326e+00 -1.111111109772094929e+00
-1.111111111111110716e+00 -1.111111111111110716e+00 -1.111111111111110716e+00
-1.111111111111110716e+00 -1.111111111111110716e+00 -1.111111111111110716e+00
-1.111111111111110716e+00 -1.111111111111110716e+00 -1.111111111111110716e+00
-1.111111111111110716e+00 -1.111111111111110716e+00 -1.111111111111110716e+00
-1.111111111111110716e+00 -1.111111111111110716e+00 -1.111111111111110716e+00
-1.111111111111110716e+00 -1.111111111111110716e+00 -1.111111111111110716e+00
-1.111111111111110716e+00 -1.111111111111110716e+00 -1.111111111111110716e+00
-1.111111111111110716e+00 -1.111111111111110716e+00 -1.111111111111110716e+00
-1.111111111111110716e+00 -1.111111111111110716e+00 -1.111111111111108940e+00
-1.111111111111109828e+00 -1.111111111111110272e+00 -1.111111111111037220e+00
-1.111111111111048322e+00 -1.111111111110955951e+00 -1.111111111109014837e+00
-1.111111111099334137e+00 -1.111111111102362825e+00 -1.111111111071710233e+00
-1.111111111044231770e+00 -1.111111111063868506e+00 -1.111111111051592770e+00
-5.232290303225710648e-01 -2.222222222222215438e-01 -3.999802753116852294e-01
-2.222222222222222376e-01 -2.222222222222222376e-01 0.000000000000000000e+00
0.000000000000000000e+00 0.000000000000000000e+00 0.000000000000000000e+00
0.000000000000000000e+00 0.000000000000000000e+00 0.000000000000000000e+00
-6.926559999999999384e-01 -6.151822222216406510e-01 -8.198382448024477132e-01
-1.111110953367634435e+00 -1.111110977574595760e+00 -1.111110979587144554e+00
-1.111111110791542789e+00 -1.111111110819603010e+00 -1.111111110807299296e+00
-1.111111111097090820e+00 -1.111111111111108940e+00 -1.111111111111108274e+00
-1.111111111111110716e+00 -1.111111111111110716e+00 -1.111111111111110716e+00
-1.111111111111110716e+00 -1.111111111111110716e+00 -1.111111111111110716e+00
-1.111111111111110716e+00 -1.111111111111110716e+00 -1.111111111111110716e+00
-1.111111111111110716e+00 -1.111111111111110716e+00 -1.111111111111110716e+00
-1.111111111111110716e+00 -1.111111111111110716e+00 -1.111111111111110716e+00
-1.111111111111110716e+00 -1.111111111111110716e+00 -1.111111111111110716e+00
-1.111111111111110716e+00 -1.111111111111110716e+00 -1.111111111111110716e+00
-1.111111111111110716e+00 -1.111111111111110716e+00 -1.111111111111110716e+00
-1.111111111111110716e+00 -1.111111111111110716e+00 -1.111111111111110716e+00
-1.111111111111049654e+00 -1.111111111108053384e+00 -1.111111111111084515e+00
-1.111111111104459370e+00 -1.111111111107284000e+00 -1.111111111057870415e+00
-1.111111110562632120e+00 -1.111111110913535871e+00 -1.111111110534755086e+00
-1.111103138927131306e+00 -1.111100761761621092e+00 -1.111102333079512894e+00
-2.222191375761307930e-01 0.000000000000000000e+00 -2.222222221280155119e-01
0.000000000000000000e+00 -2.222222222222222376e-01 0.000000000000000000e+00
0.000000000000000000e+00 0.000000000000000000e+00 0.000000000000000000e+00
-2.120688000000000017e-01 0.000000000000000000e+00 0.000000000000000000e+00
-1.111098379303659289e+00 -1.111096962758563178e+00 -1.111099761912699213e+00
-1.111111108836603023e+00 -1.111111108371518386e+00 -1.111111108787032231e+00
-1.111111110168603755e+00 -1.111111110358785403e+00 -1.111111110968149296e+00
-1.111111111106075189e+00 -1.111111111107291327e+00 -1.111111111111031446e+00
-1.111111111111110716e+00 -1.111111111111110716e+00 -1.111111111111110716e+00
-1.111111111111110716e+00 -1.111111111111110716e+00 -1.111111111111110716e+00
-1.111111111111110716e+00 -1.111111111111110716e+00 -1.111111111111110716e+00
-1.111111111111110716e+00 -1.111111111111110716e+00 -1.111111111111110716e+00
-1.111111111111110716e+00 -1.111111111111110716e+00 -1.111111111111110716e+00
-1.111111111111110716e+00 -1.111111111111110716e+00 -1.111111111111110716e+00
-1.111111111111110716e+00 -1.111111111111110716e+00 -1.111111111111110716e+00
-1.111111111111110716e+00 -1.111111111111110716e+00 -1.111111111111110716e+00
-1.111111111111110716e+00 -1.111111111111110716e+00 -1.111111111111110716e+00
-1.111111111107437877e+00 -1.111111111110744787e+00 -1.111111111085684167e+00
-1.111111110719060990e+00 -1.111111110574927840e+00 -1.111111108185239615e+00
-1.111110895682740241e+00 -1.111110899595739054e+00 -1.111110902397994815e+00
-2.222222222222222376e-01 -2.222222222222222376e-01 -2.222222222222221544e-01
0.000000000000000000e+00 0.000000000000000000e+00 0.000000000000000000e+00
0.000000000000000000e+00 0.000000000000000000e+00 0.000000000000000000e+00
0.000000000000000000e+00 0.000000000000000000e+00 0.000000000000000000e+00
-1.111058221288517611e+00 -1.111093790222366540e+00 -1.111059252399582586e+00
-1.111111075706314288e+00 -1.111111083143925926e+00 -1.111111081228065789e+00
-1.111111103874079742e+00 -1.111111105109986230e+00 -1.111111105664280840e+00
-1.111111111069653434e+00 -1.111111111066701129e+00 -1.111111111059811973e+00
-1.111111111110768102e+00 -1.111111111110729910e+00 -1.111111111110701044e+00
-1.111111111111105387e+00 -1.111111111111093841e+00 -1.111111111111110716e+00
-1.111111111111110494e+00 -1.111111111111110716e+00 -1.111111111111110716e+00
-1.111111111111110716e+00 -1.111111111111110716e+00 -1.111111111111110716e+00
-1.111111111111110716e+00 -1.111111111111110716e+00 -1.111111111111110716e+00
-1.111111111111110716e+00 -1.111111111111110716e+00 -1.111111111111110716e+00
-1.111111111111110716e+00 -1.111111111111110716e+00 -1.111111111111110716e+00
-1.111111111111110716e+00 -1.111111111111110716e+00 -1.111111111111110716e+00
-1.111111111111110716e+00 -1.111111111111110716e+00 -1.111111111111110716e+00
-1.111111111110172578e+00 -1.111111111110255623e+00 -1.111111111110065552e+00
-1.111111111090955950e+00 -1.111111111064716273e+00 -1.111111111088976422e+00
-1.111111074514378627e+00 -1.111109899656048894e+00 -1.111110089859278505e+00
0.000000000000000000e+00 0.000000000000000000e+00 0.000000000000000000e+00
0.000000000000000000e+00 0.000000000000000000e+00 0.000000000000000000e+00
0.000000000000000000e+00 0.000000000000000000e+00 0.000000000000000000e+00
-3.999995299093692669e-01 -4.000000000000000222e-01 -4.000000000000000222e-01
-1.110817869099657518e+00 -1.110841296294174718e+00 -1.110837121846940168e+00
-1.111111012596016412e+00 -1.111111030015561996e+00 -1.111111018517104698e+00
-1.111111098423124721e+00 -1.111111099936878954e+00 -1.111111105192427173e+00
-1.111111107781979968e+00 -1.111111110051920869e+00 -1.111111110010308600e+00
-1.111111111080363090e+00 -1.111111111074314151e+00 -1.111111111075807178e+00
-1.111111111111018790e+00 -1.111111111111003025e+00 -1.111111111111024119e+00
-1.111111111111101390e+00 -1.111111111111105609e+00 -1.111111111111109384e+00
-1.111111111111110716e+00 -1.111111111111110716e+00 -1.111111111111110716e+00
-1.111111111111110716e+00 -1.111111111111110716e+00 -1.111111111111110716e+00
-1.111111111111110716e+00 -1.111111111111110716e+00 -1.111111111111110716e+00
-1.111111111111110716e+00 -1.111111111111110716e+00 -1.111111111111110716e+00
-1.111111111111110716e+00 -1.111111111111110716e+00 -1.111111111111110716e+00
-1.111111111111036998e+00 -1.111111111111106498e+00 -1.111111111111056315e+00
-1.111111111101667825e+00 -1.111111111103559423e+00 -1.111111111090791415e+00
-1.111111110315326833e+00 -1.111111110602754914e+00 -1.111111110623712595e+00
-1.111107197336135277e+00 -1.111099666741370395e+00 -1.111099675628519634e+00
-2.222222222222222376e-01 0.000000000000000000e+00 0.000000000000000000e+00
0.000000000000000000e+00 0.000000000000000000e+00 0.000000000000000000e+00
0.000000000000000000e+00 0.000000000000000000e+00 0.000000000000000000e+00
-4.000000000000000222e-01 -4.000000000000000222e-01 -2.222222222222222376e-01
-3.999533282674202495e-01 -3.995170309027081812e-01 -3.979403854690024556e-01
-1.111110647425585629e+00 -1.111110698117423246e+00 -1.111110724153151263e+00
-1.111111093640115399e+00 -1.111111101825614567e+00 -1.111111102981234833e+00
-1.111111109569832722e+00 -1.111111109793439411e+00 -1.111111109674468134e+00
-1.111111110993374451e+00 -1.111111111063854073e+00 -1.111111111070805402e+00
-1.111111111108017191e+00 -1.111111111105237637e+00 -1.111111111108812777e+00
-1.111111111110943517e+00 -1.111111111110949734e+00 -1.111111111110969940e+00
-1.111111111111097838e+00 -1.111111111111101390e+00 -1.111111111111100724e+00
-1.111111111111110272e+00 -1.111111111111110050e+00 -1.111111111111110494e+00
-1.111111111111110716e+00 -1.111111111111110716e+00 -1.111111111111110716e+00
-1.111111111111110716e+00 -1.111111111111110716e+00 -1.111111111111110716e+00
-1.111111111111110716e+00 -1.111111111111110716e+00 -1.111111111111110716e+00
-1.111111111110983929e+00 -1.111111111109819971e+00 -1.111111111101310556e+00
-1.111111110910027788e+00 -1.111111110704224414e+00 -1.111111110908748145e+00
-1.111111104599875388e+00 -1.111111106938785786e+00 -1.111111099325926332e+00
-1.109699721178789344e+00 -1.109949610515740037e+00 -1.109685203566328715e+00
-4.000000000000000222e-01 -2.222222222222222376e-01 -3.999999999999996891e-01
0.000000000000000000e+00 -2.222222222222222376e-01 0.000000000000000000e+00
0.000000000000000000e+00 0.000000000000000000e+00 0.000000000000000000e+00
-2.222222222222222099e-01 -2.222222222222222376e-01 0.000000000000000000e+00
-2.222222222222222376e-01 -2.222222222222222376e-01 -2.222222222222222376e-01
-1.107436348186690012e+00 -1.105545347964537628e+00 -1.106586039918330933e+00
-1.111111101932341194e+00 -1.111111101867255702e+00 -1.111111101501984999e+00
-1.111111110584381834e+00 -1.111111110311933103e+00 -1.111111110579070749e+00
-1.111111111011647390e+00 -1.111111111032550447e+00 -1.111111111026635179e+00
-1.111111111093671333e+00 -1.111111111092160764e+00 -1.111111111093563197e+00
-1.111111111110141936e+00 -1.111111111109521321e+00 -1.111111111109560401e+00
-1.111111111110933969e+00 -1.111111111111007910e+00 -1.111111111110953065e+00
-1.111111111111098060e+00 -1.111111111111095617e+00 -1.111111111111098948e+00
-1.111111111111109828e+00 -1.111111111111109828e+00 -1.111111111111109828e+00
-1.111111111111110716e+00 -1.111111111111110716e+00 -1.111111111111110716e+00
-1.111111111111093619e+00 -1.111111111111094729e+00 -1.111111111111005467e+00
-1.111111111100283155e+00 -1.111111111103753046e+00 -1.111111110650401246e+00
-1.111111107332594772e+00 -1.111111108612594656e+00 -1.111111103212881535e+00
-1.111110849387566324e+00 -1.111110946747516426e+00 -1.111110802738905168e+00
-3.999999999999999112e-01 -4.000000000000000222e-01 -5.422222156422258355e-01
-2.222222222222209054e-01 0.000000000000000000e+00 -2.222222222222222376e-01
0.000000000000000000e+00 0.000000000000000000e+00 0.000000000000000000e+00
0.000000000000000000e+00 0.000000000000000000e+00 0.000000000000000000e+00
0.000000000000000000e+00 0.000000000000000000e+00 0.000000000000000000e+00
-2.222222222222222376e-01 -2.222222222222222376e-01 -3.999999999999961364e-01
-2.222222222222222376e-01 -2.222222222222222376e-01 -2.222222222222222376e-01
-1.111105671579356580e+00 -1.111104558850823931e+00 -1.111105349740444614e+00
-1.111111106619982358e+00 -1.111111105962580670e+00 -1.111111107297615863e+00
-1.111111110731627827e+00 -1.111111110791308532e+00 -1.111111110816120018e+00
-1.111111111073362467e+00 -1.111111111081811487e+00 -1.111111111083747049e+00
-1.111111111105628213e+00 -1.111111111106134697e+00 -1.111111111106321214e+00
-1.111111111110541838e+00 -1.111111111110643535e+00 -1.111111111110579586e+00
-1.111111111111054095e+00 -1.111111111111046323e+00 -1.111111111111056760e+00
-1.111111111111105831e+00 -1.111111111111106053e+00 -1.111111111111105609e+00
-1.111111111111091621e+00 -1.111111111111110272e+00 -1.111111111111110716e+00
-1.111111111110778982e+00 -1.111111111110788308e+00 -1.111111111104295501e+00
-1.111111110738776553e+00 -1.111111110811398017e+00 -1.111111104319939979e+00
-1.111111001434966994e+00 -1.111111040546277628e+00 -1.111110959795817532e+00
-1.111064371336444090e+00 -1.111056203804825504e+00 -1.111065825316694289e+00
-3.999999999999999667e-01 -2.222222222222222376e-01 -2.222222222222222376e-01
-4.000000000000000222e-01 0.000000000000000000e+00 -2.222222222222222376e-01
0.000000000000000000e+00 0.000000000000000000e+00 0.000000000000000000e+00
0.000000000000000000e+00 0.000000000000000000e+00 0.000000000000000000e+00
0.000000000000000000e+00 0.000000000000000000e+00 0.000000000000000000e+00
-2.222222222222222376e-01 0.000000000000000000e+00 0.000000000000000000e+00
-2.222222222219509824e-01 -2.222222222222222376e-01 0.000000000000000000e+00
-2.222222222222222376e-01 -2.222200734922725462e-01 -2.222222222222222376e-01
-1.111111056820832887e+00 -1.111111046932325763e+00 -1.111111047875318780e+00
-1.111111110440883065e+00 -1.111111110497603027e+00 -1.111111110440446526e+00
-1.111111111070571589e+00 -1.111111111045373301e+00 -1.111111111081010572e+00
-1.111111111107961014e+00 -1.111111111108504579e+00 -1.111111111108546323e+00
-1.111111111110762106e+00 -1.111111111110818506e+00 -1.111111111110824723e+00
-1.111111111111083849e+00 -1.111111111111088512e+00 -1.111111111111090066e+00
-1.111111111111109606e+00 -1.111111111111110050e+00 -1.111111111111109828e+00
-1.111111111111056982e+00 -1.111111111110840932e+00 -1.111111111111035221e+00
-1.111111111096843240e+00 -1.111111111032693222e+00 -1.111111111014883246e+00
-1.111111048290202907e+00 -1.111111100656314354e+00 -1.111110925990869802e+00
-1.111106410692628721e+00 -1.111105934154436703e+00 -1.111106109386502894e+00
-2.222222222222222376e-01 -2.222222222222222376e-01 -2.222222222222222376e-01
-2.222222222222222376e-01 0.000000000000000000e+00 0.000000000000000000e+00
-3.999999999999999112e-01 -3.999999436174737077e-01 -4.000000000000000222e-01
0.000000000000000000e+00 0.000000000000000000e+00 0.000000000000000000e+00
0.000000000000000000e+00 0.000000000000000000e+00 0.000000000000000000e+00
-2.222222222222222376e-01 -2.222222222222222376e-01 0.000000000000000000e+00
-4.000000000000000222e-01 -5.422222222222194965e-01 -4.000000000000000222e-01
-3.999999999999911959e-01 -3.999999999985950350e-01 -2.222222222222222376e-01
-4.000000000000000222e-01 -2.222222222222222376e-01 -3.822222222222222410e-01
0.000000000000000000e+00 0.000000000000000000e+00 0.000000000000000000e+00
-1.111111109808653685e+00 -1.111111109970786659e+00 -1.111111109858539781e+00
-1.111111111057196954e+00 -1.111111111059615242e+00 -1.111111111078614266e+00
-1.111111111107751848e+00 -1.111111111108964877e+00 -1.111111111109529315e+00
-1.111111111110845373e+00 -1.111111111111023453e+00 -1.111111111111017236e+00
-1.111111111111098504e+00 -1.111111111111102501e+00 -1.111111111111106053e+00
-1.111111111111110494e+00 -1.111111111111110716e+00 -1.111111111111110716e+00
-1.111111111104558180e+00 -1.111111111105285820e+00 -1.111111111104444271e+00
-1.111111110534649393e+00 -1.111111102064034295e+00 -1.111111106456296405e+00
-1.111110805045436578e+00 -1.111110667358611082e+00 -1.111109383263098715e+00
-1.092959363381434068e+00 -1.084081989346917130e+00 -1.082650279062443266e+00
-4.000000000000000222e-01 -2.222222222222222376e-01 -2.222222222222222376e-01
-2.222222222222222376e-01 0.000000000000000000e+00 0.000000000000000000e+00
-2.222222222222222376e-01 -2.222222222222222376e-01 -2.222222222222222376e-01
0.000000000000000000e+00 0.000000000000000000e+00 0.000000000000000000e+00
0.000000000000000000e+00 0.000000000000000000e+00 0.000000000000000000e+00
-2.222222222222222376e-01 -2.222222222222222376e-01 -2.222222222222222376e-01
-4.000000000000000222e-01 -5.422222222222172761e-01 -3.999999999999994671e-01
-4.000000000000000222e-01 0.000000000000000000e+00 0.000000000000000000e+00
-4.000000000000000222e-01 -3.999999999999993561e-01 -4.000000000000000222e-01
-4.000000000000000222e-01 -2.222222222222222376e-01 -5.422222222222222721e-01
-2.222222222222222376e-01 -2.222222222222222376e-01 -5.422222137868971670e-01
-1.111111111028436627e+00 -1.111111111021604536e+00 -1.111111111031450882e+00
-1.111111111107021987e+00 -1.111111111109476690e+00 -1.111111111109013061e+00
-1.111111111110901106e+00 -1.111111111111001470e+00 -1.111111111110987038e+00
-1.111111111111099392e+00 -1.111111111111105387e+00 -1.111111111111107830e+00
-1.111111111111096728e+00 -1.111111111111108052e+00 -1.111111111111105387e+00
-1.111111110405927249e+00 -1.111111110501308952e+00 -1.111111110480859754e+00
-1.111111033326132480e+00 -1.111110985278520591e+00 -1.111111018560522412e+00
-1.110988724094349900e+00 -1.111014559653491274e+00 -1.110998658033132802e+00
-2.222222222222218491e-01 -2.222222222222222376e-01 -2.222222222222222376e-01
-2.222222222222222376e-01 -2.222222222222222376e-01 -2.222222222222222376e-01
-2.222222222222222376e-01 0.000000000000000000e+00 0.000000000000000000e+00
-2.222222222219155940e-01 -2.222222222222222376e-01 0.000000000000000000e+00
0.000000000000000000e+00 0.000000000000000000e+00 0.000000000000000000e+00
0.000000000000000000e+00 0.000000000000000000e+00 0.000000000000000000e+00
-2.222222222222222376e-01 -2.222222222222222376e-01 0.000000000000000000e+00
-2.222222222222222376e-01 -2.222222222222222376e-01 -2.222222222221710008e-01
-2.222222222222222376e-01 0.000000000000000000e+00 0.000000000000000000e+00
-2.222222222222222376e-01 -2.222222222222222376e-01 0.000000000000000000e+00
-3.999999999999938050e-01 -4.000000000000000222e-01 -2.222222222222222376e-01
0.000000000000000000e+00 -2.222222222222222376e-01 0.000000000000000000e+00
-2.222222222222222376e-01 -3.999999999998811728e-01 -2.222222222222222376e-01
-1.111111111108898486e+00 -1.111111111108615379e+00 -1.111111111108808114e+00
-1.111111111111045879e+00 -1.111111111111042771e+00 -1.111111111111073191e+00
-1.111111111111101390e+00 -1.111111111111100724e+00 -1.111111111111100724e+00
-1.111111111110365313e+00 -1.111111111109775784e+00 -1.111111111110312244e+00
-1.111111043736460635e+00 -1.111111079243144673e+00 -1.111111103586164717e+00
-1.111109781116485618e+00 -1.111109761824570219e+00 -1.111109532971836344e+00
-1.089845128748455405e+00 -1.088680437257753431e+00 -1.084662840699333497e+00
-2.222222222222222376e-01 -2.222222222222222376e-01 0.000000000000000000e+00
-2.222222222222222376e-01 0.000000000000000000e+00 -2.222222222222222376e-01
-2.222222222222222376e-01 -2.222222222214282894e-01 -6.559999999999999165e-01
-2.222222222222222376e-01 -2.222222222222222376e-01 -4.000000000000000222e-01
0.000000000000000000e+00 0.000000000000000000e+00 0.000000000000000000e+00
0.000000000000000000e+00 0.000000000000000000e+00 0.000000000000000000e+00
-2.222222222222222376e-01 -2.222222222222222376e-01 -2.222222222222222099e-01
-2.222222222222220989e-01 -2.222222222222222376e-01 -2.222222222221924559e-01
-2.222222222222222376e-01 0.000000000000000000e+00 0.000000000000000000e+00
-2.222222222222222376e-01 -2.222222222222222376e-01 -4.000000000000000222e-01
-2.222222222222222376e-01 0.000000000000000000e+00 0.000000000000000000e+00
-2.222222222222222376e-01 -2.222222222222222376e-01 -2.222222222217046517e-01
-4.000000000000000222e-01 0.000000000000000000e+00 -2.222222219373287122e-01
-2.222222222222222376e-01 -2.222222222222222376e-01 0.000000000000000000e+00
-1.111111026593804230e+00 -1.111111031500534585e+00 -1.111111014315349532e+00
-1.111111103116808829e+00 -1.111111110269024538e+00 -1.111111110453322004e+00
-1.111111110892136988e+00 -1.111111111073142643e+00 -1.111111111075692159e+00
-1.111111111063594281e+00 -1.111111111059606138e+00 -1.111110878360013432e+00
-1.111049545537903693e+00 -1.111060404847814986e+00 -1.111057249614098019e+00
-6.440555980297237859e-01 -7.090375387544510799e-01 -7.092251022222222367e-01
-2.222222222222222376e-01 -2.222222222222222376e-01 0.000000000000000000e+00
-2.222222222222222376e-01 0.000000000000000000e+00 -2.222222222075568576e-01
-2.222222222222192678e-01 -2.222222222222222376e-01 0.000000000000000000e+00
-4.000000000000000222e-01 -2.222222222222222376e-01 -2.222222222222222376e-01
0.000000000000000000e+00 0.000000000000000000e+00 0.000000000000000000e+00
0.000000000000000000e+00 0.000000000000000000e+00 0.000000000000000000e+00
-2.222222222222222376e-01 -3.999982420789240933e-01 -3.999999999999996891e-01
-2.222222222222222376e-01 0.000000000000000000e+00 0.000000000000000000e+00
-2.222222222222222376e-01 0.000000000000000000e+00 0.000000000000000000e+00
-2.222222222222222376e-01 -2.222222222222222376e-01 0.000000000000000000e+00
0.000000000000000000e+00 0.000000000000000000e+00 0.000000000000000000e+00
-2.222222222222193511e-01 0.000000000000000000e+00 0.000000000000000000e+00
0.000000000000000000e+00 0.000000000000000000e+00 0.000000000000000000e+00
-2.222222222222222376e-01 -2.222222222222222376e-01 0.000000000000000000e+00
-2.222222222222222376e-01 0.000000000000000000e+00 -2.222222222222222099e-01
-2.222222222222222376e-01 -2.222222222222222376e-01 0.000000000000000000e+00
0.000000000000000000e+00 0.000000000000000000e+00 0.000000000000000000e+00
0.000000000000000000e+00 0.000000000000000000e+00 0.000000000000000000e+00
0.000000000000000000e+00 0.000000000000000000e+00 0.000000000000000000e+00
-2.222222222222222376e-01 -2.222222222222222376e-01 -3.999999999999969136e-01
-2.222222222222222376e-01 -2.222222222222222376e-01 0.000000000000000000e+00
-2.222222222222222376e-01 0.000000000000000000e+00 0.000000000000000000e+00
0.000000000000000000e+00 0.000000000000000000e+00 0.000000000000000000e+00
-2.222222222222222376e-01 0.000000000000000000e+00 0.000000000000000000e+00
0.000000000000000000e+00 0.000000000000000000e+00 0.000000000000000000e+00
0.000000000000000000e+00 0.000000000000000000e+00 0.000000000000000000e+00
0.000000000000000000e+00 0.000000000000000000e+00 0.000000000000000000e+00
0.000000000000000000e+00 0.000000000000000000e+00 0.000000000000000000e+00
0.000000000000000000e+00 0.000000000000000000e+00 0.000000000000000000e+00
0.000000000000000000e+00 0.000000000000000000e+00 0.000000000000000000e+00
0.000000000000000000e+00 0.000000000000000000e+00 0.000000000000000000e+00
0.000000000000000000e+00 0.000000000000000000e+00 0.000000000000000000e+00
0.000000000000000000e+00 0.000000000000000000e+00 0.000000000000000000e+00
0.000000000000000000e+00 0.000000000000000000e+00 0.000000000000000000e+00
0.000000000000000000e+00 0.000000000000000000e+00 0.000000000000000000e+00
0.000000000000000000e+00 0.000000000000000000e+00 0.000000000000000000e+00
0.000000000000000000e+00 0.000000000000000000e+00 0.000000000000000000e+00
0.000000000000000000e+00 0.000000000000000000e+00 0.000000000000000000e+00
0.000000000000000000e+00 0.000000000000000000e+00 0.000000000000000000e+00
0.000000000000000000e+00 0.000000000000000000e+00 0.000000000000000000e+00
0.000000000000000000e+00 0.000000000000000000e+00 0.000000000000000000e+00
0.000000000000000000e+00 0.000000000000000000e+00 0.000000000000000000e+00
0.000000000000000000e+00 0.000000000000000000e+00 0.000000000000000000e+00
0.000000000000000000e+00 0.000000000000000000e+00 0.000000000000000000e+00
0.000000000000000000e+00 0.000000000000000000e+00 0.000000000000000000e+00
