0.000000000000000000e+00 0.000000000000000000e+00 0.000000000000000000e+00
0.000000000000000000e+00 0.000000000000000000e+00 0.000000000000000000e+00
0.000000000000000000e+00 0.000000000000000000e+00 0.000000000000000000e+00
-1.976183083460024068e-02 0.000000000000000000e+00 -1.989359127332204422e-02
-7.346327486262461681e-01 -7.296345266887577230e-01 -7.260226487848215893e-01
-1.742945263326218353e+00 -1.743930222416562259e+00 -1.744313607557957280e+00
-1.835782846389831358e+00 -1.837334284963437092e+00 -1.836063016846758877e+00
-1.859307805552546933e+00 -1.859376906838592802e+00 -1.860182196994108361e+00
-1.837585248944628047e+00 -1.837730213615511365e+00 -1.838151201853617911e+00
-1.875879821857270979e+00 -1.876044764578357116e+00 -1.876853422545376349e+00
-1.993414193421200853e+00 -1.993451643591664713e+00 -1.993412871060568303e+00
-1.987152264324336670e+00 -1.987198109528491186e+00 -1.987119852993036284e+00
-1.916677649775512471e+00 -1.917094517598110448e+00 -1.916812268366734573e+00
0.000000000000000000e+00 0.000000000000000000e+00 -3.974761066668179577e-02
-1.999963499223359267e-02 0.000000000000000000e+00 0.000000000000000000e+00
-1.999996634696470793e-02 0.000000000000000000e+00 0.000000000000000000e+00
0.000000000000000000e+00 0.000000000000000000e+00 0.000000000000000000e+00
-1.999883771514142025e-02 -1.999990101651782579e-02 0.000000000000000000e+00
-1.999997203222023817e-02 -1.999990531837046379e-02 -1.999311938587855844e-02
0.000000000000000000e+00 0.000000000000000000e+00 0.000000000000000000e+00
0.000000000000000000e+00 0.000000000000000000e+00 0.000000000000000000e+00
-1.999997530825523701e-02 0.000000000000000000e+00 0.000000000000000000e+00
-3.975217850810085912e-02 -3.979444717261143571e-02 -1.999788209090037558e-02
-2.011918920701822044e-01 -1.973796396568112677e-01 -2.103696881216923775e-01
-1.588686045980402417e+00 -1.591666572211720920e+00 -1.587181362890278224e+00
-1.874457459567687945e+00 -1.875034672161492777e+00 -1.874837169607731724e+00
-1.928019123664818535e+00 -1.927416919887054547e+00 -1.927756946554713968e+00
-1.948813137323589073e+00 -1.948454143089440205e+00 -1.948537108865684431e+00
-1.972277367898973344e+00 -1.971564962019539680e+00 -1.972370456847156950e+00
-1.986797804080134622e+00 -1.986903074845269623e+00 -1.986761520464476849e+00
-1.991487325822232313e+00 -1.991514735886970477e+00 -1.991528101199769196e+00
-1.993693654435694018e+00 -1.993677331954383902e+00 -1.993639127774051056e+00
-1.998100127504275125e+00 -1.998105107661421131e+00 -1.998098121671898042e+00
-1.995608700519176715e+00 -1.995624219043413250e+00 -1.995601588697904605e+00
-3.963441733878317330e-02 -5.117335330885416922e-02 -5.892395481455743600e-02
-1.997880804946534569e-02 -1.999999561049888713e-02 0.000000000000000000e+00
-3.979949066956345316e-02 -5.151224080774577385e-02 -5.939030743818288216e-02
-3.976551321945819700e-02 -5.920599131725634567e-02 -3.971128346478620952e-02
-1.999996879221942886e-02 -1.999989820703913096e-02 -1.999998586929836730e-02
0.000000000000000000e+00 0.000000000000000000e+00 0.000000000000000000e+00
0.000000000000000000e+00 0.000000000000000000e+00 0.000000000000000000e+00
-1.999997302633915036e-02 0.000000000000000000e+00 -1.991046011241736843e-02
-1.123552079703374861e-02 -1.999998913137184323e-02 -1.493510251334992898e-02
-1.138817541865988936e+00 -1.141508945626960481e+00 -1.146378138318229878e+00
-1.840382712768970253e+00 -1.839637392799686966e+00 -1.840295069311167264e+00
-1.936919281816514404e+00 -1.937289855078831780e+00 -1.937307844763911824e+00
-1.969140463699805554e+00 -1.969261774138842513e+00 -1.968997332071723561e+00
-1.985566043883635556e+00 -1.985553582100710646e+00 -1.985559597779881447e+00
-1.994247082804424087e+00 -1.994337156340871386e+00 -1.994330812879252068e+00
-1.996910409325399316e+00 -1.996922096657007595e+00 -1.996919564247598755e+00
-1.996851296620495653e+00 -1.996846842174295311e+00 -1.996850844266413683e+00
-1.995483654825076281e+00 -1.995478658125396487e+00 -1.995482302861145696e+00
-1.993426398799287957e+00 -1.993423924581477547e+00 -1.993455191736783982e+00
-1.993443606746783558e+00 -1.993434005256009334e+00 -1.993423001115793403e+00
-1.988800699324640320e+00 -1.988799904856304757e+00 -1.988768720400984069e+00
-3.919278531392004356e-02 -5.557724006708567033e-02 -5.822180270177455125e-02
-1.999998112600795408e-02 0.000000000000000000e+00 0.000000000000000000e+00
0.000000000000000000e+00 0.000000000000000000e+00 -3.972527712462461946e-02
-1.999864284855341554e-02 -1.999882784699029414e-02 -3.978300974821544211e-02
0.000000000000000000e+00 0.000000000000000000e+00 0.000000000000000000e+00
0.000000000000000000e+00 0.000000000000000000e+00 0.000000000000000000e+00
0.000000000000000000e+00 0.000000000000000000e+00 -1.954128377148748111e-02
-2.044122790928720179e-01 -2.025951846712416848e-01 -2.094718990694074967e-01
-1.695674996537674506e+00 -1.694635274087734622e+00 -1.693377447737080876e+00
-1.922842867592443827e+00 -1.923357527171416281e+00 -1.923812086820135825e+00
-1.967386703578659413e+00 -1.967525250937250059e+00 -1.967540022373151620e+00
-1.988934203184588245e+00 -1.988954278327498493e+00 -1.988962990419625099e+00
-1.996497498131443837e+00 -1.996348381106268333e+00 -1.996536568828904290e+00
-1.998516855367532541e+00 -1.998514485482148606e+00 -1.998523863988754368e+00
-1.999105844252865083e+00 -1.999105404146190645e+00 -1.999105345870319850e+00
-1.998975645597386386e+00 -1.998973063333140621e+00 -1.998974215503025897e+00
-1.998384196713996808e+00 -1.998396077820371319e+00 -1.998387206313282594e+00
-1.996781708075842321e+00 -1.996758412389348702e+00 -1.996730913006888875e+00
-1.991293303819230198e+00 -1.991257718828065792e+00 -1.991312059035857951e+00
-1.982536973924900137e+00 -1.982593115502379710e+00 -1.982534208959171318e+00
-1.968974827287409246e+00 -1.968981068302145365e+00 -1.968942677086972903e+00
-5.247369004952813498e-02 -3.979823094848563420e-02 -5.316799892906497182e-02
-1.999499451322194962e-02 0.000000000000000000e+00 -1.999771987137759569e-02
-1.999993817884524600e-02 0.000000000000000000e+00 -3.630047868409087830e-02
0.000000000000000000e+00 0.000000000000000000e+00 0.000000000000000000e+00
0.000000000000000000e+00 0.000000000000000000e+00 0.000000000000000000e+00
-1.999997075109347100e-02 -1.967485256383705305e-02 -1.999715476651234974e-02
-9.336365376562291152e-01 -9.328943375999657617e-01 -9.395703336727079247e-01
-1.848767535948825813e+00 -1.850128768279112990e+00 -1.849984201405268314e+00
-1.954566820449843645e+00 -1.954845960964707752e+00 -1.955170804076622693e+00
-1.985023304722287385e+00 -1.984920203748031797e+00 -1.984938856151765574e+00
-1.996324399090147139e+00 -1.996307987884101465e+00 -1.996370884632365561e+00
-1.998955725215241008e+00 -1.998957956199450159e+00 -1.998956886731398042e+00
-1.999727784483293913e+00 -1.999724505175299427e+00 -1.999730347266575503e+00
-1.999889111360810823e+00 -1.999889052314096860e+00 -1.999889126425980823e+00
-1.999844510356063809e+00 -1.999843795535831914e+00 -1.999844507224686874e+00
-1.999626297721084800e+00 -1.999627145916159421e+00 -1.999624345170276429e+00
-1.998776736315074132e+00 -1.998751865728430666e+00 -1.998735093750419578e+00
-1.995848213660731174e+00 -1.995840594328935902e+00 -1.995801783791301576e+00
-1.984455340007850177e+00 -1.984409307096252961e+00 -1.984417966339066641e+00
-1.971242441088696840e+00 -1.970921152427334899e+00 -1.971049341989009385e+00
-1.789448492244172684e+00 -1.788101840673921972e+00 -1.788197549060087210e+00
-3.979694791904674761e-02 -5.937423889717406700e-02 -3.979973891696882843e-02
-1.999999017151589051e-02 -3.978175505051051442e-02 -1.999999560732836426e-02
0.000000000000000000e+00 0.000000000000000000e+00 0.000000000000000000e+00
0.000000000000000000e+00 0.000000000000000000e+00 0.000000000000000000e+00
-1.999999562709616277e-02 -1.761928608667184121e-02 -1.999997216162105462e-02
-1.363608095571813728e+00 -1.368499876671976700e+00 -1.365553435308312302e+00
-1.911964983323461098e+00 -1.911787336038268670e+00 -1.911703806515066884e+00
-1.971420933418772448e+00 -1.971102972349443760e+00 -1.971102285209486160e+00
-1.993120764260676525e+00 -1.993129704762886201e+00 -1.993105132942069480e+00
-1.998510086165661059e+00 -1.998517159206132821e+00 -1.998501923768023714e+00
-1.999711060926413264e+00 -1.999711752309570656e+00 -1.999712528304589565e+00
-1.999948563743390473e+00 -1.999949710789972412e+00 -1.999949705123424515e+00
-1.999983645161804047e+00 -1.999983632613047346e+00 -1.999983757009989427e+00
-1.999971879466124536e+00 -1.999971726630381808e+00 -1.999971916699069263e+00
-1.999918337491243037e+00 -1.999917505576714660e+00 -1.999918272773328232e+00
-1.999702060625499378e+00 -1.999699752164838973e+00 -1.999700291158141408e+00
-1.998592396800750182e+00 -1.998600727739912042e+00 -1.998541380148002089e+00
-1.993616730737894693e+00 -1.993645993958896190e+00 -1.993605777992165429e+00
-1.976423081410980442e+00 -1.976434347409868897e+00 -1.976381134983977717e+00
-1.963871427013833326e+00 -1.963875900341073955e+00 -1.963971227883437587e+00
-1.167091499796308329e-01 -1.014869513382805205e-01 -1.006048478504468491e-01
-1.999896282711594725e-02 -3.583230944734299567e-02 -1.999989487189302029e-02
0.000000000000000000e+00 0.000000000000000000e+00 0.000000000000000000e+00
0.000000000000000000e+00 0.000000000000000000e+00 0.000000000000000000e+00
-1.996101883445168187e-02 -1.880530503932761541e-02 0.000000000000000000e+00
-1.536542120857481653e+00 -1.536619683781931922e+00 -1.538891984556714165e+00
-1.927369894668349071e+00 -1.931208719319699396e+00 -1.931013503710793167e+00
-1.977280412555499467e+00 -1.977202043513317298e+00 -1.977261320399083866e+00
-1.995565612964928404e+00 -1.995554925319523498e+00 -1.995561487896996056e+00
-1.999138448157380843e+00 -1.999138935193588207e+00 -1.999138336793616855e+00
-1.999875623430909188e+00 -1.999876102592224258e+00 -1.999878008216467107e+00
-1.999978509266643778e+00 -1.999980659730925314e+00 -1.999980347965941485e+00
-1.999996744663418591e+00 -1.999996737102246236e+00 -1.999996683513511009e+00
-1.999995935760539467e+00 -1.999995686176012200e+00 -1.999994579573868281e+00
-1.999967540407581623e+00 -1.999967365831608390e+00 -1.999967427628422501e+00
-1.999909452033433732e+00 -1.999910088221658722e+00 -1.999908097948035257e+00
-1.999536044856853101e+00 -1.999532904221333451e+00 -1.999527813618371175e+00
-1.996646278566209798e+00 -1.996612407696198410e+00 -1.996652302382670774e+00
-1.985191231161301140e+00 -1.985242265729520117e+00 -1.985171745413678801e+00
-1.966915587793011788e+00 -1.966714460317911861e+00 -1.966045268819999858e+00
-1.346329458916687427e+00 -1.349221335603701277e+00 -1.344365998643399562e+00
-1.999925675434532923e-02 -1.999178458881894702e-02 -3.654442159196573392e-02
0.000000000000000000e+00 0.000000000000000000e+00 0.000000000000000000e+00
0.000000000000000000e+00 0.000000000000000000e+00 0.000000000000000000e+00
0.000000000000000000e+00 0.000000000000000000e+00 0.000000000000000000e+00
-1.488150063308307347e+00 -1.486855134913002363e+00 -1.489083629238538986e+00
-1.920117512678905403e+00 -1.921689400441938700e+00 -1.921785288975682571e+00
-1.975485199834191574e+00 -1.975508177031427559e+00 -1.975536375750729379e+00
-1.994784294474565733e+00 -1.994793255554828226e+00 -1.994787544453499928e+00
-1.999052498829237967e+00 -1.999051171822089135e+00 -1.999060499205762120e+00
-1.999837915661101917e+00 -1.999837778882083139e+00 -1.999838627217665588e+00
-1.999977784742327236e+00 -1.999977836670628895e+00 -1.999977815001828585e+00
-1.999996551501345587e+00 -1.999997056196234579e+00 -1.999997182284109609e+00
-1.999999073520942972e+00 -1.999999371817716476e+00 -1.999999247572468386e+00
-1.999990057217616357e+00 -1.999990014937102822e+00 -1.999990003732120769e+00
-1.999950436666626086e+00 -1.999950169463267313e+00 -1.999948653654248121e+00
-1.999740895034977983e+00 -1.999741038257078607e+00 -1.999741068209324624e+00
-1.997974526046574884e+00 -1.997974741138380361e+00 -1.997967823076890470e+00
-1.990581738360968966e+00 -1.990570729923818671e+00 -1.990546652917882797e+00
-1.976792835900025302e+00 -1.976973869699757191e+00 -1.974419989321025248e+00
-1.786517135187500216e+00 -1.785350603444174844e+00 -1.784540407636820092e+00
-3.975385695990286961e-02 -1.999841016568494612e-02 -1.999997553681924847e-02
0.000000000000000000e+00 0.000000000000000000e+00 0.000000000000000000e+00
0.000000000000000000e+00 0.000000000000000000e+00 0.000000000000000000e+00
-1.999989269138128731e-02 0.000000000000000000e+00 0.000000000000000000e+00
-1.134247679208544524e+00 -1.135788423805473624e+00 -1.142699632843726665e+00
-1.871790402954216725e+00 -1.869826433353065420e+00 -1.874699392617440452e+00
-1.961068877263850485e+00 -1.960967009603915789e+00 -1.961169419378770540e+00
-1.990763499287417027e+00 -1.990724084614680534e+00 -1.990790405904661720e+00
-1.998256635179040286e+00 -1.998246918314170895e+00 -1.998244527282770022e+00
-1.999602993025366926e+00 -1.999611439749557240e+00 -1.999611303806696272e+00
-1.999893223649576113e+00 -1.999893791909898244e+00 -1.999894081071945218e+00
-1.999973508381841292e+00 -1.999973805283299377e+00 -1.999973470881698301e+00
-1.999989065965021462e+00 -1.999989444258460258e+00 -1.999989848449315266e+00
-1.999977251012736268e+00 -1.999977327779245417e+00 -1.999977241829001162e+00
-1.999931812349624582e+00 -1.999932697773968426e+00 -1.999932644467167009e+00
-1.999632890240628846e+00 -1.999631592831698113e+00 -1.999634051931330259e+00
-1.997656704382060777e+00 -1.997638700853724858e+00 -1.997639038316145754e+00
-1.989227814791112658e+00 -1.989195295726275958e+00 -1.989217075711585014e+00
-1.983391853835899887e+00 -1.983384480914010650e+00 -1.983263881293290343e+00
-1.744830013500897614e+00 -1.743825755897033147e+00 -1.743524906004900732e+00
-1.998409074261634985e-02 -1.999994365958693635e-02 -1.999999558199803268e-02
0.000000000000000000e+00 0.000000000000000000e+00 0.000000000000000000e+00
0.000000000000000000e+00 0.000000000000000000e+00 0.000000000000000000e+00
0.000000000000000000e+00 0.000000000000000000e+00 0.000000000000000000e+00
-1.995462174773451058e-01 -1.947457268608749070e-01 -2.028078465998069679e-01
-1.791774919760295237e+00 -1.792226011576352862e+00 -1.792031721532066912e+00
-1.943254117872835307e+00 -1.943068278284100447e+00 -1.943260125773492053e+00
-1.981726733581808508e+00 -1.981755216375041373e+00 -1.981807085571957172e+00
-1.994837811868052979e+00 -1.995092864179439429e+00 -1.995118049637024882e+00
-1.998859614459648881e+00 -1.998868724697709709e+00 -1.998862909487873818e+00
-1.999654516364179235e+00 -1.999656605359162453e+00 -1.999653784302049209e+00
-1.999881486294122324e+00 -1.999882018715031240e+00 -1.999882125174939906e+00
-1.999934541302516910e+00 -1.999934593397628246e+00 -1.999934698882288364e+00
-1.999931294578206176e+00 -1.999931096860733337e+00 -1.999931172307725546e+00
-1.999753006580608172e+00 -1.999755644890112150e+00 -1.999754235205355224e+00
-1.999036446702208591e+00 -1.999038685693446782e+00 -1.999034038198033381e+00
-1.995523349182889206e+00 -1.995468310389421074e+00 -1.995456581744303293e+00
-1.984459606284924238e+00 -1.984492072135829011e+00 -1.984570423102720360e+00
-1.975360844710534636e+00 -1.975323258520342407e+00 -1.975294826527697944e+00
-1.432365565185455880e+00 -1.430703989387965613e+00 -1.427442885518993121e+00
0.000000000000000000e+00 -3.979884744988520379e-02 -1.999605579142587838e-02
0.000000000000000000e+00 0.000000000000000000e+00 0.000000000000000000e+00
0.000000000000000000e+00 0.000000000000000000e+00 0.000000000000000000e+00
-1.999997294329710837e-02 -1.999999570611613736e-02 0.000000000000000000e+00
-3.979986204848315334e-02 -1.999998728846249033e-02 -1.999997483432453330e-02
-1.532778391225936065e+00 -1.540860846999920097e+00 -1.535882847824697750e+00
-1.895741789486677931e+00 -1.898438623445351414e+00 -1.899508375399897142e+00
-1.961531621241082046e+00 -1.961692158998465940e+00 -1.961635878874091743e+00
-1.987039698828987566e+00 -1.987151075303902337e+00 -1.987066743790408818e+00
-1.995854190959807317e+00 -1.995900284547640346e+00 -1.995878422013211306e+00
-1.998750150312545992e+00 -1.998768717788688143e+00 -1.998767660942224689e+00
-1.999464501724234067e+00 -1.999464675324012397e+00 -1.999461792737078136e+00
-1.999685766950652033e+00 -1.999685416971520580e+00 -1.999685163182874481e+00
-1.999644992001269328e+00 -1.999643354620188607e+00 -1.999646271847536960e+00
-1.999076020690971900e+00 -1.999084684398514611e+00 -1.999082426616455077e+00
-1.996929443125686765e+00 -1.996916448671631761e+00 -1.996926975045713037e+00
-1.990461661680338334e+00 -1.990540090707602072e+00 -1.990535278445419554e+00
-1.979730165047016044e+00 -1.979805741095960858e+00 -1.979739905889958740e+00
-1.944819575073697848e+00 -1.944754607030092952e+00 -1.945126658711209933e+00
-3.850647097568891675e-01 -3.833526455464257854e-01 -3.887003389541419107e-01
0.000000000000000000e+00 -1.999877064028237825e-02 0.000000000000000000e+00
-1.963724553506597872e-02 -1.999912332973212414e-02 0.000000000000000000e+00
0.000000000000000000e+00 0.000000000000000000e+00 0.000000000000000000e+00
0.000000000000000000e+00 0.000000000000000000e+00 0.000000000000000000e+00
-5.938561584240103358e-02 -1.999997791890717469e-02 -3.978408579666213585e-02
-1.741994998665727656e-01 -1.784714797409009956e-01 -2.039756278460880812e-01
-1.805287079962195840e+00 -1.810637420187628743e+00 -1.812149293454874188e+00
-1.937771683989171434e+00 -1.937832522059476759e+00 -1.937381203492104298e+00
-1.972253363191670328e+00 -1.972163223366122820e+00 -1.972353302425510879e+00
-1.988232657263071523e+00 -1.988260408245372313e+00 -1.988347231448760466e+00
-1.995050886398139545e+00 -1.995079514914963825e+00 -1.995069673324809889e+00
-1.997497328213612144e+00 -1.997495139014779930e+00 -1.997507275439369456e+00
-1.998339553129605761e+00 -1.998324707438432046e+00 -1.998340697491354678e+00
-1.998062987268462765e+00 -1.998047130040358610e+00 -1.998065228310320851e+00
-1.996285024712894041e+00 -1.996273305415486421e+00 -1.996267959954268978e+00
-1.991770939606495316e+00 -1.991755216229868397e+00 -1.991761994415303105e+00
-1.982631912062509327e+00 -1.982554548519404491e+00 -1.982556504783751450e+00
-1.967779591871809064e+00 -1.967744631351140860e+00 -1.967440309624453487e+00
-1.780637104771849666e+00 -1.780469616362014174e+00 -1.780218014157954221e+00
-1.999770095370226319e-02 -1.999988320676715156e-02 -3.628500312816211604e-02
-1.999643986220544373e-02 -1.999989582425312426e-02 -3.979675234145668011e-02
0.000000000000000000e+00 0.000000000000000000e+00 0.000000000000000000e+00
0.000000000000000000e+00 0.000000000000000000e+00 0.000000000000000000e+00
-1.999997561916014646e-02 0.000000000000000000e+00 0.000000000000000000e+00
-3.963295400323701978e-02 -3.949871847086637577e-02 0.000000000000000000e+00
-1.979464074209406205e-02 -1.999509181728933993e-02 -1.999997295438744535e-02
-8.565053688306413227e-01 -8.633828701236517800e-01 -8.501235200233275835e-01
-1.840868046778339151e+00 -1.846606643598403874e+00 -1.845927108743464773e+00
-1.947075483086567749e+00 -1.947777030243118990e+00 -1.947910928832591093e+00
-1.972929447905908074e+00 -1.973052755874586950e+00 -1.972865458450740350e+00
-1.985413797511952350e+00 -1.985372003096711246e+00 -1.985412530561387445e+00
-1.991723018925331212e+00 -1.991689673937151017e+00 -1.991752780977047887e+00
-1.994126366177669141e+00 -1.994120013951070636e+00 -1.994116590667704081e+00
-1.993179799417332365e+00 -1.993182842809783750e+00 -1.993156564734255287e+00
-1.989306187810536919e+00 -1.989356391388912737e+00 -1.989322264908479632e+00
-1.984240173901706150e+00 -1.984295581022323285e+00 -1.984257392279431098e+00
-1.976396361668327772e+00 -1.976589045410817924e+00 -1.976523796992109006e+00
-1.898669610013247855e+00 -1.896262266887373205e+00 -1.898423792270543808e+00
-4.884655033402489077e-01 -4.920040965082467244e-01 -4.820714275175134178e-01
-1.999997325115981245e-02 -1.999964385239002412e-02 -1.999997334019599712e-02
-1.999998975181320818e-02 -1.999994051783442889e-02 -3.979937756936878512e-02
0.000000000000000000e+00 0.000000000000000000e+00 0.000000000000000000e+00
0.000000000000000000e+00 0.000000000000000000e+00 0.000000000000000000e+00
-1.999861435988611880e-02 -1.999978967574449207e-02 0.000000000000000000e+00
-3.979768719815945932e-02 -1.998804061755938069e-02 0.000000000000000000e+00
-5.939515487808663674e-02 -5.939814523227485155e-02 -3.979875150576270282e-02
-3.979494716980146174e-02 -3.976367081968411321e-02 -3.979989728940847016e-02
-1.256976925202788697e+00 -1.260198547026568638e+00 -1.255466795296479310e+00
-1.856191184462324895e+00 -1.858446278830566012e+00 -1.858647570715054043e+00
-1.952559720024868994e+00 -1.953273887732711378e+00 -1.953147623993150006e+00
-1.974780737561511623e+00 -1.974768249705968870e+00 -1.974889205998385577e+00
-1.978995342775144772e+00 -1.978961567922654208e+00 -1.979043714243011287e+00
-1.980145324198685275e+00 -1.980129671681023495e+00 -1.980138349930225861e+00
-1.982007754020998602e+00 -1.982022283156159581e+00 -1.982042961859580066e+00
-1.984086058213085701e+00 -1.983916737038085465e+00 -1.983937077594869258e+00
-1.980664994001691159e+00 -1.980605928793853554e+00 -1.980594601255664333e+00
-1.936230585778749624e+00 -1.936587044610476260e+00 -1.934499131493947033e+00
-1.408977843549860332e+00 -1.402646467264097918e+00 -1.406043631483956391e+00
-7.513415415046048595e-02 -9.069336856936355273e-02 -7.440136259705484867e-02
-1.999949485147268710e-02 -1.000000000000000021e-02 -1.999989371948071235e-02
0.000000000000000000e+00 0.000000000000000000e+00 0.000000000000000000e+00
0.000000000000000000e+00 0.000000000000000000e+00 0.000000000000000000e+00
0.000000000000000000e+00 0.000000000000000000e+00 0.000000000000000000e+00
-1.999998961119985041e-02 -1.999994371173112809e-02 0.000000000000000000e+00
0.000000000000000000e+00 0.000000000000000000e+00 0.000000000000000000e+00
0.000000000000000000e+00 -1.999999523707065782e-02 0.000000000000000000e+00
-3.979774018097402555e-02 -1.999870348571284803e-02 -1.999994413469335583e-02
-3.956328532093805750e-02 -1.999990401241738200e-02 -1.999998671214138490e-02
-1.398466793702030975e+00 -1.401565171086969208e+00 -1.397595846499106287e+00
-1.872681592734510625e+00 -1.870751477680421271e+00 -1.873697793207188322e+00
-1.957222482920706774e+00 -1.957024252674537168e+00 -1.957233946392594293e+00
-1.979967383577349693e+00 -1.980012124974144916e+00 -1.980148325991833769e+00
-1.986520259980056657e+00 -1.986537217262625887e+00 -1.986569498212183316e+00
-1.987868569305005995e+00 -1.987822047694998373e+00 -1.987821189526380872e+00
-1.982171755820304693e+00 -1.982251149988609518e+00 -1.982181233973696610e+00
-1.953305479426616031e+00 -1.952460263136587049e+00 -1.951268101730650573e+00
-1.699540559111992977e+00 -1.697616701270353357e+00 -1.697893066588625599e+00
-1.446673171134163494e-01 -1.592452875988724648e-01 -1.442333225280455211e-01
-1.999997338121430046e-02 -3.979261101021441815e-02 -3.979984381050790526e-02
0.000000000000000000e+00 -1.998330676754830199e-02 -1.999114189994782506e-02
-1.999988736945110604e-02 0.000000000000000000e+00 -1.999777490773771427e-02
0.000000000000000000e+00 0.000000000000000000e+00 0.000000000000000000e+00
0.000000000000000000e+00 0.000000000000000000e+00 0.000000000000000000e+00
-1.999993664764516607e-02 -1.999996471772491971e-02 0.000000000000000000e+00
-1.999999628036127838e-02 -1.999917354423979415e-02 -1.999994457131624992e-02
-1.999998772756122686e-02 0.000000000000000000e+00 -1.998784829001125363e-02
-1.999998814211407031e-02 0.000000000000000000e+00 0.000000000000000000e+00
0.000000000000000000e+00 0.000000000000000000e+00 -1.999960313433997439e-02
-3.976745367814842058e-02 0.000000000000000000e+00 0.000000000000000000e+00
-1.345856594076984880e+00 -1.348061805124112222e+00 -1.347579945439748128e+00
-1.879088841232516849e+00 -1.883323993754091541e+00 -1.882521237419835236e+00
-1.959311712415873208e+00 -1.959493727955762710e+00 -1.959208405557973709e+00
-1.977605296225709131e+00 -1.977612939739601616e+00 -1.977686971128406634e+00
-1.977408780024701995e+00 -1.977376538980429199e+00 -1.977240852407526450e+00
-1.958879084541469418e+00 -1.958955345522827907e+00 -1.957911391271443424e+00
-1.801905940138149198e+00 -1.802724558115571307e+00 -1.799543765330532175e+00
-5.276036548172183815e-01 -5.162228208977056587e-01 -5.243962669460098258e-01
-1.999962024625557763e-02 -1.188647943920779874e-02 -3.979992990430631511e-02
-3.979078970936471976e-02 -3.921221497668747613e-02 -1.999883008367993667e-02
-3.979795629280324931e-02 -1.999932266782230780e-02 -3.863370695135100175e-02
0.000000000000000000e+00 0.000000000000000000e+00 0.000000000000000000e+00
0.000000000000000000e+00 0.000000000000000000e+00 0.000000000000000000e+00
0.000000000000000000e+00 0.000000000000000000e+00 0.000000000000000000e+00
-1.999955066046713026e-02 0.000000000000000000e+00 0.000000000000000000e+00
-3.976093902140537262e-02 -1.999957383937791752e-02 0.000000000000000000e+00
-3.979943349899586064e-02 -1.999998119505877817e-02 -3.912194052388739962e-02
-1.999820232164443989e-02 0.000000000000000000e+00 0.000000000000000000e+00
-3.309938425233741044e-02 -3.972216505105502504e-02 -1.999918088059160839e-02
-5.935654737126107305e-02 -1.999841811485652057e-02 -1.999889856391183496e-02
-1.999999530626434679e-02 0.000000000000000000e+00 0.000000000000000000e+00
-1.209221500906278113e+00 -1.207725028371147147e+00 -1.213524358185654295e+00
-1.850175688904657667e+00 -1.848941509093074975e+00 -1.850015935249020638e+00
-1.947632444233237115e+00 -1.947508227171947048e+00 -1.947455471936051064e+00
-1.931281377346469208e+00 -1.931238973157306527e+00 -1.929907939566219532e+00
-1.833827007426723110e+00 -1.832071196032686977e+00 -1.833769650647487870e+00
-1.169023236304639113e+00 -1.170481523447667316e+00 -1.170434903824083994e+00
-1.242882740804372860e-01 -1.302662179709012102e-01 -1.249990904324773389e-01
-1.999997253601668717e-02 0.000000000000000000e+00 0.000000000000000000e+00
0.000000000000000000e+00 0.000000000000000000e+00 -1.999994411520178428e-02
-1.980956971120122201e-02 -1.999997305035955061e-02 0.000000000000000000e+00
-1.953240116135497584e-02 0.000000000000000000e+00 0.000000000000000000e+00
0.000000000000000000e+00 0.000000000000000000e+00 0.000000000000000000e+00
0.000000000000000000e+00 0.000000000000000000e+00 0.000000000000000000e+00
-1.999961752109258653e-02 -1.999997273999860534e-02 0.000000000000000000e+00
-3.979965228442300385e-02 0.000000000000000000e+00 0.000000000000000000e+00
0.000000000000000000e+00 0.000000000000000000e+00 0.000000000000000000e+00
-1.999992872477924719e-02 -1.999994545671726978e-02 0.000000000000000000e+00
-1.999989593262333984e-02 0.000000000000000000e+00 -3.979362191973652429e-02
-1.999082732013997971e-02 -1.999116358187865566e-02 -1.994832527941848080e-02
-3.804752591017351165e-02 -1.999996625739526232e-02 -3.979994341974488203e-02
-3.976857655904329769e-02 -1.998873404151828986e-02 -1.999766190231481305e-02
-7.621576564010071886e-01 -7.705198107844841715e-01 -7.612816904804432516e-01
-1.638670510434899086e+00 -1.636911063592730198e+00 -1.638528335265282632e+00
-1.618655644522111414e+00 -1.618319439449555919e+00 -1.619476894671914025e+00
-1.367820127602046298e+00 -1.370134140417243129e+00 -1.368339520133373899e+00
-4.073937705530426001e-01 -4.155238059513045035e-01 -4.184811557712502239e-01
-5.136881198097313639e-02 -6.094170562236695537e-02 -6.905619897713871636e-02
-3.979665555653688624e-02 -3.979983342485408915e-02 -1.999988669429069929e-02
-1.999934017877770878e-02 -1.948699178742851687e-02 -1.866912024721952695e-02
-5.902712395497942965e-02 -1.999998997769808148e-02 0.000000000000000000e+00
-1.997303165578964354e-02 -3.979970459282449607e-02 0.000000000000000000e+00
0.000000000000000000e+00 0.000000000000000000e+00 0.000000000000000000e+00
0.000000000000000000e+00 0.000000000000000000e+00 0.000000000000000000e+00
0.000000000000000000e+00 0.000000000000000000e+00 0.000000000000000000e+00
0.000000000000000000e+00 0.000000000000000000e+00 0.000000000000000000e+00
-1.999999566463963110e-02 0.000000000000000000e+00 0.000000000000000000e+00
-1.974709222843677725e-02 -5.763799616265375542e-02 0.000000000000000000e+00
-1.999570723669292366e-02 0.000000000000000000e+00 0.000000000000000000e+00
0.000000000000000000e+00 0.000000000000000000e+00 0.000000000000000000e+00
-3.979475661520453372e-02 -1.999828647182191541e-02 -1.999989334820432077e-02
-1.999958864250963100e-02 0.000000000000000000e+00 -1.999995069466942513e-02
-1.999967875370408515e-02 0.000000000000000000e+00 0.000000000000000000e+00
0.000000000000000000e+00 0.000000000000000000e+00 -1.999989467381638880e-02
-1.999994857669756473e-02 -1.999957788771151296e-02 -1.999994418377911906e-02
-1.998925199291750124e-02 -1.999997107652249848e-02 -1.999997192405561855e-02
-3.979990672906850990e-02 -1.999999594608380810e-02 -3.976592762678463761e-02
-3.976588213835005603e-02 -1.999989498027019905e-02 -1.999989832044373958e-02
-1.999304274380469745e-02 0.000000000000000000e+00 0.000000000000000000e+00
-3.930499508908325001e-02 -3.979963623182306010e-02 -3.979976249517727660e-02
-1.999990453096614496e-02 0.000000000000000000e+00 0.000000000000000000e+00
0.000000000000000000e+00 0.000000000000000000e+00 0.000000000000000000e+00
0.000000000000000000e+00 0.000000000000000000e+00 0.000000000000000000e+00
0.000000000000000000e+00 0.000000000000000000e+00 0.000000000000000000e+00
0.000000000000000000e+00 0.000000000000000000e+00 0.000000000000000000e+00
0.000000000000000000e+00 0.000000000000000000e+00 0.000000000000000000e+00
0.000000000000000000e+00 0.000000000000000000e+00 0.000000000000000000e+00
0.000000000000000000e+00 0.000000000000000000e+00 0.000000000000000000e+00
0.000000000000000000e+00 0.000000000000000000e+00 0.000000000000000000e+00
0.000000000000000000e+00 0.000000000000000000e+00 0.000000000000000000e+00
0.000000000000000000e+00 0.000000000000000000e+00 0.000000000000000000e+00
0.000000000000000000e+00 0.000000000000000000e+00 0.000000000000000000e+00
0.000000000000000000e+00 0.000000000000000000e+00 0.000000000000000000e+00
0.000000000000000000e+00 0.000000000000000000e+00 0.000000000000000000e+00
0.000000000000000000e+00 0.000000000000000000e+00 0.000000000000000000e+00
0.000000000000000000e+00 0.000000000000000000e+00 0.000000000000000000e+00
0.000000000000000000e+00 0.000000000000000000e+00 0.000000000000000000e+00
0.000000000000000000e+00 0.000000000000000000e+00 0.000000000000000000e+00
0.000000000000000000e+00 0.000000000000000000e+00 0.000000000000000000e+00
0.000000000000000000e+00 0.000000000000000000e+00 0.000000000000000000e+00
0.000000000000000000e+00 0.000000000000000000e+00 0.000000000000000000e+00
0.000000000000000000e+00 0.000000000000000000e+00 0.000000000000000000e+00
0.000000000000000000e+00 0.000000000000000000e+00 0.000000000000000000e+00
