0.000000000000000000e+00 0.000000000000000000e+00 0.000000000000000000e+00
-9.993523178388464823e-01 -9.987855817757176347e-01 0.000000000000000000e+00
-9.988069382769042548e-01 0.000000000000000000e+00 0.000000000000000000e+00
-8.175758502479638423e+00 -8.187557166033766265e+00 -8.149461560867909071e+00
-9.568365524770534591e+00 -9.689604071424474441e+00 -9.752919878602549275e+00
-9.604940035158152867e+00 -9.601726412510251052e+00 -9.698296801879632056e+00
-9.598867006558181814e+00 -9.474025230412864929e+00 -9.637397463112510110e+00
-9.709184323630729807e+00 -9.551592282757852104e+00 -9.721070754461305086e+00
-9.555895239698568133e+00 -9.640381755031235400e+00 -9.622832096838136451e+00
-9.720111767988340645e+00 -9.597191312659113294e+00 -9.702640782572689915e+00
-9.645904095928729660e+00 -9.639636226850942791e+00 -9.599274515848108535e+00
-9.584451979910520336e+00 -9.597594116072247772e+00 -9.511128499049302576e+00
-9.433393641260153117e+00 -9.437002308154280428e+00 -9.440555469120312182e+00
0.000000000000000000e+00 0.000000000000000000e+00 -9.974884580925817978e-01
0.000000000000000000e+00 0.000000000000000000e+00 0.000000000000000000e+00
0.000000000000000000e+00 0.000000000000000000e+00 -9.988892964936418872e-01
-9.570541095877760362e-01 -9.810913660483424614e-01 0.000000000000000000e+00
0.000000000000000000e+00 0.000000000000000000e+00 0.000000000000000000e+00
-9.772885896825656005e-01 0.000000000000000000e+00 0.000000000000000000e+00
0.000000000000000000e+00 0.000000000000000000e+00 0.000000000000000000e+00
0.000000000000000000e+00 0.000000000000000000e+00 0.000000000000000000e+00
-9.966732845160433119e-01 0.000000000000000000e+00 -9.994325927401774834e-01
-1.896406517074342268e+00 -3.342753608981533286e+00 -2.308726572451160308e+00
-8.382016827758651090e+00 -8.994841387897412943e+00 -9.229184140318443141e+00
-9.670725758891263624e+00 -9.596446963778484829e+00 -9.647555306575950951e+00
-9.708403335163229286e+00 -9.593161640420317937e+00 -9.686439865383105641e+00
-9.642216619232058861e+00 -9.740089179034006506e+00 -9.786905886846394509e+00
-9.712084444438987774e+00 -9.777942957815961122e+00 -9.747523356676857986e+00
-9.807554523560703785e+00 -9.666971566640441438e+00 -9.772720082264010344e+00
-9.739558095210639976e+00 -9.614692264868979876e+00 -9.688406987222192512e+00
-9.655967680570057610e+00 -9.555854374109934213e+00 -9.613038851704278187e+00
-9.531294995310981122e+00 -9.549309471405083016e+00 -9.527024570740609377e+00
-9.643779296740506268e+00 -9.640958465796867216e+00 -9.642389439106318960e+00
-9.613509170607702714e+00 -9.613006271345790665e+00 -9.615709552988290554e+00
-4.872387212735574735e+00 -5.007804812940252148e+00 -5.051049702366983141e+00
-9.993287799128283133e-01 0.000000000000000000e+00 0.000000000000000000e+00
-9.943056598020639791e-01 -9.985025299640345464e-01 -9.992658737095843069e-01
-9.969888386152206960e-01 0.000000000000000000e+00 0.000000000000000000e+00
-1.850290723852913821e+00 -1.873276693810348892e+00 -9.969541277354165842e-01
0.000000000000000000e+00 0.000000000000000000e+00 0.000000000000000000e+00
0.000000000000000000e+00 0.000000000000000000e+00 0.000000000000000000e+00
0.000000000000000000e+00 0.000000000000000000e+00 0.000000000000000000e+00
-6.140492891380252338e+00 -6.085119310906272005e+00 -5.974999173385227458e+00
-9.035460083383872743e+00 -9.282831794892727473e+00 -9.330975858874133166e+00
-9.700015854607473287e+00 -9.635932180214583198e+00 -9.740985956739059759e+00
-9.821570972971194635e+00 -9.714450343044637393e+00 -9.842285804349391043e+00
-9.813526143151943160e+00 -9.853289277264803303e+00 -9.842558102333697434e+00
-9.831988104308489795e+00 -9.840577117407462993e+00 -9.817590965448447449e+00
-9.828017063741651071e+00 -9.824387104445884589e+00 -9.767968674472108148e+00
-9.802016935476077109e+00 -9.781328340108384367e+00 -9.767904418479016471e+00
-9.766499482614369398e+00 -9.752908204768086620e+00 -9.741844199900468126e+00
-9.701954811562057301e+00 -9.694181686496127881e+00 -9.686712955135398317e+00
-9.650101853309410060e+00 -9.654182741694933512e+00 -9.654066543388461596e+00
-9.594846108360236769e+00 -9.598077752796211115e+00 -9.592639245147701388e+00
-9.568256968673184204e+00 -9.570874325740534871e+00 -9.561711572513605262e+00
-4.083380005343394181e+00 -4.521301518083616244e+00 -4.552353704809110724e+00
-9.970835971064272441e-01 -9.980557525642996808e-01 0.000000000000000000e+00
-1.885945303997310418e+00 -9.972898347348497783e-01 -1.860182381516307659e+00
0.000000000000000000e+00 0.000000000000000000e+00 0.000000000000000000e+00
0.000000000000000000e+00 0.000000000000000000e+00 0.000000000000000000e+00
0.000000000000000000e+00 0.000000000000000000e+00 0.000000000000000000e+00
-1.896054447508556340e+00 -9.975153685082096544e-01 -9.987045230646871552e-01
-7.264314625112213264e+00 -8.247964462262181939e+00 -8.544962503983118296e+00
-9.487690409756568855e+00 -9.511129055251901221e+00 -9.491697329632515334e+00
-9.709860688811405183e+00 -9.827388376387785840e+00 -9.821586542218915028e+00
-9.881305231804113021e+00 -9.879472671301558151e+00 -9.857444867382820775e+00
-9.875007160658526573e+00 -9.864521778916001793e+00 -9.883616070223945727e+00
-9.895715373574013540e+00 -9.890424064209815569e+00 -9.883295498573316351e+00
-9.898291173153644706e+00 -9.886705435014963683e+00 -9.874956098334493504e+00
-9.893748483197782662e+00 -9.890737467072650446e+00 -9.895344867616829632e+00
-9.878515058421807993e+00 -9.878277075132158913e+00 -9.860435572338618115e+00
-9.859677737908668860e+00 -9.854273022526840009e+00 -9.793104918735490827e+00
-9.765381782228631735e+00 -9.758441492201651357e+00 -9.728284300814133090e+00
-9.668113949172779442e+00 -9.680130715453088897e+00 -9.645762713025652246e+00
-9.535963819136812347e+00 -9.534129331930317974e+00 -9.535462539302100637e+00
-9.470811129547959339e+00 -9.471978630865015347e+00 -9.475886491430795644e+00
-2.461534249303431565e+00 -3.076885239777565673e+00 -3.023422175215677132e+00
0.000000000000000000e+00 0.000000000000000000e+00 0.000000000000000000e+00
-1.885106423428113409e+00 -1.884562231926448561e+00 -9.993992883478158840e-01
0.000000000000000000e+00 0.000000000000000000e+00 0.000000000000000000e+00
0.000000000000000000e+00 0.000000000000000000e+00 0.000000000000000000e+00
-9.984669000925404658e-01 0.000000000000000000e+00 -9.472401692672637319e-01
-7.993771814323556768e+00 -8.597984559440837060e+00 -8.953614982741394002e+00
-9.518018225825594314e+00 -9.584838231734005731e+00 -9.640887125374840494e+00
-9.857478904876021630e+00 -9.875918962373015475e+00 -9.892570057963776975e+00
-9.898192397710715795e+00 -9.905940049556081206e+00 -9.907650210794921364e+00
-9.904264166801809210e+00 -9.917208148056394279e+00 -9.915956112304622039e+00
-9.924646331222929163e+00 -9.942952799126532071e+00 -9.942755003752031584e+00
-9.947861859201083234e+00 -9.947962615430370192e+00 -9.947727366611538002e+00
-9.947497222845600007e+00 -9.946686012639402108e+00 -9.947490871680951585e+00
-9.940522746715766189e+00 -9.938546301915762271e+00 -9.933507476918096657e+00
-9.917690514938282575e+00 -9.923206104704689778e+00 -9.909803139027095753e+00
-9.888136907403136888e+00 -9.890326202587852222e+00 -9.888949742278551724e+00
-9.804007643130830729e+00 -9.797537475570555543e+00 -9.691189338212941706e+00
-9.660515690125333066e+00 -9.634099954327565385e+00 -9.588890875597947172e+00
-9.484244175520048614e+00 -9.485264761790034527e+00 -9.466653439388327484e+00
-9.248843105075522431e+00 -9.254776449824511531e+00 -9.264424942546693131e+00
-9.889471070048264645e-01 -9.974499092885595886e-01 -1.741438760676203845e+00
-9.902911668629210684e-01 0.000000000000000000e+00 0.000000000000000000e+00
0.000000000000000000e+00 0.000000000000000000e+00 0.000000000000000000e+00
0.000000000000000000e+00 0.000000000000000000e+00 0.000000000000000000e+00
-1.088924888868975760e+00 -1.598758563118942044e+00 -1.708384970831536620e+00
-8.721892961835647995e+00 -8.954954111987893484e+00 -9.084271407802077647e+00
-9.570925467137994858e+00 -9.615165809293925392e+00 -9.623469142860432868e+00
-9.903812555492898184e+00 -9.913211824513115999e+00 -9.909904860546154381e+00
-9.921840991380205921e+00 -9.924099051927393944e+00 -9.926108840545163403e+00
-9.941672354133602951e+00 -9.941341115763000502e+00 -9.942565783823146930e+00
-9.962789971531289979e+00 -9.963622843107389215e+00 -9.963690359232725058e+00
-9.967705862545580331e+00 -9.976083005841013929e+00 -9.976596615035383309e+00
-9.981312448930761860e+00 -9.978272558805471704e+00 -9.980825442169990680e+00
-9.977818448323615641e+00 -9.977763388443996462e+00 -9.977284745723997261e+00
-9.973949829178847537e+00 -9.971302990702923807e+00 -9.970158718094523920e+00
-9.941987665949127972e+00 -9.941850767145385959e+00 -9.930258995825063550e+00
-9.900582377459359762e+00 -9.900689175299490330e+00 -9.898799215084549630e+00
-9.765358547056420591e+00 -9.775216393137672100e+00 -9.693842529107843831e+00
-9.562935324507986223e+00 -9.549649507072322407e+00 -9.569369682819926837e+00
-9.417151207419355075e+00 -9.406902074446833240e+00 -9.420679554194787642e+00
-3.087976667658671737e+00 -2.464333514160742311e+00 -2.995563119653406492e+00
-9.995572459715129643e-01 0.000000000000000000e+00 -9.843799805365395228e-01
0.000000000000000000e+00 0.000000000000000000e+00 0.000000000000000000e+00
0.000000000000000000e+00 0.000000000000000000e+00 0.000000000000000000e+00
-1.000000000000000056e-01 -1.703939727880772748e-01 -9.860520459868772347e-01
-8.937158706455083035e+00 -8.997101240245571674e+00 -8.953701253304082286e+00
-9.533828805170768916e+00 -9.663844449270253989e+00 -9.639597026081695219e+00
-9.914388288286714257e+00 -9.922720521389374326e+00 -9.915283958896081273e+00
-9.940455392768855702e+00 -9.939618847832988990e+00 -9.936987233488382643e+00
-9.951383918487341163e+00 -9.957946518279506165e+00 -9.958589393334575490e+00
-9.969081021488049643e+00 -9.970747298764234046e+00 -9.970597268883018671e+00
-9.982688628781211548e+00 -9.986081573169325765e+00 -9.986097222622193570e+00
-9.987475329642823141e+00 -9.989799820510043560e+00 -9.989568148123359137e+00
-9.994398409164574559e+00 -9.994590014755900143e+00 -9.989563865901775586e+00
-9.985456457906604300e+00 -9.986295794314035135e+00 -9.985922004450992873e+00
-9.977237256014074518e+00 -9.977651731388855083e+00 -9.969210713471664320e+00
-9.932266708631003027e+00 -9.931344013259293391e+00 -9.911141488178220271e+00
-9.862350539390618565e+00 -9.826284769415430276e+00 -9.860133746381730901e+00
-9.660313501234382372e+00 -9.636866510433804933e+00 -9.635525604972293934e+00
-9.395261837541063699e+00 -9.410176613509397825e+00 -9.281700079929198210e+00
-8.739379029769072105e+00 -8.699329038325805286e+00 -8.688372361735469340e+00
-9.987383149132116333e-01 -1.849911377524598333e+00 0.000000000000000000e+00
0.000000000000000000e+00 0.000000000000000000e+00 0.000000000000000000e+00
0.000000000000000000e+00 0.000000000000000000e+00 0.000000000000000000e+00
-9.973588151432383198e-01 -9.991668209683775004e-01 -1.271348898740830569e+00
-8.908765109126891346e+00 -9.013851962308004673e+00 -9.097665068210869066e+00
-9.507687337765874602e+00 -9.592219778336621872e+00 -9.597428664788878905e+00
-9.849849542389215173e+00 -9.907370017374425686e+00 -9.906728921635789220e+00
-9.941159886578031291e+00 -9.941810558120115715e+00 -9.941530793050628034e+00
-9.960447195974650114e+00 -9.960428885755554518e+00 -9.959726204999441279e+00
-9.969219085631300104e+00 -9.972176249995957420e+00 -9.971921220653925388e+00
-9.986076243156327692e+00 -9.987907819489498351e+00 -9.988007886163718041e+00
-9.989928026422832730e+00 -9.991560797378612691e+00 -9.991799646622052222e+00
-9.993540810528710239e+00 -9.994495473969552179e+00 -9.994471273666912126e+00
-9.993971140368154593e+00 -9.993857871244143709e+00 -9.994004215109409728e+00
-9.982038303160440051e+00 -9.981791802247251155e+00 -9.974334478632219003e+00
-9.948735938148857372e+00 -9.954392026184269326e+00 -9.937649181134627696e+00
-9.888415868973421397e+00 -9.888980090796138711e+00 -9.888376175412194158e+00
-9.689447994772576678e+00 -9.672621465544580133e+00 -9.596763475255354336e+00
-9.412810558227006297e+00 -9.406961848281428118e+00 -9.334768178546260842e+00
-8.825462862303258049e+00 -8.816531788406802406e+00 -8.812626082978725961e+00
-9.970719264522456271e-01 0.000000000000000000e+00 0.000000000000000000e+00
0.000000000000000000e+00 0.000000000000000000e+00 0.000000000000000000e+00
0.000000000000000000e+00 0.000000000000000000e+00 0.000000000000000000e+00
0.000000000000000000e+00 0.000000000000000000e+00 0.000000000000000000e+00
-9.041194370938260505e+00 -8.928705563779457677e+00 -8.984988832738471487e+00
-9.399894671613814978e+00 -9.482532328727657500e+00 -9.504300868474683028e+00
-9.673461613638536960e+00 -9.725239764841511203e+00 -9.801461641189293417e+00
-9.920685828809702400e+00 -9.922119451820025304e+00 -9.922948698015574109e+00
-9.953834647415011005e+00 -9.952853130881447186e+00 -9.953550783859142825e+00
-9.964236420946305017e+00 -9.970128003339301159e+00 -9.971259631392877409e+00
-9.983445281168398466e+00 -9.983682675572923770e+00 -9.983540628331658340e+00
-9.991984678371817807e+00 -9.991841511057181435e+00 -9.991852231951598995e+00
-9.992806780151591184e+00 -9.992749408180646498e+00 -9.992836773389900173e+00
-9.992310982617045312e+00 -9.992344449758755687e+00 -9.992212370714785408e+00
-9.979119732442137902e+00 -9.981058642312969909e+00 -9.972368900226275201e+00
-9.958448046568710410e+00 -9.953396458571610594e+00 -9.951097936498324970e+00
-9.891651061937945855e+00 -9.895594759035486021e+00 -9.889027106971772341e+00
-9.677002165703344261e+00 -9.633658068948875552e+00 -9.634501072431326918e+00
-9.441426971706276206e+00 -9.433564142802140395e+00 -9.437661165577111433e+00
-8.842131095027552234e+00 -8.899471972040728929e+00 -8.822311087406259134e+00
0.000000000000000000e+00 0.000000000000000000e+00 0.000000000000000000e+00
0.000000000000000000e+00 0.000000000000000000e+00 0.000000000000000000e+00
0.000000000000000000e+00 0.000000000000000000e+00 0.000000000000000000e+00
-1.896778822096929940e+00 -1.886191518115112098e+00 -9.983264449494027026e-01
-7.649835926681625153e+00 -7.654559030889878990e+00 -7.680992039317694697e+00
-8.918259706258876207e+00 -9.194372817882641158e+00 -9.247940172661028413e+00
-9.622583752793097744e+00 -9.577213326260915593e+00 -9.627753005617075033e+00
-9.863823517797953855e+00 -9.863125387228700802e+00 -9.868506997918540691e+00
-9.897324940074621935e+00 -9.911998889372195976e+00 -9.914457466486672033e+00
-9.958817687783737327e+00 -9.958271386882396214e+00 -9.958480521953097409e+00
-9.966903394053151288e+00 -9.972044888640326121e+00 -9.970570887563592777e+00
-9.978634781768409567e+00 -9.980894731605124193e+00 -9.980741761287454494e+00
-9.982620007622973191e+00 -9.982548522190993978e+00 -9.982352367444470076e+00
-9.977603615045989471e+00 -9.981710251440681247e+00 -9.981663701409306810e+00
-9.969159215518789807e+00 -9.967540192288478096e+00 -9.964281238185538569e+00
-9.935109727770878862e+00 -9.938572028748200893e+00 -9.929819493924187057e+00
-9.876233340172785091e+00 -9.878344089755836777e+00 -9.869534220870171737e+00
-9.620750985005884104e+00 -9.631320193889086667e+00 -9.608059796214250881e+00
-9.371616576954659550e+00 -9.372736375763830452e+00 -9.386791282860215802e+00
-8.788397378788683767e+00 -8.728477159500606319e+00 -8.646454489386552922e+00
-1.654360040494129436e+00 -1.600718827869845429e+00 0.000000000000000000e+00
0.000000000000000000e+00 0.000000000000000000e+00 0.000000000000000000e+00
0.000000000000000000e+00 0.000000000000000000e+00 0.000000000000000000e+00
-1.893667018879021224e+00 0.000000000000000000e+00 0.000000000000000000e+00
-1.858171489085352901e+00 -1.638531589365306962e+00 -9.899696284502161880e-01
-8.766636407156028099e+00 -8.860645114302347025e+00 -9.018376193228945681e+00
-9.212491258640067571e+00 -9.368438658284265586e+00 -9.511042081217043531e+00
-9.480435418788157875e+00 -9.636951647865394932e+00 -9.739892806155445726e+00
-9.878340924849435822e+00 -9.880549652281549911e+00 -9.875856370495833758e+00
-9.905098035804021706e+00 -9.905720605160512449e+00 -9.909163219115280086e+00
-9.933872292264180004e+00 -9.941952346132545415e+00 -9.943092527681743675e+00
-9.949489245903340162e+00 -9.953817342041416438e+00 -9.954687510873867495e+00
-9.960545408577454296e+00 -9.960799040137111149e+00 -9.960813365693923060e+00
-9.961967721569450873e+00 -9.961939037057552682e+00 -9.962199424077208931e+00
-9.950157685819558395e+00 -9.949914748625710459e+00 -9.936054283877307824e+00
-9.911476396809813849e+00 -9.910808517490211855e+00 -9.912322639811957714e+00
-9.765638115518763485e+00 -9.719198867445973278e+00 -9.744248716291677326e+00
-9.582265181151115030e+00 -9.552567610127237430e+00 -9.567050823658547642e+00
-9.284143434847820231e+00 -9.305101119081884420e+00 -9.265670134140822967e+00
-8.165880042052906518e+00 -8.055463027404449861e+00 -8.036591490708858032e+00
-1.890960735524195080e+00 -1.868233315112209691e+00 -9.912171580714246311e-01
0.000000000000000000e+00 0.000000000000000000e+00 0.000000000000000000e+00
0.000000000000000000e+00 0.000000000000000000e+00 0.000000000000000000e+00
-9.981220479133701140e-01 0.000000000000000000e+00 0.000000000000000000e+00
-1.851893980727747469e+00 -9.791345634961041711e-01 -1.830601296527051058e+00
-5.790335617336356044e+00 -6.053526954133147342e+00 -6.098838374571214693e+00
-8.760946686063393329e+00 -9.176695030663543307e+00 -9.103246654056906806e+00
-9.433611429415289962e+00 -9.320830466020623817e+00 -9.504666651961322543e+00
-9.698039712175445359e+00 -9.570494677691227636e+00 -9.747432963905090730e+00
-9.822143581198627516e+00 -9.851346725303994134e+00 -9.846306227474952877e+00
-9.887588326362484636e+00 -9.883969647326203756e+00 -9.889148091810405106e+00
-9.903215677975866882e+00 -9.904977493407386646e+00 -9.905120310150582696e+00
-9.911094134822860724e+00 -9.910932649524795579e+00 -9.910761361980281237e+00
-9.910540448716831818e+00 -9.911142835565883047e+00 -9.911266668978084837e+00
-9.907992338785552633e+00 -9.907393839801008184e+00 -9.907985116196259767e+00
-9.850693215817434734e+00 -9.852182349984657250e+00 -9.834940293438808823e+00
-9.697868424885172089e+00 -9.685056549255431690e+00 -9.669333644922646798e+00
-9.501140306108368350e+00 -9.492482419315757980e+00 -9.482557129308329280e+00
-9.169863198483787059e+00 -9.117298016441910846e+00 -9.028838088331015754e+00
-5.703840827156284377e+00 -5.807635536089511774e+00 -5.916393474479459513e+00
-9.987012866032332070e-01 0.000000000000000000e+00 0.000000000000000000e+00
0.000000000000000000e+00 0.000000000000000000e+00 0.000000000000000000e+00
0.000000000000000000e+00 0.000000000000000000e+00 0.000000000000000000e+00
-1.892432309486872688e+00 -1.835461198763188584e+00 -9.929656819836877313e-01
-9.975806634760226999e-01 -9.707556549269082957e-01 -1.810536638565853895e+00
-1.890473182937894236e+00 -1.892487409931700393e+00 -9.961453608608054067e-01
-8.616783641644822467e+00 -8.608886559026110774e+00 -8.624546679122133241e+00
-9.049025747205224235e+00 -9.239094335817490844e+00 -9.339703947322346878e+00
-9.496784306313186264e+00 -9.414640283898011219e+00 -9.481898391240630275e+00
-9.695839312992800885e+00 -9.575244025172107598e+00 -9.714202761579443290e+00
-9.733372178404270159e+00 -9.781240807644044466e+00 -9.762478436711127472e+00
-9.850239097881811290e+00 -9.845123815992609551e+00 -9.837376927612655919e+00
-9.842003071779442891e+00 -9.852307136288132483e+00 -9.850929793461320472e+00
-9.850376656122065810e+00 -9.849547649075292455e+00 -9.848801160755941808e+00
-9.819333211511306558e+00 -9.812746511526421855e+00 -9.817680826366462554e+00
-9.752903860350096821e+00 -9.754546180510196507e+00 -9.746749271458563513e+00
-9.634370592389887022e+00 -9.648194360565872429e+00 -9.592814624880988461e+00
-9.346807049820917257e+00 -9.263993916409463125e+00 -9.296467729345305742e+00
-8.432697258920713423e+00 -8.390933084459685887e+00 -8.217468219365025917e+00
-9.517546409514449079e-01 -2.442436727414535547e+00 -6.988321694469972201e-01
-9.977768298928002544e-01 -1.879573366483941133e+00 -9.991645636612255243e-01
0.000000000000000000e+00 0.000000000000000000e+00 0.000000000000000000e+00
0.000000000000000000e+00 0.000000000000000000e+00 0.000000000000000000e+00
-9.276753265959316597e-01 0.000000000000000000e+00 -9.851402600991367997e-01
-1.830402384194979915e+00 -9.417812604956656841e-01 -9.991886140055454835e-01
-9.987956171584061460e-01 -9.988663414545128072e-01 0.000000000000000000e+00
-1.895976563361359890e+00 -2.704303009045597950e+00 -2.301862107246097189e+00
-9.060125424136154848e+00 -9.054395656441762696e+00 -9.048746616885649630e+00
-9.269942829191585076e+00 -9.309152431992064436e+00 -9.325956298474698869e+00
-9.499069604654186705e+00 -9.495597179564240875e+00 -9.498266686701967387e+00
-9.628191151187390773e+00 -9.617211214536881769e+00 -9.627092615379943652e+00
-9.723450374303489241e+00 -9.680669186040871566e+00 -9.689061992647248545e+00
-9.740093034486937640e+00 -9.730188650220096491e+00 -9.730643536801395044e+00
-9.762016964892826110e+00 -9.759645388848060321e+00 -9.760766810338536104e+00
-9.764576953173628837e+00 -9.764279287511236305e+00 -9.753719073956295560e+00
-9.661784037928596192e+00 -9.683828694666251735e+00 -9.700339385763614430e+00
-9.448217288218451415e+00 -9.430953270800040755e+00 -9.435916715551854850e+00
-8.952757846751781656e+00 -8.851268353862261407e+00 -8.659568096155810579e+00
-6.672560470983432523e+00 -7.015995545778769937e+00 -6.618677633859216591e+00
-9.452976791877129026e-01 -9.993032879065975038e-01 0.000000000000000000e+00
0.000000000000000000e+00 0.000000000000000000e+00 0.000000000000000000e+00
0.000000000000000000e+00 0.000000000000000000e+00 0.000000000000000000e+00
0.000000000000000000e+00 0.000000000000000000e+00 0.000000000000000000e+00
-9.989641513406208873e-01 0.000000000000000000e+00 0.000000000000000000e+00
0.000000000000000000e+00 0.000000000000000000e+00 -9.976898835118608311e-01
-1.894297242562214878e+00 -9.974048879022334724e-01 0.000000000000000000e+00
-1.890776660547503596e+00 -1.879193592004072322e+00 -2.681294843107932202e+00
-9.986672883618519236e-01 -9.995218274903406863e-01 -5.665676145735552005e-01
-9.250523624618061547e+00 -9.255345401039074105e+00 -9.265479669978070376e+00
-9.411029674083925656e+00 -9.423513619566097788e+00 -9.413477118519248066e+00
-9.523129167316518817e+00 -9.535426350157994335e+00 -9.537509888186004758e+00
-9.649716150792466252e+00 -9.645693113717420886e+00 -9.642609511688025492e+00
-9.703435193432326855e+00 -9.702103857464189574e+00 -9.698330960135999490e+00
-9.729016069829068414e+00 -9.737673047169872476e+00 -9.736311755050991223e+00
-9.643054798774898018e+00 -9.684632829894605166e+00 -9.658096122699623365e+00
-9.531438508690593281e+00 -9.543327979035630904e+00 -9.495517737024625760e+00
-9.007311257422504269e+00 -9.104816396723807159e+00 -9.149279770886728613e+00
-7.709922668662647638e+00 -7.766635591598211263e+00 -7.448583974479214831e+00
-1.525887715050278093e+00 -1.864861199543481174e+00 -2.531381823938442466e+00
0.000000000000000000e+00 0.000000000000000000e+00 0.000000000000000000e+00
-9.983024821550716688e-01 -1.887594337510278386e+00 -9.939295352920048954e-01
0.000000000000000000e+00 0.000000000000000000e+00 0.000000000000000000e+00
0.000000000000000000e+00 0.000000000000000000e+00 0.000000000000000000e+00
0.000000000000000000e+00 0.000000000000000000e+00 0.000000000000000000e+00
-9.976771829219883703e-01 0.000000000000000000e+00 -9.938895732562560426e-01
-9.983581255004456700e-01 -9.996188516281702130e-01 -9.991683883905801977e-01
-9.975663621969659278e-01 -1.896936113897215836e+00 -2.510313869348907989e+00
0.000000000000000000e+00 0.000000000000000000e+00 -9.741202797549318726e-01
-1.539994825011191448e+00 -9.936826713188970928e-01 -9.979116789673874166e-01
-9.351505464740482054e+00 -9.353775638382387569e+00 -9.360597316092716724e+00
-9.484020499770451806e+00 -9.483576701587610458e+00 -9.490954441980793632e+00
-9.578460223360389492e+00 -9.586270252573452666e+00 -9.586302280217589455e+00
-9.643672252227544206e+00 -9.651743614974384045e+00 -9.648489498770475237e+00
-9.649803767010217470e+00 -9.648923920858015535e+00 -9.648069401249255606e+00
-9.534374806526990653e+00 -9.513457141254821892e+00 -9.480965694605059113e+00
-9.166430202496389512e+00 -9.198942804786018002e+00 -8.983248738715657211e+00
-8.110788507004505377e+00 -8.002633714207672000e+00 -8.100300058390034863e+00
-5.578072609086029310e+00 -5.704558650616830207e+00 -5.538003468798271989e+00
-9.993788811000556827e-01 0.000000000000000000e+00 -9.927442788059777090e-01
-1.837501279018214140e+00 -9.979214994236111913e-01 -1.897105647453570132e+00
-9.992260827333609985e-01 -9.930669537421019655e-01 -9.970111747066566776e-01
0.000000000000000000e+00 -9.667341925836659966e-01 -8.105641223369026704e-01
0.000000000000000000e+00 0.000000000000000000e+00 0.000000000000000000e+00
-9.844952179662955771e-01 -9.981829338289577302e-01 0.000000000000000000e+00
-9.895675767434704007e-01 -1.893862449325194097e+00 -9.990639746410128197e-01
-2.523390752831916384e+00 0.000000000000000000e+00 -1.652807437376232924e+00
-9.996373133441208703e-01 0.000000000000000000e+00 0.000000000000000000e+00
0.000000000000000000e+00 0.000000000000000000e+00 -9.569416135771512399e-01
-9.799845201855217347e-01 -9.993066794117384521e-01 0.000000000000000000e+00
-1.874304441215558281e+00 -1.519761962193040938e+00 -1.893637164625281422e+00
-9.313254044939023757e+00 -9.324671397794231709e+00 -9.307752998186224147e+00
-9.458146124028203872e+00 -9.469996214899870424e+00 -9.473065182808774409e+00
-9.561802336442507766e+00 -9.558857991227029061e+00 -9.562292354940810313e+00
-9.438933771957302099e+00 -9.353500035696116655e+00 -9.428985495082041979e+00
-9.275449918844834940e+00 -9.277263655033914702e+00 -9.267532211491133154e+00
-8.519351533359301953e+00 -8.450637260916552762e+00 -8.345691865596139181e+00
-7.061378069030107341e+00 -7.117108714386029433e+00 -6.986337772850760075e+00
-2.297677138817844522e+00 -2.501879226035706338e+00 -2.221618377630445007e+00
-1.831080985900838121e+00 -9.926881534051420486e-01 -9.991680076842666125e-01
-2.613128884325309542e+00 -1.892784651753003811e+00 -2.653732289645589493e+00
-9.742908054201282475e-01 -9.992026757315516372e-01 -9.995596903172077052e-01
-9.993521513004384182e-01 0.000000000000000000e+00 0.000000000000000000e+00
0.000000000000000000e+00 0.000000000000000000e+00 0.000000000000000000e+00
-9.962184321309609514e-01 -9.985041454575451780e-01 -9.992296629075938519e-01
-9.964773769959818228e-01 -9.995709421388023763e-01 0.000000000000000000e+00
-9.899904316725813835e-01 -9.993980867890812636e-01 0.000000000000000000e+00
-9.973618823555483459e-01 -9.982910800679896113e-01 -1.778995879990874052e+00
-1.896754153907873386e+00 -1.897150633195387126e+00 -9.986797492036192381e-01
-9.980256713003368141e-01 -9.970886778247192161e-01 -9.987193335188417898e-01
-2.658388477369561631e+00 -1.882185309805313622e+00 -1.848526261668039794e+00
0.000000000000000000e+00 0.000000000000000000e+00 -9.938304278805022429e-01
-8.232443981462679972e+00 -8.266959086250228239e+00 -8.140843002259384065e+00
-8.756425392954817255e+00 -8.746935121880001773e+00 -8.751112658636209574e+00
-8.925540352536170730e+00 -8.946087523705783084e+00 -8.939299090445690155e+00
-8.894641980732121311e+00 -8.900973205252812548e+00 -8.827511370945307689e+00
-8.217978963760026900e+00 -8.107481823758631023e+00 -8.087882685914054903e+00
-6.270318614530616230e+00 -6.223046398886054043e+00 -6.149220719689557413e+00
-1.450338103705778980e+00 -9.974342231537877135e-01 -3.940398999999999985e-01
-9.996169860710811816e-01 0.000000000000000000e+00 -9.988965145583643679e-01
0.000000000000000000e+00 0.000000000000000000e+00 0.000000000000000000e+00
0.000000000000000000e+00 0.000000000000000000e+00 0.000000000000000000e+00
0.000000000000000000e+00 0.000000000000000000e+00 0.000000000000000000e+00
0.000000000000000000e+00 0.000000000000000000e+00 0.000000000000000000e+00
-9.978733764693816788e-01 0.000000000000000000e+00 0.000000000000000000e+00
0.000000000000000000e+00 0.000000000000000000e+00 0.000000000000000000e+00
-9.862464646646599276e-01 0.000000000000000000e+00 0.000000000000000000e+00
-9.973508149972754033e-01 -9.986554591903999967e-01 0.000000000000000000e+00
-9.957618206022047502e-01 -9.985621419151957667e-01 -9.992568875052255661e-01
-1.892933204029672023e+00 -9.997289073190240849e-01 0.000000000000000000e+00
-9.972873577353612573e-01 -9.610770777089246986e-01 0.000000000000000000e+00
-9.996768435013871912e-01 -1.897488694093087513e+00 -1.661149996469316825e+00
-9.988487431911434733e-01 -9.987522646459012776e-01 -9.986067818657384798e-01
-9.427349181078934492e-01 -1.880439569564215319e+00 -9.961737731294224574e-01
-1.898812248742240527e+00 0.000000000000000000e+00 -9.979219203975207009e-01
-1.868833767224343134e+00 -1.888288185773078443e+00 -1.854152618252284057e+00
-9.983582846228387098e-01 0.000000000000000000e+00 -9.989663606887589919e-01
-9.963866684295270559e-01 0.000000000000000000e+00 0.000000000000000000e+00
0.000000000000000000e+00 0.000000000000000000e+00 0.000000000000000000e+00
-9.992966102499549752e-01 -1.898605415035308219e+00 -1.858510546211501246e+00
-9.578523815604536029e-01 -9.978378625972450511e-01 -9.993230616700898850e-01
-9.936383294207913330e-01 -1.761997651357005035e+00 0.000000000000000000e+00
0.000000000000000000e+00 0.000000000000000000e+00 0.000000000000000000e+00
0.000000000000000000e+00 0.000000000000000000e+00 0.000000000000000000e+00
0.000000000000000000e+00 0.000000000000000000e+00 0.000000000000000000e+00
0.000000000000000000e+00 0.000000000000000000e+00 0.000000000000000000e+00
0.000000000000000000e+00 0.000000000000000000e+00 0.000000000000000000e+00
0.000000000000000000e+00 0.000000000000000000e+00 0.000000000000000000e+00
0.000000000000000000e+00 0.000000000000000000e+00 0.000000000000000000e+00
0.000000000000000000e+00 0.000000000000000000e+00 0.000000000000000000e+00
0.000000000000000000e+00 0.000000000000000000e+00 0.000000000000000000e+00
0.000000000000000000e+00 0.000000000000000000e+00 0.000000000000000000e+00
0.000000000000000000e+00 0.000000000000000000e+00 0.000000000000000000e+00
0.000000000000000000e+00 0.000000000000000000e+00 0.000000000000000000e+00
0.000000000000000000e+00 0.000000000000000000e+00 0.000000000000000000e+00
0.000000000000000000e+00 0.000000000000000000e+00 0.000000000000000000e+00
0.000000000000000000e+00 0.000000000000000000e+00 0.000000000000000000e+00
0.000000000000000000e+00 0.000000000000000000e+00 0.000000000000000000e+00
0.000000000000000000e+00 0.000000000000000000e+00 0.000000000000000000e+00
0.000000000000000000e+00 0.000000000000000000e+00 0.000000000000000000e+00
0.000000000000000000e+00 0.000000000000000000e+00 0.000000000000000000e+00
0.000000000000000000e+00 0.000000000000000000e+00 0.000000000000000000e+00
0.000000000000000000e+00 0.000000000000000000e+00 0.000000000000000000e+00
