0.000000000000000000e+00 0.000000000000000000e+00 0.000000000000000000e+00
-6.666666661912913350e-01 -6.666666666666666297e-01 0.000000000000000000e+00
-6.666666666666662966e-01 -6.666666666666666297e-01 0.000000000000000000e+00
-6.666666666665608254e-01 0.000000000000000000e+00 0.000000000000000000e+00
-1.333333332836198704e+00 -1.333333332457132148e+00 -1.333333333173828184e+00
-1.333333333325317671e+00 -1.333333332895597856e+00 -1.333333333323353909e+00
-1.333333332925442427e+00 -1.333333333327319625e+00 -1.333333333305550816e+00
-1.333333333139865351e+00 -1.333333333177603386e+00 -1.333333333242479490e+00
-1.333333333331115034e+00 -1.333333333331629733e+00 -1.333333333331334414e+00
-1.333333333330454007e+00 -1.333333333329273618e+00 -1.333333333331565118e+00
-1.333333333003927645e+00 -1.333333330717708209e+00 -1.333333333332322290e+00
-1.333333331819037237e+00 -1.333333309981217463e+00 -1.333333333331159221e+00
-1.333333333095618967e+00 -1.333333333145937161e+00 -1.333333333205067195e+00
0.000000000000000000e+00 -6.666666666666664076e-01 -6.666666666666666297e-01
0.000000000000000000e+00 -6.666666666666666297e-01 0.000000000000000000e+00
-6.666666666666629659e-01 -6.666666665336644648e-01 0.000000000000000000e+00
-6.666666666666530849e-01 -6.666666666666499763e-01 0.000000000000000000e+00
0.000000000000000000e+00 0.000000000000000000e+00 0.000000000000000000e+00
0.000000000000000000e+00 0.000000000000000000e+00 -6.666666666644385231e-01
0.000000000000000000e+00 0.000000000000000000e+00 0.000000000000000000e+00
0.000000000000000000e+00 0.000000000000000000e+00 0.000000000000000000e+00
-6.666666666660112650e-01 -6.666666666666666297e-01 0.000000000000000000e+00
-9.999999968857258281e-01 -9.999999999999035216e-01 -6.666666666666659635e-01
-1.325699976396858659e+00 -1.330056940796025433e+00 -1.332029777812648419e+00
-1.333333333322940240e+00 -1.333333333325760872e+00 -1.333333333217928240e+00
-1.333333333331221837e+00 -1.333333333330635639e+00 -1.333333333330531945e+00
-1.333333333279582256e+00 -1.333333333329183690e+00 -1.333333333329184800e+00
-1.333333333332745729e+00 -1.333333333332755277e+00 -1.333333333332243908e+00
-1.333333333332469728e+00 -1.333333333332876069e+00 -1.333333333332632931e+00
-1.333333333331500947e+00 -1.333333333331840898e+00 -1.333333333332205273e+00
-1.333333333329229653e+00 -1.333333333329241421e+00 -1.333333333329138615e+00
-1.333333333322743064e+00 -1.333333315468746560e+00 -1.333333333324920211e+00
-1.333333322166152302e+00 -1.333333333317591407e+00 -1.333333215840846631e+00
-1.333332994236769542e+00 -1.333333246555574947e+00 -1.333332909829734181e+00
-9.989722194424495161e-01 -9.994888412211799800e-01 -1.000000000000000000e+00
-6.666666666666666297e-01 -9.999999999999986677e-01 -1.166666666666661412e+00
-9.999999999994486632e-01 -6.666666666666666297e-01 -6.666666666643191741e-01
-6.666666666666666297e-01 0.000000000000000000e+00 0.000000000000000000e+00
-6.666666666666664076e-01 -6.666666666666666297e-01 0.000000000000000000e+00
0.000000000000000000e+00 0.000000000000000000e+00 0.000000000000000000e+00
0.000000000000000000e+00 0.000000000000000000e+00 0.000000000000000000e+00
0.000000000000000000e+00 0.000000000000000000e+00 0.000000000000000000e+00
-9.999999999999895639e-01 -6.666666666666666297e-01 -1.125000000000000000e+00
-1.333333155174894591e+00 -1.333333223550264623e+00 -1.333333118726343525e+00
-1.333333333331307324e+00 -1.333333333331226722e+00 -1.333333333331063297e+00
-1.333333333332083592e+00 -1.333333333332627824e+00 -1.333333333332541226e+00
-1.333333333333059034e+00 -1.333333333332910930e+00 -1.333333333331248927e+00
-1.333333333331558457e+00 -1.333333333331607529e+00 -1.333333333330759096e+00
-1.333333333302297419e+00 -1.333333333328205583e+00 -1.333333333328004411e+00
-1.333333333181077496e+00 -1.333333333230261042e+00 -1.333333333198202908e+00
-1.333333317677459551e+00 -1.333333333061951009e+00 -1.333333333124913089e+00
-1.333333333195343862e+00 -1.333333317742025237e+00 -1.333333193604930411e+00
-1.333333333270299681e+00 -1.333333333263582610e+00 -1.333331769882486695e+00
-1.333332994168557661e+00 -1.333333333147537214e+00 -1.333331746315714827e+00
-1.333333332673415583e+00 -1.333333332709374597e+00 -1.333330202013367050e+00
-1.166665337500648603e+00 -1.166648983087492430e+00 -1.166666494184743552e+00
-9.999999999922394300e-01 -6.666666666666658525e-01 -9.999999999999803491e-01
-6.666666666666662966e-01 -6.666666666666662966e-01 -6.666666666666666297e-01
-9.999999999985229593e-01 -6.666666666654923468e-01 -6.666666666666665186e-01
0.000000000000000000e+00 0.000000000000000000e+00 0.000000000000000000e+00
0.000000000000000000e+00 0.000000000000000000e+00 0.000000000000000000e+00
0.000000000000000000e+00 -1.000000000000000000e+00 0.000000000000000000e+00
-1.330245915522831446e+00 -1.329751418806601748e+00 -1.332178018085830251e+00
-1.333333291176749480e+00 -1.333333267134136468e+00 -1.333333313582211854e+00
-1.333333333332903381e+00 -1.333333333332791248e+00 -1.333333333332795023e+00
-1.333333333333204029e+00 -1.333333333333082571e+00 -1.333333333333209358e+00
-1.333333333333108772e+00 -1.333333333333097004e+00 -1.333333333333068582e+00
-1.333333333332243020e+00 -1.333333333332330728e+00 -1.333333333332169301e+00
-1.333333333331830461e+00 -1.333333333256187192e+00 -1.333333333331930604e+00
-1.333333333330729786e+00 -1.333333333330911419e+00 -1.333333333092818318e+00
-1.333333333315949165e+00 -1.333333333204354654e+00 -1.333333332727382858e+00
-1.333333333284285604e+00 -1.333333333266254472e+00 -1.333333331449758852e+00
-1.333333333322160197e+00 -1.333333207095735773e+00 -1.333333333318397873e+00
-1.333333332628125811e+00 -1.333333332443950692e+00 -1.333328813579485850e+00
-1.333322752142027223e+00 -1.333333331777982522e+00 -1.333324669664363693e+00
-1.333330933636121429e+00 -1.333328175508584845e+00 -1.333326920120009973e+00
-9.999999999999987788e-01 -1.166666651444073999e+00 -1.166666666622873549e+00
-9.999999999998256950e-01 -6.666666666666665186e-01 -9.999999999998793188e-01
-6.666666666666666297e-01 -9.999999999999984457e-01 -9.999999999999966693e-01
0.000000000000000000e+00 0.000000000000000000e+00 0.000000000000000000e+00
0.000000000000000000e+00 0.000000000000000000e+00 0.000000000000000000e+00
0.000000000000000000e+00 0.000000000000000000e+00 0.000000000000000000e+00
-1.333332903798110980e+00 -1.333332777203227515e+00 -1.333332550416613360e+00
-1.333333329870533657e+00 -1.333333322520619202e+00 -1.333333329233194808e+00
-1.333333333333278414e+00 -1.333333333333273529e+00 -1.333333333333190485e+00
-1.333333333333279302e+00 -1.333333333333299064e+00 -1.333333333333296400e+00
-1.333333333333125204e+00 -1.333333333333137194e+00 -1.333333333333136972e+00
-1.333333333327000103e+00 -1.333333333333273973e+00 -1.333333333273351906e+00
-1.333333333285795508e+00 -1.333333333213195360e+00 -1.333333333159121059e+00
-1.333333333332303194e+00 -1.333333333296981893e+00 -1.333333333321425229e+00
-1.333333333332402448e+00 -1.333333333315826597e+00 -1.333333333332507475e+00
-1.333333331500245134e+00 -1.333333330449609555e+00 -1.333333331042001468e+00
-1.333333254507022669e+00 -1.333332974376770341e+00 -1.333333271751400373e+00
-1.333333332704228047e+00 -1.333333333333307946e+00 -1.333332091538514508e+00
-1.333333333158166489e+00 -1.333315789660599382e+00 -1.333329404704467702e+00
-1.333331131317785800e+00 -1.333333319787790572e+00 -1.333331236301602551e+00
-1.333329175490720608e+00 -1.333323283404879600e+00 -1.333317676012880426e+00
-6.666666666666318797e-01 -6.666666666666666297e-01 -6.666666666666665186e-01
-6.666666666666657415e-01 -6.666666656166709837e-01 0.000000000000000000e+00
-6.666666666666665186e-01 0.000000000000000000e+00 0.000000000000000000e+00
0.000000000000000000e+00 0.000000000000000000e+00 0.000000000000000000e+00
-9.999999999999288347e-01 -6.666666666525867813e-01 -9.999999999999942268e-01
-1.333332947906047172e+00 -1.333333009858726603e+00 -1.333332951243419773e+00
-1.333333331146158596e+00 -1.333333332066731991e+00 -1.333333331467684291e+00
-1.333333333333313053e+00 -1.333333333333324155e+00 -1.333333333333319937e+00
-1.333333333333317494e+00 -1.333333333333321491e+00 -1.333333333333321491e+00
-1.333333333333316606e+00 -1.333333333333322157e+00 -1.333333333323267977e+00
-1.333333333332736181e+00 -1.333333333332579196e+00 -1.333333333323978742e+00
-1.333333333333281745e+00 -1.333333333332387349e+00 -1.333333333333260207e+00
-1.333333333333333037e+00 -1.333333333333333037e+00 -1.333333333333332815e+00
-1.333333333333333037e+00 -1.333333333333333037e+00 -1.333333333333333037e+00
-1.333333333333333037e+00 -1.333333333333333037e+00 -1.333333333333333037e+00
-1.333333333333260651e+00 -1.333333333333274417e+00 -1.333333333333290405e+00
-1.333333333333146964e+00 -1.333333333333204251e+00 -1.333333333333108550e+00
-1.333333333332874293e+00 -1.333333333310140034e+00 -1.333333333274006938e+00
-1.333333333220320327e+00 -1.333333333267425980e+00 -1.333327193928214971e+00
-1.333331291592876333e+00 -1.333333319613904333e+00 -1.333328357009180953e+00
-1.166666666666618779e+00 -1.166624797593627472e+00 -1.166663917199296741e+00
0.000000000000000000e+00 0.000000000000000000e+00 0.000000000000000000e+00
0.000000000000000000e+00 0.000000000000000000e+00 0.000000000000000000e+00
0.000000000000000000e+00 0.000000000000000000e+00 0.000000000000000000e+00
-6.666666666666666297e-01 -6.666662303794725908e-01 -9.998377496769861317e-01
-1.333333217400185067e+00 -1.333333289326242177e+00 -1.333333255436585985e+00
-1.333333298595877014e+00 -1.333333328946269214e+00 -1.333333328463467859e+00
-1.333333333333323711e+00 -1.333333333333324822e+00 -1.333333333333323489e+00
-1.333333333333327708e+00 -1.333333333333327264e+00 -1.333333333333326598e+00
-1.333333333333331705e+00 -1.333333333333186488e+00 -1.333333333332934467e+00
-1.333333333333141413e+00 -1.333333333333278192e+00 -1.333333333332692217e+00
-1.333333333333316828e+00 -1.333333333333330817e+00 -1.333333333333331705e+00
-1.333333333333333037e+00 -1.333333333333333037e+00 -1.333333333333333037e+00
-1.333333333333333037e+00 -1.333333333333333037e+00 -1.333333333333333037e+00
-1.333333333333333037e+00 -1.333333333333333037e+00 -1.333333333333333037e+00
-1.333333333333333037e+00 -1.333333333333333037e+00 -1.333333333333333037e+00
-1.333333333333333037e+00 -1.333333333333333037e+00 -1.333333333333333037e+00
-1.333333333332860970e+00 -1.333333333332806347e+00 -1.333333333332768600e+00
-1.333333332253813230e+00 -1.333333333313178493e+00 -1.333332319524980214e+00
-1.333333328872767343e+00 -1.333333235844908149e+00 -1.333332225294279194e+00
-1.333330932444071193e+00 -1.333329852921130376e+00 -1.333329882942398958e+00
-9.999999999986366461e-01 -1.166658323824188104e+00 -1.000000000000000000e+00
0.000000000000000000e+00 0.000000000000000000e+00 0.000000000000000000e+00
0.000000000000000000e+00 0.000000000000000000e+00 0.000000000000000000e+00
-6.666666666666666297e-01 -1.000000000000000000e+00 0.000000000000000000e+00
-1.333255634034860693e+00 -1.333269672039361531e+00 -1.333333115017695913e+00
-1.333329328361533950e+00 -1.333333331604271033e+00 -1.333333331522640108e+00
-1.333332335515339029e+00 -1.333333333333129200e+00 -1.333333333333176274e+00
-1.333333333329287385e+00 -1.333333333331697901e+00 -1.333333333333299064e+00
-1.333333333333322379e+00 -1.333333333333191817e+00 -1.333333333333332815e+00
-1.333333333333283077e+00 -1.333333333333298398e+00 -1.333333333333208470e+00
-1.333333333333332815e+00 -1.333333333333325932e+00 -1.333333333333332815e+00
-1.333333333333332593e+00 -1.333333333333333037e+00 -1.333333333333333037e+00
-1.333333333333331705e+00 -1.333333333333333037e+00 -1.333333333333333037e+00
-1.333333333333333037e+00 -1.333333333333333037e+00 -1.333333333333333037e+00
-1.333333333333332593e+00 -1.333333333333329485e+00 -1.333333333333332371e+00
-1.333333333333333037e+00 -1.333333333333333037e+00 -1.333333333333332371e+00
-1.333333333332670678e+00 -1.333333333332455517e+00 -1.333333333332241910e+00
-1.333333333286160105e+00 -1.333333333295297463e+00 -1.333333284319526690e+00
-1.333333225513617659e+00 -1.333330427725287759e+00 -1.333327759140183755e+00
-1.333329390985203311e+00 -1.333327789321750334e+00 -1.333328758105815748e+00
-6.666666666666666297e-01 0.000000000000000000e+00 -6.666666666661374974e-01
0.000000000000000000e+00 0.000000000000000000e+00 0.000000000000000000e+00
0.000000000000000000e+00 0.000000000000000000e+00 0.000000000000000000e+00
-6.666666666666302143e-01 0.000000000000000000e+00 0.000000000000000000e+00
-1.333331727536100964e+00 -1.333331613770619040e+00 -1.332918836481749025e+00
-1.333312628349072160e+00 -1.333331009594900918e+00 -1.333331003871450315e+00
-1.333333268978560859e+00 -1.333333243531938495e+00 -1.333333208130903280e+00
-1.333333331937754940e+00 -1.333333332369792235e+00 -1.333333332701766905e+00
-1.333333332996263776e+00 -1.333333333075311655e+00 -1.333333333235134255e+00
-1.333333333333263759e+00 -1.333333333309170143e+00 -1.333333333333281301e+00
-1.333333333333268866e+00 -1.333333333333251325e+00 -1.333333333333333037e+00
-1.333333333333333037e+00 -1.333333333333333037e+00 -1.333333333333333037e+00
-1.333333333333332815e+00 -1.333333333333332815e+00 -1.333333333333332815e+00
-1.333333333333329929e+00 -1.333333333333331705e+00 -1.333333333333330595e+00
-1.333333333333325932e+00 -1.333333333333331039e+00 -1.333333333333331261e+00
-1.333333333333330595e+00 -1.333333333333330817e+00 -1.333333333333157400e+00
-1.333333333333131865e+00 -1.333333333332302528e+00 -1.333333333331623072e+00
-1.333333333204472559e+00 -1.333333333220034778e+00 -1.333333288920645288e+00
-1.333326777723886858e+00 -1.333333329142323498e+00 -1.333325095269100924e+00
-1.333319004405618458e+00 -1.333321869416239647e+00 -1.333310772879985340e+00
-6.666666666666662966e-01 0.000000000000000000e+00 -1.000000000000000000e+00
0.000000000000000000e+00 0.000000000000000000e+00 0.000000000000000000e+00
0.000000000000000000e+00 0.000000000000000000e+00 0.000000000000000000e+00
-6.666666666666666297e-01 0.000000000000000000e+00 0.000000000000000000e+00
-1.300665906695597007e+00 -1.310769435623638568e+00 -1.307291026761625563e+00
-1.333331057779158169e+00 -1.333331835237359986e+00 -1.333332544179324675e+00
-1.333332693057932783e+00 -1.333332707915975801e+00 -1.333332625875790933e+00
-1.333333172923958587e+00 -1.333333321589364129e+00 -1.333333318862152783e+00
-1.333333331305399660e+00 -1.333333329517689014e+00 -1.333333331403005584e+00
-1.333333333183474467e+00 -1.333333333280560140e+00 -1.333333333204976157e+00
-1.333333333324347558e+00 -1.333333333271812915e+00 -1.333333333326097492e+00
-1.333333333331054860e+00 -1.333333333333176718e+00 -1.333333333332766824e+00
-1.333333333332947790e+00 -1.333333333333246218e+00 -1.333333333333221127e+00
-1.333333333333227344e+00 -1.333333333333312609e+00 -1.333333333333317494e+00
-1.333333333333303283e+00 -1.333333333333311277e+00 -1.333333333333302395e+00
-1.333333333333325044e+00 -1.333333333333321713e+00 -1.333333333333254433e+00
-1.333333333333312165e+00 -1.333333333326019332e+00 -1.333333333324930425e+00
-1.333333333108410068e+00 -1.333333317068887469e+00 -1.333333333108581487e+00
-1.333318690407405693e+00 -1.333312026083819379e+00 -1.333312615649139943e+00
-1.333289679296322916e+00 -1.333300291789040859e+00 -1.333265312638006517e+00
-6.666666666666666297e-01 0.000000000000000000e+00 0.000000000000000000e+00
-6.666666666666666297e-01 0.000000000000000000e+00 -6.666666666358433968e-01
0.000000000000000000e+00 0.000000000000000000e+00 0.000000000000000000e+00
-6.666666666666666297e-01 0.000000000000000000e+00 0.000000000000000000e+00
-6.666666666666659635e-01 0.000000000000000000e+00 -6.666666666666666297e-01
-1.333333309308508685e+00 -1.333329697217993548e+00 -1.333333285352413355e+00
-1.333331236632580463e+00 -1.333331284325462995e+00 -1.333331926369675013e+00
-1.333333296840617077e+00 -1.333333302174068979e+00 -1.333333271529413055e+00
-1.333333332087009104e+00 -1.333333329085670371e+00 -1.333333321723226383e+00
-1.333333331687894585e+00 -1.333333332116825698e+00 -1.333333333060716441e+00
-1.333333333295368295e+00 -1.333333332978346553e+00 -1.333333333307601620e+00
-1.333333333320926739e+00 -1.333333333316248037e+00 -1.333333333317567870e+00
-1.333333333330573911e+00 -1.333333333331273796e+00 -1.333333333329126624e+00
-1.333333333332553661e+00 -1.333333333331947035e+00 -1.333333333333010184e+00
-1.333333333333024395e+00 -1.333333333333225124e+00 -1.333333333331728543e+00
-1.333333333333275528e+00 -1.333333333333192261e+00 -1.333333333333097226e+00
-1.333333333321086833e+00 -1.333333333263507114e+00 -1.333333333318532432e+00
-1.333333297492658387e+00 -1.333333331764377405e+00 -1.333333332054737586e+00
-1.333323158883765513e+00 -1.333333175163779583e+00 -1.333266752106335273e+00
-1.332875113074489359e+00 -1.312080504724867591e+00 -1.332827485336892437e+00
-6.666666666666666297e-01 -6.666666666666666297e-01 -6.666666666666666297e-01
0.000000000000000000e+00 0.000000000000000000e+00 0.000000000000000000e+00
0.000000000000000000e+00 0.000000000000000000e+00 0.000000000000000000e+00
-6.666666666666666297e-01 -6.666666666666660745e-01 0.000000000000000000e+00
-9.999999998237777410e-01 -9.999999999714991317e-01 -6.666666666666405394e-01
-1.248099091460785015e+00 -1.166666644425424781e+00 -1.166658962327412841e+00
-1.333332384292222006e+00 -1.333332465094910768e+00 -1.333332683417457698e+00
-1.333332909669257438e+00 -1.333333050133618247e+00 -1.333332969608170160e+00
-1.333333326891700477e+00 -1.333333328010029017e+00 -1.333333324699436995e+00
-1.333333331342728467e+00 -1.333333331446031611e+00 -1.333333331314125347e+00
-1.333333332878368305e+00 -1.333333332741514665e+00 -1.333333333013707822e+00
-1.333333332937628235e+00 -1.333333332985670694e+00 -1.333333333121404340e+00
-1.333333333216147887e+00 -1.333333333261419007e+00 -1.333333333297578971e+00
-1.333333333302879620e+00 -1.333333333326086390e+00 -1.333333333333199588e+00
-1.333333333323099001e+00 -1.333333333328108772e+00 -1.333333333327681780e+00
-1.333333333331104598e+00 -1.333333333332058501e+00 -1.333333333332628712e+00
-1.333333333225017903e+00 -1.333333333188261083e+00 -1.333333333331786719e+00
-1.333333330260973337e+00 -1.333333323431663775e+00 -1.333333236401905708e+00
-1.333332874439151938e+00 -1.333314264567680096e+00 -1.333203549587767878e+00
-1.166666666666252627e+00 -1.249996855769997861e+00 -1.249618482918773754e+00
0.000000000000000000e+00 0.000000000000000000e+00 -6.666666666666666297e-01
-6.666666666627860671e-01 0.000000000000000000e+00 0.000000000000000000e+00
0.000000000000000000e+00 0.000000000000000000e+00 0.000000000000000000e+00
-6.666666666666666297e-01 0.000000000000000000e+00 0.000000000000000000e+00
-6.666666666666659635e-01 0.000000000000000000e+00 0.000000000000000000e+00
-6.666666666666666297e-01 0.000000000000000000e+00 0.000000000000000000e+00
-1.333319749118203390e+00 -1.333317840420139122e+00 -1.333022197247187179e+00
-1.333333059683804001e+00 -1.333333214130544953e+00 -1.333333176587140123e+00
-1.333333263749217901e+00 -1.333333220733002422e+00 -1.333333274419742365e+00
-1.333333330653192039e+00 -1.333333330607870959e+00 -1.333333331584573678e+00
-1.333333332833345430e+00 -1.333333332921174730e+00 -1.333333332944368177e+00
-1.333333333068276616e+00 -1.333333333076899052e+00 -1.333333333048667857e+00
-1.333333333238307050e+00 -1.333333333272203047e+00 -1.333333333333230675e+00
-1.333333333286384592e+00 -1.333333333302389345e+00 -1.333333333301376600e+00
-1.333333333326558234e+00 -1.333333333324306480e+00 -1.333333333322602066e+00
-1.333333333328602599e+00 -1.333333333329560055e+00 -1.333333333328279746e+00
-1.333333192116436416e+00 -1.333333330923252458e+00 -1.333332752250897091e+00
-1.333333175713140140e+00 -1.333332866082676205e+00 -1.333333186391766567e+00
-1.332956592812487795e+00 -1.333258930262283481e+00 -1.264817592334735785e+00
-6.666666665981205719e-01 -6.666666666666666297e-01 -6.666666666666666297e-01
-6.666666666666666297e-01 0.000000000000000000e+00 0.000000000000000000e+00
0.000000000000000000e+00 0.000000000000000000e+00 0.000000000000000000e+00
0.000000000000000000e+00 0.000000000000000000e+00 0.000000000000000000e+00
0.000000000000000000e+00 0.000000000000000000e+00 0.000000000000000000e+00
-6.666666666666666297e-01 -9.999999999999991118e-01 0.000000000000000000e+00
-6.666666666666666297e-01 -6.666666666666666297e-01 -6.666666666666666297e-01
-6.666666666666666297e-01 -6.666666666666666297e-01 0.000000000000000000e+00
-1.333333032089460524e+00 -1.333327767685265286e+00 -1.333327425480608230e+00
-1.333331535129023804e+00 -1.333332890319395947e+00 -1.333333134041436274e+00
-1.333333281149967409e+00 -1.333332801264498491e+00 -1.333333306068436475e+00
-1.333333328726053146e+00 -1.333333328746715729e+00 -1.333333328304009413e+00
-1.333333332900523693e+00 -1.333333332417503625e+00 -1.333333332769314428e+00
-1.333333333261880860e+00 -1.333333332992585607e+00 -1.333333333262716192e+00
-1.333333333301302215e+00 -1.333333333293339695e+00 -1.333333333304405510e+00
-1.333333333309614455e+00 -1.333333333316261360e+00 -1.333333333306511381e+00
-1.333333333197609605e+00 -1.333333333328787340e+00 -1.333333333324687509e+00
-1.333333143882176275e+00 -1.333332760509765791e+00 -1.333333153723449183e+00
-1.333319917350408446e+00 -1.333300297756683683e+00 -1.333320650609449043e+00
-9.998960743601841283e-01 -9.999955151838850753e-01 -1.124935461780292911e+00
-6.666666666666666297e-01 -6.666666666666666297e-01 0.000000000000000000e+00
-9.999999999997341016e-01 0.000000000000000000e+00 0.000000000000000000e+00
0.000000000000000000e+00 0.000000000000000000e+00 0.000000000000000000e+00
0.000000000000000000e+00 0.000000000000000000e+00 0.000000000000000000e+00
-6.666666666666666297e-01 -6.666666666666666297e-01 0.000000000000000000e+00
-9.999999999872695167e-01 -1.000000000000000000e+00 -6.666666666666666297e-01
0.000000000000000000e+00 0.000000000000000000e+00 0.000000000000000000e+00
0.000000000000000000e+00 -6.666666666666185570e-01 0.000000000000000000e+00
-9.999999999988316013e-01 -6.666666666666554164e-01 -6.666666666666666297e-01
-1.333333317451412370e+00 -1.333333064001438917e+00 -1.333332785632180384e+00
-1.333333198262492525e+00 -1.333333300123344500e+00 -1.333333296271117518e+00
-1.333333262950562759e+00 -1.333333320890226492e+00 -1.333333314499929756e+00
-1.333333326301741950e+00 -1.333333332013736605e+00 -1.333333330681181428e+00
-1.333333331548827383e+00 -1.333333332391110959e+00 -1.333333333019008027e+00
-1.333333333085686467e+00 -1.333333333292185507e+00 -1.333333333333050152e+00
-1.333333333298269974e+00 -1.333333333255325659e+00 -1.333333333328730941e+00
-1.333333333292882283e+00 -1.333333333324860925e+00 -1.333333333147768140e+00
-1.333315143630243060e+00 -1.333320265972709695e+00 -1.333325060156383968e+00
-1.333050599283900350e+00 -1.291489272801491506e+00 -1.333044478832021262e+00
-6.666666666666666297e-01 0.000000000000000000e+00 0.000000000000000000e+00
0.000000000000000000e+00 0.000000000000000000e+00 -6.666666666666666297e-01
0.000000000000000000e+00 0.000000000000000000e+00 -6.666666666666666297e-01
-6.666666666666666297e-01 0.000000000000000000e+00 0.000000000000000000e+00
0.000000000000000000e+00 0.000000000000000000e+00 0.000000000000000000e+00
-6.666666666666666297e-01 -6.619299613521913983e-01 -6.666666666666333230e-01
-6.666666666666665186e-01 -6.666666666666666297e-01 0.000000000000000000e+00
0.000000000000000000e+00 0.000000000000000000e+00 0.000000000000000000e+00
-6.666666666203157066e-01 -6.666666666666606345e-01 -6.666666666666666297e-01
-9.999999999999796829e-01 -6.666666666666666297e-01 0.000000000000000000e+00
-6.666666666666666297e-01 -6.666666666666170027e-01 -6.666666666654276208e-01
-1.333333179217879749e+00 -1.333333332616825517e+00 -1.333333322323409398e+00
-1.333333330414267603e+00 -1.333333306256608175e+00 -1.333333332048331599e+00
-1.333333329767391495e+00 -1.333333332132970561e+00 -1.333333332020992579e+00
-1.333333332451088760e+00 -1.333333333138830845e+00 -1.333333333124526510e+00
-1.333333333275318111e+00 -1.333333333272415988e+00 -1.333333333290761313e+00
-1.333333333328508896e+00 -1.333333333329593806e+00 -1.333333333328342363e+00
-1.333333332627220980e+00 -1.333333332960535245e+00 -1.333333332699040863e+00
-1.333108308132827879e+00 -1.333180757441465136e+00 -1.333198532903361100e+00
-9.156994557612518904e-01 -9.944908927449620517e-01 -9.975666672620311370e-01
-6.666666666666666297e-01 0.000000000000000000e+00 0.000000000000000000e+00
-6.666666666666665186e-01 -6.666666666518059614e-01 -6.666666666666666297e-01
-9.999999999992601474e-01 0.000000000000000000e+00 -6.666666666666666297e-01
-6.666666666666664076e-01 0.000000000000000000e+00 0.000000000000000000e+00
0.000000000000000000e+00 0.000000000000000000e+00 0.000000000000000000e+00
0.000000000000000000e+00 -6.666666664978935231e-01 -6.666666666665681529e-01
0.000000000000000000e+00 0.000000000000000000e+00 0.000000000000000000e+00
0.000000000000000000e+00 -9.999999990493859681e-01 0.000000000000000000e+00
-6.666666666666666297e-01 0.000000000000000000e+00 0.000000000000000000e+00
-6.666666666666666297e-01 -6.666666666666660745e-01 -6.666666666621213766e-01
-6.666666666666635210e-01 0.000000000000000000e+00 -9.999999999999998890e-01
-6.666666666666666297e-01 -9.999999999999470424e-01 -9.999999999573587761e-01
-1.333333333207537663e+00 -1.333333332578086061e+00 -1.333333330468238653e+00
-1.333333332638055424e+00 -1.333333333318903469e+00 -1.333333333332393345e+00
-1.333333333240358964e+00 -1.333333333332432202e+00 -1.333333333332428206e+00
-1.333333333333044157e+00 -1.333333333332658244e+00 -1.333333333325059877e+00
-1.333333333330998460e+00 -1.333333333333004411e+00 -1.333333333332963555e+00
-1.333333320322575899e+00 -1.333333313434567069e+00 -1.333333303656837110e+00
-1.327785627372371380e+00 -1.299085886455427996e+00 -1.316117392453035606e+00
-6.666666666666666297e-01 -9.999999999999993339e-01 -6.666666666666660745e-01
-6.666666666666497543e-01 0.000000000000000000e+00 0.000000000000000000e+00
-6.666666666666666297e-01 0.000000000000000000e+00 -9.999999999975349718e-01
-1.166666666666642316e+00 -6.666666666666666297e-01 -9.999999999999764633e-01
0.000000000000000000e+00 0.000000000000000000e+00 0.000000000000000000e+00
0.000000000000000000e+00 0.000000000000000000e+00 0.000000000000000000e+00
-6.666666666666666297e-01 -6.666666666666666297e-01 0.000000000000000000e+00
-6.666666666650713502e-01 0.000000000000000000e+00 -6.666666665009234327e-01
-9.999999999999998890e-01 -9.999999999999886757e-01 -6.666666666666666297e-01
-6.666666666666666297e-01 -9.999999999999710232e-01 -6.666666666666666297e-01
-6.666666666665623797e-01 -6.666666666666342111e-01 0.000000000000000000e+00
-6.666666666666666297e-01 -9.999999999998639977e-01 -6.666666666666666297e-01
-6.666666666666666297e-01 -6.666666666666666297e-01 -6.666666666666665186e-01
0.000000000000000000e+00 0.000000000000000000e+00 0.000000000000000000e+00
-1.333333330338929645e+00 -1.333333328966552322e+00 -1.333333327644822930e+00
-1.333333333327098691e+00 -1.333333333326833126e+00 -1.333333333323583725e+00
-1.333333333314193681e+00 -1.333333333319820957e+00 -1.333333333313984959e+00
-1.333333333332977544e+00 -1.333333333332982651e+00 -1.333333333332834103e+00
-1.333332704889105269e+00 -1.333332215950520538e+00 -1.333332240573244842e+00
-1.196196134450790538e+00 -1.170572916666666741e+00 -1.231608072916666519e+00
-1.166666666666666519e+00 -6.666666666666666297e-01 0.000000000000000000e+00
-6.666666666663221275e-01 -6.666666666666666297e-01 0.000000000000000000e+00
-6.666666666590137513e-01 -9.999999999995566879e-01 -6.666666666666666297e-01
-9.999999999999920064e-01 -9.999999999999997780e-01 -9.999999993524041342e-01
0.000000000000000000e+00 0.000000000000000000e+00 0.000000000000000000e+00
0.000000000000000000e+00 0.000000000000000000e+00 0.000000000000000000e+00
0.000000000000000000e+00 0.000000000000000000e+00 0.000000000000000000e+00
-6.666666666666665186e-01 -6.666666666666666297e-01 -6.666666666666666297e-01
-9.999999999999782396e-01 -6.666666666666666297e-01 -6.666666666666662966e-01
-6.666666647059823481e-01 -6.666666666666666297e-01 0.000000000000000000e+00
-9.999999999999925615e-01 -6.666666666666666297e-01 -9.999999999996337374e-01
-6.666666666666666297e-01 0.000000000000000000e+00 0.000000000000000000e+00
-6.666666666666647423e-01 -6.666666666666666297e-01 0.000000000000000000e+00
-6.666666666666343222e-01 -6.666666666666666297e-01 0.000000000000000000e+00
-6.666666663422711192e-01 0.000000000000000000e+00 0.000000000000000000e+00
-6.666666666666666297e-01 0.000000000000000000e+00 0.000000000000000000e+00
-9.999999999999997780e-01 0.000000000000000000e+00 0.000000000000000000e+00
-6.666666666666666297e-01 0.000000000000000000e+00 0.000000000000000000e+00
-6.666666666666665186e-01 -6.666666666666252183e-01 -6.666666666662838248e-01
-6.666666666666665186e-01 -6.666666666666662966e-01 0.000000000000000000e+00
-6.666666664504834472e-01 -6.666666666665919116e-01 0.000000000000000000e+00
-6.666666666666622998e-01 -6.666666666666666297e-01 -6.666666666666666297e-01
-6.666666666648186634e-01 -6.666666666666666297e-01 0.000000000000000000e+00
-6.666666666666666297e-01 0.000000000000000000e+00 -6.666666666666420937e-01
0.000000000000000000e+00 0.000000000000000000e+00 0.000000000000000000e+00
0.000000000000000000e+00 0.000000000000000000e+00 0.000000000000000000e+00
0.000000000000000000e+00 0.000000000000000000e+00 0.000000000000000000e+00
0.000000000000000000e+00 0.000000000000000000e+00 0.000000000000000000e+00
0.000000000000000000e+00 0.000000000000000000e+00 0.000000000000000000e+00
0.000000000000000000e+00 0.000000000000000000e+00 0.000000000000000000e+00
0.000000000000000000e+00 0.000000000000000000e+00 0.000000000000000000e+00
0.000000000000000000e+00 0.000000000000000000e+00 0.000000000000000000e+00
0.000000000000000000e+00 0.000000000000000000e+00 0.000000000000000000e+00
0.000000000000000000e+00 0.000000000000000000e+00 0.000000000000000000e+00
0.000000000000000000e+00 0.000000000000000000e+00 0.000000000000000000e+00
0.000000000000000000e+00 0.000000000000000000e+00 0.000000000000000000e+00
0.000000000000000000e+00 0.000000000000000000e+00 0.000000000000000000e+00
0.000000000000000000e+00 0.000000000000000000e+00 0.000000000000000000e+00
0.000000000000000000e+00 0.000000000000000000e+00 0.000000000000000000e+00
0.000000000000000000e+00 0.000000000000000000e+00 0.000000000000000000e+00
0.000000000000000000e+00 0.000000000000000000e+00 0.000000000000000000e+00
0.000000000000000000e+00 0.000000000000000000e+00 0.000000000000000000e+00
0.000000000000000000e+00 0.000000000000000000e+00 0.000000000000000000e+00
0.000000000000000000e+00 0.000000000000000000e+00 0.000000000000000000e+00
0.000000000000000000e+00 0.000000000000000000e+00 0.000000000000000000e+00
