0.000000000000000000e+00 0.000000000000000000e+00 0.000000000000000000e+00
0.000000000000000000e+00 0.000000000000000000e+00 0.000000000000000000e+00
0.000000000000000000e+00 0.000000000000000000e+00 0.000000000000000000e+00
-1.329833759934474779e-02 -6.665411105105226164e-03 -6.666618904529919738e-03
-3.999279761943784484e-02 -4.353273865291458489e-02 -3.780147155489195498e-02
-4.122481353550543348e-01 -4.181103275762241833e-01 -4.173702243889518826e-01
-9.028963265293479257e-01 -9.011697916747668513e-01 -9.020794937916086775e-01
-1.074757651486542454e+00 -1.074182738665796055e+00 -1.075826917328713161e+00
-1.132200644692499258e+00 -1.132769449213629986e+00 -1.133348684748770818e+00
-1.172152923306714500e+00 -1.172568417408894836e+00 -1.172206191881766335e+00
-1.326551718558899751e+00 -1.326114456107832185e+00 -1.324907015734294147e+00
-1.294988234745772626e+00 -1.295170985850100376e+00 -1.277120074683391504e+00
-7.984120387416092646e-01 -7.980121240262889604e-01 -7.984616728542227593e-01
0.000000000000000000e+00 0.000000000000000000e+00 0.000000000000000000e+00
-6.666666429377975794e-03 0.000000000000000000e+00 0.000000000000000000e+00
-6.666641278648326695e-03 0.000000000000000000e+00 0.000000000000000000e+00
0.000000000000000000e+00 0.000000000000000000e+00 -6.666071224294130119e-03
0.000000000000000000e+00 0.000000000000000000e+00 0.000000000000000000e+00
-6.666665167564003042e-03 0.000000000000000000e+00 0.000000000000000000e+00
0.000000000000000000e+00 0.000000000000000000e+00 0.000000000000000000e+00
0.000000000000000000e+00 0.000000000000000000e+00 0.000000000000000000e+00
-6.666666281624056452e-03 -6.666666369081718224e-03 0.000000000000000000e+00
-1.329996824113762258e-02 0.000000000000000000e+00 0.000000000000000000e+00
-1.329874372058027082e-02 -1.702257400038750118e-02 -1.187800150435151109e-02
-3.298357875766468328e-01 -3.338362637952984047e-01 -3.314132998884389281e-01
-1.017223835400759890e+00 -1.017524209484357289e+00 -1.018147463793751095e+00
-1.233117650165670431e+00 -1.233210816029249646e+00 -1.233189530877740747e+00
-1.287037517666362652e+00 -1.287076757743354394e+00 -1.286927928946118183e+00
-1.308968434757329380e+00 -1.309056729356984139e+00 -1.308982981604237317e+00
-1.321640638306483817e+00 -1.321681312800349728e+00 -1.321401828240445386e+00
-1.323454962183304495e+00 -1.323419755548465693e+00 -1.323466789380485231e+00
-1.319213375879207950e+00 -1.319191414655874528e+00 -1.319245612522591538e+00
-1.324273386551643394e+00 -1.324276773463961110e+00 -1.324263755268034748e+00
-1.302618747558902612e+00 -1.302574373794726181e+00 -1.302490003412624331e+00
-6.497258071114989444e-03 -6.548030624435186541e-03 0.000000000000000000e+00
-6.666639594142946892e-03 -6.666641676226321526e-03 -6.666666531983037394e-03
-6.666603103815079041e-03 -6.666666165956472434e-03 -6.666666658603171043e-03
-6.666666657638735914e-03 -1.988617374923170450e-02 -6.666643394828408557e-03
-6.666666359722643945e-03 -6.666665015519060433e-03 0.000000000000000000e+00
0.000000000000000000e+00 0.000000000000000000e+00 -6.666662772986905669e-03
0.000000000000000000e+00 0.000000000000000000e+00 0.000000000000000000e+00
0.000000000000000000e+00 0.000000000000000000e+00 0.000000000000000000e+00
-1.329999923704632686e-02 -1.985061956950372533e-02 0.000000000000000000e+00
-1.035821800147380539e-01 -1.003890797603975288e-01 -1.030086585575313018e-01
-8.933250704123399943e-01 -8.917500427831740462e-01 -8.917080680491423772e-01
-1.241377882916415931e+00 -1.241729965498004962e+00 -1.241640145629112624e+00
-1.302628986378606246e+00 -1.302663695811202782e+00 -1.302765920314470360e+00
-1.325977068105917089e+00 -1.325933637613482929e+00 -1.325964542075383390e+00
-1.330686837144735124e+00 -1.330697515815020937e+00 -1.330690628513065965e+00
-1.331793344877548080e+00 -1.331788196628961973e+00 -1.331788787187362155e+00
-1.331845739036072729e+00 -1.331846838068760697e+00 -1.331845894726857660e+00
-1.331038142131377278e+00 -1.331039357205824114e+00 -1.331041680389116966e+00
-1.327739887765275073e+00 -1.327728895871178150e+00 -1.327725287967646439e+00
-1.319688324150035674e+00 -1.319665998228026105e+00 -1.319693001265321408e+00
-1.300748862093077829e+00 -1.300695167870052238e+00 -1.300813936405762927e+00
-6.666616860115052307e-03 -6.510439039765586466e-03 0.000000000000000000e+00
-6.666665667458072757e-03 -6.666666117332064115e-03 -1.329999479470826348e-02
-6.666662964994498654e-03 -6.666666657646174408e-03 0.000000000000000000e+00
0.000000000000000000e+00 -6.666657366449561979e-03 0.000000000000000000e+00
0.000000000000000000e+00 0.000000000000000000e+00 0.000000000000000000e+00
0.000000000000000000e+00 0.000000000000000000e+00 0.000000000000000000e+00
0.000000000000000000e+00 0.000000000000000000e+00 0.000000000000000000e+00
-6.666621512863691798e-03 -9.987663752871130812e-03 -1.169025496570602791e-02
-5.281230741997594569e-01 -5.283883512461603482e-01 -5.303192678324111231e-01
-1.189272489827117196e+00 -1.189439143022285261e+00 -1.189692033121699577e+00
-1.297917479835526189e+00 -1.297914683742096509e+00 -1.297957987643503452e+00
-1.327568031832369710e+00 -1.327582063329945550e+00 -1.327584192153689280e+00
-1.331856592982075593e+00 -1.331853022496688466e+00 -1.331863944384958476e+00
-1.332881274266057847e+00 -1.332880426488005643e+00 -1.332880793125033048e+00
-1.333142958648583232e+00 -1.333144611086546805e+00 -1.333144147625285214e+00
-1.333123493188675956e+00 -1.333123944850148623e+00 -1.333123095276540049e+00
-1.332844655950104595e+00 -1.332844995185754167e+00 -1.332844637632631501e+00
-1.331888008835970805e+00 -1.331887831614044559e+00 -1.331896081379066343e+00
-1.328407070117880062e+00 -1.328389105005160609e+00 -1.328397271777368216e+00
-1.309382782480225105e+00 -1.309442651430659854e+00 -1.309339245803335494e+00
-1.231232748422756318e+00 -1.231469221759419197e+00 -1.231367404529699172e+00
-1.990013521756514928e-02 -1.990006083091406044e-02 -1.986940060034454725e-02
-6.666660127386559234e-03 -1.328096862052190880e-02 -6.666649839413027988e-03
-6.666665374603807613e-03 -1.329999657428419108e-02 -1.329999982433345551e-02
-6.657331415049795587e-03 0.000000000000000000e+00 0.000000000000000000e+00
0.000000000000000000e+00 0.000000000000000000e+00 0.000000000000000000e+00
-6.654337732850824916e-03 -6.666641450024478679e-03 -6.666496496641890861e-03
-5.747882044637646348e-02 -5.720575908080881983e-02 -6.008174494324767384e-02
-9.478914770006269253e-01 -9.467969499523439803e-01 -9.474101636133411830e-01
-1.274986320283022945e+00 -1.274926618756620833e+00 -1.274871819813055973e+00
-1.323597488465501515e+00 -1.323616888224451005e+00 -1.323614866021308734e+00
-1.331798636848113615e+00 -1.331803146121113501e+00 -1.331799985911363837e+00
-1.333035545218292262e+00 -1.333036467414626891e+00 -1.333036051019643065e+00
-1.333268977162148428e+00 -1.333269004563539806e+00 -1.333269129461676972e+00
-1.333313592436117689e+00 -1.333313784180508943e+00 -1.333313791451282260e+00
-1.333310946295519495e+00 -1.333310980673521717e+00 -1.333311001037367216e+00
-1.333262458361564429e+00 -1.333262354882609024e+00 -1.333262462263572923e+00
-1.333039553397811439e+00 -1.333040560361743232e+00 -1.333040257952860408e+00
-1.331918573767960190e+00 -1.331922973181810965e+00 -1.331921464637908947e+00
-1.326669032332000286e+00 -1.326630844192105974e+00 -1.326567601047704992e+00
-1.293946752334681927e+00 -1.292742213476838264e+00 -1.290051618054621319e+00
-5.827370988296404208e-01 -5.855942495108208412e-01 -5.853486201291779878e-01
-6.666661079128420771e-03 -6.666443746721002934e-03 0.000000000000000000e+00
-1.329999698384973228e-02 -6.666666357213092350e-03 0.000000000000000000e+00
-6.620861352474833629e-03 0.000000000000000000e+00 0.000000000000000000e+00
0.000000000000000000e+00 0.000000000000000000e+00 0.000000000000000000e+00
0.000000000000000000e+00 0.000000000000000000e+00 0.000000000000000000e+00
-1.764991124785906529e-01 -1.736176810044584851e-01 -1.752492807696880150e-01
-1.155857933186374753e+00 -1.155560274764794837e+00 -1.155581590741136200e+00
-1.302398812343914969e+00 -1.302364409464342732e+00 -1.302310624433745234e+00
-1.330188655115039253e+00 -1.330199547253881009e+00 -1.330200686909205787e+00
-1.332870560413608851e+00 -1.332870748592442478e+00 -1.332872468045904535e+00
-1.333268367141187349e+00 -1.333268155539233391e+00 -1.333268265187049106e+00
-1.333324929893817679e+00 -1.333324969125088799e+00 -1.333324940063424613e+00
-1.333331486728188686e+00 -1.333331537873911898e+00 -1.333331539630121299e+00
-1.333330901482248310e+00 -1.333330890577774985e+00 -1.333330898396891229e+00
-1.333321961800900457e+00 -1.333321956388278551e+00 -1.333321908289897051e+00
-1.333277745848501672e+00 -1.333277689263989263e+00 -1.333277290643677615e+00
-1.332990377762760970e+00 -1.332987829704189942e+00 -1.332988009477830582e+00
-1.330946778466622016e+00 -1.330942638692566238e+00 -1.330943748467862342e+00
-1.315129711257627898e+00 -1.315150987993439990e+00 -1.315145698244892136e+00
-1.286313187260908153e+00 -1.286282046770458098e+00 -1.286446188696392046e+00
-1.972239739958928789e-02 -1.329892023099017717e-02 -1.173006934072431083e-02
-1.329999960247148748e-02 -6.666666657818789803e-03 -6.666666657731698011e-03
0.000000000000000000e+00 0.000000000000000000e+00 0.000000000000000000e+00
0.000000000000000000e+00 0.000000000000000000e+00 0.000000000000000000e+00
-6.666665093209349531e-03 -6.666666657679231299e-03 0.000000000000000000e+00
-2.839645234702904975e-01 -2.868659016212523616e-01 -2.848817998124201778e-01
-1.214002926266765980e+00 -1.213928256152518648e+00 -1.213691481512778836e+00
-1.311965096672228492e+00 -1.312097545519453901e+00 -1.311992839757463392e+00
-1.331701966447795593e+00 -1.331701576286721478e+00 -1.331707046826809071e+00
-1.333146019383611769e+00 -1.333145697627482473e+00 -1.333145851334194054e+00
-1.333312864322041325e+00 -1.333312806723945254e+00 -1.333312954775346615e+00
-1.333331293640787729e+00 -1.333331584654836144e+00 -1.333331582041771046e+00
-1.333333217321282627e+00 -1.333333217658199787e+00 -1.333333217512848279e+00
-1.333333247185337633e+00 -1.333333242337118696e+00 -1.333333224483539414e+00
-1.333331397297357057e+00 -1.333331405665226344e+00 -1.333331397850543443e+00
-1.333316584759257628e+00 -1.333316664712672628e+00 -1.333316348593940326e+00
-1.333224238651960381e+00 -1.333224734759187236e+00 -1.333223892141350619e+00
-1.332252636439217985e+00 -1.332252296220575172e+00 -1.332240119747866602e+00
-1.325329381337017498e+00 -1.325318294434872479e+00 -1.325334828456532055e+00
-1.296098566482582370e+00 -1.294743591692355089e+00 -1.286311002976759266e+00
-1.130581058993545412e-01 -1.136671424070842956e-01 -1.118321313850839105e-01
0.000000000000000000e+00 0.000000000000000000e+00 0.000000000000000000e+00
0.000000000000000000e+00 0.000000000000000000e+00 0.000000000000000000e+00
0.000000000000000000e+00 0.000000000000000000e+00 0.000000000000000000e+00
-6.666571191371615211e-03 0.000000000000000000e+00 -6.666631843342738645e-03
-2.182823458543625694e-01 -2.212321784180013851e-01 -2.163668551989532951e-01
-1.211770967548151834e+00 -1.212925804399916485e+00 -1.214193032062162114e+00
-1.309874462794753613e+00 -1.309882275096076354e+00 -1.309869403856480874e+00
-1.331465320732023283e+00 -1.331471557626157320e+00 -1.331466067175270496e+00
-1.333116161104349606e+00 -1.333118546071957233e+00 -1.333117894364395539e+00
-1.333306382657171385e+00 -1.333306636458357008e+00 -1.333306633549437903e+00
-1.333331119632040318e+00 -1.333331349407475441e+00 -1.333331351971557055e+00
-1.333333249006435794e+00 -1.333333248967597084e+00 -1.333333248735471432e+00
-1.333333326092055682e+00 -1.333333327832812776e+00 -1.333333327812790570e+00
-1.333332900766628581e+00 -1.333332897179573262e+00 -1.333332879658644332e+00
-1.333326095204034223e+00 -1.333326106629063146e+00 -1.333326108949842936e+00
-1.333275906927525956e+00 -1.333275980629645696e+00 -1.333275399864274791e+00
-1.332780033340385861e+00 -1.332778240288147398e+00 -1.332779956075277328e+00
-1.327973110369255139e+00 -1.327988935222407463e+00 -1.327976469911378743e+00
-1.298264978831911165e+00 -1.296626555674506021e+00 -1.268250637411552750e+00
-5.144513392020477749e-01 -5.105082279942337875e-01 -5.087690406171225810e-01
-1.329975007726956308e-02 -1.329528625941374387e-02 -6.666657749051963996e-03
0.000000000000000000e+00 0.000000000000000000e+00 0.000000000000000000e+00
0.000000000000000000e+00 0.000000000000000000e+00 0.000000000000000000e+00
-6.666641526516724377e-03 0.000000000000000000e+00 0.000000000000000000e+00
-8.213703451336033801e-02 -8.026023315293048799e-02 -7.827259238085890192e-02
-1.161904313056473015e+00 -1.161473537763757502e+00 -1.161634352274074189e+00
-1.295283070788534996e+00 -1.295252524934102922e+00 -1.295388578005461255e+00
-1.329701808242582661e+00 -1.329709935678944799e+00 -1.329701439506953742e+00
-1.332827349708742615e+00 -1.332825410270066291e+00 -1.332825891121239836e+00
-1.333254438536726649e+00 -1.333254647050037045e+00 -1.333254541179786701e+00
-1.333320925807012669e+00 -1.333321006564705868e+00 -1.333320972978966790e+00
-1.333331932809588727e+00 -1.333331920717717001e+00 -1.333331936430294018e+00
-1.333333111224212164e+00 -1.333333102654510771e+00 -1.333333111714423591e+00
-1.333331638079608750e+00 -1.333331646845010265e+00 -1.333331628159605264e+00
-1.333321045564396012e+00 -1.333321066347096462e+00 -1.333321058599487241e+00
-1.333249594748962430e+00 -1.333249536536826430e+00 -1.333249530700078234e+00
-1.332621021768409131e+00 -1.332619519433369426e+00 -1.332619895170535251e+00
-1.326172260509659528e+00 -1.326179001615738429e+00 -1.326155458625643879e+00
-1.299459743213806195e+00 -1.299536645151670999e+00 -1.299509800731169840e+00
-5.231273103303032412e-01 -5.224772845782985620e-01 -5.185421306168193079e-01
-6.666644519233758635e-03 -6.577745467441506802e-03 -6.664818388571976983e-03
0.000000000000000000e+00 0.000000000000000000e+00 0.000000000000000000e+00
0.000000000000000000e+00 0.000000000000000000e+00 0.000000000000000000e+00
-6.666664063810151704e-03 0.000000000000000000e+00 0.000000000000000000e+00
-6.666640828121179856e-03 -5.067596500198712044e-03 -1.009019075832159884e-02
-9.155704436208698116e-01 -9.154068357868280215e-01 -9.148111069858027022e-01
-1.258427975642685492e+00 -1.258353341958591054e+00 -1.258651939231210548e+00
-1.322024124477285900e+00 -1.322025787075620018e+00 -1.322050708839087374e+00
-1.331640062696164195e+00 -1.331629990561377763e+00 -1.331639954854300756e+00
-1.333057836211443137e+00 -1.333059047363234884e+00 -1.333059426921260116e+00
-1.333273327333221125e+00 -1.333273461704548746e+00 -1.333273803221738829e+00
-1.333316632843590588e+00 -1.333316689939228805e+00 -1.333316600364466753e+00
-1.333325940908256957e+00 -1.333325927936237054e+00 -1.333325938142011280e+00
-1.333319945151749009e+00 -1.333319864728900850e+00 -1.333319943492616844e+00
-1.333283707661964357e+00 -1.333283890851262754e+00 -1.333283747486471826e+00
-1.333014384316675738e+00 -1.333013467801161811e+00 -1.333014582452472618e+00
-1.331491063822925369e+00 -1.331488108958217120e+00 -1.331483528648227388e+00
-1.319073552100054725e+00 -1.319085637569403335e+00 -1.319099449798021295e+00
-1.263641657345539349e+00 -1.263505594941856991e+00 -1.263465976973420224e+00
-1.801964084946036659e-01 -1.824629470747661519e-01 -1.785356346640092906e-01
-6.664301945450217327e-03 -6.666413000829432382e-03 -6.666571268364297406e-03
0.000000000000000000e+00 0.000000000000000000e+00 0.000000000000000000e+00
0.000000000000000000e+00 0.000000000000000000e+00 0.000000000000000000e+00
0.000000000000000000e+00 0.000000000000000000e+00 -6.666666497332707046e-03
-6.666263784733117426e-03 -6.666644755355916052e-03 -6.666666588575600495e-03
-2.862299476843072621e-01 -2.861229589667254047e-01 -2.836441088247236841e-01
-1.192558760008497254e+00 -1.192891881613446836e+00 -1.192678688048090629e+00
-1.297487115497542032e+00 -1.297277553773685588e+00 -1.297306776620589464e+00
-1.327351089221969982e+00 -1.327384744299633823e+00 -1.327369246879007258e+00
-1.332012117475837476e+00 -1.332015309526390023e+00 -1.332016283039587190e+00
-1.333010922048099234e+00 -1.333011018169243833e+00 -1.333012121787042314e+00
-1.333234780608031134e+00 -1.333235078783340688e+00 -1.333235142918874239e+00
-1.333284632187343721e+00 -1.333284729790646050e+00 -1.333284615799270156e+00
-1.333248381156788787e+00 -1.333247861643499510e+00 -1.333248022906612373e+00
-1.333034919616574276e+00 -1.333035572308106431e+00 -1.333034951155280146e+00
-1.332059764374262434e+00 -1.332061832777691635e+00 -1.332066167202352824e+00
-1.326995505935785635e+00 -1.326991896960651340e+00 -1.326985006327074723e+00
-1.301369051443776792e+00 -1.301355092685232639e+00 -1.301461055094998320e+00
-1.118599843923590687e+00 -1.118838731932433772e+00 -1.119321900315980001e+00
-1.329977180426407390e-02 -1.329999467430055711e-02 -2.299155268740784783e-02
-1.984110354317258212e-02 -1.989938068282967945e-02 -1.989964401641735464e-02
-6.666666333232579462e-03 0.000000000000000000e+00 0.000000000000000000e+00
0.000000000000000000e+00 0.000000000000000000e+00 0.000000000000000000e+00
-6.666664491669930560e-03 0.000000000000000000e+00 0.000000000000000000e+00
-6.666664171548255732e-03 -1.329999880639344198e-02 -6.666666368592481101e-03
-1.188699443661956484e-02 -6.666666549171909248e-03 -1.837863786394839521e-02
-8.024209833775961531e-01 -8.044486828203197826e-01 -8.019686474793549236e-01
-1.241506875724865289e+00 -1.241655010947906312e+00 -1.241512335025349634e+00
-1.307766643770811532e+00 -1.307661020367384852e+00 -1.307669267647481703e+00
-1.327579014746256059e+00 -1.327566659388993653e+00 -1.327578785964527830e+00
-1.331581067976445043e+00 -1.331585876906343335e+00 -1.331586735787121389e+00
-1.332639920452317162e+00 -1.332640199427602923e+00 -1.332642063670929966e+00
-1.332885124558051970e+00 -1.332883876363615050e+00 -1.332888042527573536e+00
-1.332629017508003555e+00 -1.332630101906642661e+00 -1.332624149153215809e+00
-1.331827740763363632e+00 -1.331825315141913935e+00 -1.331823416098771418e+00
-1.327455311176192643e+00 -1.327444844078677022e+00 -1.327458088442005080e+00
-1.309855279927093052e+00 -1.309782419249281515e+00 -1.309825244049480863e+00
-1.247109288437927344e+00 -1.247524627942971254e+00 -1.247500744664750139e+00
-4.252574357904879698e-01 -4.217656179210581557e-01 -4.219538211224702628e-01
-1.329999603110719811e-02 -1.989903947552737473e-02 -6.666665873639475437e-03
-6.666666572219617087e-03 0.000000000000000000e+00 -1.990011468857085658e-02
0.000000000000000000e+00 0.000000000000000000e+00 0.000000000000000000e+00
0.000000000000000000e+00 0.000000000000000000e+00 0.000000000000000000e+00
-1.326535488212093883e-02 0.000000000000000000e+00 -6.666666383491044387e-03
-6.666618173632703724e-03 -6.666651287462840858e-03 0.000000000000000000e+00
-6.666664334237077348e-03 -6.665188566731023931e-03 0.000000000000000000e+00
-6.550685886428062044e-02 -6.610317804303313116e-02 -6.894142557722991727e-02
-1.021230897734685783e+00 -1.021306889922103611e+00 -1.021269345444812737e+00
-1.258817035996792733e+00 -1.259163659828906434e+00 -1.258855752489886903e+00
-1.307561193009856737e+00 -1.307573416907060082e+00 -1.307674327734768438e+00
-1.323471572479400837e+00 -1.323474163699238648e+00 -1.323484120599700331e+00
-1.328526224046840953e+00 -1.328521637663544031e+00 -1.328533039429078633e+00
-1.329895143890462483e+00 -1.329896393216191353e+00 -1.329896560210782619e+00
-1.328739433168840023e+00 -1.328706370193865949e+00 -1.328711937746441363e+00
-1.323374242218203323e+00 -1.323386328317798677e+00 -1.323355680584898497e+00
-1.309610095582886879e+00 -1.309596401738449822e+00 -1.309642980215142138e+00
-1.266393675524472684e+00 -1.266485638287650817e+00 -1.266189403120127066e+00
-8.918380163973838037e-01 -8.923828449758476333e-01 -8.905423021094189817e-01
-1.669308087589343667e-02 -1.269348240409177986e-02 -1.073858784889212062e-02
-1.329014013768251012e-02 -1.329953688525220903e-02 -1.329999947249750278e-02
0.000000000000000000e+00 0.000000000000000000e+00 0.000000000000000000e+00
0.000000000000000000e+00 0.000000000000000000e+00 0.000000000000000000e+00
0.000000000000000000e+00 0.000000000000000000e+00 0.000000000000000000e+00
-6.656755574015519455e-03 -6.666665734026356628e-03 -6.590511463034845127e-03
-1.324348983021467890e-02 -6.666662934340261693e-03 -6.666666657819426446e-03
-1.989990744544615359e-02 -1.329997280901862658e-02 -1.959596847405118553e-02
0.000000000000000000e+00 0.000000000000000000e+00 -6.666163391025250497e-03
-1.464787677907589125e-01 -1.484164532969836359e-01 -1.531298672262261518e-01
-1.082848708182156727e+00 -1.081721436426422045e+00 -1.082359451811617745e+00
-1.264807911575526633e+00 -1.265041355849966465e+00 -1.265069223539865506e+00
-1.301177561646056580e+00 -1.301174681546148904e+00 -1.301160532431260064e+00
-1.313496763273199086e+00 -1.313442285973715595e+00 -1.313444589652786876e+00
-1.316363453737601219e+00 -1.316382875546168396e+00 -1.316349038177099917e+00
-1.313210363421703164e+00 -1.313222043838799369e+00 -1.313181498192742103e+00
-1.303137886350013819e+00 -1.303120722304695667e+00 -1.303085635609203763e+00
-1.269775449193752292e+00 -1.269197371657304840e+00 -1.269621131891905286e+00
-1.012719730918434147e+00 -1.012469875893831528e+00 -1.013378976378284113e+00
-1.093944633676747907e-01 -1.107632619324523809e-01 -1.120012095230155658e-01
-6.666660214551938315e-03 -6.666664568092688439e-03 -6.666665875201277340e-03
-1.262441207289662429e-02 -6.666661068723405380e-03 -1.310726390589338555e-02
-6.666627447183448747e-03 -6.666649902515229403e-03 -6.666650027336607463e-03
0.000000000000000000e+00 0.000000000000000000e+00 0.000000000000000000e+00
0.000000000000000000e+00 0.000000000000000000e+00 0.000000000000000000e+00
-6.666665660861044278e-03 0.000000000000000000e+00 0.000000000000000000e+00
0.000000000000000000e+00 -6.607698161504260877e-03 -1.329948719146547415e-02
-6.666644183884269138e-03 -6.666664206855188457e-03 -6.666463073861855076e-03
-6.666663279463689792e-03 0.000000000000000000e+00 0.000000000000000000e+00
-6.666665408137341202e-03 -6.666660180698983154e-03 0.000000000000000000e+00
-2.546118295103457219e-01 -2.530464954714145565e-01 -2.500849865226442703e-01
-1.069656194122420523e+00 -1.070658010357344203e+00 -1.070386187960112423e+00
-1.244037281073544499e+00 -1.243802196560005457e+00 -1.243989157281054858e+00
-1.288880783196882707e+00 -1.288828338059659906e+00 -1.289099272896614190e+00
-1.296753014989359798e+00 -1.296800341204550344e+00 -1.296738112741021798e+00
-1.290802213992581438e+00 -1.290905669220391516e+00 -1.290886963015509981e+00
-1.245609607251400464e+00 -1.244927008889098685e+00 -1.244718842949936288e+00
-1.028557234837351508e+00 -1.028705462310881336e+00 -1.029447887608267331e+00
-2.295599806296098611e-01 -2.363539874933805185e-01 -2.284785702373417215e-01
-5.000000000000000104e-03 -6.666666242839625924e-03 -5.039728338814584291e-03
-1.329935270375792733e-02 -6.666664823876229488e-03 -6.666666658926124513e-03
-6.666666114033639214e-03 -6.666666424948246641e-03 0.000000000000000000e+00
-6.666446631242398980e-03 -6.666661338131515784e-03 -6.666666220293298271e-03
0.000000000000000000e+00 0.000000000000000000e+00 0.000000000000000000e+00
0.000000000000000000e+00 0.000000000000000000e+00 0.000000000000000000e+00
0.000000000000000000e+00 0.000000000000000000e+00 0.000000000000000000e+00
-6.666662424481599458e-03 -6.666666277776414629e-03 -1.329210145156561537e-02
-1.329995506821492895e-02 0.000000000000000000e+00 0.000000000000000000e+00
-6.666653685216730393e-03 0.000000000000000000e+00 0.000000000000000000e+00
-1.329999481298382337e-02 -1.329999087249221154e-02 -2.646612752580534272e-02
-6.666665809560483325e-03 0.000000000000000000e+00 -1.329947169497020312e-02
-2.713657261995003345e-01 -2.678556580196833625e-01 -2.722288861771121060e-01
-1.006588170470481103e+00 -1.005192396798697541e+00 -1.007477548799026401e+00
-1.160344089551797797e+00 -1.160164153772698548e+00 -1.160280051426915149e+00
-1.206392273958611039e+00 -1.206055953155098059e+00 -1.206632066465202158e+00
-1.155981465430084620e+00 -1.155753784182965038e+00 -1.155639892659152901e+00
-9.697353116756940450e-01 -9.683317929398929103e-01 -9.684920111501977846e-01
-3.314048296218359280e-01 -3.329113232116306942e-01 -3.282107048596159538e-01
-1.014598137604375699e-02 -1.329990247925834368e-02 -1.533213083564849248e-02
-1.318967390319093769e-02 -6.666618516090994616e-03 -6.666636829947788535e-03
-6.666666237478341590e-03 -1.329919122256230379e-02 -6.666665592640941100e-03
-6.666666149788483611e-03 0.000000000000000000e+00 -1.329894673029634149e-02
0.000000000000000000e+00 0.000000000000000000e+00 -6.322366979941285506e-03
0.000000000000000000e+00 0.000000000000000000e+00 0.000000000000000000e+00
0.000000000000000000e+00 0.000000000000000000e+00 0.000000000000000000e+00
0.000000000000000000e+00 -6.666666657922770862e-03 0.000000000000000000e+00
-1.329998799756225945e-02 -6.666666202291056213e-03 0.000000000000000000e+00
0.000000000000000000e+00 0.000000000000000000e+00 0.000000000000000000e+00
-1.329951114451859324e-02 -6.666665658027271998e-03 -6.666369613707971709e-03
0.000000000000000000e+00 0.000000000000000000e+00 -6.666495277726221941e-03
-1.329999938233892773e-02 -1.329699702920242657e-02 -6.666666183540566337e-03
-1.329933049015494598e-02 -1.329997081562093834e-02 -1.212445189616425008e-02
-1.902822895773295109e-01 -1.894057295791677920e-01 -1.916217978047475012e-01
-9.500449196112777939e-01 -9.498047281506997175e-01 -9.508146775235377657e-01
-1.053631524792236762e+00 -1.052749196337741777e+00 -1.053594350455375084e+00
-8.605241282522633206e-01 -8.624956541418252742e-01 -8.606673119538814642e-01
-4.490795127496682859e-01 -4.510818171219720396e-01 -4.509025081733475382e-01
-5.075461308777783759e-02 -4.837760070866212181e-02 -5.156818934869660670e-02
-1.163332457482521912e-02 -6.638785983040219017e-03 0.000000000000000000e+00
-6.666653528319091415e-03 -6.666661511234826983e-03 0.000000000000000000e+00
-1.235020879229210833e-02 -1.326598294927046340e-02 -6.666535917229130664e-03
-6.666654098522699703e-03 -6.666657411322372308e-03 0.000000000000000000e+00
-6.666665859098941729e-03 -6.666666287441906993e-03 0.000000000000000000e+00
0.000000000000000000e+00 0.000000000000000000e+00 0.000000000000000000e+00
0.000000000000000000e+00 0.000000000000000000e+00 0.000000000000000000e+00
-6.666665053874293485e-03 0.000000000000000000e+00 0.000000000000000000e+00
-6.653848965611099293e-03 -6.666666368516867107e-03 0.000000000000000000e+00
-6.666658174350625736e-03 -6.666665297511958216e-03 0.000000000000000000e+00
0.000000000000000000e+00 0.000000000000000000e+00 0.000000000000000000e+00
-6.660321226943328142e-03 -1.323573792898325233e-02 -6.664271818912219543e-03
-6.666664022744440976e-03 -6.666615026003543804e-03 0.000000000000000000e+00
-6.666662820082773673e-03 0.000000000000000000e+00 0.000000000000000000e+00
-1.329999606642670931e-02 -6.666666532769507242e-03 -6.666666657992097351e-03
-9.659132710228679475e-02 -9.485077266293792664e-02 -9.194189509223518741e-02
-3.632991210885622158e-01 -3.615570821969263382e-01 -3.605585475254773353e-01
-2.933107640935507243e-01 -2.944335909315786148e-01 -3.002920350261647497e-01
-1.412071391781043739e-01 -1.451813382690795295e-01 -1.450959445651907320e-01
-1.164166648963788422e-02 -9.981250000000000538e-03 -1.163958275810984475e-02
-6.666666547894482299e-03 -1.329996440052766751e-02 -6.666633687699853594e-03
-6.666665696384814835e-03 -6.666663136077876153e-03 -6.666666537887885186e-03
-6.666661198958891837e-03 -6.666666248544486119e-03 0.000000000000000000e+00
0.000000000000000000e+00 0.000000000000000000e+00 -6.661150420421797433e-03
-1.328010963679955581e-02 -1.329997270154211625e-02 -6.666658676764048233e-03
0.000000000000000000e+00 0.000000000000000000e+00 0.000000000000000000e+00
0.000000000000000000e+00 0.000000000000000000e+00 0.000000000000000000e+00
-6.661514431848071516e-03 0.000000000000000000e+00 0.000000000000000000e+00
-6.666666531396728615e-03 0.000000000000000000e+00 0.000000000000000000e+00
0.000000000000000000e+00 0.000000000000000000e+00 0.000000000000000000e+00
0.000000000000000000e+00 0.000000000000000000e+00 0.000000000000000000e+00
0.000000000000000000e+00 0.000000000000000000e+00 0.000000000000000000e+00
-6.666666426363519922e-03 0.000000000000000000e+00 0.000000000000000000e+00
0.000000000000000000e+00 0.000000000000000000e+00 0.000000000000000000e+00
0.000000000000000000e+00 -1.329543671680391212e-02 0.000000000000000000e+00
-1.989561071038810705e-02 -6.666661410445240236e-03 -6.666666495231779108e-03
-6.666666169473848061e-03 -6.666663228175723731e-03 0.000000000000000000e+00
-6.666665762464290060e-03 -6.666666629496101858e-03 0.000000000000000000e+00
-6.666371944255518323e-03 -6.666665063398373794e-03 -6.666666368924275589e-03
-6.662226178318146098e-03 0.000000000000000000e+00 0.000000000000000000e+00
-6.666666292177780145e-03 0.000000000000000000e+00 0.000000000000000000e+00
-6.666593951757320696e-03 -6.664069137606538906e-03 0.000000000000000000e+00
-6.666666294924178740e-03 -6.666666301216295741e-03 0.000000000000000000e+00
-1.329996560611826709e-02 -6.666359335272938058e-03 -6.666666313229367702e-03
-6.666602984572412953e-03 0.000000000000000000e+00 0.000000000000000000e+00
0.000000000000000000e+00 0.000000000000000000e+00 0.000000000000000000e+00
0.000000000000000000e+00 0.000000000000000000e+00 0.000000000000000000e+00
0.000000000000000000e+00 0.000000000000000000e+00 0.000000000000000000e+00
0.000000000000000000e+00 0.000000000000000000e+00 0.000000000000000000e+00
0.000000000000000000e+00 0.000000000000000000e+00 0.000000000000000000e+00
0.000000000000000000e+00 0.000000000000000000e+00 0.000000000000000000e+00
0.000000000000000000e+00 0.000000000000000000e+00 0.000000000000000000e+00
0.000000000000000000e+00 0.000000000000000000e+00 0.000000000000000000e+00
0.000000000000000000e+00 0.000000000000000000e+00 0.000000000000000000e+00
0.000000000000000000e+00 0.000000000000000000e+00 0.000000000000000000e+00
0.000000000000000000e+00 0.000000000000000000e+00 0.000000000000000000e+00
0.000000000000000000e+00 0.000000000000000000e+00 0.000000000000000000e+00
0.000000000000000000e+00 0.000000000000000000e+00 0.000000000000000000e+00
0.000000000000000000e+00 0.000000000000000000e+00 0.000000000000000000e+00
0.000000000000000000e+00 0.000000000000000000e+00 0.000000000000000000e+00
0.000000000000000000e+00 0.000000000000000000e+00 0.000000000000000000e+00
0.000000000000000000e+00 0.000000000000000000e+00 0.000000000000000000e+00
0.000000000000000000e+00 0.000000000000000000e+00 0.000000000000000000e+00
0.000000000000000000e+00 0.000000000000000000e+00 0.000000000000000000e+00
0.000000000000000000e+00 0.000000000000000000e+00 0.000000000000000000e+00
0.000000000000000000e+00 0.000000000000000000e+00 0.000000000000000000e+00
