0.000000000000000000e+00 0.000000000000000000e+00 0.000000000000000000e+00
0.000000000000000000e+00 0.000000000000000000e+00 0.000000000000000000e+00
0.000000000000000000e+00 0.000000000000000000e+00 0.000000000000000000e+00
-1.982413453030518635e+00 -1.982345124719259388e+00 -1.982497943425373998e+00
-1.999999889778108386e+00 -1.999999862027257880e+00 -1.999999810322429461e+00
-1.999999945463067919e+00 -1.999999952856830188e+00 -1.999852334231396522e+00
-1.999873481168481737e+00 -1.999999930762605294e+00 -1.999802248511174385e+00
-1.999999771278705429e+00 -1.999999888444503382e+00 -1.999999759590183279e+00
-1.999999864324473853e+00 -1.999999853443402031e+00 -1.999999845386526198e+00
-1.999999932822205118e+00 -1.999999936702610892e+00 -1.999798309673271213e+00
-1.999975715164677315e+00 -1.999829501947392174e+00 -1.999487779690369393e+00
-1.999999983128891490e+00 -1.999252612177902844e+00 -1.999033087704082945e+00
-1.995555453894206854e+00 -1.996305644043055105e+00 -1.999437281401134525e+00
-6.999999981857967235e-01 -6.999996705139629460e-01 0.000000000000000000e+00
-6.999999994314379803e-01 -6.999999999969634956e-01 0.000000000000000000e+00
0.000000000000000000e+00 -6.999999999685687646e-01 0.000000000000000000e+00
-6.999999880736503810e-01 0.000000000000000000e+00 0.000000000000000000e+00
-6.999999999830195385e-01 0.000000000000000000e+00 -6.999953840400514604e-01
-6.999999926108435577e-01 0.000000000000000000e+00 0.000000000000000000e+00
0.000000000000000000e+00 0.000000000000000000e+00 0.000000000000000000e+00
0.000000000000000000e+00 0.000000000000000000e+00 0.000000000000000000e+00
-6.999999999999739764e-01 -6.999999999451476107e-01 0.000000000000000000e+00
0.000000000000000000e+00 0.000000000000000000e+00 0.000000000000000000e+00
-1.990132496745887769e+00 -1.994452856931148599e+00 -1.992637646611070235e+00
-1.999999934761916398e+00 -1.999999938309992453e+00 -1.999999813810624527e+00
-1.999999961357740386e+00 -1.999993504138038780e+00 -1.999999957150094598e+00
-1.999947743393090560e+00 -1.999999952504634804e+00 -1.999999948212568990e+00
-1.999999960257114573e+00 -1.999996696819397402e+00 -1.999999952012679216e+00
-1.999999965333264074e+00 -1.999984537900654002e+00 -1.999970131721691802e+00
-1.999999958592549198e+00 -1.999999958506744058e+00 -1.999917167175409238e+00
-1.999846687649232901e+00 -1.999999950243567914e+00 -1.999766466265052056e+00
-1.999999951007259469e+00 -1.999153227479697037e+00 -1.999951104896305454e+00
-1.998228809313284504e+00 -1.999999946755007141e+00 -1.997891285448237353e+00
-1.999999849094900695e+00 -1.997619610414845592e+00 -1.996965656195232475e+00
-1.154998838387908622e+00 -1.441712843030535929e+00 -1.450650795560238349e+00
-6.999999888316342789e-01 0.000000000000000000e+00 -6.999999999777718473e-01
-1.154999999543312450e+00 -1.154987212193759438e+00 -1.154999999993099991e+00
-6.999999995915462403e-01 0.000000000000000000e+00 -6.999999928875919597e-01
-6.999999999893024016e-01 -6.999999999868816714e-01 -6.999999999912031035e-01
0.000000000000000000e+00 0.000000000000000000e+00 0.000000000000000000e+00
0.000000000000000000e+00 0.000000000000000000e+00 0.000000000000000000e+00
-6.999999954012551262e-01 0.000000000000000000e+00 0.000000000000000000e+00
-1.764687525627260722e+00 -1.830984299523527259e+00 -1.844607950432841648e+00
-1.996849493328480829e+00 -1.999763110207152916e+00 -1.998925473800727604e+00
-1.999999960690215017e+00 -1.999999963290120641e+00 -1.999999812717941250e+00
-1.999999973506918716e+00 -1.999999977709028043e+00 -1.999998819900940861e+00
-1.999999982966178091e+00 -1.999999978576265658e+00 -1.999999983424725292e+00
-1.999999990028408225e+00 -1.999999989635381725e+00 -1.999999990351586598e+00
-1.999999991784653375e+00 -1.999999207080636054e+00 -1.999999989708270531e+00
-1.999999993200321402e+00 -1.999999992518866065e+00 -1.999993118749396448e+00
-1.999999983318681007e+00 -1.999999984600725256e+00 -1.999956682193751556e+00
-1.999702589772873740e+00 -1.999960694824444607e+00 -1.999877738373204927e+00
-1.999899089744823222e+00 -1.999379248178993373e+00 -1.999999904926871297e+00
-1.999999820683898033e+00 -1.999999773163219752e+00 -1.987775736606228971e+00
-1.999999536295488545e+00 -1.999999465956779909e+00 -1.965696355980847354e+00
-1.767939800326281841e+00 -1.753115871336477616e+00 -1.767938709264192498e+00
-1.154999975662343692e+00 -6.999999999585791999e-01 -6.999999999992306821e-01
0.000000000000000000e+00 -6.999992839312727533e-01 0.000000000000000000e+00
-6.999999999976023179e-01 -6.999999999990716981e-01 0.000000000000000000e+00
0.000000000000000000e+00 0.000000000000000000e+00 0.000000000000000000e+00
0.000000000000000000e+00 0.000000000000000000e+00 0.000000000000000000e+00
-6.999998861355171131e-01 -6.999999999289876484e-01 0.000000000000000000e+00
-1.967839538838868307e+00 -1.998163338997395844e+00 -1.993905291628044640e+00
-1.998968555266025238e+00 -1.999509388303155610e+00 -1.999316437045425054e+00
-1.999999978169150427e+00 -1.999999978067664497e+00 -1.999999981297010843e+00
-1.999999991880006878e+00 -1.999999991893709250e+00 -1.999999990006370520e+00
-1.999999994560618610e+00 -1.999999994442821505e+00 -1.999999993935967391e+00
-1.999999998223373154e+00 -1.999999685684444195e+00 -1.999999998218638275e+00
-1.999999998761547992e+00 -1.999999996821891557e+00 -1.999999998358845010e+00
-1.999999996405423586e+00 -1.999999995087696547e+00 -1.999999991727224646e+00
-1.999999990595826338e+00 -1.999999987016895853e+00 -1.999999980402821231e+00
-1.999999968785834303e+00 -1.999999957831826825e+00 -1.999999954046626671e+00
-1.999999926746153234e+00 -1.999999920683083854e+00 -1.999999845210122640e+00
-1.999999825358459882e+00 -1.999999585666294211e+00 -1.999999693773771181e+00
-1.999999255857501934e+00 -1.999998866066937442e+00 -1.999996346360872312e+00
-1.999998037588271771e+00 -1.999998243182849356e+00 -1.999986436042773263e+00
-1.449865317111183938e+00 -1.154993947767576135e+00 -1.450716146873043844e+00
-1.154999999752491791e+00 -1.154999993260715119e+00 -1.154999999973190139e+00
-6.999999997545880426e-01 -6.999999999998495204e-01 0.000000000000000000e+00
0.000000000000000000e+00 0.000000000000000000e+00 -6.999999999993929967e-01
0.000000000000000000e+00 0.000000000000000000e+00 0.000000000000000000e+00
-6.999999998040579152e-01 0.000000000000000000e+00 -6.999999999595999389e-01
-1.977170696967896157e+00 -1.999541482624451971e+00 -1.996106745987189512e+00
-1.999798833352575578e+00 -1.999738799827228242e+00 -1.999863007680989346e+00
-1.999999987680999292e+00 -1.999999991622780415e+00 -1.999999991460603477e+00
-1.999999996033088090e+00 -1.999999995476271275e+00 -1.999999995691150501e+00
-1.999999997922373041e+00 -1.999999999238454951e+00 -1.999999999207636492e+00
-1.999999999491538505e+00 -1.999999999169732146e+00 -1.999999999471185896e+00
-1.999999999060585898e+00 -1.999999999378743398e+00 -1.999999998406179147e+00
-1.999999996871287156e+00 -1.999999998556853509e+00 -1.999999995554663457e+00
-1.999999995412479636e+00 -1.999999991697078094e+00 -1.999999985270988878e+00
-1.999999985746589770e+00 -1.999999960183886039e+00 -1.999999982207150584e+00
-1.999999913905048166e+00 -1.999999939186771991e+00 -1.999999895060646127e+00
-1.999999845406383425e+00 -1.999999840684062447e+00 -1.999999064427524509e+00
-1.999998796962130010e+00 -1.999999242215555029e+00 -1.999986017143343453e+00
-1.999997149019136833e+00 -1.999973930233613473e+00 -1.999997627760006669e+00
-1.999928013848897512e+00 -1.999987910158253168e+00 -1.999966087855237218e+00
-1.154999769331371162e+00 -1.154999999816336720e+00 -6.999999999285846375e-01
0.000000000000000000e+00 0.000000000000000000e+00 0.000000000000000000e+00
0.000000000000000000e+00 0.000000000000000000e+00 0.000000000000000000e+00
0.000000000000000000e+00 0.000000000000000000e+00 0.000000000000000000e+00
-6.977998431131331447e-01 -6.999999999993021804e-01 0.000000000000000000e+00
-1.991490387396282369e+00 -1.996351726795945414e+00 -1.995667915544107274e+00
-1.999844634895945550e+00 -1.999912244189563593e+00 -1.999969782518390859e+00
-1.999999996371393030e+00 -1.999999995571480893e+00 -1.999999996238772670e+00
-1.999999998318520600e+00 -1.999999998614330199e+00 -1.999999998606075691e+00
-1.999999999682687157e+00 -1.999999999790601501e+00 -1.999999999591327571e+00
-1.999999999819702001e+00 -1.999999999683591989e+00 -1.999999999793070193e+00
-1.999999999852962285e+00 -1.999999999791256755e+00 -1.999999999825189612e+00
-1.999999999710106335e+00 -1.999999999666789874e+00 -1.999999999444767917e+00
-1.999999999247279447e+00 -1.999999999139837614e+00 -1.999999998061126050e+00
-1.999999998695022096e+00 -1.999999999472484635e+00 -1.999999997543891794e+00
-1.999999984080793380e+00 -1.999999884125545080e+00 -1.999999987226594111e+00
-1.999999913484722613e+00 -1.999999842778324766e+00 -1.999999761020399447e+00
-1.999999513770080339e+00 -1.999999564407869412e+00 -1.999999465611334681e+00
-1.999994115038548737e+00 -1.999992871460405164e+00 -1.999946081615581406e+00
-1.999957038076520366e+00 -1.999952881200850019e+00 -1.999843199340608502e+00
-1.154561654777167323e+00 -1.756911133745538978e+00 -1.154999999113504483e+00
-6.999999999994834798e-01 0.000000000000000000e+00 0.000000000000000000e+00
0.000000000000000000e+00 0.000000000000000000e+00 0.000000000000000000e+00
0.000000000000000000e+00 0.000000000000000000e+00 0.000000000000000000e+00
-6.999999999223764924e-01 -1.154999999972428082e+00 -6.997060940844928023e-01
-1.996012046635143866e+00 -1.999163444995505134e+00 -1.999906535749427006e+00
-1.999921462207499667e+00 -1.999946646750678347e+00 -1.999951724966506639e+00
-1.999999591458649251e+00 -1.999999992770675306e+00 -1.999999494586276905e+00
-1.999999956573778936e+00 -1.999999999418390129e+00 -1.999999999387833016e+00
-1.999999999878209422e+00 -1.999999999930702099e+00 -1.999999999930079486e+00
-1.999999999913997684e+00 -1.999999999943171902e+00 -1.999999999957164043e+00
-1.999999999934894301e+00 -1.999999999963030461e+00 -1.999999999963794295e+00
-1.999999999999969580e+00 -1.999999999999970912e+00 -1.999999999999557909e+00
-1.999999999999754641e+00 -1.999999999999988676e+00 -1.999999999997340128e+00
-1.999999999995525135e+00 -1.999999999995001998e+00 -1.999999999996193933e+00
-1.999999999921811877e+00 -1.999999999989337862e+00 -1.999999999750246449e+00
-1.999999999560010844e+00 -1.999999999686612240e+00 -1.999999827657009233e+00
-1.999999965750625330e+00 -1.999999877853303687e+00 -1.999999684691641466e+00
-1.999998627604253176e+00 -1.999998577344299422e+00 -1.999998823891987243e+00
-1.999992192366598198e+00 -1.999868570966995662e+00 -1.999695373926376973e+00
-1.999910382699624067e+00 -1.999492858642725635e+00 -1.999853705065968157e+00
0.000000000000000000e+00 -6.999973006234773143e-01 0.000000000000000000e+00
0.000000000000000000e+00 0.000000000000000000e+00 0.000000000000000000e+00
0.000000000000000000e+00 0.000000000000000000e+00 0.000000000000000000e+00
-1.154999937268606169e+00 -1.154999999363522267e+00 -6.999999999950641261e-01
-1.999203294818362897e+00 -1.998269681944920606e+00 -1.999666553932134994e+00
-1.999945224404846567e+00 -1.999947454493844479e+00 -1.999950213726305659e+00
-1.999998316936643761e+00 -1.999998249973635955e+00 -1.999998581803009712e+00
-1.999999999644962001e+00 -1.999999980579946435e+00 -1.999999911751462411e+00
-1.999999999970569320e+00 -1.999999999967130071e+00 -1.999999999951311613e+00
-1.999999999976552312e+00 -1.999999999985971222e+00 -1.999999999987219113e+00
-1.999999999975258902e+00 -1.999999999989746202e+00 -1.999999999991781241e+00
-1.999999999995568656e+00 -1.999999999999357181e+00 -1.999999999999959366e+00
-1.999999999998392619e+00 -1.999999999999994671e+00 -1.999999999999994671e+00
-1.999999999999914957e+00 -1.999999999999912959e+00 -1.999999999995028421e+00
-1.999999999998984590e+00 -1.999999999996045164e+00 -1.999999999942116302e+00
-1.999999999371937953e+00 -1.999999999908099069e+00 -1.999999999900835101e+00
-1.999999976786622780e+00 -1.999999988508773807e+00 -1.999999819456541594e+00
-1.999999593224067285e+00 -1.999999606705336941e+00 -1.999999549786876551e+00
-1.999992705480954314e+00 -1.999992119004003976e+00 -1.999938130422470373e+00
-1.999186671033068574e+00 -1.999164821655257107e+00 -1.999325748573849371e+00
-6.999983243887989426e-01 0.000000000000000000e+00 0.000000000000000000e+00
0.000000000000000000e+00 0.000000000000000000e+00 0.000000000000000000e+00
0.000000000000000000e+00 0.000000000000000000e+00 0.000000000000000000e+00
0.000000000000000000e+00 0.000000000000000000e+00 0.000000000000000000e+00
-1.999348692213013923e+00 -1.999874149660548772e+00 -1.999967117332520417e+00
-1.999875224599460877e+00 -1.999907178688098641e+00 -1.999927673945354645e+00
-1.999976341086217912e+00 -1.999981870377375959e+00 -1.999986503815505356e+00
-1.999996173092835949e+00 -1.999996452571971561e+00 -1.999997400124895686e+00
-1.999999449102052074e+00 -1.999999999980380139e+00 -1.999999857924381397e+00
-1.999999999988490984e+00 -1.999999999993387068e+00 -1.999999999994741540e+00
-1.999999999992975397e+00 -1.999999999996783462e+00 -1.999999999997732925e+00
-1.999999999999106715e+00 -1.999999999998689271e+00 -1.999999999999209299e+00
-1.999999999999247491e+00 -1.999999999999186429e+00 -1.999999999999231726e+00
-1.999999999998243627e+00 -1.999999999998244515e+00 -1.999999999991850519e+00
-1.999999999994589217e+00 -1.999999999997967626e+00 -1.999999999977348120e+00
-1.999999998591285966e+00 -1.999999999578899512e+00 -1.999999999302812359e+00
-1.999999965307214023e+00 -1.999999910975574613e+00 -1.999999959647395409e+00
-1.999999615003116071e+00 -1.999999520151112042e+00 -1.999999544942820506e+00
-1.999979135929947693e+00 -1.999987676903307809e+00 -1.999986575397339372e+00
-1.999714687247800660e+00 -1.998810543694944153e+00 -1.998176204224168639e+00
0.000000000000000000e+00 0.000000000000000000e+00 0.000000000000000000e+00
0.000000000000000000e+00 0.000000000000000000e+00 0.000000000000000000e+00
0.000000000000000000e+00 0.000000000000000000e+00 0.000000000000000000e+00
-6.999999999429941111e-01 -1.154999998171694298e+00 -1.154999935015890378e+00
-1.994931544931572764e+00 -1.997524766690699227e+00 -1.996422435114034499e+00
-1.999829266258405180e+00 -1.999939136370911585e+00 -1.999902602700123433e+00
-1.999958763770923298e+00 -1.999999802532158810e+00 -1.999983205277730436e+00
-1.999994367183241861e+00 -1.999999979957208573e+00 -1.999992988519651238e+00
-1.999999756374881033e+00 -1.999998996813002528e+00 -1.999999111967091903e+00
-1.999999999995581090e+00 -1.999999999994675148e+00 -1.999999999994432009e+00
-1.999999999997900568e+00 -1.999999999997351896e+00 -1.999999999997881472e+00
-1.999999999999122258e+00 -1.999999999998040678e+00 -1.999999999999134692e+00
-1.999999999999407141e+00 -1.999999999999499734e+00 -1.999999999999485967e+00
-1.999999999975239584e+00 -1.999999999997497557e+00 -1.999999999996528999e+00
-1.999999999966777464e+00 -1.999999999975950349e+00 -1.999999999977012166e+00
-1.999999999409683982e+00 -1.999999955847862720e+00 -1.999999994135121861e+00
-1.999999868322472230e+00 -1.999999947998919891e+00 -1.999999909389720054e+00
-1.999999154719839467e+00 -1.999994590194361432e+00 -1.999999282208340334e+00
-1.999985435450517102e+00 -1.999981133968781633e+00 -1.999973439500828398e+00
-1.997886195087089201e+00 -1.998565376544839234e+00 -1.969400685323211109e+00
-1.152066645066403217e+00 -6.999999939466553522e-01 -6.999999994021375294e-01
0.000000000000000000e+00 0.000000000000000000e+00 0.000000000000000000e+00
0.000000000000000000e+00 0.000000000000000000e+00 0.000000000000000000e+00
0.000000000000000000e+00 0.000000000000000000e+00 0.000000000000000000e+00
-1.154999988302705782e+00 -6.999999999915980098e-01 -1.154999999957006640e+00
-1.999924045994181165e+00 -1.999917351110709340e+00 -1.999919697731278534e+00
-1.999969385932232058e+00 -1.999963989408271914e+00 -1.999973583528393606e+00
-1.999998323015368840e+00 -1.999986077687406105e+00 -1.999989612422010010e+00
-1.999997618975363212e+00 -1.999998255616008747e+00 -1.999998172661026086e+00
-1.999998824146326681e+00 -1.999999998626304842e+00 -1.999999752751686177e+00
-1.999999434550218114e+00 -1.999999999675151852e+00 -1.999999999722729571e+00
-1.999999999914385818e+00 -1.999999999872181133e+00 -1.999999999882613233e+00
-1.999999999917772886e+00 -1.999999999924096272e+00 -1.999999999928724570e+00
-1.999999999930091477e+00 -1.999999999932010164e+00 -1.999999999926405092e+00
-1.999999999800950778e+00 -1.999999999787867244e+00 -1.999999986615375258e+00
-1.999999934700072979e+00 -1.999999911191118196e+00 -1.999999959134098226e+00
-1.999999840698786002e+00 -1.999999834067491156e+00 -1.999998165339308409e+00
-1.999996436058376625e+00 -1.999996449933518328e+00 -1.999984190685961449e+00
-1.999972589050489136e+00 -1.999965652804153837e+00 -1.999691401893209486e+00
-1.993399513764219089e+00 -1.995148015668299690e+00 -1.898556132257898099e+00
-6.999999993518538632e-01 0.000000000000000000e+00 0.000000000000000000e+00
0.000000000000000000e+00 0.000000000000000000e+00 0.000000000000000000e+00
0.000000000000000000e+00 0.000000000000000000e+00 0.000000000000000000e+00
-6.999999999961848962e-01 0.000000000000000000e+00 -6.999999986096374638e-01
-6.999988883665595463e-01 -6.999999997325775380e-01 -6.999999996873023100e-01
-1.986195108909226459e+00 -1.977239586280049810e+00 -1.981376100596266454e+00
-1.999886758624969785e+00 -1.999919369355389609e+00 -1.999929467867181065e+00
-1.999960204324322754e+00 -1.999942844644820639e+00 -1.999978934500014960e+00
-1.999975773827828540e+00 -1.999997333595153304e+00 -1.999985934620045036e+00
-1.999994210343312151e+00 -1.999999950282775885e+00 -1.999999491789967943e+00
-1.999998971476183440e+00 -1.999999737984888615e+00 -1.999998866875868808e+00
-1.999999269294172821e+00 -1.999999988685107422e+00 -1.999999377279628732e+00
-1.999999705094114066e+00 -1.999999978539461987e+00 -1.999999996178544404e+00
-1.999999903187899220e+00 -1.999999996785063905e+00 -1.999999996483781795e+00
-1.999999966906851334e+00 -1.999999996342151976e+00 -1.999999991721484349e+00
-1.999999944297629284e+00 -1.999999915770081182e+00 -1.999998807461632389e+00
-1.999998937322960080e+00 -1.999992821292708722e+00 -1.999998128969429745e+00
-1.999989231525215683e+00 -1.999989492877498387e+00 -1.999749447379916667e+00
-1.999788646427884453e+00 -1.999694315019135971e+00 -1.987144943022606913e+00
-1.152504718223828606e+00 -1.151515866451524817e+00 -1.446490153456569505e+00
-6.999999999795509797e-01 -6.999999995431229749e-01 0.000000000000000000e+00
0.000000000000000000e+00 0.000000000000000000e+00 0.000000000000000000e+00
0.000000000000000000e+00 0.000000000000000000e+00 0.000000000000000000e+00
0.000000000000000000e+00 0.000000000000000000e+00 0.000000000000000000e+00
-6.999999999998826050e-01 -6.999999999846671095e-01 0.000000000000000000e+00
-6.999999999778817594e-01 -6.999999999962579489e-01 0.000000000000000000e+00
-1.999256950982402081e+00 -1.999342132395196758e+00 -1.999165034633971327e+00
-1.999877148859299014e+00 -1.999893050070910006e+00 -1.999883567626287384e+00
-1.999952041994532914e+00 -1.999971387179506843e+00 -1.999967980123367850e+00
-1.999975895549986449e+00 -1.999992583646898803e+00 -1.999991847397920575e+00
-1.999993106327017323e+00 -1.999998103949781392e+00 -1.999998007550166434e+00
-1.999999474951759781e+00 -1.999998974127214835e+00 -1.999999498178978152e+00
-1.999999640984885252e+00 -1.999999832907825681e+00 -1.999999838156401255e+00
-1.999999771940882631e+00 -1.999999870000297442e+00 -1.999999950966449669e+00
-1.999999973632051509e+00 -1.999999796790744133e+00 -1.999999974117885770e+00
-1.999999680942228686e+00 -1.999996649324508713e+00 -1.999997691261833577e+00
-1.999993433672913046e+00 -1.999979497818141327e+00 -1.999995511126610781e+00
-1.999981486777197226e+00 -1.999974636085745550e+00 -1.998864149583574612e+00
-1.997888216477023970e+00 -1.961419155035628359e+00 -1.997905417014371743e+00
-1.154994707889086314e+00 -1.450749993277305805e+00 -1.154999999662620791e+00
-1.450749956125112039e+00 -1.642987496284390003e+00 -1.154999993133617453e+00
0.000000000000000000e+00 0.000000000000000000e+00 0.000000000000000000e+00
0.000000000000000000e+00 0.000000000000000000e+00 0.000000000000000000e+00
0.000000000000000000e+00 -6.999999953644249207e-01 -6.999999998953827518e-01
-6.999999997975786536e-01 -6.999999999976672660e-01 -6.999999999998248734e-01
-1.154999995144806446e+00 -1.154999977024241398e+00 -1.154999999958318257e+00
-1.154999999285238221e+00 -1.154999985746555824e+00 -1.450747790107163704e+00
-1.999742773560629905e+00 -1.999742809930812548e+00 -1.999709112882584350e+00
-1.999926053898209322e+00 -1.999959990453703096e+00 -1.999954934066746404e+00
-1.999966740170948887e+00 -1.999983933324373409e+00 -1.999977469371256644e+00
-1.999999413647190138e+00 -1.999990737055621137e+00 -1.999994852497738451e+00
-1.999995764624639127e+00 -1.999998813055466007e+00 -1.999997369997269958e+00
-1.999998552792129569e+00 -1.999999272452659183e+00 -1.999999487136121079e+00
-1.999999653935555566e+00 -1.999999880607851166e+00 -1.999999889316068868e+00
-1.999999613807343701e+00 -1.999999955991362821e+00 -1.999999891583060574e+00
-1.999998169386424607e+00 -1.999993906617115513e+00 -1.999997449808560868e+00
-1.999989387090344239e+00 -1.999947162538960876e+00 -1.999954188586760884e+00
-1.999783425298058415e+00 -1.999860253376300356e+00 -1.996951165888734447e+00
-1.764457988842239811e+00 -1.638878908967492887e+00 -1.673011463140499977e+00
-6.999999984386940932e-01 0.000000000000000000e+00 0.000000000000000000e+00
-6.999999989522865951e-01 -6.999999999960681007e-01 0.000000000000000000e+00
0.000000000000000000e+00 0.000000000000000000e+00 0.000000000000000000e+00
0.000000000000000000e+00 0.000000000000000000e+00 0.000000000000000000e+00
-6.999999999865570421e-01 -6.999999999987013277e-01 0.000000000000000000e+00
-6.999999999898639524e-01 0.000000000000000000e+00 -1.154999999998700844e+00
-6.999999997782204719e-01 0.000000000000000000e+00 0.000000000000000000e+00
-6.999999999954122920e-01 -6.999999998862049821e-01 -6.999999999994092059e-01
-6.999999999962753794e-01 -6.999999999982090548e-01 -6.999999999843999898e-01
-1.999945691430113470e+00 -1.999942627377893078e+00 -1.999942861206736477e+00
-1.999990565616561300e+00 -1.999980541374599907e+00 -1.999990465154930952e+00
-1.999992258797502531e+00 -1.999994883558346315e+00 -1.999994884312682020e+00
-1.999997180107792927e+00 -1.999998240610111111e+00 -1.999998379888221711e+00
-1.999998952505233518e+00 -1.999999216230539778e+00 -1.999999357082685059e+00
-1.999999714266063044e+00 -1.999999832482667106e+00 -1.999999838345678072e+00
-1.999999896297663726e+00 -1.999999950836795382e+00 -1.999998976882308543e+00
-1.999987232077705013e+00 -1.999982188492241075e+00 -1.999981911748613950e+00
-1.999847955558398560e+00 -1.999633166353812719e+00 -1.998237820229973316e+00
-1.993640538467522205e+00 -1.994893614783915359e+00 -1.992426140943823754e+00
-1.154999998100635805e+00 -6.999999999461758993e-01 -1.154999980895393907e+00
0.000000000000000000e+00 -6.999999847002177367e-01 -1.154999887705445927e+00
0.000000000000000000e+00 0.000000000000000000e+00 -6.999999990901875080e-01
0.000000000000000000e+00 0.000000000000000000e+00 0.000000000000000000e+00
0.000000000000000000e+00 0.000000000000000000e+00 0.000000000000000000e+00
0.000000000000000000e+00 0.000000000000000000e+00 0.000000000000000000e+00
-1.154999999996555671e+00 0.000000000000000000e+00 -6.999999999840484932e-01
-1.154999570372904794e+00 -6.999999842030194541e-01 -1.154999999974765101e+00
-6.999999999995206723e-01 -6.999999973106707518e-01 -1.450749965258111729e+00
-6.999999998464575546e-01 -6.999999999816888252e-01 -6.999999999992935207e-01
-6.999999997040448063e-01 -6.999999999956817431e-01 -1.154999850557937968e+00
-1.999985733928920428e+00 -1.999986355178277275e+00 -1.999984986070245219e+00
-1.999995708079376655e+00 -1.999998260069375533e+00 -1.999998489991875461e+00
-1.999999406164228111e+00 -1.999999156659904687e+00 -1.999999397261404521e+00
-1.999999705193630017e+00 -1.999999816228040794e+00 -1.999999806028511573e+00
-1.999999925036009651e+00 -1.999999889879606751e+00 -1.999999920589809577e+00
-1.999998585771393333e+00 -1.999999948375572156e+00 -1.999999270574393639e+00
-1.999890655736501488e+00 -1.999891222129640322e+00 -1.999793418867996220e+00
-1.998391641346680458e+00 -1.998514119786674703e+00 -1.995857089351586788e+00
-1.764350034447104809e+00 -1.503636986271914111e+00 -1.646106412716648038e+00
-6.999998856284744830e-01 0.000000000000000000e+00 0.000000000000000000e+00
-1.450749998611052805e+00 -1.154999999944583022e+00 -1.154999999943643996e+00
-6.999999999291646180e-01 0.000000000000000000e+00 -6.999705891425928028e-01
0.000000000000000000e+00 0.000000000000000000e+00 0.000000000000000000e+00
0.000000000000000000e+00 0.000000000000000000e+00 0.000000000000000000e+00
-6.999999770675001676e-01 -6.999999977502786574e-01 -6.999999994748445920e-01
-6.999999999744267454e-01 -1.154999999891676898e+00 -1.154999188066146543e+00
-6.999999999974536591e-01 -6.999999988397694883e-01 -6.999999999971131537e-01
-1.154999989803202176e+00 -1.450745363033191682e+00 -1.154999999964898105e+00
-6.999999999998732791e-01 -1.154999999923172593e+00 -6.998966973794115143e-01
0.000000000000000000e+00 0.000000000000000000e+00 0.000000000000000000e+00
-6.999999999981911802e-01 -6.999999999982273735e-01 -6.999999999464854294e-01
-1.999997604306787746e+00 -1.999998398006293865e+00 -1.999998008904442459e+00
-1.999999130341244991e+00 -1.999999326891782392e+00 -1.999999315721485704e+00
-1.999999549587306635e+00 -1.999999798686152630e+00 -1.999999825640092821e+00
-1.999999895835264496e+00 -1.999999925932165468e+00 -1.999999931253834351e+00
-1.999999910715870577e+00 -1.999982064379725477e+00 -1.999972487776030539e+00
-1.999499965345209240e+00 -1.999321073756825218e+00 -1.999430311072515565e+00
-1.993044144821804586e+00 -1.993040011530952338e+00 -1.989540060688443690e+00
-1.443349846382978363e+00 -1.154999999924270604e+00 -9.528749999850381069e-01
-1.154987499091562286e+00 -1.154999999758247853e+00 0.000000000000000000e+00
-6.999999443288786871e-01 -6.999999987463425555e-01 -6.999999999574448850e-01
-6.999999858824695886e-01 -6.999999999872140721e-01 0.000000000000000000e+00
0.000000000000000000e+00 0.000000000000000000e+00 0.000000000000000000e+00
0.000000000000000000e+00 0.000000000000000000e+00 0.000000000000000000e+00
0.000000000000000000e+00 -6.999997470325978188e-01 0.000000000000000000e+00
-6.999999997348935743e-01 0.000000000000000000e+00 0.000000000000000000e+00
-6.999999999586630217e-01 -1.154999999798515198e+00 -6.999999999724585420e-01
-6.999999999238131210e-01 0.000000000000000000e+00 0.000000000000000000e+00
-1.154999996891049818e+00 -1.154999999988751469e+00 -1.154999999994122506e+00
-1.154999993686206095e+00 -1.154999999584940040e+00 0.000000000000000000e+00
-6.999999999876618251e-01 -6.999841147712283496e-01 -6.999999999978465670e-01
-1.154999999965547586e+00 -6.999999999952974949e-01 0.000000000000000000e+00
-1.999999534386417865e+00 -1.999999951222459549e+00 -1.999999949983744640e+00
-1.999999986678809849e+00 -1.999999988760082115e+00 -1.999999987030039117e+00
-1.999999908723645303e+00 -1.999999888980522833e+00 -1.999999892639727994e+00
-1.999999804812777615e+00 -1.999999813026537732e+00 -1.999999825125903019e+00
-1.999337787945201006e+00 -1.998431059301137402e+00 -1.998589205108503908e+00
-1.977410743792328063e+00 -1.976830167178591502e+00 -1.973462347955591056e+00
-6.999792982790062901e-01 -6.999999905182998639e-01 -6.387499999999999289e-01
-6.999999999989763300e-01 -1.154986708573759735e+00 0.000000000000000000e+00
-6.999999999895670788e-01 -1.146373048457448807e+00 -6.999999997640170557e-01
-1.154999670214215346e+00 -1.154999999607412065e+00 -1.154999999921608955e+00
0.000000000000000000e+00 0.000000000000000000e+00 0.000000000000000000e+00
0.000000000000000000e+00 0.000000000000000000e+00 0.000000000000000000e+00
0.000000000000000000e+00 0.000000000000000000e+00 0.000000000000000000e+00
-6.999999999993289368e-01 0.000000000000000000e+00 -6.999999995927060903e-01
0.000000000000000000e+00 0.000000000000000000e+00 -6.999999999688009122e-01
-6.999999966229285553e-01 -6.999999999998288702e-01 -6.999999250224299141e-01
-6.999999476592123626e-01 -6.999999995868325664e-01 0.000000000000000000e+00
0.000000000000000000e+00 0.000000000000000000e+00 0.000000000000000000e+00
0.000000000000000000e+00 -6.999842685363235617e-01 0.000000000000000000e+00
-1.154999876097075440e+00 -1.154998766499389040e+00 -1.154999998675882100e+00
0.000000000000000000e+00 0.000000000000000000e+00 0.000000000000000000e+00
-1.154999997881383411e+00 -6.999999983333140552e-01 -6.999999996253699619e-01
0.000000000000000000e+00 0.000000000000000000e+00 0.000000000000000000e+00
-6.999999957635901771e-01 -6.999999999959473085e-01 0.000000000000000000e+00
-1.450749997864003049e+00 -6.999999242157988188e-01 0.000000000000000000e+00
0.000000000000000000e+00 0.000000000000000000e+00 0.000000000000000000e+00
-6.999999999901572734e-01 0.000000000000000000e+00 0.000000000000000000e+00
-6.999999980420880119e-01 -6.999999999744640489e-01 0.000000000000000000e+00
-6.999999999256502070e-01 -6.999999996842179995e-01 0.000000000000000000e+00
-6.999999999998632871e-01 -6.999999999999945155e-01 0.000000000000000000e+00
0.000000000000000000e+00 0.000000000000000000e+00 0.000000000000000000e+00
0.000000000000000000e+00 0.000000000000000000e+00 0.000000000000000000e+00
0.000000000000000000e+00 0.000000000000000000e+00 0.000000000000000000e+00
0.000000000000000000e+00 0.000000000000000000e+00 0.000000000000000000e+00
0.000000000000000000e+00 0.000000000000000000e+00 0.000000000000000000e+00
0.000000000000000000e+00 0.000000000000000000e+00 0.000000000000000000e+00
0.000000000000000000e+00 0.000000000000000000e+00 0.000000000000000000e+00
0.000000000000000000e+00 0.000000000000000000e+00 0.000000000000000000e+00
0.000000000000000000e+00 0.000000000000000000e+00 0.000000000000000000e+00
0.000000000000000000e+00 0.000000000000000000e+00 0.000000000000000000e+00
0.000000000000000000e+00 0.000000000000000000e+00 0.000000000000000000e+00
0.000000000000000000e+00 0.000000000000000000e+00 0.000000000000000000e+00
0.000000000000000000e+00 0.000000000000000000e+00 0.000000000000000000e+00
0.000000000000000000e+00 0.000000000000000000e+00 0.000000000000000000e+00
0.000000000000000000e+00 0.000000000000000000e+00 0.000000000000000000e+00
0.000000000000000000e+00 0.000000000000000000e+00 0.000000000000000000e+00
0.000000000000000000e+00 0.000000000000000000e+00 0.000000000000000000e+00
0.000000000000000000e+00 0.000000000000000000e+00 0.000000000000000000e+00
0.000000000000000000e+00 0.000000000000000000e+00 0.000000000000000000e+00
0.000000000000000000e+00 0.000000000000000000e+00 0.000000000000000000e+00
0.000000000000000000e+00 0.000000000000000000e+00 0.000000000000000000e+00
