0.000000000000000000e+00 0.000000000000000000e+00 0.000000000000000000e+00
0.000000000000000000e+00 0.000000000000000000e+00 0.000000000000000000e+00
0.000000000000000000e+00 0.000000000000000000e+00 -9.968966937496082537e+00
-1.917942847277959828e+01 -1.921242325949456742e+01 -1.875676707180537406e+01
-1.971775395707280865e+01 -1.972267196631811004e+01 -1.960846052739874068e+01
-1.974474257912006436e+01 -1.973660705762465284e+01 -1.961978818388200807e+01
-1.960743585469356987e+01 -1.952571177870000341e+01 -1.960266173072788121e+01
-1.959051781330812148e+01 -1.953530118951790939e+01 -1.966724174121346636e+01
-1.968055493209033813e+01 -1.969424499578465415e+01 -1.970512864374641993e+01
-1.973080273701268794e+01 -1.959317622666765857e+01 -1.968397627052406662e+01
-1.955351549189423821e+01 -1.957374033418701487e+01 -1.959162074253048758e+01
-1.958500156272919313e+01 -1.957520891689759424e+01 -1.953523702525726691e+01
-1.957058699754983877e+01 -1.953589502725656857e+01 -1.960787936711300361e+01
0.000000000000000000e+00 0.000000000000000000e+00 0.000000000000000000e+00
-9.294086250629947088e+00 0.000000000000000000e+00 0.000000000000000000e+00
-9.335572824997150576e+00 -9.675536684477165750e+00 -1.491151001142344334e+01
-9.696207437573507448e+00 -9.880477352627147880e+00 -9.954721151372700305e+00
-9.462105935533875467e+00 -9.808368481013538087e+00 0.000000000000000000e+00
0.000000000000000000e+00 0.000000000000000000e+00 0.000000000000000000e+00
0.000000000000000000e+00 -8.223181956398324388e+00 0.000000000000000000e+00
0.000000000000000000e+00 0.000000000000000000e+00 0.000000000000000000e+00
-9.783765420267192425e+00 -9.440768911013678988e+00 0.000000000000000000e+00
-1.438342147685151140e+01 -1.703078225944424418e+01 -1.695613396409166285e+01
-1.961146399543204311e+01 -1.959938023820486563e+01 -1.960740808304479543e+01
-1.969517536921930301e+01 -1.969978080637203988e+01 -1.968069005976165542e+01
-1.968831120910378019e+01 -1.958417184269896438e+01 -1.971352539666742487e+01
-1.962878618080016224e+01 -1.982103137449956876e+01 -1.953777886375470985e+01
-1.973121247472466422e+01 -1.973332320815117313e+01 -1.972358076226386103e+01
-1.975735404694749775e+01 -1.973839103956655094e+01 -1.975216536739727502e+01
-1.975400944774997214e+01 -1.968961776839453393e+01 -1.975243632587665132e+01
-1.974551971577935205e+01 -1.974234301142848480e+01 -1.963525243178206381e+01
-1.969447206169927966e+01 -1.973096232270941641e+01 -1.966048432332530638e+01
-1.966728669296337273e+01 -1.966529783525339781e+01 -1.966568925902336673e+01
-1.963148834812896837e+01 -1.968504141234876670e+01 -1.964729478027388865e+01
-1.864019011333859055e+01 -1.836172942505152861e+01 -1.914976111197403696e+01
-1.442701544573279726e+01 -1.468170872280184369e+01 -1.477419279851204159e+01
-8.915388018121843672e+00 0.000000000000000000e+00 0.000000000000000000e+00
-1.479392845140480794e+01 -1.471920648358333317e+01 -9.717345615424392236e+00
-9.687430730965347792e+00 -9.840679279543651958e+00 -1.235402536629034742e+01
0.000000000000000000e+00 0.000000000000000000e+00 0.000000000000000000e+00
0.000000000000000000e+00 0.000000000000000000e+00 0.000000000000000000e+00
0.000000000000000000e+00 0.000000000000000000e+00 0.000000000000000000e+00
-1.705931834432147909e+01 -1.595030015167666093e+01 -1.612870414020328980e+01
-1.970754953473243631e+01 -1.962471858816153514e+01 -1.970018019953796795e+01
-1.972144198675464466e+01 -1.969641745130394384e+01 -1.966056032475337645e+01
-1.972549876770899857e+01 -1.966570399206388586e+01 -1.972654156316472296e+01
-1.973782862393561288e+01 -1.973608058229136830e+01 -1.972811972405359882e+01
-1.973973619835982163e+01 -1.974090752202977939e+01 -1.972133957722300579e+01
-1.973949532542051699e+01 -1.974121272629590607e+01 -1.973782264118476348e+01
-1.974169097223443003e+01 -1.974062451857411205e+01 -1.974586247136421235e+01
-1.976139904305350115e+01 -1.975031169432707046e+01 -1.983268920177700778e+01
-1.973574233531903843e+01 -1.973430720876527289e+01 -1.951533883281863524e+01
-1.971371887309687310e+01 -1.971977482634933665e+01 -1.950004572756846244e+01
-1.965392039775830568e+01 -1.966478155420923812e+01 -1.966085002728654629e+01
-1.963356508355835217e+01 -1.963559621225001450e+01 -1.962294728204809502e+01
-1.906257762225482466e+01 -1.876565709137047833e+01 -1.830668957042927403e+01
-9.855644664805378596e+00 -9.877739272803832904e+00 0.000000000000000000e+00
0.000000000000000000e+00 0.000000000000000000e+00 0.000000000000000000e+00
-7.862704864078222222e+00 -9.895299758817040825e+00 0.000000000000000000e+00
0.000000000000000000e+00 0.000000000000000000e+00 0.000000000000000000e+00
0.000000000000000000e+00 0.000000000000000000e+00 0.000000000000000000e+00
-9.911010197784291265e+00 0.000000000000000000e+00 -9.176452672689650925e+00
-1.940215214861409265e+01 -1.896429582662860014e+01 -1.889204234949736616e+01
-1.970770490669032426e+01 -1.972548253507608251e+01 -1.971847194482898402e+01
-1.972265464297981552e+01 -1.970723858113670701e+01 -1.973538973138268915e+01
-1.975484174481584887e+01 -1.973767995704160327e+01 -1.972282088589640381e+01
-1.975256037992337355e+01 -1.975631076270808961e+01 -1.976425368871506549e+01
-1.978390723557614450e+01 -1.977334820804612292e+01 -1.978427737802848441e+01
-1.979732284953362154e+01 -1.979195821917663878e+01 -1.979472241297517598e+01
-1.978680284147444368e+01 -1.978360854207049613e+01 -1.978260227496728163e+01
-1.977941891630543125e+01 -1.977809588528688067e+01 -1.977719945497162612e+01
-1.979364175142308824e+01 -1.977054796373793266e+01 -1.978566468465398742e+01
-1.975877654357507751e+01 -1.975747223279701359e+01 -1.977497861717132110e+01
-1.969094177497831666e+01 -1.970187979064485262e+01 -1.970244510439914620e+01
-1.962873278132557431e+01 -1.962350139958824258e+01 -1.958082711864790326e+01
-1.957807988041934166e+01 -1.960263030025856779e+01 -1.959497921509999685e+01
-8.788047757175133867e+00 -9.703298469447009467e+00 -1.673906122623235504e+01
0.000000000000000000e+00 0.000000000000000000e+00 0.000000000000000000e+00
-9.937546124063675990e+00 -9.954838495013438759e+00 0.000000000000000000e+00
0.000000000000000000e+00 0.000000000000000000e+00 0.000000000000000000e+00
0.000000000000000000e+00 0.000000000000000000e+00 0.000000000000000000e+00
-9.971105552598517718e+00 0.000000000000000000e+00 -9.174743796873036317e+00
-1.952481482431249304e+01 -1.967634809297592824e+01 -1.971630277893059713e+01
-1.973063446565246437e+01 -1.973870407717601694e+01 -1.974206270922467610e+01
-1.975654968476539608e+01 -1.973642870396650295e+01 -1.976212279688025220e+01
-1.976606225725704391e+01 -1.977175949148391965e+01 -1.977948174145191373e+01
-1.979250968469318295e+01 -1.978579783850140217e+01 -1.979503077968033864e+01
-1.979649574222904107e+01 -1.981328108186846748e+01 -1.981231833403862197e+01
-1.980321438544596901e+01 -1.981134334434698019e+01 -1.981314359620871457e+01
-1.982817553548871814e+01 -1.984186252380353466e+01 -1.982396162725061473e+01
-1.987248259377435744e+01 -1.986179075595380183e+01 -1.982172946003816350e+01
-1.986789518769640495e+01 -1.980190920543662969e+01 -1.987038938210566386e+01
-1.979158936836151383e+01 -1.979311374865955031e+01 -1.978106132770233216e+01
-1.977952153365253452e+01 -1.978683489393343820e+01 -1.978080288920769902e+01
-1.972383716443399848e+01 -1.970289282252222307e+01 -1.970830204729934110e+01
-1.961099922612494595e+01 -1.961196148423727692e+01 -1.953682210879174619e+01
-1.952307823490650307e+01 -1.954139091942211337e+01 -1.950467093819046127e+01
-1.458980202425723860e+01 -9.849201655511773623e+00 0.000000000000000000e+00
-9.949463478318174126e+00 0.000000000000000000e+00 0.000000000000000000e+00
0.000000000000000000e+00 -9.768666384527630697e+00 0.000000000000000000e+00
0.000000000000000000e+00 0.000000000000000000e+00 0.000000000000000000e+00
-1.348140029668597428e+01 -1.354879409510693478e+01 -1.471601042015629623e+01
-1.953502255801232579e+01 -1.967858007965948275e+01 -1.967980502395050024e+01
-1.974812653537470553e+01 -1.974782232387310188e+01 -1.974404663603034749e+01
-1.976019172521046485e+01 -1.977127581944360912e+01 -1.977668504601505717e+01
-1.978961162980979083e+01 -1.978718392059974818e+01 -1.978682821908914491e+01
-1.980892241654061081e+01 -1.979501742994995084e+01 -1.981059775384455435e+01
-1.981347717201796144e+01 -1.982798417456577766e+01 -1.986213928639308790e+01
-1.989585754132001938e+01 -1.989346858996620426e+01 -1.989876765786794977e+01
-1.990957647306571232e+01 -1.990965472999983987e+01 -1.990189432397986380e+01
-1.990777671535903082e+01 -1.990874863304964038e+01 -1.988704889945361742e+01
-1.991835594357840478e+01 -1.988922524795160029e+01 -1.990030765400933888e+01
-1.986467865498669738e+01 -1.989756713359989959e+01 -1.988959933622733445e+01
-1.979830061253171536e+01 -1.979736369356658443e+01 -1.977166472724847424e+01
-1.975851157514635048e+01 -1.975354039650708415e+01 -1.976155674697304931e+01
-1.968199942320367057e+01 -1.968519369202467928e+01 -1.952947567787980887e+01
-1.951337794202938625e+01 -1.953223172035459498e+01 -1.946678500341655393e+01
-1.582078826966636065e+01 -1.496726419682559950e+01 -1.370579897687070847e+01
0.000000000000000000e+00 0.000000000000000000e+00 0.000000000000000000e+00
0.000000000000000000e+00 0.000000000000000000e+00 0.000000000000000000e+00
0.000000000000000000e+00 0.000000000000000000e+00 0.000000000000000000e+00
-1.007613839190010552e+01 -4.745549111187857605e+00 -9.075519721447818711e+00
-1.959577006162141544e+01 -1.969844060255667983e+01 -1.974219140609995549e+01
-1.976078064282455671e+01 -1.976056233728466083e+01 -1.977215758513466071e+01
-1.978066676370266919e+01 -1.977568246773000737e+01 -1.978049663917796863e+01
-1.979416876660076241e+01 -1.981069491437675012e+01 -1.980379949373105575e+01
-1.982451756063538539e+01 -1.982799930482152462e+01 -1.981247592781411271e+01
-1.982436751873246550e+01 -1.984680086844409175e+01 -1.985919618573122136e+01
-1.990838656375790094e+01 -1.990347960182216980e+01 -1.992466509035153877e+01
-1.990428328832949489e+01 -1.996974593972646161e+01 -1.994432220074618556e+01
-1.994768008711335838e+01 -1.995135630691655138e+01 -1.993399894424639740e+01
-1.994051530569859665e+01 -1.993205157245147774e+01 -1.992647590139482361e+01
-1.992670120981478732e+01 -1.992570704134976722e+01 -1.991699132884049916e+01
-1.983373631360830558e+01 -1.983383825390610156e+01 -1.975692400187400111e+01
-1.978011932876376022e+01 -1.978048783689598977e+01 -1.975178822071877249e+01
-1.975368772720580068e+01 -1.958275793620680361e+01 -1.973051756422168523e+01
-1.950845674584819278e+01 -1.949321410760013151e+01 -1.939125046350561021e+01
-1.943498326607675253e+01 -1.943458667208754065e+01 -1.942696450506507944e+01
0.000000000000000000e+00 -9.913090630096832001e+00 0.000000000000000000e+00
0.000000000000000000e+00 0.000000000000000000e+00 0.000000000000000000e+00
0.000000000000000000e+00 0.000000000000000000e+00 0.000000000000000000e+00
-3.942932800712509067e+00 -9.955597775573705732e+00 -5.993294170069293436e+00
-1.971201021789429575e+01 -1.964095036179412546e+01 -1.961977079310543104e+01
-1.976291854515067214e+01 -1.976480441438002345e+01 -1.976332708417888284e+01
-1.979638446427195220e+01 -1.979088016847666154e+01 -1.979550158673176696e+01
-1.980423491323638530e+01 -1.980316248224603015e+01 -1.980906262292673858e+01
-1.982951032503603983e+01 -1.982693842472629342e+01 -1.982511866574884962e+01
-1.983764153971623401e+01 -1.985142713961676719e+01 -1.985528436595336998e+01
-1.990951585086529718e+01 -1.990265417253112545e+01 -1.992703801202187464e+01
-1.991828812807122162e+01 -1.993643795811157915e+01 -1.993727284493088803e+01
-1.992981763424562658e+01 -1.995152395808099044e+01 -1.995065331491819194e+01
-1.994748518025163264e+01 -1.994818218086690820e+01 -1.994767574837033663e+01
-1.992055982352495391e+01 -1.990428803736109842e+01 -1.991924756160806709e+01
-1.990504225396272986e+01 -1.989420055245767571e+01 -1.987385945894315498e+01
-1.978151158494375039e+01 -1.971250402351621034e+01 -1.977829901768453524e+01
-1.974475553741053702e+01 -1.966026779925237022e+01 -1.971752773402554482e+01
-1.952580349111825342e+01 -1.952418615724677409e+01 -1.937764016816259272e+01
-1.929162348868346655e+01 -1.940966043317557777e+01 -1.943481869584680055e+01
-9.650928545622562638e+00 0.000000000000000000e+00 0.000000000000000000e+00
0.000000000000000000e+00 0.000000000000000000e+00 0.000000000000000000e+00
0.000000000000000000e+00 0.000000000000000000e+00 0.000000000000000000e+00
0.000000000000000000e+00 0.000000000000000000e+00 0.000000000000000000e+00
-1.964018734745387462e+01 -1.960100067707750071e+01 -1.965377392253375888e+01
-1.973461755806816598e+01 -1.972451105130242155e+01 -1.974145358121214144e+01
-1.979775294720412759e+01 -1.979545426072128578e+01 -1.979706312746146679e+01
-1.980304737522270031e+01 -1.980929698902624736e+01 -1.980648797291204843e+01
-1.982341400074533055e+01 -1.983132514325035345e+01 -1.983215843153821822e+01
-1.984045309920987421e+01 -1.986123909905704110e+01 -1.985795107396288017e+01
-1.986934498732568244e+01 -1.989998851042633277e+01 -1.990201301357111419e+01
-1.992272857361186666e+01 -1.991907467792257336e+01 -1.992380674964301690e+01
-1.992491566928368840e+01 -1.993269027212040356e+01 -1.992983372516616924e+01
-1.991710410154929889e+01 -1.992416039205134126e+01 -1.992371969210565652e+01
-1.991573051556862239e+01 -1.992616892803864914e+01 -1.989472460030398082e+01
-1.989399887793315358e+01 -1.989156163097863583e+01 -1.988373277150164142e+01
-1.979144607803543465e+01 -1.962998426460575629e+01 -1.973898379569881456e+01
-1.974158967038785306e+01 -1.966683040404894101e+01 -1.954623663640776954e+01
-1.935664511514071506e+01 -1.919578945160536065e+01 -1.933864819925572576e+01
-1.933101329892418363e+01 -1.945299041435741572e+01 -1.945830274650090530e+01
-9.791417551085055848e+00 0.000000000000000000e+00 -8.652079930075572634e+00
0.000000000000000000e+00 0.000000000000000000e+00 0.000000000000000000e+00
0.000000000000000000e+00 0.000000000000000000e+00 0.000000000000000000e+00
-1.438281789438445024e+01 -9.955788250354640212e+00 0.000000000000000000e+00
-1.935856397984691313e+01 -1.907279242181940404e+01 -1.913431079605503982e+01
-1.970720253409563938e+01 -1.969061906837916354e+01 -1.968849329078391008e+01
-1.975361805077186617e+01 -1.975594253069019857e+01 -1.972850411190057685e+01
-1.980782229714031928e+01 -1.981532206834444665e+01 -1.981414626380351152e+01
-1.983467716258978086e+01 -1.983721645746952333e+01 -1.983483500202030569e+01
-1.985869191150109714e+01 -1.985928793751686783e+01 -1.985896744322798213e+01
-1.985689868988426099e+01 -1.985960581944173953e+01 -1.986611228782538063e+01
-1.986752411601447221e+01 -1.988985544422592966e+01 -1.989406978301119011e+01
-1.989928738009592024e+01 -1.988448760356356360e+01 -1.989965183296489570e+01
-1.990010070309646295e+01 -1.990612808095534803e+01 -1.991009163028551043e+01
-1.989701380708368461e+01 -1.990792079504839762e+01 -1.989686185642403871e+01
-1.988265333187816353e+01 -1.988532538697729990e+01 -1.980982615460254692e+01
-1.984671658712856868e+01 -1.963083226195781705e+01 -1.964159941188696479e+01
-1.944778169575106119e+01 -1.974126263013623372e+01 -1.949821861294391923e+01
-1.924371711099581006e+01 -1.937472204397830211e+01 -1.906729750452529260e+01
-1.942990465303791936e+01 -1.942820112658248632e+01 -1.923788718598263969e+01
-9.367081115354521259e+00 -8.601906021403811664e+00 -9.745840537919013613e+00
0.000000000000000000e+00 -6.074292135366269996e+00 0.000000000000000000e+00
0.000000000000000000e+00 0.000000000000000000e+00 0.000000000000000000e+00
-9.916935494601178291e+00 0.000000000000000000e+00 0.000000000000000000e+00
-9.894750999723637364e+00 0.000000000000000000e+00 -7.170482266347581124e+00
-1.954831016927320420e+01 -1.954937334806135851e+01 -1.958420584101781969e+01
-1.967182787843222513e+01 -1.967542487335814627e+01 -1.970013301901937552e+01
-1.980383054132877163e+01 -1.980153109435568837e+01 -1.975899199924158012e+01
-1.980776183735375895e+01 -1.981734927237318544e+01 -1.981508443764290917e+01
-1.981773652372638139e+01 -1.982278299257159659e+01 -1.984599782964697923e+01
-1.985845448708786165e+01 -1.985323009665870231e+01 -1.986999303057372401e+01
-1.985846816692216521e+01 -1.988354046039126999e+01 -1.988178930411580936e+01
-1.989100901673363353e+01 -1.987509225182163775e+01 -1.988950543298510354e+01
-1.989195499129439781e+01 -1.989816672541157772e+01 -1.989894421921265888e+01
-1.986569783998045580e+01 -1.986727991295357754e+01 -1.983382618244737472e+01
-1.972144967759622602e+01 -1.982814560844441942e+01 -1.980223083809371687e+01
-1.980515986260969896e+01 -1.984342442393297645e+01 -1.973253397341071391e+01
-1.946588803503168208e+01 -1.910254197279330413e+01 -1.978043985531864735e+01
-1.915248146798781548e+01 -1.927540231166220153e+01 -1.893407586779798990e+01
-1.904395451671098982e+01 -1.918864263310124585e+01 -1.928119283961452624e+01
-9.910989834829576850e+00 -9.971767448239489795e+00 0.000000000000000000e+00
0.000000000000000000e+00 0.000000000000000000e+00 0.000000000000000000e+00
0.000000000000000000e+00 0.000000000000000000e+00 0.000000000000000000e+00
-9.880250915996969141e+00 0.000000000000000000e+00 -9.416082182481149587e+00
-9.899729164023028716e+00 -1.476176057038500034e+01 -9.920310780717123578e+00
-1.923926931054593581e+01 -1.930442654419058357e+01 -1.916395062922937598e+01
-1.958095674486509097e+01 -1.961425952631164193e+01 -1.961334375510392647e+01
-1.968022939313701158e+01 -1.958314491341859309e+01 -1.963059524453164784e+01
-1.979455210290486988e+01 -1.979853498608396478e+01 -1.968751137833707787e+01
-1.981722803091809482e+01 -1.981942495854213604e+01 -1.981364376657981552e+01
-1.981704473946654943e+01 -1.984518911721639611e+01 -1.983199672504409961e+01
-1.981826275844464647e+01 -1.981998868116922807e+01 -1.981759444638881007e+01
-1.982126783293591998e+01 -1.982317769042087008e+01 -1.982401270009737004e+01
-1.983299630360922805e+01 -1.983291167389505461e+01 -1.982712457101773396e+01
-1.982605444182538434e+01 -1.983132581709489273e+01 -1.982558325929802123e+01
-1.982316476812366091e+01 -1.980797326029252758e+01 -1.974379117275220352e+01
-1.970640221514042523e+01 -1.962782046595327046e+01 -1.981797566544663880e+01
-1.898850209252836763e+01 -1.895906715534566089e+01 -1.895294716022542758e+01
-1.883902506588007597e+01 -1.910284361160646682e+01 -1.941922345323484222e+01
-1.742242656408140178e+01 -1.734144318470496415e+01 -1.570367466892835040e+01
-1.362303392925228707e+01 -9.927263783830348132e+00 0.000000000000000000e+00
0.000000000000000000e+00 0.000000000000000000e+00 0.000000000000000000e+00
0.000000000000000000e+00 0.000000000000000000e+00 0.000000000000000000e+00
0.000000000000000000e+00 -9.005483801398794341e+00 0.000000000000000000e+00
-9.925734719376571036e+00 -1.470457231827486666e+01 -9.919365524769350628e+00
0.000000000000000000e+00 0.000000000000000000e+00 0.000000000000000000e+00
-1.931383111977369893e+01 -1.975662607967208118e+01 -1.974843311248354993e+01
-1.954228480651180178e+01 -1.953579732227644783e+01 -1.954084949335999255e+01
-1.951618719241357169e+01 -1.965076109564919449e+01 -1.974097720781352905e+01
-1.965462957245427589e+01 -1.977858637796177277e+01 -1.984199494197697078e+01
-1.977928325548327138e+01 -1.976564182016801396e+01 -1.976229865509785810e+01
-1.978596668259176283e+01 -1.980092590354385607e+01 -1.978161823684027709e+01
-1.978076708247404980e+01 -1.977884213899289989e+01 -1.977920543395898534e+01
-1.977548945727858154e+01 -1.976742896369135138e+01 -1.977072079595906473e+01
-1.976654684951173735e+01 -1.969034423009190959e+01 -1.976645382739452828e+01
-1.972621229860413195e+01 -1.977802873474731271e+01 -1.957181036687353881e+01
-1.945340395773434494e+01 -1.902146786713710469e+01 -1.937730244548411207e+01
-1.921023335700506962e+01 -1.905969974685423551e+01 -1.896899613793980777e+01
-1.908946339282943683e+01 -1.895395969994701701e+01 -1.904970737683997228e+01
-9.778500686882907189e+00 0.000000000000000000e+00 0.000000000000000000e+00
-1.638625930213870419e+01 -9.845481834382345809e+00 -1.425867330328558502e+01
0.000000000000000000e+00 0.000000000000000000e+00 0.000000000000000000e+00
0.000000000000000000e+00 0.000000000000000000e+00 0.000000000000000000e+00
0.000000000000000000e+00 0.000000000000000000e+00 -1.368980034531552192e+01
-1.520961305840393507e+01 -1.428101969120839598e+01 -9.680461758419550478e+00
-1.458682550593039551e+01 -1.428557419232325643e+01 -9.899023713589073736e+00
-9.962131580523662322e+00 -9.859477585589756288e+00 -7.872521379531804087e+00
-1.950987397872084017e+01 -1.948803927431576710e+01 -1.947027061012556004e+01
-1.949918049541922471e+01 -1.953754410815038511e+01 -1.953833404457984813e+01
-1.953104080485765337e+01 -1.967441891698903333e+01 -1.958751277328448737e+01
-1.966208138244818926e+01 -1.960046460131022883e+01 -1.972958203676657263e+01
-1.965903458851602892e+01 -1.973410983321210921e+01 -1.970673625319929201e+01
-1.972142648540110343e+01 -1.973415150740824586e+01 -1.969370432151447403e+01
-1.972938495804550030e+01 -1.973035075659430504e+01 -1.971944548543273257e+01
-1.980112925169405713e+01 -1.982803412002989063e+01 -1.967894967149350549e+01
-1.931012908737117328e+01 -1.942533534695052566e+01 -1.944589971888403568e+01
-1.921182728405776174e+01 -1.911274742835485796e+01 -1.919786564669905715e+01
-1.911279034479653660e+01 -1.889275701016706321e+01 -1.913590462313764107e+01
-1.524658290935886029e+01 -9.921964623382548254e+00 -9.661886088753915303e+00
-1.726925844837332491e+01 -9.911633435539823012e+00 -6.847049679893341789e+00
-9.517967705444139170e+00 -9.905652554411336297e+00 -9.896525863313335947e+00
0.000000000000000000e+00 0.000000000000000000e+00 0.000000000000000000e+00
0.000000000000000000e+00 0.000000000000000000e+00 0.000000000000000000e+00
0.000000000000000000e+00 -8.107329913181374081e+00 0.000000000000000000e+00
-1.462366054063891596e+01 -9.954053215695404688e+00 -6.509658685400585121e+00
-9.411754485576487639e+00 0.000000000000000000e+00 -8.935102691175059064e+00
-1.385630903363032118e+01 -1.478708215586546970e+01 -1.487600130352388916e+01
-9.640151110045984240e+00 -9.756286525967894363e+00 -1.438267557973935595e+01
-1.945036919406329190e+01 -1.950612173084162748e+01 -1.966080401244614251e+01
-1.943898398852745046e+01 -1.949153148734737329e+01 -1.947530264550650259e+01
-1.954629297104312968e+01 -1.948495459663607221e+01 -1.957087522649202782e+01
-1.954782318843042788e+01 -1.957659398704645071e+01 -1.961761383692027394e+01
-1.956364962287050346e+01 -1.963207250354087563e+01 -1.958898215565317713e+01
-1.956236511483211871e+01 -1.970434787080694150e+01 -1.969567446581692138e+01
-1.959594490405026335e+01 -1.953851987454152805e+01 -1.959752786611669961e+01
-1.941046994279709281e+01 -1.875856615904783808e+01 -1.901486524942935574e+01
-1.922972862244469638e+01 -1.921441368076039780e+01 -1.906524133567550194e+01
-1.769717508389987159e+01 -1.588940126690749466e+01 -1.727652893960747349e+01
-9.962422333875807112e+00 0.000000000000000000e+00 0.000000000000000000e+00
-9.952328329870459456e+00 0.000000000000000000e+00 0.000000000000000000e+00
-9.718315625999736085e+00 -9.478550204592453454e+00 -9.819379941590193894e+00
0.000000000000000000e+00 0.000000000000000000e+00 0.000000000000000000e+00
0.000000000000000000e+00 0.000000000000000000e+00 0.000000000000000000e+00
-1.446094949906662563e+01 -9.843984184171397089e+00 0.000000000000000000e+00
-1.490690036544315866e+01 -9.944894081774231509e+00 -9.948674676801063654e+00
-9.767069740265272415e+00 -9.892150415777964056e+00 -9.841060292373901675e+00
-9.482109472035677555e+00 -1.493733330350756106e+01 -9.986631182966334563e+00
-1.863259653668870186e+01 -1.739817866540258251e+01 -1.860516873142903904e+01
-1.427298072186959210e+01 -1.187628283744688318e+01 -1.713478803014491092e+01
-1.963499490975517148e+01 -1.851742329870693737e+01 -1.871011496452161538e+01
-1.922524802647222231e+01 -1.907063269678618056e+01 -1.927171707793111466e+01
-1.904252448482251125e+01 -1.906776364695051029e+01 -1.925794246784725061e+01
-1.887619751182909056e+01 -1.973050560166846168e+01 -1.912406916345955921e+01
-1.920429375412261308e+01 -1.952543508401131334e+01 -1.969930582825817211e+01
-1.945332721629907624e+01 -1.931852107461443424e+01 -1.886971911966865179e+01
-1.924537734595372029e+01 -1.919033399287847530e+01 -1.896555945645753383e+01
-1.672309307994864014e+01 -1.603568200739550420e+01 -1.703557131796301505e+01
-8.296010846265826189e+00 -1.148673461291772213e+01 -1.390317227234491781e+01
-1.719585207206229072e+01 -1.472986101253079205e+01 -1.728122654663778235e+01
-1.367895322509554035e+01 -1.472849543693423158e+01 -9.726273587662888076e+00
0.000000000000000000e+00 -1.290826066782498494e+01 0.000000000000000000e+00
0.000000000000000000e+00 0.000000000000000000e+00 0.000000000000000000e+00
0.000000000000000000e+00 0.000000000000000000e+00 0.000000000000000000e+00
-9.913840095293965149e+00 -8.543771380929623405e+00 0.000000000000000000e+00
-9.878216481144827199e+00 -9.357289228305365469e+00 -9.965836032650962295e+00
-1.472100759966760108e+01 0.000000000000000000e+00 0.000000000000000000e+00
-7.318885426216272805e+00 -9.689588746581867085e+00 -9.785355664241560447e+00
-1.486249584907401911e+01 -9.887287774351376513e+00 -9.877705579218007514e+00
-9.827817607222225860e+00 -9.875015454754528577e+00 0.000000000000000000e+00
-1.419602662663410086e+01 -9.230498325051271991e+00 -9.398870592495821796e+00
-1.915747487529715443e+01 -1.983832673648525002e+01 -1.976766637077088262e+01
-1.908836094387459781e+01 -1.978461832825822597e+01 -1.957279010326124080e+01
-1.970346114683067640e+01 -1.940314838443813272e+01 -1.973846865415224272e+01
-1.960661772032203132e+01 -1.960354891856866644e+01 -1.950372888088930168e+01
-1.923185029033644255e+01 -1.910784466461877429e+01 -1.840056191450951673e+01
-1.710089679566885223e+01 -1.719593162272768438e+01 -1.681534686830788061e+01
-1.210910443393195379e+01 -1.239307826545105229e+01 -1.089809602793690502e+01
-1.423208380253421268e+01 -1.332351216158193452e+01 -9.436758722627288876e+00
-9.664359365856320494e+00 -9.872167666047502621e+00 -1.290649421044973977e+01
-9.923930944912406460e+00 -9.585389586267968554e+00 -9.950581687473704307e+00
-1.676382189269276779e+01 -9.511444838935334545e+00 -9.915227310690315932e+00
0.000000000000000000e+00 0.000000000000000000e+00 0.000000000000000000e+00
0.000000000000000000e+00 0.000000000000000000e+00 0.000000000000000000e+00
-1.237176831877377126e+01 0.000000000000000000e+00 -6.078746011346149558e+00
-1.432271532522652713e+01 -9.897767874449520775e+00 0.000000000000000000e+00
-9.968776660092903086e+00 -9.946552644389003106e+00 0.000000000000000000e+00
-9.568035365976003348e+00 -9.958256437630973679e+00 0.000000000000000000e+00
-9.731337892820706159e+00 -9.919785688282221514e+00 0.000000000000000000e+00
-1.474869554025542051e+01 -9.917960768369876945e+00 -9.979998490637596475e+00
-9.964075705521603155e+00 -7.394539068598137810e+00 0.000000000000000000e+00
-9.562100788939719820e+00 -9.868686404556722636e+00 -6.552953705230610382e+00
-1.937133723673886720e+01 -1.949295319264111015e+01 -1.914450891621790873e+01
-1.908065479999477532e+01 -1.906365084878713390e+01 -1.906777480307296457e+01
-1.923677159820203286e+01 -1.923898232531458419e+01 -1.924199932566998683e+01
-1.892761917407769090e+01 -1.849343548584563734e+01 -1.744673445301116743e+01
-1.787932476342278676e+01 -1.733110660410656578e+01 -1.672180231171940079e+01
-1.326456504182898399e+01 -1.108147780998619858e+01 -1.048881506610435643e+01
-9.900707882686246464e+00 -1.741069681390885293e+01 0.000000000000000000e+00
-9.944073888230597902e+00 -9.959791215284694132e+00 -6.654991441305961430e+00
-9.956707066396798922e+00 0.000000000000000000e+00 0.000000000000000000e+00
0.000000000000000000e+00 0.000000000000000000e+00 0.000000000000000000e+00
0.000000000000000000e+00 0.000000000000000000e+00 0.000000000000000000e+00
0.000000000000000000e+00 0.000000000000000000e+00 0.000000000000000000e+00
-7.587904188789988957e+00 -1.437056498400516702e+01 0.000000000000000000e+00
0.000000000000000000e+00 0.000000000000000000e+00 0.000000000000000000e+00
0.000000000000000000e+00 -9.026697655511496166e+00 -9.329334658402274272e+00
-9.731250642761963832e+00 0.000000000000000000e+00 0.000000000000000000e+00
-9.959660755108636465e+00 0.000000000000000000e+00 0.000000000000000000e+00
0.000000000000000000e+00 0.000000000000000000e+00 0.000000000000000000e+00
-9.959731351663911880e+00 -9.179639195513200178e+00 0.000000000000000000e+00
-6.921146964871708995e+00 0.000000000000000000e+00 0.000000000000000000e+00
-9.832786134368257436e+00 -1.346131184803660830e+01 0.000000000000000000e+00
-9.930559758689840422e+00 -7.327014510132273450e+00 0.000000000000000000e+00
-9.589795190315566487e+00 -9.849573765974158235e+00 0.000000000000000000e+00
-8.735702126977232140e+00 -9.899608746026252959e+00 0.000000000000000000e+00
-8.840602316025869101e+00 -1.376761558175997990e+01 -8.367542840397192094e+00
0.000000000000000000e+00 0.000000000000000000e+00 -9.910327527787057278e+00
-9.907642898205411441e+00 0.000000000000000000e+00 0.000000000000000000e+00
-9.437479513349998683e+00 -9.920328837889581308e+00 -9.988485067109266424e+00
0.000000000000000000e+00 0.000000000000000000e+00 0.000000000000000000e+00
0.000000000000000000e+00 0.000000000000000000e+00 0.000000000000000000e+00
0.000000000000000000e+00 0.000000000000000000e+00 0.000000000000000000e+00
0.000000000000000000e+00 0.000000000000000000e+00 0.000000000000000000e+00
0.000000000000000000e+00 0.000000000000000000e+00 0.000000000000000000e+00
0.000000000000000000e+00 0.000000000000000000e+00 0.000000000000000000e+00
0.000000000000000000e+00 0.000000000000000000e+00 0.000000000000000000e+00
0.000000000000000000e+00 0.000000000000000000e+00 0.000000000000000000e+00
0.000000000000000000e+00 0.000000000000000000e+00 0.000000000000000000e+00
0.000000000000000000e+00 0.000000000000000000e+00 0.000000000000000000e+00
0.000000000000000000e+00 0.000000000000000000e+00 0.000000000000000000e+00
0.000000000000000000e+00 0.000000000000000000e+00 0.000000000000000000e+00
0.000000000000000000e+00 0.000000000000000000e+00 0.000000000000000000e+00
0.000000000000000000e+00 0.000000000000000000e+00 0.000000000000000000e+00
0.000000000000000000e+00 0.000000000000000000e+00 0.000000000000000000e+00
0.000000000000000000e+00 0.000000000000000000e+00 0.000000000000000000e+00
0.000000000000000000e+00 0.000000000000000000e+00 0.000000000000000000e+00
0.000000000000000000e+00 0.000000000000000000e+00 0.000000000000000000e+00
0.000000000000000000e+00 0.000000000000000000e+00 0.000000000000000000e+00
0.000000000000000000e+00 0.000000000000000000e+00 0.000000000000000000e+00
0.000000000000000000e+00 0.000000000000000000e+00 0.000000000000000000e+00
0.000000000000000000e+00 0.000000000000000000e+00 0.000000000000000000e+00
0.000000000000000000e+00 0.000000000000000000e+00 0.000000000000000000e+00
