0.000000000000000000e+00 0.000000000000000000e+00 0.000000000000000000e+00
-1.000000000000000021e-03 -1.000000000000000021e-03 -1.000000000000000021e-03
-1.000000000000000021e-03 -1.000000000000000021e-03 0.000000000000000000e+00
0.000000000000000000e+00 -1.000000000000000021e-03 0.000000000000000000e+00
0.000000000000000000e+00 0.000000000000000000e+00 -1.998999999999999909e-03
0.000000000000000000e+00 0.000000000000000000e+00 0.000000000000000000e+00
-1.998999999999999909e-03 -1.000000000000000021e-03 -1.000000000000000021e-03
-4.990009995001000107e-03 -2.997001000000000005e-03 -2.997001000000000005e-03
-3.994003999000000221e-03 -7.972055930055971934e-03 -6.979034965020993082e-03
-5.985019985005998917e-03 -5.985019985005998917e-03 -5.985019985005998917e-03
-1.489545363799799939e-02 -1.489545363799799939e-02 -1.390936300099899874e-02
-1.094516467046153727e-02 -1.094516467046153727e-02 -9.955119790251789474e-03
-1.998999999999999909e-03 -1.000000000000000021e-03 -1.998999999999999909e-03
-1.000000000000000021e-03 -1.000000000000000021e-03 0.000000000000000000e+00
0.000000000000000000e+00 0.000000000000000000e+00 0.000000000000000000e+00
-1.000000000000000021e-03 0.000000000000000000e+00 -1.000000000000000021e-03
-1.000000000000000021e-03 -1.000000000000000021e-03 -1.000000000000000021e-03
-1.000000000000000021e-03 0.000000000000000000e+00 0.000000000000000000e+00
-1.000000000000000021e-03 0.000000000000000000e+00 0.000000000000000000e+00
0.000000000000000000e+00 0.000000000000000000e+00 0.000000000000000000e+00
0.000000000000000000e+00 0.000000000000000000e+00 0.000000000000000000e+00
-1.000000000000000021e-03 0.000000000000000000e+00 0.000000000000000000e+00
0.000000000000000000e+00 0.000000000000000000e+00 0.000000000000000000e+00
-1.998999999999999909e-03 -1.998999999999999909e-03 -1.000000000000000021e-03
-1.000000000000000021e-03 -1.000000000000000021e-03 -1.000000000000000021e-03
-3.994003999000000221e-03 -4.990009995001000107e-03 -2.997001000000000005e-03
-7.972055930055971934e-03 -7.972055930055971934e-03 -6.979034965020993082e-03
-1.489545363799799939e-02 -1.489545363799799939e-02 -1.390936300099899874e-02
-3.053946370417734771e-02 -3.053946370417734771e-02 -2.956903273691426082e-02
-4.402404221865910405e-02 -4.402404221865910405e-02 -4.306710932798708813e-02
-4.593503815826400355e-02 -4.593503815826400355e-02 -4.593503815826400355e-02
-2.956903273691426082e-02 -2.956903273691426082e-02 -2.859763036728154087e-02
-2.177053271125956035e-02 -2.079132403529485376e-02 -2.177053271125956035e-02
-5.985019985005998917e-03 -4.990009995001000107e-03 -4.990009995001000107e-03
-1.000000000000000021e-03 -1.000000000000000021e-03 0.000000000000000000e+00
0.000000000000000000e+00 0.000000000000000000e+00 -1.000000000000000021e-03
-1.998999999999999909e-03 -1.000000000000000021e-03 -1.000000000000000021e-03
-1.000000000000000021e-03 0.000000000000000000e+00 0.000000000000000000e+00
-1.998999999999999909e-03 -1.998999999999999909e-03 -1.000000000000000021e-03
0.000000000000000000e+00 0.000000000000000000e+00 0.000000000000000000e+00
0.000000000000000000e+00 0.000000000000000000e+00 0.000000000000000000e+00
0.000000000000000000e+00 -1.998999999999999909e-03 0.000000000000000000e+00
-1.998999999999999909e-03 -1.000000000000000021e-03 -1.000000000000000021e-03
-1.000000000000000021e-03 0.000000000000000000e+00 0.000000000000000000e+00
0.000000000000000000e+00 0.000000000000000000e+00 -1.998999999999999909e-03
-6.979034965020993082e-03 -5.985019985005998917e-03 -5.985019985005998917e-03
-1.981113517046531949e-02 -1.981113517046531949e-02 -1.882996513560091997e-02
-6.577131193063676107e-02 -6.577131193063676107e-02 -6.483614807871547481e-02
-1.095764572232822420e-01 -1.095764572232822420e-01 -1.095764572232822420e-01
-1.427940304291125395e-01 -1.427940304291125395e-01 -1.419359663955080397e-01
-1.479244252882607469e-01 -1.479244252882607469e-01 -1.470714967850458021e-01
-1.113564138852928959e-01 -1.113564138852928959e-01 -1.113564138852928959e-01
-7.229132660999854076e-02 -7.136268929929784344e-02 -7.136268929929784344e-02
-2.470228740295338232e-02 -2.470228740295338232e-02 -2.372601341636975184e-02
-6.979034965020993082e-03 -8.964083874125915175e-03 -5.985019985005998917e-03
-1.998999999999999909e-03 -1.000000000000000021e-03 -1.000000000000000021e-03
-1.000000000000000021e-03 -1.000000000000000021e-03 -1.000000000000000021e-03
-2.997001000000000005e-03 -2.997001000000000005e-03 -1.998999999999999909e-03
-1.000000000000000021e-03 0.000000000000000000e+00 -1.000000000000000021e-03
0.000000000000000000e+00 0.000000000000000000e+00 0.000000000000000000e+00
0.000000000000000000e+00 0.000000000000000000e+00 0.000000000000000000e+00
0.000000000000000000e+00 0.000000000000000000e+00 0.000000000000000000e+00
-1.000000000000000021e-03 -1.000000000000000021e-03 -2.997001000000000005e-03
-1.000000000000000021e-03 -1.000000000000000021e-03 -1.000000000000000021e-03
-2.997001000000000005e-03 -2.997001000000000005e-03 -2.997001000000000005e-03
-2.177053271125956035e-02 -2.079132403529485376e-02 -2.079132403529485376e-02
-7.968707204106166564e-02 -7.876583787894060606e-02 -7.876583787894060606e-02
-1.681407818056324388e-01 -1.673080898955279783e-01 -1.673080898955279783e-01
-3.304842798992665420e-01 -3.304842798992665420e-01 -3.304842798992665420e-01
-4.579007651396087564e-01 -4.579007651396087564e-01 -4.579007651396087564e-01
-4.707626188589101313e-01 -4.707626188589101313e-01 -4.707626188589101313e-01
-3.618772715396016970e-01 -3.618772715396016970e-01 -3.618772715396016970e-01
-1.919299842451707427e-01 -1.919299842451707427e-01 -1.911211053505212643e-01
-8.336280555566105699e-02 -8.427944275010539055e-02 -8.336280555566105699e-02
-2.470228740295338232e-02 -2.470228740295338232e-02 -2.470228740295338232e-02
-4.990009995001000107e-03 -4.990009995001000107e-03 -3.994003999000000221e-03
-1.998999999999999909e-03 -1.000000000000000021e-03 -1.000000000000000021e-03
-1.998999999999999909e-03 -1.998999999999999909e-03 -1.000000000000000021e-03
0.000000000000000000e+00 0.000000000000000000e+00 0.000000000000000000e+00
0.000000000000000000e+00 0.000000000000000000e+00 0.000000000000000000e+00
0.000000000000000000e+00 0.000000000000000000e+00 0.000000000000000000e+00
-1.000000000000000021e-03 -1.000000000000000021e-03 0.000000000000000000e+00
-1.998999999999999909e-03 -1.000000000000000021e-03 -1.000000000000000021e-03
-2.997001000000000005e-03 -2.997001000000000005e-03 -2.997001000000000005e-03
-9.955119790251789474e-03 -9.955119790251789474e-03 -1.193421950579107507e-02
-5.354089739497304434e-02 -5.354089739497304434e-02 -5.259349088585889981e-02
-1.788903039411662566e-01 -1.780683723134797447e-01 -1.772456179314111646e-01
-4.675760508829487350e-01 -4.675760508829487350e-01 -4.675760508829487350e-01
-7.788147079196579003e-01 -7.788147079196579003e-01 -7.788147079196579003e-01
-9.101132561947948840e-01 -9.101132561947948840e-01 -9.101132561947948840e-01
-9.157727962461585935e-01 -9.157727962461585935e-01 -9.157727962461585935e-01
-8.201906349002879848e-01 -8.200106455458338051e-01 -8.200106455458338051e-01
-5.403954160126250850e-01 -5.399353513639890689e-01 -5.399353513639890689e-01
-2.228532539278697822e-01 -2.228532539278697822e-01 -2.220753292571269188e-01
-7.229132660999854076e-02 -7.229132660999854076e-02 -7.321903528338853662e-02
-1.686467762617564412e-02 -1.588055818436000244e-02 -1.588055818436000244e-02
-2.997001000000000005e-03 0.000000000000000000e+00 0.000000000000000000e+00
-1.998999999999999909e-03 0.000000000000000000e+00 0.000000000000000000e+00
-1.000000000000000021e-03 0.000000000000000000e+00 0.000000000000000000e+00
0.000000000000000000e+00 0.000000000000000000e+00 0.000000000000000000e+00
0.000000000000000000e+00 0.000000000000000000e+00 0.000000000000000000e+00
-1.000000000000000021e-03 -1.998999999999999909e-03 0.000000000000000000e+00
-1.000000000000000021e-03 -1.000000000000000021e-03 0.000000000000000000e+00
-1.998999999999999909e-03 -1.998999999999999909e-03 -1.000000000000000021e-03
-2.079132403529485376e-02 -2.079132403529485376e-02 -2.079132403529485376e-02
-1.113564138852928959e-01 -1.104668807660589558e-01 -1.095764572232822420e-01
-3.612385100496513513e-01 -3.612385100496513513e-01 -3.612385100496513513e-01
-8.084921637972803943e-01 -8.084921637972803943e-01 -8.083004642615418955e-01
-9.901896030442328689e-01 -9.901896030442328689e-01 -9.901896030442328689e-01
-9.999126575200409928e-01 -9.999125700901311253e-01 -9.999125700901311253e-01
-9.999568153673147330e-01 -9.999568153673147330e-01 -9.999567721394542197e-01
-9.978581247512608998e-01 -9.978602666265096177e-01 -9.978559807319928865e-01
-8.939794407223917716e-01 -8.938733140364282237e-01 -8.938733140364282237e-01
-4.965864244063379895e-01 -4.960825069132512311e-01 -4.955780849982494574e-01
-1.513276185411096542e-01 -1.547172194264973266e-01 -1.521762909225685412e-01
-3.826805732150969502e-02 -3.826805732150969502e-02 -3.730536268419389068e-02
-5.985019985005998917e-03 -4.990009995001000107e-03 -5.985019985005998917e-03
-1.998999999999999909e-03 -1.998999999999999909e-03 -1.998999999999999909e-03
-1.000000000000000021e-03 -1.000000000000000021e-03 0.000000000000000000e+00
0.000000000000000000e+00 0.000000000000000000e+00 0.000000000000000000e+00
0.000000000000000000e+00 0.000000000000000000e+00 0.000000000000000000e+00
-1.000000000000000021e-03 0.000000000000000000e+00 -1.000000000000000021e-03
-1.998999999999999909e-03 -1.000000000000000021e-03 -1.000000000000000021e-03
-1.000000000000000021e-03 -2.997001000000000005e-03 -4.990009995001000107e-03
-2.665190753043487903e-02 -2.665190753043487903e-02 -2.665190753043487903e-02
-1.445075851622847629e-01 -1.445075851622847629e-01 -1.436512363986834351e-01
-5.143957274832453574e-01 -5.139096371203657476e-01 -5.139096371203657476e-01
-9.471062439448584280e-01 -9.470532972421005224e-01 -9.471062439448584280e-01
-9.999769383515410004e-01 -9.999769152668077643e-01 -9.999769152668077643e-01
-9.999999999689083152e-01 -9.999999999688772290e-01 -9.999999999689083152e-01
-9.999999999999444888e-01 -9.999999999999444888e-01 -9.999999999999444888e-01
-9.999996785669259536e-01 -9.999996782451711086e-01 -9.999996779230941879e-01
-9.927696305430171453e-01 -9.927696305430171453e-01 -9.927696305430171453e-01
-7.341073017614120344e-01 -7.341073017614120344e-01 -7.341073017614120344e-01
-2.510960912401719036e-01 -2.510960912401719036e-01 -2.510960912401719036e-01
-6.483614807871547481e-02 -6.390004812684231539e-02 -6.390004812684231539e-02
-1.193421950579107507e-02 -1.094516467046153727e-02 -1.094516467046153727e-02
-1.000000000000000021e-03 -1.000000000000000021e-03 0.000000000000000000e+00
-1.998999999999999909e-03 -1.998999999999999909e-03 -1.000000000000000021e-03
0.000000000000000000e+00 0.000000000000000000e+00 0.000000000000000000e+00
0.000000000000000000e+00 0.000000000000000000e+00 0.000000000000000000e+00
-1.000000000000000021e-03 0.000000000000000000e+00 0.000000000000000000e+00
-1.000000000000000021e-03 -1.000000000000000021e-03 0.000000000000000000e+00
-2.997001000000000005e-03 -2.997001000000000005e-03 -4.990009995001000107e-03
-2.567758511555042963e-02 -2.567758511555042963e-02 -2.567758511555042963e-02
-1.538710905170143362e-01 -1.530241146316459744e-01 -1.521762909225685412e-01
-5.301668991211088144e-01 -5.296965957168255912e-01 -5.296965957168255912e-01
-9.553345289879267010e-01 -9.553345289879267010e-01 -9.552898188067334706e-01
-9.999902551376205206e-01 -9.999902551376205206e-01 -9.999902551376205206e-01
-9.999999999968011144e-01 -9.999999999968011144e-01 -9.999999999968011144e-01
-9.999999999999444888e-01 -9.999999999999444888e-01 -9.999999999999444888e-01
-9.999999977491491610e-01 -9.999999977468960743e-01 -9.999999977468960743e-01
-9.986139415318786572e-01 -9.986139415318786572e-01 -9.986139415318786572e-01
-8.002733379726018059e-01 -8.002733379726018059e-01 -8.002733379726018059e-01
-3.100841351044535399e-01 -3.087022308639505441e-01 -3.087022308639505441e-01
-7.784368156050110177e-02 -7.876583787894060606e-02 -7.692060216266376205e-02
-1.193421950579107507e-02 -1.094516467046153727e-02 -9.955119790251789474e-03
-2.997001000000000005e-03 -1.998999999999999909e-03 -1.998999999999999909e-03
-1.000000000000000021e-03 -1.000000000000000021e-03 0.000000000000000000e+00
0.000000000000000000e+00 0.000000000000000000e+00 0.000000000000000000e+00
0.000000000000000000e+00 0.000000000000000000e+00 0.000000000000000000e+00
0.000000000000000000e+00 0.000000000000000000e+00 0.000000000000000000e+00
-1.998999999999999909e-03 -1.998999999999999909e-03 -1.998999999999999909e-03
-2.997001000000000005e-03 -1.998999999999999909e-03 -1.998999999999999909e-03
-1.784781294854946923e-02 -1.686467762617564412e-02 -1.784781294854946923e-02
-1.068998351360849058e-01 -1.060058409770619631e-01 -1.060058409770619631e-01
-3.930140692080231202e-01 -3.924064756837068457e-01 -3.924064756837068457e-01
-8.529464744580912416e-01 -8.529464744580912416e-01 -8.529464744580912416e-01
-9.985163606236656664e-01 -9.985148754991648445e-01 -9.985148754991648445e-01
-9.999997476875318592e-01 -9.999997479398443634e-01 -9.999997474349667792e-01
-9.999999826372024669e-01 -9.999999826372024669e-01 -9.999999826372024669e-01
-9.999932835879780102e-01 -9.999932768648428505e-01 -9.999932768648428505e-01
-9.884979843928433096e-01 -9.884864708637070008e-01 -9.884864708637070008e-01
-7.107952642956254508e-01 -7.107952642956254508e-01 -7.105057700656911557e-01
-2.548331292301787010e-01 -2.540872164466253524e-01 -2.540872164466253524e-01
-6.763883507808741979e-02 -6.857119624300933580e-02 -6.763883507808741979e-02
-9.955119790251789474e-03 -8.964083874125915175e-03 -9.955119790251789474e-03
-1.998999999999999909e-03 -1.000000000000000021e-03 -1.000000000000000021e-03
0.000000000000000000e+00 0.000000000000000000e+00 0.000000000000000000e+00
0.000000000000000000e+00 0.000000000000000000e+00 0.000000000000000000e+00
0.000000000000000000e+00 0.000000000000000000e+00 0.000000000000000000e+00
-1.000000000000000021e-03 0.000000000000000000e+00 0.000000000000000000e+00
-1.000000000000000021e-03 -1.000000000000000021e-03 0.000000000000000000e+00
-1.998999999999999909e-03 -1.000000000000000021e-03 -1.998999999999999909e-03
-9.955119790251789474e-03 -8.964083874125915175e-03 -1.588055818436000244e-02
-5.543286914108049024e-02 -5.448735649757806970e-02 -5.448735649757806970e-02
-2.031697234245276318e-01 -2.023720955200476734e-01 -2.023720955200476734e-01
-5.650030578861524599e-01 -5.650030578861524599e-01 -5.650030578861524599e-01
-8.929133805983148209e-01 -8.929133805983148209e-01 -8.928061867850999311e-01
-9.895722214733906341e-01 -9.895617832566472316e-01 -9.895617832566472316e-01
-9.963050965964536099e-01 -9.963013979944480569e-01 -9.963013979944480569e-01
-9.807448229547094387e-01 -9.807255485032126963e-01 -9.807255485032126963e-01
-8.277622667519850541e-01 -8.277622667519850541e-01 -8.279345044852330915e-01
-4.568149382010727177e-01 -4.562712094104832139e-01 -4.557269363468300361e-01
-1.504780966377473883e-01 -1.496277243621094988e-01 -1.487765008629724772e-01
-3.537708147005252934e-02 -3.537708147005252934e-02 -3.537708147005252934e-02
-5.985019985005998917e-03 -5.985019985005998917e-03 -5.985019985005998917e-03
-1.998999999999999909e-03 -1.998999999999999909e-03 -1.998999999999999909e-03
-1.000000000000000021e-03 -1.000000000000000021e-03 0.000000000000000000e+00
0.000000000000000000e+00 0.000000000000000000e+00 0.000000000000000000e+00
0.000000000000000000e+00 0.000000000000000000e+00 0.000000000000000000e+00
-1.000000000000000021e-03 0.000000000000000000e+00 -1.000000000000000021e-03
-1.000000000000000021e-03 -1.000000000000000021e-03 -1.000000000000000021e-03
-1.000000000000000021e-03 -1.000000000000000021e-03 -1.000000000000000021e-03
-4.990009995001000107e-03 -1.998999999999999909e-03 -3.994003999000000221e-03
-2.177053271125956035e-02 -2.177053271125956035e-02 -2.177053271125956035e-02
-8.610996814404793531e-02 -8.610996814404793531e-02 -8.519516330735528442e-02
-2.367236236853390297e-01 -2.367236236853390297e-01 -2.359595832686076367e-01
-4.894854928085357604e-01 -4.889744672758115640e-01 -4.889744672758115640e-01
-6.835453658280419287e-01 -6.835453658280419287e-01 -6.832285944224644192e-01
-7.422275221684752067e-01 -7.424852946463067482e-01 -7.417112028629984088e-01
-6.626193167446690069e-01 -6.619435418848969022e-01 -6.616051470319288530e-01
-4.419416178021515762e-01 -4.419416178021515762e-01 -4.413830008029545060e-01
-1.999744180509206992e-01 -1.999744180509206992e-01 -1.999744180509206992e-01
-7.043312242171956283e-02 -6.950262504676632536e-02 -6.950262504676632536e-02
-1.489545363799799939e-02 -1.390936300099899874e-02 -1.489545363799799939e-02
-2.997001000000000005e-03 -1.998999999999999909e-03 -1.998999999999999909e-03
-1.000000000000000021e-03 -1.000000000000000021e-03 0.000000000000000000e+00
0.000000000000000000e+00 -1.000000000000000021e-03 0.000000000000000000e+00
0.000000000000000000e+00 0.000000000000000000e+00 0.000000000000000000e+00
0.000000000000000000e+00 0.000000000000000000e+00 0.000000000000000000e+00
0.000000000000000000e+00 -1.000000000000000021e-03 0.000000000000000000e+00
-1.998999999999999909e-03 -1.000000000000000021e-03 -1.000000000000000021e-03
-1.998999999999999909e-03 -1.000000000000000021e-03 0.000000000000000000e+00
-1.000000000000000021e-03 0.000000000000000000e+00 0.000000000000000000e+00
-6.979034965020993082e-03 -6.979034965020993082e-03 -6.979034965020993082e-03
-2.665190753043487903e-02 -2.567758511555042963e-02 -2.665190753043487903e-02
-7.784368156050110177e-02 -7.784368156050110177e-02 -7.692060216266376205e-02
-1.589351889501613158e-01 -1.589351889501613158e-01 -1.589351889501613158e-01
-2.659327278063026156e-01 -2.651979257320346561e-01 -2.659327278063026156e-01
-2.919018854991983769e-01 -2.911930785777761543e-01 -2.911930785777761543e-01
-2.585515193632637043e-01 -2.585515193632637043e-01 -2.585515193632637043e-01
-1.504780966377473883e-01 -1.513276185411096542e-01 -1.496277243621094988e-01
-6.670554061870612172e-02 -6.763883507808741979e-02 -6.763883507808741979e-02
-2.177053271125956035e-02 -2.177053271125956035e-02 -2.177053271125956035e-02
-6.979034965020993082e-03 -6.979034965020993082e-03 -5.985019985005998917e-03
-1.998999999999999909e-03 -1.000000000000000021e-03 -1.000000000000000021e-03
-1.000000000000000021e-03 -1.998999999999999909e-03 -1.000000000000000021e-03
-1.000000000000000021e-03 -1.998999999999999909e-03 -1.000000000000000021e-03
0.000000000000000000e+00 0.000000000000000000e+00 0.000000000000000000e+00
0.000000000000000000e+00 0.000000000000000000e+00 0.000000000000000000e+00
0.000000000000000000e+00 -1.000000000000000021e-03 0.000000000000000000e+00
-1.000000000000000021e-03 -1.000000000000000021e-03 -1.000000000000000021e-03
-1.998999999999999909e-03 -1.000000000000000021e-03 -1.000000000000000021e-03
0.000000000000000000e+00 0.000000000000000000e+00 -1.998999999999999909e-03
-1.998999999999999909e-03 -1.998999999999999909e-03 -1.000000000000000021e-03
-8.964083874125915175e-03 -8.964083874125915175e-03 -7.972055930055971934e-03
-2.274876217854829991e-02 -2.274876217854829991e-02 -2.177053271125956035e-02
-5.354089739497304434e-02 -5.354089739497304434e-02 -5.259349088585889981e-02
-7.599659876142518533e-02 -7.414581624810515081e-02 -7.414581624810515081e-02
-8.060738496902060402e-02 -7.968707204106166564e-02 -7.968707204106166564e-02
-7.321903528338853662e-02 -7.321903528338853662e-02 -7.229132660999854076e-02
-4.784221401698563608e-02 -4.688910312010573928e-02 -4.879437180296865295e-02
-1.981113517046531949e-02 -1.882996513560091997e-02 -1.882996513560091997e-02
-8.964083874125915175e-03 -5.985019985005998917e-03 -5.985019985005998917e-03
-2.997001000000000005e-03 -1.998999999999999909e-03 -1.000000000000000021e-03
-1.998999999999999909e-03 -1.000000000000000021e-03 -1.000000000000000021e-03
-1.998999999999999909e-03 -1.000000000000000021e-03 -1.000000000000000021e-03
-1.998999999999999909e-03 -1.998999999999999909e-03 -1.998999999999999909e-03
0.000000000000000000e+00 0.000000000000000000e+00 0.000000000000000000e+00
0.000000000000000000e+00 0.000000000000000000e+00 0.000000000000000000e+00
-1.998999999999999909e-03 -1.998999999999999909e-03 -1.000000000000000021e-03
-1.998999999999999909e-03 -1.998999999999999909e-03 -1.998999999999999909e-03
-1.000000000000000021e-03 -1.000000000000000021e-03 0.000000000000000000e+00
-2.997001000000000005e-03 -1.998999999999999909e-03 -1.998999999999999909e-03
-2.997001000000000005e-03 -2.997001000000000005e-03 -1.998999999999999909e-03
-2.997001000000000005e-03 -1.000000000000000021e-03 -1.998999999999999909e-03
-7.972055930055971934e-03 -9.955119790251789474e-03 -7.972055930055971934e-03
-1.292228528628528404e-02 -1.193421950579107507e-02 -1.193421950579107507e-02
-2.079132403529485376e-02 -2.079132403529485376e-02 -2.079132403529485376e-02
-2.567758511555042963e-02 -2.470228740295338232e-02 -2.470228740295338232e-02
-2.079132403529485376e-02 -1.981113517046531949e-02 -1.981113517046531949e-02
-1.094516467046153727e-02 -1.588055818436000244e-02 -1.390936300099899874e-02
-8.964083874125915175e-03 -6.979034965020993082e-03 -6.979034965020993082e-03
-1.998999999999999909e-03 -1.998999999999999909e-03 -1.000000000000000021e-03
-1.998999999999999909e-03 -1.998999999999999909e-03 -2.997001000000000005e-03
-1.000000000000000021e-03 0.000000000000000000e+00 -1.000000000000000021e-03
-1.000000000000000021e-03 -1.000000000000000021e-03 0.000000000000000000e+00
0.000000000000000000e+00 0.000000000000000000e+00 0.000000000000000000e+00
0.000000000000000000e+00 0.000000000000000000e+00 0.000000000000000000e+00
0.000000000000000000e+00 0.000000000000000000e+00 0.000000000000000000e+00
0.000000000000000000e+00 0.000000000000000000e+00 0.000000000000000000e+00
-1.998999999999999909e-03 -1.998999999999999909e-03 -1.000000000000000021e-03
-1.000000000000000021e-03 0.000000000000000000e+00 -1.998999999999999909e-03
-1.998999999999999909e-03 -1.998999999999999909e-03 -1.000000000000000021e-03
0.000000000000000000e+00 0.000000000000000000e+00 0.000000000000000000e+00
-1.000000000000000021e-03 -1.998999999999999909e-03 -1.000000000000000021e-03
-1.000000000000000021e-03 -1.000000000000000021e-03 -1.000000000000000021e-03
-5.985019985005998917e-03 -5.985019985005998917e-03 -4.990009995001000107e-03
-8.964083874125915175e-03 -1.292228528628528404e-02 -8.964083874125915175e-03
-1.193421950579107507e-02 -1.094516467046153727e-02 -1.292228528628528404e-02
-8.964083874125915175e-03 -8.964083874125915175e-03 -6.979034965020993082e-03
-4.990009995001000107e-03 -3.994003999000000221e-03 -2.997001000000000005e-03
-1.000000000000000021e-03 -1.000000000000000021e-03 0.000000000000000000e+00
-1.998999999999999909e-03 -1.000000000000000021e-03 -1.000000000000000021e-03
-1.000000000000000021e-03 -1.000000000000000021e-03 -1.000000000000000021e-03
-1.000000000000000021e-03 -1.998999999999999909e-03 -1.000000000000000021e-03
-1.000000000000000021e-03 -1.000000000000000021e-03 0.000000000000000000e+00
0.000000000000000000e+00 -1.000000000000000021e-03 0.000000000000000000e+00
0.000000000000000000e+00 0.000000000000000000e+00 0.000000000000000000e+00
0.000000000000000000e+00 0.000000000000000000e+00 0.000000000000000000e+00
0.000000000000000000e+00 -1.000000000000000021e-03 0.000000000000000000e+00
-1.998999999999999909e-03 -1.000000000000000021e-03 -1.000000000000000021e-03
-1.000000000000000021e-03 0.000000000000000000e+00 0.000000000000000000e+00
-1.000000000000000021e-03 -1.000000000000000021e-03 -1.000000000000000021e-03
0.000000000000000000e+00 0.000000000000000000e+00 0.000000000000000000e+00
-1.000000000000000021e-03 -2.997001000000000005e-03 0.000000000000000000e+00
-1.998999999999999909e-03 0.000000000000000000e+00 -1.000000000000000021e-03
-1.000000000000000021e-03 -1.000000000000000021e-03 -1.000000000000000021e-03
-1.998999999999999909e-03 -1.998999999999999909e-03 -1.000000000000000021e-03
-1.000000000000000021e-03 -1.000000000000000021e-03 -1.000000000000000021e-03
-1.998999999999999909e-03 -1.998999999999999909e-03 -1.000000000000000021e-03
-1.000000000000000021e-03 -1.000000000000000021e-03 0.000000000000000000e+00
-1.000000000000000021e-03 -1.000000000000000021e-03 0.000000000000000000e+00
-1.000000000000000021e-03 -1.000000000000000021e-03 0.000000000000000000e+00
-1.998999999999999909e-03 0.000000000000000000e+00 0.000000000000000000e+00
-1.998999999999999909e-03 -1.000000000000000021e-03 -1.000000000000000021e-03
-1.998999999999999909e-03 0.000000000000000000e+00 -1.000000000000000021e-03
-1.998999999999999909e-03 -1.000000000000000021e-03 -1.000000000000000021e-03
0.000000000000000000e+00 0.000000000000000000e+00 0.000000000000000000e+00
0.000000000000000000e+00 0.000000000000000000e+00 0.000000000000000000e+00
0.000000000000000000e+00 0.000000000000000000e+00 0.000000000000000000e+00
-1.000000000000000021e-03 -1.000000000000000021e-03 -1.000000000000000021e-03
-1.000000000000000021e-03 0.000000000000000000e+00 -1.998999999999999909e-03
-1.000000000000000021e-03 0.000000000000000000e+00 -1.000000000000000021e-03
-1.000000000000000021e-03 -1.998999999999999909e-03 0.000000000000000000e+00
-1.000000000000000021e-03 0.000000000000000000e+00 -1.000000000000000021e-03
-1.998999999999999909e-03 -1.998999999999999909e-03 -1.000000000000000021e-03
-1.000000000000000021e-03 -1.000000000000000021e-03 -1.000000000000000021e-03
-1.000000000000000021e-03 -1.000000000000000021e-03 -1.000000000000000021e-03
-1.000000000000000021e-03 -1.000000000000000021e-03 -1.000000000000000021e-03
0.000000000000000000e+00 0.000000000000000000e+00 0.000000000000000000e+00
-1.998999999999999909e-03 -1.998999999999999909e-03 -1.000000000000000021e-03
0.000000000000000000e+00 -1.000000000000000021e-03 0.000000000000000000e+00
-1.000000000000000021e-03 -1.000000000000000021e-03 -1.000000000000000021e-03
-2.997001000000000005e-03 -1.000000000000000021e-03 -1.000000000000000021e-03
-1.998999999999999909e-03 -1.998999999999999909e-03 -1.000000000000000021e-03
-1.000000000000000021e-03 0.000000000000000000e+00 0.000000000000000000e+00
-1.000000000000000021e-03 0.000000000000000000e+00 0.000000000000000000e+00
0.000000000000000000e+00 0.000000000000000000e+00 0.000000000000000000e+00
0.000000000000000000e+00 0.000000000000000000e+00 0.000000000000000000e+00
-1.000000000000000021e-03 -1.998999999999999909e-03 -1.000000000000000021e-03
-1.000000000000000021e-03 -1.000000000000000021e-03 0.000000000000000000e+00
-1.000000000000000021e-03 -1.000000000000000021e-03 -1.000000000000000021e-03
-1.000000000000000021e-03 -1.000000000000000021e-03 0.000000000000000000e+00
-1.000000000000000021e-03 -1.000000000000000021e-03 -1.000000000000000021e-03
-1.998999999999999909e-03 -1.000000000000000021e-03 -1.000000000000000021e-03
-1.000000000000000021e-03 -1.998999999999999909e-03 0.000000000000000000e+00
0.000000000000000000e+00 0.000000000000000000e+00 -1.998999999999999909e-03
-1.000000000000000021e-03 -1.000000000000000021e-03 -1.000000000000000021e-03
-1.000000000000000021e-03 -1.000000000000000021e-03 0.000000000000000000e+00
-1.998999999999999909e-03 -1.998999999999999909e-03 -1.000000000000000021e-03
-1.998999999999999909e-03 -1.000000000000000021e-03 -1.000000000000000021e-03
-1.000000000000000021e-03 -1.000000000000000021e-03 -1.000000000000000021e-03
-1.000000000000000021e-03 -1.000000000000000021e-03 0.000000000000000000e+00
-1.000000000000000021e-03 0.000000000000000000e+00 0.000000000000000000e+00
0.000000000000000000e+00 -1.000000000000000021e-03 0.000000000000000000e+00
-1.000000000000000021e-03 -1.000000000000000021e-03 0.000000000000000000e+00
-1.998999999999999909e-03 -1.998999999999999909e-03 -1.000000000000000021e-03
0.000000000000000000e+00 0.000000000000000000e+00 0.000000000000000000e+00
0.000000000000000000e+00 0.000000000000000000e+00 0.000000000000000000e+00
0.000000000000000000e+00 0.000000000000000000e+00 0.000000000000000000e+00
0.000000000000000000e+00 0.000000000000000000e+00 0.000000000000000000e+00
-1.000000000000000021e-03 0.000000000000000000e+00 0.000000000000000000e+00
-1.000000000000000021e-03 -1.000000000000000021e-03 -1.000000000000000021e-03
-1.000000000000000021e-03 -1.000000000000000021e-03 -1.000000000000000021e-03
0.000000000000000000e+00 0.000000000000000000e+00 0.000000000000000000e+00
-1.000000000000000021e-03 0.000000000000000000e+00 0.000000000000000000e+00
-1.000000000000000021e-03 -1.000000000000000021e-03 0.000000000000000000e+00
0.000000000000000000e+00 0.000000000000000000e+00 -1.000000000000000021e-03
-1.000000000000000021e-03 -1.000000000000000021e-03 -1.000000000000000021e-03
0.000000000000000000e+00 -1.000000000000000021e-03 -1.998999999999999909e-03
-1.998999999999999909e-03 -1.000000000000000021e-03 -1.000000000000000021e-03
-1.000000000000000021e-03 0.000000000000000000e+00 0.000000000000000000e+00
-1.000000000000000021e-03 0.000000000000000000e+00 0.000000000000000000e+00
-1.000000000000000021e-03 -1.000000000000000021e-03 0.000000000000000000e+00
0.000000000000000000e+00 -1.000000000000000021e-03 0.000000000000000000e+00
0.000000000000000000e+00 0.000000000000000000e+00 -1.000000000000000021e-03
-1.000000000000000021e-03 -1.000000000000000021e-03 0.000000000000000000e+00
0.000000000000000000e+00 0.000000000000000000e+00 0.000000000000000000e+00
0.000000000000000000e+00 0.000000000000000000e+00 0.000000000000000000e+00
0.000000000000000000e+00 0.000000000000000000e+00 0.000000000000000000e+00
0.000000000000000000e+00 0.000000000000000000e+00 0.000000000000000000e+00
0.000000000000000000e+00 0.000000000000000000e+00 0.000000000000000000e+00
0.000000000000000000e+00 0.000000000000000000e+00 0.000000000000000000e+00
0.000000000000000000e+00 0.000000000000000000e+00 0.000000000000000000e+00
0.000000000000000000e+00 0.000000000000000000e+00 0.000000000000000000e+00
0.000000000000000000e+00 0.000000000000000000e+00 0.000000000000000000e+00
0.000000000000000000e+00 0.000000000000000000e+00 0.000000000000000000e+00
0.000000000000000000e+00 0.000000000000000000e+00 0.000000000000000000e+00
0.000000000000000000e+00 0.000000000000000000e+00 0.000000000000000000e+00
0.000000000000000000e+00 0.000000000000000000e+00 0.000000000000000000e+00
0.000000000000000000e+00 0.000000000000000000e+00 0.000000000000000000e+00
0.000000000000000000e+00 0.000000000000000000e+00 0.000000000000000000e+00
0.000000000000000000e+00 0.000000000000000000e+00 0.000000000000000000e+00
0.000000000000000000e+00 0.000000000000000000e+00 0.000000000000000000e+00
0.000000000000000000e+00 0.000000000000000000e+00 0.000000000000000000e+00
0.000000000000000000e+00 0.000000000000000000e+00 0.000000000000000000e+00
0.000000000000000000e+00 0.000000000000000000e+00 0.000000000000000000e+00
0.000000000000000000e+00 0.000000000000000000e+00 0.000000000000000000e+00
