0.000000000000000000e+00 0.000000000000000000e+00 0.000000000000000000e+00
0.000000000000000000e+00 0.000000000000000000e+00 0.000000000000000000e+00
0.000000000000000000e+00 0.000000000000000000e+00 0.000000000000000000e+00
0.000000000000000000e+00 0.000000000000000000e+00 0.000000000000000000e+00
0.000000000000000000e+00 0.000000000000000000e+00 0.000000000000000000e+00
-1.202806925475533861e-01 -1.204425870897161827e-01 -1.198948857003385299e-01
-4.876563486989940466e-01 -4.863938143413588655e-01 -4.851372360143102469e-01
-8.357825749351247557e-01 -8.345795870640592140e-01 -8.364387366020822334e-01
-9.655523875387067578e-01 -9.656731174778580007e-01 -9.654006735175147957e-01
-9.926303853332376637e-01 -9.928487676586356114e-01 -9.932213694444401719e-01
-1.108471753025297435e+00 -1.108479795239532217e+00 -1.108489274535362723e+00
-1.101376906246730014e+00 -1.101045791880883806e+00 -1.099833051404302209e+00
-2.262669246599360029e-01 -2.222338143093952334e-01 -2.254843963411005681e-01
-5.555480340474918885e-03 -5.555555496555900780e-03 0.000000000000000000e+00
-5.555535610952087866e-03 0.000000000000000000e+00 -5.555553098593089822e-03
0.000000000000000000e+00 -5.555554594194871132e-03 0.000000000000000000e+00
0.000000000000000000e+00 0.000000000000000000e+00 0.000000000000000000e+00
0.000000000000000000e+00 0.000000000000000000e+00 0.000000000000000000e+00
-5.555531333716195140e-03 -5.555555555159393498e-03 0.000000000000000000e+00
0.000000000000000000e+00 0.000000000000000000e+00 0.000000000000000000e+00
0.000000000000000000e+00 0.000000000000000000e+00 0.000000000000000000e+00
-5.555555553876690388e-03 -5.555555555155616138e-03 0.000000000000000000e+00
-1.108333332890427958e-02 -5.555555550497628600e-03 -5.555555353401927729e-03
-1.108333332804728802e-02 -5.555555555536616924e-03 0.000000000000000000e+00
-8.332329188138291876e-02 -8.394763096015832315e-02 -8.503533822058630121e-02
-6.074389414680720911e-01 -6.069474160410388563e-01 -6.072059847656812170e-01
-1.022850535397108240e+00 -1.022857797937582580e+00 -1.023128352171218225e+00
-1.089599940576434722e+00 -1.089668057498701215e+00 -1.089622430643349960e+00
-1.102259646399784465e+00 -1.102293318617455720e+00 -1.102266572373377107e+00
-1.107086269503159359e+00 -1.107099856533475535e+00 -1.107090504980489998e+00
-1.107768459288650309e+00 -1.107780928689874989e+00 -1.107777309708518176e+00
-1.105373994386070535e+00 -1.105388301948682095e+00 -1.105377476709192619e+00
-1.105813216856689207e+00 -1.105779307653675492e+00 -1.105798610126773163e+00
-1.027110877577285475e+00 -1.027167014147398527e+00 -1.027081870648818951e+00
0.000000000000000000e+00 0.000000000000000000e+00 -5.555555551184047404e-03
-1.108333333247115554e-02 -5.555555554592973323e-03 -5.555555423416587597e-03
-1.108332911652090864e-02 -1.658298882824478515e-02 -1.108332769940626773e-02
-5.555547112895135170e-03 -1.108333202855059721e-02 -5.555555553540152298e-03
-5.555555554721270869e-03 0.000000000000000000e+00 0.000000000000000000e+00
0.000000000000000000e+00 -5.500281381731509343e-03 0.000000000000000000e+00
0.000000000000000000e+00 0.000000000000000000e+00 0.000000000000000000e+00
0.000000000000000000e+00 0.000000000000000000e+00 0.000000000000000000e+00
-1.658347031297990187e-02 -5.555555550576667806e-03 0.000000000000000000e+00
-2.115259341830929424e-02 -1.618824920704799858e-02 -2.025048981457129929e-02
-4.626516584601034765e-01 -4.632768429871145788e-01 -4.619211301634387756e-01
-1.012583344963223997e+00 -1.012645606173327106e+00 -1.013034604092944324e+00
-1.097582762226019026e+00 -1.097554114544725845e+00 -1.097560828982375059e+00
-1.108695102641081842e+00 -1.108695668441162185e+00 -1.108703964164868161e+00
-1.110548154813367994e+00 -1.110548952709193182e+00 -1.110545321996459833e+00
-1.110904460597855081e+00 -1.110904501787927323e+00 -1.110904547392623787e+00
-1.110921974854790495e+00 -1.110922664268371829e+00 -1.110922620729163368e+00
-1.110654158856923868e+00 -1.110654247859980792e+00 -1.110655080684495033e+00
-1.109148065892263446e+00 -1.109152465931589671e+00 -1.109148981756749697e+00
-1.103289096470531083e+00 -1.103262155325300364e+00 -1.103274466175383051e+00
-1.043279063091826275e+00 -1.043276147475334925e+00 -1.043072942614153176e+00
0.000000000000000000e+00 0.000000000000000000e+00 -1.078401762536219596e-02
-5.555555428802423472e-03 0.000000000000000000e+00 0.000000000000000000e+00
-1.108333302435467356e-02 -1.108333314086293320e-02 -1.108333312562245765e-02
-5.555555552658084442e-03 -5.555555542303212968e-03 -1.108319072718744712e-02
0.000000000000000000e+00 0.000000000000000000e+00 0.000000000000000000e+00
0.000000000000000000e+00 0.000000000000000000e+00 0.000000000000000000e+00
-5.555555554533860019e-03 0.000000000000000000e+00 -5.542122393983038922e-03
-5.555555552753193259e-03 -1.108333332125045756e-02 -1.108333202103728085e-02
-1.666253729692364627e-01 -1.625789008838449401e-01 -1.633940849962987329e-01
-9.151624473902506551e-01 -9.149860642592075877e-01 -9.159896188953501328e-01
-1.094154470283320801e+00 -1.094148413449155255e+00 -1.094132166025673092e+00
-1.109438730712486887e+00 -1.109433981468056496e+00 -1.109435499727364549e+00
-1.110922460878756901e+00 -1.110921886314282014e+00 -1.110923570576370256e+00
-1.111076746893642664e+00 -1.111076771064181345e+00 -1.111076699132348633e+00
-1.111101223282054296e+00 -1.111101219631105419e+00 -1.111101246660277209e+00
-1.111102638317478686e+00 -1.111102596502845596e+00 -1.111102601984403027e+00
-1.111082834411967646e+00 -1.111082811430321504e+00 -1.111082864568663231e+00
-1.110960384541187507e+00 -1.110959882236381757e+00 -1.110959646607733831e+00
-1.109778221478223026e+00 -1.109777854162786959e+00 -1.109773889987253570e+00
-1.097805008058108323e+00 -1.097799034407548557e+00 -1.097874981586746124e+00
-9.225328540315548276e-01 -9.220189320464946547e-01 -9.222235589153812141e-01
-5.555555420253529240e-03 -1.108333328988077814e-02 -5.555555555525512959e-03
-5.555555531495602085e-03 -5.555555555178047847e-03 -5.551134334968180900e-03
-5.555555296147942322e-03 -5.555555465627812564e-03 -5.555555554750251160e-03
-5.555555422368402621e-03 -5.555555551827093784e-03 -5.555555555296749770e-03
0.000000000000000000e+00 0.000000000000000000e+00 0.000000000000000000e+00
-5.555511970812867552e-03 -5.555555554987367910e-03 -5.555553362746977822e-03
-1.069034283294274454e-02 -1.057341522692726438e-02 -1.073819573781555244e-02
-5.132391893916361525e-01 -5.104130050665275364e-01 -5.103027328948964714e-01
-1.069886398968314722e+00 -1.070137079735444807e+00 -1.069866666846182923e+00
-1.107734242427058868e+00 -1.107740755920058495e+00 -1.107732420996158762e+00
-1.110921961704863126e+00 -1.110922249075221746e+00 -1.110922561138077302e+00
-1.111091728421073510e+00 -1.111091793230869929e+00 -1.111091749421593500e+00
-1.111108641494865212e+00 -1.111108656919211901e+00 -1.111108656106286841e+00
-1.111110750805152314e+00 -1.111110749417270949e+00 -1.111110749969120626e+00
-1.111110768572031837e+00 -1.111110768979097552e+00 -1.111110768858502462e+00
-1.111108989001664771e+00 -1.111108991888001940e+00 -1.111108989511009559e+00
-1.111094258399041079e+00 -1.111094360361945199e+00 -1.111094323148939633e+00
-1.110955853169592000e+00 -1.110955355464966043e+00 -1.110955266411170372e+00
-1.108996843058811521e+00 -1.108987916792519623e+00 -1.108992287122610776e+00
-1.091045148079633487e+00 -1.091420992604822837e+00 -1.090836228297114463e+00
-3.188997481071498830e-01 -3.160607599502764931e-01 -3.155553163449657528e-01
-5.555555554610936385e-03 -1.108300876443536753e-02 -5.555555553536982091e-03
-1.108228499949493427e-02 -5.555552510890491430e-03 -5.555555154560972743e-03
0.000000000000000000e+00 0.000000000000000000e+00 0.000000000000000000e+00
0.000000000000000000e+00 0.000000000000000000e+00 0.000000000000000000e+00
0.000000000000000000e+00 0.000000000000000000e+00 0.000000000000000000e+00
-4.497098400059064416e-02 -4.472599378456757618e-02 -4.585025631581901573e-02
-8.254282754927363408e-01 -8.260755117337437170e-01 -8.264354200749572943e-01
-1.097134635123899304e+00 -1.097089955713586695e+00 -1.097124487951924410e+00
-1.110476625346888069e+00 -1.110476055857902988e+00 -1.110476495570563715e+00
-1.111081239926625441e+00 -1.111081273071189202e+00 -1.111081264994094875e+00
-1.111108982115321719e+00 -1.111108987479093813e+00 -1.111108985262621918e+00
-1.111111006063384199e+00 -1.111111005883691716e+00 -1.111111006213300723e+00
-1.111111103167430780e+00 -1.111111103444465620e+00 -1.111111103459016869e+00
-1.111111102007469320e+00 -1.111111102047563470e+00 -1.111111101986123950e+00
-1.111111017651915445e+00 -1.111111016996655154e+00 -1.111111017733182882e+00
-1.111109334634621915e+00 -1.111109329076334973e+00 -1.111109323733809662e+00
-1.111083655026200878e+00 -1.111083680504623805e+00 -1.111083675618664390e+00
-1.110722087884099540e+00 -1.110722781229382949e+00 -1.110722021181150154e+00
-1.102436618859561790e+00 -1.102479409307150382e+00 -1.102465434729384075e+00
-1.014565212697971841e+00 -1.014950389144971599e+00 -1.014912782144768100e+00
-5.349499341462793552e-03 -5.555555555324893056e-03 0.000000000000000000e+00
-5.555555531167846034e-03 -5.555371717989901828e-03 -1.108279963245985440e-02
0.000000000000000000e+00 0.000000000000000000e+00 0.000000000000000000e+00
0.000000000000000000e+00 0.000000000000000000e+00 0.000000000000000000e+00
-5.555555555027005474e-03 -5.555555554734136446e-03 0.000000000000000000e+00
-6.895131851583524707e-02 -7.059384483127199850e-02 -6.659415464238643834e-02
-9.375646860346528166e-01 -9.382358834670752046e-01 -9.378587002526407312e-01
-1.103187447415929334e+00 -1.103183611353740545e+00 -1.103191341821256888e+00
-1.110854604008738145e+00 -1.110854978543206029e+00 -1.110854243172695766e+00
-1.111100774656834433e+00 -1.111100750007178117e+00 -1.111100782567342682e+00
-1.111110722534308870e+00 -1.111110720800652540e+00 -1.111110720507817007e+00
-1.111111104188210241e+00 -1.111111104198148292e+00 -1.111111104219408841e+00
-1.111111110492797760e+00 -1.111111110489709786e+00 -1.111111110492766896e+00
-1.111111110617061692e+00 -1.111111110615845332e+00 -1.111111110612237551e+00
-1.111111100825674214e+00 -1.111111100810128871e+00 -1.111111100774232696e+00
-1.111110909175275552e+00 -1.111110908985611934e+00 -1.111110906574484636e+00
-1.111105803250708401e+00 -1.111105788900207614e+00 -1.111105797362562209e+00
-1.111005286123431635e+00 -1.111005148511877483e+00 -1.111004980683598431e+00
-1.108452891127123197e+00 -1.108436909565502226e+00 -1.108425023550324795e+00
-1.087487956067037187e+00 -1.087491707696678134e+00 -1.087477143511511368e+00
-2.645146442566827585e-02 -2.592879240639705055e-02 -2.537075675184068471e-02
-5.555227404115629236e-03 -5.555555555023059845e-03 0.000000000000000000e+00
0.000000000000000000e+00 0.000000000000000000e+00 0.000000000000000000e+00
0.000000000000000000e+00 0.000000000000000000e+00 0.000000000000000000e+00
-5.555555486906089448e-03 -5.555555555406546490e-03 0.000000000000000000e+00
-6.378348484511392469e-02 -6.485885171377653302e-02 -6.594294011561449564e-02
-9.251708714623194663e-01 -9.252439863324756208e-01 -9.251827785330093423e-01
-1.101446819796679133e+00 -1.101520949361415536e+00 -1.101510882602547037e+00
-1.110792016741106059e+00 -1.110796229234299437e+00 -1.110796111201752812e+00
-1.111098232066861424e+00 -1.111098242193313101e+00 -1.111098388727166153e+00
-1.111110613609231912e+00 -1.111110614753273440e+00 -1.111110613739259678e+00
-1.111111102351397539e+00 -1.111111102678783213e+00 -1.111111102666005213e+00
-1.111111110608345776e+00 -1.111111110608585806e+00 -1.111111110609172004e+00
-1.111111111085311798e+00 -1.111111111087619951e+00 -1.111111111036350296e+00
-1.111111109814593378e+00 -1.111111109817719766e+00 -1.111111109815841713e+00
-1.111111059120347022e+00 -1.111111059046189897e+00 -1.111111057665347124e+00
-1.111109383520263449e+00 -1.111109384028995173e+00 -1.111109386484598005e+00
-1.111061943096433469e+00 -1.111061973849498452e+00 -1.111061649164527987e+00
-1.109445455205192443e+00 -1.109446518297947382e+00 -1.109443761629796743e+00
-1.093162921358162620e+00 -1.093354624211974491e+00 -1.092504535567691670e+00
-1.065687463731544438e-01 -1.078993751981162652e-01 -1.100002346844927981e-01
0.000000000000000000e+00 0.000000000000000000e+00 0.000000000000000000e+00
0.000000000000000000e+00 0.000000000000000000e+00 0.000000000000000000e+00
0.000000000000000000e+00 0.000000000000000000e+00 0.000000000000000000e+00
0.000000000000000000e+00 0.000000000000000000e+00 0.000000000000000000e+00
-1.604586552013241921e-02 -2.536321995201321067e-02 -1.549130111774356389e-02
-7.808940504214194611e-01 -7.799001685901985059e-01 -7.810227756477614580e-01
-1.094305737094549480e+00 -1.094325804523545109e+00 -1.094263022874731206e+00
-1.110303607586015540e+00 -1.110302072663162276e+00 -1.110305433574392930e+00
-1.111065500808244622e+00 -1.111065333533034716e+00 -1.111065532689161861e+00
-1.111108725749736736e+00 -1.111108744370512103e+00 -1.111108738497594173e+00
-1.111110975441560011e+00 -1.111110976032092523e+00 -1.111110976787492710e+00
-1.111111106770415358e+00 -1.111111106836241147e+00 -1.111111106831200068e+00
-1.111111110821833670e+00 -1.111111110823399750e+00 -1.111111110823331138e+00
-1.111111102063335077e+00 -1.111111102137201101e+00 -1.111111102091840053e+00
-1.111110985317118605e+00 -1.111110984546944680e+00 -1.111110984033407911e+00
-1.111107899542311372e+00 -1.111107885696208664e+00 -1.111107883774159255e+00
-1.111052197855834311e+00 -1.111052255253053511e+00 -1.111052216084863709e+00
-1.109048507713707332e+00 -1.109048218229852445e+00 -1.109048796631874945e+00
-1.083703781167273839e+00 -1.083711816910603920e+00 -1.083643118444663767e+00
-1.286270966453290643e-01 -1.278137527697015829e-01 -1.277079527349063715e-01
-1.058501071878605038e-02 -5.555555545656946058e-03 -1.108270400183077910e-02
0.000000000000000000e+00 0.000000000000000000e+00 0.000000000000000000e+00
0.000000000000000000e+00 0.000000000000000000e+00 0.000000000000000000e+00
-1.108333159519420651e-02 -5.555555555514318788e-03 -5.410086125580504911e-03
-1.108333057989013132e-02 -1.108261424578651545e-02 -1.108333319598528086e-02
-4.154822997135877993e-01 -4.171576597044113210e-01 -4.144520119214371578e-01
-1.068708215882278045e+00 -1.068627243443089014e+00 -1.068606759192334499e+00
-1.107201165274015464e+00 -1.107203351398496460e+00 -1.107200286173607884e+00
-1.110890163463708724e+00 -1.110892540915488835e+00 -1.110892790184843770e+00
-1.111092257746763901e+00 -1.111092184302018504e+00 -1.111092190126871548e+00
-1.111109710907744574e+00 -1.111109702831615031e+00 -1.111109708409130592e+00
-1.111110962598012453e+00 -1.111110962333469621e+00 -1.111110962582327444e+00
-1.111111078756437331e+00 -1.111111078898522786e+00 -1.111111078776718442e+00
-1.111110951056867524e+00 -1.111110950899093730e+00 -1.111110949153892191e+00
-1.111109571580905619e+00 -1.111109569182306300e+00 -1.111109564051622423e+00
-1.111089552276576686e+00 -1.111089457224442079e+00 -1.111089460619026692e+00
-1.110843439221665063e+00 -1.110843099592431438e+00 -1.110842991934852364e+00
-1.106145997090371536e+00 -1.106136433411829989e+00 -1.106147569455933066e+00
-1.022813461329068918e+00 -1.022502949818590245e+00 -1.022712100824014314e+00
-4.758216430698734151e-02 -4.308283382215125773e-02 -4.665350837518854321e-02
-1.108330477746917453e-02 -5.555555539583314877e-03 -5.555555012253454543e-03
0.000000000000000000e+00 0.000000000000000000e+00 0.000000000000000000e+00
0.000000000000000000e+00 0.000000000000000000e+00 0.000000000000000000e+00
-5.555555555536616924e-03 0.000000000000000000e+00 0.000000000000000000e+00
-1.108331025820336047e-02 -5.555555555429873317e-03 -1.108333323222735964e-02
-7.404099302373744196e-02 -6.979726884962492162e-02 -7.386922124961138592e-02
-9.007464550538945014e-01 -9.012552668433728709e-01 -9.014599160172701575e-01
-1.094691245178486705e+00 -1.094671127726880577e+00 -1.094634010407527391e+00
-1.109541556072382695e+00 -1.109537032374138255e+00 -1.109534078726092332e+00
-1.110966922812808066e+00 -1.110967391733136855e+00 -1.110968955198588182e+00
-1.111092241732646535e+00 -1.111092198963120614e+00 -1.111092269984726100e+00
-1.111107724544497799e+00 -1.111107714268392055e+00 -1.111107715265757356e+00
-1.111109681516124104e+00 -1.111109682392417364e+00 -1.111109678183354044e+00
-1.111107001010067652e+00 -1.111107010871988043e+00 -1.111106995255965568e+00
-1.111088568663910481e+00 -1.111088594140111629e+00 -1.111088550730229940e+00
-1.110959248621403050e+00 -1.110959390937617641e+00 -1.110959335210955690e+00
-1.109122593927043710e+00 -1.109127288591321259e+00 -1.109120518383522214e+00
-1.094690866229630410e+00 -1.094661146815824715e+00 -1.094650506974208515e+00
-6.621603496552483925e-01 -6.619631524240867648e-01 -6.599661833304661940e-01
0.000000000000000000e+00 -5.554107432331477009e-03 0.000000000000000000e+00
-1.658347222065716109e-02 -1.108333181070123713e-02 -1.108331024983211233e-02
0.000000000000000000e+00 0.000000000000000000e+00 0.000000000000000000e+00
0.000000000000000000e+00 0.000000000000000000e+00 0.000000000000000000e+00
-5.555555554958882016e-03 -5.179836024934111362e-03 -5.555555555177953304e-03
-5.555555527768547830e-03 0.000000000000000000e+00 0.000000000000000000e+00
-1.054772864336408870e-02 -1.108332899875174443e-02 -5.555553809885064795e-03
-3.325411719704762792e-01 -3.293829501738663179e-01 -3.314301020997387215e-01
-1.030813724326461678e+00 -1.030925498219756209e+00 -1.030827963883781173e+00
-1.100139014396345871e+00 -1.100127074678338257e+00 -1.100117253680763740e+00
-1.109530413539121962e+00 -1.109535317535275567e+00 -1.109536354671135649e+00
-1.110879927206571249e+00 -1.110879719729266135e+00 -1.110879789393844241e+00
-1.111056558097760494e+00 -1.111056597930098366e+00 -1.111056531034047445e+00
-1.111077584443983968e+00 -1.111077593054515811e+00 -1.111077329203382202e+00
-1.111048432386710472e+00 -1.111048399539322107e+00 -1.111048619530762060e+00
-1.110860895050403085e+00 -1.110861435354251858e+00 -1.110860303968675078e+00
-1.109330935230165682e+00 -1.109325016003533726e+00 -1.109317616423810549e+00
-1.100842608058108185e+00 -1.100835277340017626e+00 -1.100848415389823032e+00
-9.933603790476763784e-01 -9.928654099831351054e-01 -9.931940625077061435e-01
-9.705342937952010640e-02 -9.628595953882204683e-02 -1.000399940936369941e-01
-5.555555555540023054e-03 -1.658140425359614506e-02 -5.445485655274017248e-03
-5.555555549957526783e-03 -5.555555555189066810e-03 -1.108243829260329577e-02
0.000000000000000000e+00 0.000000000000000000e+00 0.000000000000000000e+00
0.000000000000000000e+00 0.000000000000000000e+00 0.000000000000000000e+00
0.000000000000000000e+00 0.000000000000000000e+00 0.000000000000000000e+00
-1.108309204065433332e-02 -5.555457992630662319e-03 0.000000000000000000e+00
-5.555536985891540956e-03 -5.555555547005794174e-03 0.000000000000000000e+00
-1.572926709410152335e-02 -1.551320693795966120e-02 -2.012991124987266456e-02
-5.504473581469917498e-01 -5.514470800566650954e-01 -5.498025715272764069e-01
-1.052944009959260407e+00 -1.052772923730719068e+00 -1.052756777569751279e+00
-1.099954690762908305e+00 -1.099959338328073910e+00 -1.100012533555194238e+00
-1.107309124188758931e+00 -1.107296136137092546e+00 -1.107304234976776991e+00
-1.109909657350380163e+00 -1.109911691073993900e+00 -1.109907208155459735e+00
-1.110394111924044802e+00 -1.110397253294980402e+00 -1.110395856645744583e+00
-1.109883926597452941e+00 -1.109886105621612717e+00 -1.109883764980760024e+00
-1.107562607069467520e+00 -1.107546028221149115e+00 -1.107541405847690452e+00
-1.100485496267660457e+00 -1.100487257635877070e+00 -1.100484199310531874e+00
-1.042234302080818686e+00 -1.041698892673887933e+00 -1.041674522716436568e+00
-3.581878786218227750e-01 -3.603601501646696015e-01 -3.614458104981003728e-01
-1.029256305075253522e-02 -1.108230234728504321e-02 -5.555555534562005987e-03
-1.108333307422798911e-02 -1.658338256958940410e-02 -1.108333320717826143e-02
0.000000000000000000e+00 -5.555394361091314792e-03 0.000000000000000000e+00
0.000000000000000000e+00 0.000000000000000000e+00 0.000000000000000000e+00
0.000000000000000000e+00 0.000000000000000000e+00 0.000000000000000000e+00
-5.555553534727939412e-03 0.000000000000000000e+00 0.000000000000000000e+00
-1.658321061437950314e-02 -1.108333141583431325e-02 -5.555555538337602142e-03
0.000000000000000000e+00 0.000000000000000000e+00 -5.555549476862284806e-03
-5.555555537865112040e-03 0.000000000000000000e+00 -5.555475122859211343e-03
-4.629916736870690747e-02 -4.575821870342032527e-02 -5.017560900693623926e-02
-6.474586808953864958e-01 -6.455724757741928554e-01 -6.458670163646336171e-01
-1.036709544802618899e+00 -1.036729175759186994e+00 -1.037051563647906516e+00
-1.094644164018084176e+00 -1.094737472939114387e+00 -1.094663862879183602e+00
-1.102777380534754492e+00 -1.102755854094798149e+00 -1.102755915564527234e+00
-1.103771724694322387e+00 -1.103767709063221414e+00 -1.103793679197051514e+00
-1.103158354634548699e+00 -1.103107615442035394e+00 -1.103131065690855062e+00
-1.095247219481897849e+00 -1.095170178155558061e+00 -1.095193842809298213e+00
-1.026729742485644969e+00 -1.026355710335859595e+00 -1.026320657814472348e+00
-4.945751238394109350e-01 -4.942345155491273401e-01 -4.952353150842458973e-01
-1.563092559011135252e-02 -2.010389190152660904e-02 -2.073921548731074913e-02
-5.555555543955063499e-03 -1.108333330508916997e-02 -1.108333333208103358e-02
-5.555228728084974851e-03 0.000000000000000000e+00 -5.555542404424758558e-03
0.000000000000000000e+00 -5.555555542855527239e-03 0.000000000000000000e+00
0.000000000000000000e+00 0.000000000000000000e+00 0.000000000000000000e+00
0.000000000000000000e+00 0.000000000000000000e+00 0.000000000000000000e+00
-5.555555555264332993e-03 -5.555555555254109400e-03 0.000000000000000000e+00
-5.555555116066027664e-03 -5.555555554925381903e-03 0.000000000000000000e+00
0.000000000000000000e+00 -1.108333188679721387e-02 0.000000000000000000e+00
-5.555553282323829646e-03 -1.108333330396482803e-02 -5.555555555518649526e-03
-1.108333293874538134e-02 -5.555555554642580343e-03 0.000000000000000000e+00
-6.523042187191674390e-02 -6.079625362804473576e-02 -6.112073528653768489e-02
-5.992036348790208411e-01 -5.983129906925847008e-01 -5.995016255498870628e-01
-9.671544505692274418e-01 -9.671392415355267724e-01 -9.672883233533017266e-01
-1.058274274556236572e+00 -1.058315006376087775e+00 -1.058572339720197597e+00
-1.075116768118734356e+00 -1.075254633823721884e+00 -1.075224068454504245e+00
-1.054731030244349110e+00 -1.054529263909116832e+00 -1.054619145478570275e+00
-9.395897942038581308e-01 -9.393020548066971509e-01 -9.391825017579353840e-01
-4.795625354126214490e-01 -4.784939746530693094e-01 -4.770685426063318579e-01
-4.049512806906174767e-02 -3.983360453878208307e-02 -3.967628217303128396e-02
-5.555340758447031499e-03 -5.555555555064070443e-03 0.000000000000000000e+00
-5.555555552994322424e-03 -5.555543496442820472e-03 -5.555555553154280408e-03
-5.555555554880094345e-03 0.000000000000000000e+00 0.000000000000000000e+00
-1.108333313346805335e-02 -1.108065332020461216e-02 -1.108332355866508898e-02
0.000000000000000000e+00 0.000000000000000000e+00 0.000000000000000000e+00
0.000000000000000000e+00 0.000000000000000000e+00 0.000000000000000000e+00
-5.555555531513794131e-03 0.000000000000000000e+00 0.000000000000000000e+00
-1.108333319340091237e-02 -1.108333333025974740e-02 -1.108333288204737567e-02
-1.108101921216221933e-02 -5.555555543229140705e-03 0.000000000000000000e+00
-5.555555555463798437e-03 -5.555550637571167114e-03 -5.555555555327273964e-03
-5.555515703678710372e-03 -1.108319991811754224e-02 -1.108332269484580031e-02
-5.555555552099439298e-03 -1.108333297116861210e-02 -5.555555532385170019e-03
-5.004928950926551545e-02 -5.003029738606000476e-02 -5.037895515469396207e-02
-4.965434761403857977e-01 -4.973289146847954534e-01 -4.982042204783296846e-01
-7.689205910918232023e-01 -7.691680216507426060e-01 -7.702748965014867277e-01
-8.280181654824183557e-01 -8.289560495339644008e-01 -8.281906951539407258e-01
-7.333344808447513907e-01 -7.322155299535607620e-01 -7.326705284334086299e-01
-3.787924847300727094e-01 -3.733182522021482597e-01 -3.751440777694576290e-01
-6.016094257190866129e-02 -6.385262764414489922e-02 -5.919137810029027891e-02
0.000000000000000000e+00 0.000000000000000000e+00 0.000000000000000000e+00
-5.555538844218554928e-03 0.000000000000000000e+00 0.000000000000000000e+00
-5.555555550046707182e-03 -5.555555555422099154e-03 0.000000000000000000e+00
0.000000000000000000e+00 0.000000000000000000e+00 0.000000000000000000e+00
-5.555553764853880284e-03 -5.555555555014506791e-03 -5.555555554683204965e-03
0.000000000000000000e+00 0.000000000000000000e+00 0.000000000000000000e+00
0.000000000000000000e+00 0.000000000000000000e+00 0.000000000000000000e+00
0.000000000000000000e+00 0.000000000000000000e+00 0.000000000000000000e+00
-5.555555529209415221e-03 -5.441307377990691092e-03 -5.555555554337190081e-03
-1.108332479158269726e-02 -1.108333186199714909e-02 -5.555555509542182968e-03
0.000000000000000000e+00 0.000000000000000000e+00 -5.555555444052734902e-03
0.000000000000000000e+00 -5.555540179163657305e-03 0.000000000000000000e+00
-5.555555555394933384e-03 -5.555555555314260936e-03 0.000000000000000000e+00
-5.555555082651772794e-03 -5.554888853950390448e-03 0.000000000000000000e+00
-4.988392381146677240e-02 -5.453921278472970841e-02 -5.880204767623754131e-02
-3.011381276802938545e-01 -3.021575190378098519e-01 -3.027748110509078661e-01
-4.038737981804765287e-01 -4.063889628166460488e-01 -4.043615896064355897e-01
-2.445147296000557968e-01 -2.480482321906461174e-01 -2.442914955646926234e-01
-9.259125262748972574e-02 -9.644558031123358355e-02 -9.681800024683176464e-02
-1.108301614365178600e-02 -1.053055555478246870e-02 -5.455638535195044166e-03
-5.555555555242757369e-03 0.000000000000000000e+00 0.000000000000000000e+00
-1.108333331593203824e-02 -1.108333325596869146e-02 -1.108323726304591243e-02
-1.108333013366409256e-02 -5.555553968598409345e-03 -1.108268910417683009e-02
-5.555555554820503991e-03 0.000000000000000000e+00 0.000000000000000000e+00
-5.555555537399470625e-03 -5.555555555369720913e-03 -5.555555555058797751e-03
0.000000000000000000e+00 0.000000000000000000e+00 0.000000000000000000e+00
0.000000000000000000e+00 0.000000000000000000e+00 0.000000000000000000e+00
-5.555555554700397809e-03 -5.552492517922636220e-03 0.000000000000000000e+00
-5.555555540521689255e-03 0.000000000000000000e+00 0.000000000000000000e+00
0.000000000000000000e+00 0.000000000000000000e+00 -5.555404314313101485e-03
-5.555554963013743276e-03 0.000000000000000000e+00 0.000000000000000000e+00
-5.555555552488327005e-03 0.000000000000000000e+00 0.000000000000000000e+00
-5.555555550930059601e-03 -5.555555555103435655e-03 -1.108333310744256256e-02
-5.555501402968447688e-03 -5.555555003543259651e-03 -5.555555553061586327e-03
-5.555554470610304073e-03 -5.555555554802714402e-03 -5.555555471326821537e-03
-4.056842124652074860e-02 -3.994375277705241450e-02 -4.038372043340050094e-02
-1.582470813148093569e-01 -1.545959875464004707e-01 -1.540713513969154680e-01
-4.424291608556200905e-02 -4.473404522122047255e-02 -4.419602554362850322e-02
-2.478119103760632533e-02 -2.477354382227812610e-02 -2.041349379926656743e-02
-5.555553933096328903e-03 -5.555555452526096671e-03 -5.555555555185522770e-03
-1.108333333239229501e-02 0.000000000000000000e+00 0.000000000000000000e+00
-5.555543395909625856e-03 -5.555555554989793920e-03 -1.108320126135583714e-02
-5.555555542072092290e-03 -1.108333321274231238e-02 0.000000000000000000e+00
-5.555457093723905997e-03 -5.555555420323774266e-03 -5.555555518930254018e-03
0.000000000000000000e+00 0.000000000000000000e+00 -1.065954428847670082e-02
0.000000000000000000e+00 0.000000000000000000e+00 0.000000000000000000e+00
0.000000000000000000e+00 0.000000000000000000e+00 0.000000000000000000e+00
0.000000000000000000e+00 0.000000000000000000e+00 -5.525862929210267199e-03
-1.108332965778876730e-02 -1.108333331492006302e-02 -1.658345013001095297e-02
0.000000000000000000e+00 0.000000000000000000e+00 0.000000000000000000e+00
-5.555554974147215892e-03 -5.555466615387884971e-03 -5.555508447391320839e-03
-5.555555454314762241e-03 -1.108333314345399251e-02 -5.555555536458493295e-03
-5.555555555051826765e-03 -5.555555555520731194e-03 0.000000000000000000e+00
-5.555551310783867110e-03 0.000000000000000000e+00 -5.555555366423782157e-03
0.000000000000000000e+00 -5.555555545394257749e-03 0.000000000000000000e+00
-5.555555486067457333e-03 -5.555462048719233235e-03 0.000000000000000000e+00
-5.555555555312272943e-03 0.000000000000000000e+00 -5.059373537389420111e-03
0.000000000000000000e+00 0.000000000000000000e+00 0.000000000000000000e+00
-1.108333324646100342e-02 -1.108333328563672338e-02 -1.108333333085723127e-02
-5.555555552414546613e-03 -5.555555555223224383e-03 0.000000000000000000e+00
0.000000000000000000e+00 0.000000000000000000e+00 -1.108168852109858542e-02
-5.555293981189003520e-03 0.000000000000000000e+00 -5.555543702535710622e-03
-5.555555533134958271e-03 -5.555555554618119875e-03 -5.555555551308933616e-03
-5.555555553674801535e-03 0.000000000000000000e+00 0.000000000000000000e+00
-5.479374457861028135e-03 -5.555555169811082078e-03 -5.555555555402906173e-03
0.000000000000000000e+00 0.000000000000000000e+00 0.000000000000000000e+00
0.000000000000000000e+00 0.000000000000000000e+00 0.000000000000000000e+00
0.000000000000000000e+00 0.000000000000000000e+00 0.000000000000000000e+00
0.000000000000000000e+00 0.000000000000000000e+00 0.000000000000000000e+00
0.000000000000000000e+00 0.000000000000000000e+00 0.000000000000000000e+00
0.000000000000000000e+00 0.000000000000000000e+00 0.000000000000000000e+00
0.000000000000000000e+00 0.000000000000000000e+00 0.000000000000000000e+00
0.000000000000000000e+00 0.000000000000000000e+00 0.000000000000000000e+00
0.000000000000000000e+00 0.000000000000000000e+00 0.000000000000000000e+00
0.000000000000000000e+00 0.000000000000000000e+00 0.000000000000000000e+00
0.000000000000000000e+00 0.000000000000000000e+00 0.000000000000000000e+00
0.000000000000000000e+00 0.000000000000000000e+00 0.000000000000000000e+00
0.000000000000000000e+00 0.000000000000000000e+00 0.000000000000000000e+00
0.000000000000000000e+00 0.000000000000000000e+00 0.000000000000000000e+00
0.000000000000000000e+00 0.000000000000000000e+00 0.000000000000000000e+00
0.000000000000000000e+00 0.000000000000000000e+00 0.000000000000000000e+00
0.000000000000000000e+00 0.000000000000000000e+00 0.000000000000000000e+00
0.000000000000000000e+00 0.000000000000000000e+00 0.000000000000000000e+00
0.000000000000000000e+00 0.000000000000000000e+00 0.000000000000000000e+00
0.000000000000000000e+00 0.000000000000000000e+00 0.000000000000000000e+00
0.000000000000000000e+00 0.000000000000000000e+00 0.000000000000000000e+00
