0.000000000000000000e+00 0.000000000000000000e+00 0.000000000000000000e+00
0.000000000000000000e+00 0.000000000000000000e+00 0.000000000000000000e+00
0.000000000000000000e+00 0.000000000000000000e+00 0.000000000000000000e+00
-1.111092300430697836e-03 0.000000000000000000e+00 0.000000000000000000e+00
-1.110738552340848192e-03 0.000000000000000000e+00 -1.111022838846881201e-03
0.000000000000000000e+00 0.000000000000000000e+00 0.000000000000000000e+00
-3.999889725263656819e-03 -3.998443399521536476e-03 -5.102217081694285054e-03
-1.095676999989410490e-02 -9.970142800348861384e-03 -1.007612512539031793e-02
-2.376297452346266825e-02 -2.387040114794655027e-02 -2.376673922878498948e-02
-2.767095030486595511e-02 -2.669970752994249227e-02 -2.681420693571724689e-02
-5.779913433028707054e-02 -5.863206815385421655e-02 -5.841809815683885604e-02
-4.702491812513761443e-02 -4.711822110206999314e-02 -4.797931598710686307e-02
-2.006262208955943670e-03 -2.007922116214059735e-03 -2.110538678382550132e-03
0.000000000000000000e+00 0.000000000000000000e+00 -1.087078915671371411e-03
-2.220367867867513965e-03 -1.111099541657325704e-03 -2.217860622074076596e-03
-1.072896462159172309e-03 -1.110962466063557166e-03 -1.110995938030672706e-03
-1.111057225008632533e-03 0.000000000000000000e+00 0.000000000000000000e+00
0.000000000000000000e+00 0.000000000000000000e+00 -1.110234722227983889e-03
-1.108750427027720836e-03 0.000000000000000000e+00 0.000000000000000000e+00
0.000000000000000000e+00 0.000000000000000000e+00 0.000000000000000000e+00
0.000000000000000000e+00 0.000000000000000000e+00 0.000000000000000000e+00
-1.111110695610803990e-03 0.000000000000000000e+00 0.000000000000000000e+00
-1.110071014159103595e-03 0.000000000000000000e+00 0.000000000000000000e+00
-2.217186333773115380e-03 -1.111092266126587720e-03 0.000000000000000000e+00
-1.101938051163701754e-03 0.000000000000000000e+00 0.000000000000000000e+00
-2.998601438183396296e-03 -3.218861465124478807e-03 -3.001574974691405620e-03
-2.473022080461227332e-02 -2.289153700088340793e-02 -2.289653876561672380e-02
-5.465788006623881201e-02 -5.466795566468118928e-02 -5.481272899352256089e-02
-1.048813446215686590e-01 -1.039628426287341617e-01 -1.042041490508160834e-01
-1.645345325334016950e-01 -1.637844272037145832e-01 -1.637198183666891960e-01
-1.699184077852342045e-01 -1.698045563141909187e-01 -1.706394686191865795e-01
-1.178028764357177266e-01 -1.178282576554680050e-01 -1.185560980871595282e-01
-7.464660711473207477e-02 -7.635991022220967039e-02 -7.557266973979602509e-02
-2.196686010859213306e-02 -2.183266778608961359e-02 -2.127421496667741135e-02
-1.111107978539593172e-03 -1.111110429031463140e-03 0.000000000000000000e+00
-3.276701490964067064e-03 -3.271735740820363829e-03 -2.205440563944904148e-03
-1.111106213468961417e-03 -1.076564933694118022e-03 -2.135758728433901493e-03
-2.217617584875379751e-03 -2.221094046191986280e-03 -1.111099236211019435e-03
-1.110978832563816595e-03 -1.111101589372918714e-03 -1.111066319709408433e-03
0.000000000000000000e+00 0.000000000000000000e+00 -1.103652656576383645e-03
0.000000000000000000e+00 0.000000000000000000e+00 0.000000000000000000e+00
-1.110495043213787338e-03 -1.110846164027560817e-03 -1.111102310072278280e-03
-1.109717620183731709e-03 -1.111103888984780108e-03 -1.111092992690271069e-03
-2.210335246395962999e-03 -1.111001050849459541e-03 -1.110653771622688996e-03
-2.110106517393120149e-03 -3.110300326498581514e-03 -3.110482815897786749e-03
-2.376186474567996629e-02 -2.278942323695238789e-02 -2.287035276914892862e-02
-7.183505860800187826e-02 -7.181478241451490219e-02 -7.096814669375871298e-02
-2.267396087339633992e-01 -2.262901963138695127e-01 -2.266188321922500970e-01
-3.783616647383060694e-01 -3.782104763265790592e-01 -3.783904084077605035e-01
-4.942165274159053268e-01 -4.939043837653587232e-01 -4.949602070064502146e-01
-4.999959603870184899e-01 -4.995591211616373650e-01 -5.000302886870464647e-01
-4.033213488021235027e-01 -4.028219128333880850e-01 -4.025555342822569327e-01
-2.466424695656207200e-01 -2.468144248444213984e-01 -2.465024920326962243e-01
-9.625356727534233048e-02 -9.610755192197700802e-02 -9.682881920803342035e-02
-2.086070689701932310e-02 -1.999393392225385854e-02 -1.997246290584341402e-02
-1.110668002101501033e-03 -2.194704224815217670e-03 -1.110812477169718319e-03
-2.186947754732304280e-03 0.000000000000000000e+00 0.000000000000000000e+00
-1.104214156099330574e-03 -1.111107313909680218e-03 0.000000000000000000e+00
0.000000000000000000e+00 0.000000000000000000e+00 0.000000000000000000e+00
0.000000000000000000e+00 0.000000000000000000e+00 0.000000000000000000e+00
0.000000000000000000e+00 0.000000000000000000e+00 0.000000000000000000e+00
0.000000000000000000e+00 -1.106976594183100258e-03 0.000000000000000000e+00
-2.149714219660234932e-03 -1.109787116947794213e-03 -1.083757897663369064e-03
-1.111099580213429543e-03 -1.001196015915284702e-03 0.000000000000000000e+00
-1.491087162151080725e-02 -1.590355598598936285e-02 -1.493267952893309082e-02
-6.460440183856365481e-02 -6.431081653344479510e-02 -6.369493376622739622e-02
-2.689751449311615916e-01 -2.690102675225704565e-01 -2.696663745232256160e-01
-5.620911421476740832e-01 -5.618102634976487320e-01 -5.621562236704215065e-01
-8.382719005885529429e-01 -8.384441609983080967e-01 -8.383629859899445202e-01
-9.531828238088059235e-01 -9.532780404221473658e-01 -9.531991302966500434e-01
-9.577831343312545043e-01 -9.579353556076701803e-01 -9.577973042221500366e-01
-8.625500204857321496e-01 -8.626092104089961854e-01 -8.626833303925619534e-01
-6.278791382136865717e-01 -6.283720553325511382e-01 -6.280991454299236221e-01
-3.086207909879594702e-01 -3.087663069361560320e-01 -3.081597490526087335e-01
-9.691438466582370792e-02 -9.602895833797273073e-02 -9.607836221649701525e-02
-1.306806999660382190e-02 -1.108059261995994471e-02 -1.306367630707866781e-02
-1.110591962741596045e-03 0.000000000000000000e+00 0.000000000000000000e+00
-2.212251083852969855e-03 -1.110540016469133487e-03 0.000000000000000000e+00
-2.197719517023295158e-03 -1.110230578080332112e-03 -2.200530437684354926e-03
0.000000000000000000e+00 0.000000000000000000e+00 0.000000000000000000e+00
0.000000000000000000e+00 0.000000000000000000e+00 0.000000000000000000e+00
0.000000000000000000e+00 0.000000000000000000e+00 0.000000000000000000e+00
-1.027261850454058538e-03 -1.008921920531913796e-03 -1.110992971064434041e-03
-4.056642428281510143e-03 -4.217515428742451070e-03 -3.110986006577222754e-03
-3.747312956425810637e-02 -3.838774952885604802e-02 -3.842305578653334996e-02
-1.935595936167661402e-01 -1.936485154564796529e-01 -1.938565568270698425e-01
-5.697475483101718252e-01 -5.697615183072121114e-01 -5.695066590058300848e-01
-9.543301503547217957e-01 -9.542197981065475565e-01 -9.543215937261261272e-01
-1.077105317889987424e+00 -1.077107415583110184e+00 -1.077124651897910068e+00
-1.099844998184215106e+00 -1.099847238189005649e+00 -1.099838329628424649e+00
-1.100468432774022176e+00 -1.100465614736702902e+00 -1.100461438016856475e+00
-1.085174258578277984e+00 -1.085179948935689254e+00 -1.085173346349848966e+00
-9.931768077725771082e-01 -9.931790218166958173e-01 -9.931575061591827458e-01
-6.804215228792693804e-01 -6.808123854797005770e-01 -6.807426532864033764e-01
-2.623699825514895223e-01 -2.624719618890448136e-01 -2.621418378385008130e-01
-6.335828369067646182e-02 -6.355935074527808981e-02 -6.325859888684014221e-02
-4.102338402905266954e-03 -3.219696919794644285e-03 -3.219344498081291341e-03
-1.110990229680883104e-03 -1.111027773117221609e-03 0.000000000000000000e+00
-3.290401050600107527e-03 -2.221034317197219214e-03 -2.220364975921457207e-03
0.000000000000000000e+00 0.000000000000000000e+00 0.000000000000000000e+00
0.000000000000000000e+00 0.000000000000000000e+00 0.000000000000000000e+00
-1.111085525444491674e-03 0.000000000000000000e+00 0.000000000000000000e+00
-2.220082181280778975e-03 -1.111067254941175680e-03 -1.057869732286111000e-03
-1.018010594380494051e-02 -1.095554334721422426e-02 -1.107204015954411230e-02
-7.261674086743696854e-02 -7.287537270692466540e-02 -7.319377971310087050e-02
-3.676838082411916231e-01 -3.671880307748079386e-01 -3.679131316676173546e-01
-8.754549581132409219e-01 -8.755716013776529971e-01 -8.754676442833932981e-01
-1.081989479516145547e+00 -1.081999783174392604e+00 -1.081999251976313303e+00
-1.107440567412788512e+00 -1.107437140652347995e+00 -1.107437370292695622e+00
-1.110348466887443264e+00 -1.110348576105682827e+00 -1.110348996529974874e+00
-1.110475065909787729e+00 -1.110475156436407929e+00 -1.110475312223193622e+00
-1.108626625304365509e+00 -1.108626488146481792e+00 -1.108626818039193163e+00
-1.096242277585897762e+00 -1.096234460236506836e+00 -1.096233595621169510e+00
-9.736057252899981140e-01 -9.737064574439855402e-01 -9.736984560764049279e-01
-5.161937637861583328e-01 -5.164584284634692324e-01 -5.166545380990783531e-01
-1.380489270559110693e-01 -1.381706989110418893e-01 -1.385189518029311950e-01
-1.600777193569595871e-02 -1.689139090627567522e-02 -1.601485183337103893e-02
-2.221010340659020348e-03 -2.221089276324537780e-03 -2.221038166578184238e-03
-2.220760658875439025e-03 -1.111074024740307982e-03 -2.178671759058926471e-03
-1.111108746910963825e-03 0.000000000000000000e+00 0.000000000000000000e+00
0.000000000000000000e+00 0.000000000000000000e+00 0.000000000000000000e+00
0.000000000000000000e+00 0.000000000000000000e+00 0.000000000000000000e+00
-1.109957941856493796e-03 -2.212811959943876416e-03 -2.210484374299281646e-03
-1.599972178695141176e-02 -1.612090387448919179e-02 -1.514606210434179048e-02
-1.118934957430187810e-01 -1.105329717139961060e-01 -1.110441502314948037e-01
-4.843661599441504984e-01 -4.844842818826040065e-01 -4.847019021151570128e-01
-9.896915740330117783e-01 -9.896184121664777233e-01 -9.896276301942105169e-01
-1.103253927627805941e+00 -1.103255483873355480e+00 -1.103255153593374782e+00
-1.110533555431375552e+00 -1.110533407475579049e+00 -1.110533340869197083e+00
-1.111054290283731483e+00 -1.111054292903715490e+00 -1.111054273288275995e+00
-1.111080482955236093e+00 -1.111080475694608660e+00 -1.111080478306751163e+00
-1.110787238014019129e+00 -1.110787244807948326e+00 -1.110787167490720817e+00
-1.107522160807431044e+00 -1.107522190503967385e+00 -1.107518558828385569e+00
-1.068188106472943932e+00 -1.068233642446758669e+00 -1.068207383185193038e+00
-7.303378841230661056e-01 -7.299024164735288256e-01 -7.309444636955222396e-01
-2.256371615868003611e-01 -2.256869912574868409e-01 -2.263810814414121408e-01
-3.845640982715393952e-02 -3.844970383778267137e-02 -3.866364640306359929e-02
-2.110107809948966791e-03 -1.068797326816376281e-03 -1.111054277918151591e-03
-1.111062381020541624e-03 -1.111096706046941184e-03 0.000000000000000000e+00
0.000000000000000000e+00 0.000000000000000000e+00 0.000000000000000000e+00
0.000000000000000000e+00 0.000000000000000000e+00 0.000000000000000000e+00
0.000000000000000000e+00 -2.209451442382135561e-03 0.000000000000000000e+00
-1.111080655978156527e-03 -1.111074929773555762e-03 0.000000000000000000e+00
-1.397263816442539247e-02 -1.402787870830997027e-02 -1.492448722905634524e-02
-1.075477747511321830e-01 -1.066840227489905951e-01 -1.071027124393757607e-01
-4.941543949260754354e-01 -4.933557225516517208e-01 -4.939049855460923566e-01
-9.920454510468049714e-01 -9.921248711463340753e-01 -9.920928223407630142e-01
-1.103467939966961575e+00 -1.103469575982013895e+00 -1.103468322280553915e+00
-1.110631513853980179e+00 -1.110632031552337917e+00 -1.110631859854659842e+00
-1.111085655690090324e+00 -1.111085665060966399e+00 -1.111085663945119206e+00
-1.111107162039723706e+00 -1.111107162342899857e+00 -1.111107154814041653e+00
-1.111011606246224526e+00 -1.111011636322625229e+00 -1.111011643763673895e+00
-1.109314574168829504e+00 -1.109313591223300755e+00 -1.109314659632693267e+00
-1.083957413458356056e+00 -1.083961692203867955e+00 -1.083925711197791797e+00
-8.010474510655731795e-01 -8.010687784346667284e-01 -8.015344423542255514e-01
-2.630035077037848890e-01 -2.624500530683341326e-01 -2.627182306993025018e-01
-4.632935474350756422e-02 -4.700985837703235137e-02 -4.699232059967295427e-02
-1.110236946836390664e-03 -2.109948333593460092e-03 -2.110107850913408266e-03
-1.107874538372523657e-03 -1.111092703767522930e-03 -1.109217716571424608e-03
0.000000000000000000e+00 0.000000000000000000e+00 0.000000000000000000e+00
0.000000000000000000e+00 0.000000000000000000e+00 0.000000000000000000e+00
-1.111101462998236294e-03 0.000000000000000000e+00 0.000000000000000000e+00
-2.216583441783255212e-03 -2.183771913840365942e-03 -2.218206338139224430e-03
-5.988614794038223804e-03 -5.986613955463444478e-03 -6.208445989032109619e-03
-7.350475517143825743e-02 -7.457836423462083086e-02 -7.380868095304177201e-02
-3.693395528333416888e-01 -3.690646102334617096e-01 -3.692100965396666878e-01
-8.940267340832552811e-01 -8.938445094755080866e-01 -8.940346636832458005e-01
-1.090480684710523729e+00 -1.090495204863400902e+00 -1.090510338855943395e+00
-1.108974366689993607e+00 -1.108975931563955575e+00 -1.108975119945761145e+00
-1.110874464771035131e+00 -1.110874637230094830e+00 -1.110874511076757720e+00
-1.111015720417946273e+00 -1.111015709910338600e+00 -1.111015713845021846e+00
-1.110591605072093868e+00 -1.110591467480179784e+00 -1.110591839439801332e+00
-1.107164542128865392e+00 -1.107163700968674558e+00 -1.107165164490932607e+00
-1.065658275193402282e+00 -1.065670014021392387e+00 -1.065621822005176078e+00
-7.336783348757812684e-01 -7.336753148434158600e-01 -7.339762872112932657e-01
-2.324403414793344003e-01 -2.321180615842048378e-01 -2.325786691565455144e-01
-3.855025778377548645e-02 -3.936240507149505602e-02 -3.939583280720621722e-02
-1.108901473382469752e-03 -1.111058011873419403e-03 -2.110077202775330514e-03
-1.110804038986807664e-03 -1.111095311157559449e-03 0.000000000000000000e+00
0.000000000000000000e+00 0.000000000000000000e+00 -1.111103114262098485e-03
0.000000000000000000e+00 0.000000000000000000e+00 0.000000000000000000e+00
-1.111026713538131342e-03 -1.110329778184137965e-03 -1.100630470103107061e-03
-1.111103592591163860e-03 -1.111110619697179645e-03 0.000000000000000000e+00
-2.110088876410651064e-03 -2.997500160415001759e-03 -3.108614471691173095e-03
-3.933778821473937065e-02 -3.847416103229651940e-02 -3.837354414056359797e-02
-2.012189640600417773e-01 -2.011748874845534496e-01 -2.005200199703945918e-01
-6.333151798035503433e-01 -6.334120180245857989e-01 -6.334544623098253835e-01
-1.007292063514513503e+00 -1.007274273872531323e+00 -1.007447132731910111e+00
-1.095186451002072126e+00 -1.095190821344207865e+00 -1.095198604578087709e+00
-1.107344488816111694e+00 -1.107346260209749245e+00 -1.107345221403631896e+00
-1.108932159371200710e+00 -1.108932377535050584e+00 -1.108930929505784757e+00
-1.106222401566145486e+00 -1.106220722122317701e+00 -1.106222801208766260e+00
-1.087606878123998699e+00 -1.087604656457366481e+00 -1.087612572094958541e+00
-9.464724370977838364e-01 -9.464341715085036189e-01 -9.465010920841682163e-01
-5.092854975799356865e-01 -5.092411954987932088e-01 -5.096314607247693917e-01
-1.335225383831542267e-01 -1.333973824129109642e-01 -1.327507212199121878e-01
-2.118064375998047338e-02 -2.204669939835707596e-02 -2.191596017264252003e-02
-1.111110661509533137e-03 -1.000299929886627618e-03 0.000000000000000000e+00
0.000000000000000000e+00 -1.110585708480096075e-03 0.000000000000000000e+00
0.000000000000000000e+00 0.000000000000000000e+00 0.000000000000000000e+00
0.000000000000000000e+00 0.000000000000000000e+00 0.000000000000000000e+00
0.000000000000000000e+00 0.000000000000000000e+00 0.000000000000000000e+00
-1.063597815263749632e-03 -1.111095035842725150e-03 0.000000000000000000e+00
0.000000000000000000e+00 0.000000000000000000e+00 0.000000000000000000e+00
-1.293859140116789333e-02 -1.393084899050890321e-02 -1.402780265989597534e-02
-7.753445702261772821e-02 -7.836248115954631832e-02 -7.737812392507630033e-02
-3.017637739748683656e-01 -3.023586622797551637e-01 -3.015594618146807404e-01
-6.891830611688987140e-01 -6.895191665362983002e-01 -6.893833980718777621e-01
-9.642851102080303161e-01 -9.643347717193468949e-01 -9.643877669235152439e-01
-1.057059679688203913e+00 -1.057106856074084611e+00 -1.057122597573596723e+00
-1.073221599077536670e+00 -1.073193697146193060e+00 -1.073213332715114987e+00
-1.050899213643786689e+00 -1.050898641392737254e+00 -1.050941789844434204e+00
-9.344728334983747331e-01 -9.343899660829377840e-01 -9.344439530279119444e-01
-6.195353734599078344e-01 -6.195539416107644914e-01 -6.197448555202618170e-01
-2.483120927630363406e-01 -2.496456091312274916e-01 -2.484510144349193206e-01
-5.890053652111509885e-02 -5.859703922076392457e-02 -5.854714002930808125e-02
-7.101785966795473755e-03 -6.318106305728965998e-03 -6.993176407537249860e-03
-1.110859696703825122e-03 -1.111011621062416846e-03 -1.111100552223531724e-03
-1.110959162246491104e-03 -1.050589947172535059e-03 -1.111106696170867641e-03
0.000000000000000000e+00 0.000000000000000000e+00 0.000000000000000000e+00
0.000000000000000000e+00 0.000000000000000000e+00 0.000000000000000000e+00
0.000000000000000000e+00 -2.191363685099528315e-03 0.000000000000000000e+00
-1.111107849212995347e-03 0.000000000000000000e+00 -1.111099559192972250e-03
-1.111054226722201768e-03 -1.111102330157349907e-03 -1.111060624022793160e-03
-3.219003067128058115e-03 -2.104367771022346012e-03 -1.999499418200538503e-03
-2.671518796904628207e-02 -2.582941068765719564e-02 -2.584968031127385379e-02
-1.015211459404736088e-01 -1.023957865036037862e-01 -1.017104310053181526e-01
-2.841552279700711447e-01 -2.844466871999649094e-01 -2.838250932183588593e-01
-5.382381012312396074e-01 -5.384818987164488036e-01 -5.385993241043726121e-01
-7.275894335479099473e-01 -7.273955866724989283e-01 -7.275808325785574349e-01
-7.780268020670655371e-01 -7.778675959342519208e-01 -7.777869877403991161e-01
-7.124850071437351939e-01 -7.122351690272856750e-01 -7.123431522395726745e-01
-5.038892600023675561e-01 -5.038145967748929310e-01 -5.035225263356193359e-01
-2.592969284738222413e-01 -2.596228942540788065e-01 -2.591328655108079970e-01
-8.118985958938582104e-02 -8.118274983854004145e-02 -8.033465502907299882e-02
-1.986180334095620850e-02 -2.082449092514153388e-02 -2.005102436264094568e-02
-2.110494841966074637e-03 -1.110726505845708884e-03 -2.218810904104072303e-03
-1.111082004555183269e-03 0.000000000000000000e+00 0.000000000000000000e+00
-3.294899606369136331e-03 -2.220492350030022887e-03 -2.221104770167324667e-03
0.000000000000000000e+00 0.000000000000000000e+00 0.000000000000000000e+00
0.000000000000000000e+00 0.000000000000000000e+00 0.000000000000000000e+00
-1.110764517920597013e-03 -1.111090722917184572e-03 0.000000000000000000e+00
0.000000000000000000e+00 0.000000000000000000e+00 -2.162947029825259583e-03
-2.218587623789360606e-03 -1.110993067358764189e-03 -2.220136546053833385e-03
-1.097602410745932315e-03 -1.111080292917617212e-03 -2.209403218610592710e-03
-4.106158999957822651e-03 -3.108903182420060494e-03 -4.219031317164947774e-03
-2.963823964728276930e-02 -2.907208261431645097e-02 -2.964646580917330507e-02
-8.673590854586282761e-02 -8.588584990613351566e-02 -8.669625141088205256e-02
-1.795733282919581009e-01 -1.795337883554378178e-01 -1.792118953554728555e-01
-2.761226934056966731e-01 -2.757858685618783667e-01 -2.758251564107672693e-01
-3.233677614582457505e-01 -3.235241230590735206e-01 -3.234024020846856251e-01
-2.655560399675883088e-01 -2.649886615408296731e-01 -2.653746522321398515e-01
-1.682689151106688263e-01 -1.685859965019151085e-01 -1.680481226356475843e-01
-7.361961526904328701e-02 -7.358114742060041513e-02 -7.446806389832316686e-02
-2.487384708238509629e-02 -2.572767535622332014e-02 -2.475141941159441847e-02
-2.092873064485400395e-03 -2.001385950773178560e-03 -1.110983848568361044e-03
-2.185575598937877524e-03 -2.221100108604680528e-03 -3.295244017582306395e-03
-1.111110471589238802e-03 -1.111110512534386249e-03 0.000000000000000000e+00
-1.110912271668211288e-03 -1.110486637985024123e-03 0.000000000000000000e+00
0.000000000000000000e+00 0.000000000000000000e+00 0.000000000000000000e+00
0.000000000000000000e+00 0.000000000000000000e+00 0.000000000000000000e+00
-1.111098960043438227e-03 -1.111087408485182063e-03 -1.111110696495698795e-03
-3.325465517294726690e-03 -2.221024044251160290e-03 -3.328916044455175992e-03
0.000000000000000000e+00 -2.207322283029299059e-03 -1.106369839638363236e-03
0.000000000000000000e+00 0.000000000000000000e+00 0.000000000000000000e+00
-1.111081061049593206e-03 -2.208349526514259784e-03 -1.111103621089955078e-03
-5.104070355535062810e-03 -5.102909252668602277e-03 -4.993508762660458025e-03
-2.396891080352022210e-02 -2.474450364980249409e-02 -2.409424144328159781e-02
-5.584619601777453257e-02 -5.670879417320755927e-02 -5.657722462654699719e-02
-7.923597754930489234e-02 -7.725154407803863643e-02 -7.656515949311080982e-02
-9.210414834089718228e-02 -9.212046432840763355e-02 -9.225965031480105882e-02
-7.939673011167414085e-02 -8.000447916547910598e-02 -7.928303667909408770e-02
-5.274739189785943028e-02 -5.191076044319651445e-02 -5.275279484142290226e-02
-1.787723868585327711e-02 -1.794807371919222849e-02 -1.884980621041547344e-02
-3.996200471431862397e-03 -2.998396577117840023e-03 -3.109164625499278439e-03
-1.111105189537105447e-03 0.000000000000000000e+00 0.000000000000000000e+00
-1.111108801469406875e-03 -1.102224709465375509e-03 0.000000000000000000e+00
0.000000000000000000e+00 0.000000000000000000e+00 0.000000000000000000e+00
0.000000000000000000e+00 0.000000000000000000e+00 -1.104982435717227719e-03
0.000000000000000000e+00 0.000000000000000000e+00 0.000000000000000000e+00
0.000000000000000000e+00 0.000000000000000000e+00 0.000000000000000000e+00
0.000000000000000000e+00 0.000000000000000000e+00 0.000000000000000000e+00
-2.192248432367505453e-03 -2.217420929366768333e-03 -1.111108741362994189e-03
-1.111096276498624779e-03 -2.152611833707650680e-03 -1.111065275538358895e-03
-1.108031801935463988e-03 -2.212729440342396745e-03 -1.111051034423139955e-03
-3.329764429736102420e-03 -2.221070583770202653e-03 -2.221049832069848899e-03
-2.221088799227445044e-03 -1.111109865922603902e-03 -1.111099787021393309e-03
-4.992695492201560878e-03 -5.213233681622238963e-03 -5.212183332278460396e-03
-1.589347151702823549e-02 -1.490915832792152201e-02 -1.512619190641806624e-02
-2.885128676558296884e-02 -3.069425876119053279e-02 -2.982227678256511860e-02
-3.252984325172344343e-02 -3.349628638963539351e-02 -3.468451040249800887e-02
-2.669195345209088646e-02 -2.592710049378964265e-02 -2.766236027543667389e-02
-1.321299570206938001e-02 -1.402810571157645306e-02 -1.292935059050170747e-02
-3.108476283781182788e-03 -4.105908945300034557e-03 -3.215233698193236799e-03
0.000000000000000000e+00 0.000000000000000000e+00 0.000000000000000000e+00
-1.111108033981353079e-03 0.000000000000000000e+00 0.000000000000000000e+00
-1.111070692647035674e-03 0.000000000000000000e+00 0.000000000000000000e+00
-2.220735758386465329e-03 -2.195943047612443182e-03 -2.221103535400680701e-03
-1.110853546006944055e-03 -1.109331855540686331e-03 0.000000000000000000e+00
0.000000000000000000e+00 0.000000000000000000e+00 0.000000000000000000e+00
0.000000000000000000e+00 0.000000000000000000e+00 0.000000000000000000e+00
-1.111109531720686893e-03 0.000000000000000000e+00 0.000000000000000000e+00
-1.097750440742653513e-03 -1.111109982943949423e-03 -1.111109959327379786e-03
-1.111109182642534875e-03 -2.212977932255279136e-03 0.000000000000000000e+00
-2.221010243007227013e-03 -2.158482803184304417e-03 -1.111085012233594283e-03
-2.221066375728756107e-03 0.000000000000000000e+00 0.000000000000000000e+00
-1.111092771950092546e-03 -2.221107931421311549e-03 -1.086905641880534608e-03
-1.110328445185761355e-03 -1.111018362239287035e-03 0.000000000000000000e+00
-5.209022253351463724e-03 -6.206996833951840958e-03 -4.991516740562318595e-03
-6.096711450374384805e-03 -6.980264740177693356e-03 -7.091620304460430693e-03
-8.191265712811746785e-03 -8.085210684611387338e-03 -9.203660703713709493e-03
-7.091438423360455455e-03 -8.083095133491844525e-03 -5.986427453800433757e-03
-3.219024824350666305e-03 -2.997600150450909981e-03 -4.105382452929768645e-03
-2.221000695370345390e-03 -2.221094140255380073e-03 -2.221073740919427865e-03
-1.110646203318351377e-03 -3.329476206133913374e-03 -2.137386034767477759e-03
-1.111110680606365760e-03 0.000000000000000000e+00 0.000000000000000000e+00
0.000000000000000000e+00 0.000000000000000000e+00 0.000000000000000000e+00
-1.111088288086927020e-03 -2.146111185773875475e-03 0.000000000000000000e+00
-1.107259364638012037e-03 -2.155710782956051473e-03 -2.220639742524159726e-03
0.000000000000000000e+00 0.000000000000000000e+00 0.000000000000000000e+00
0.000000000000000000e+00 0.000000000000000000e+00 0.000000000000000000e+00
-1.111108126297367287e-03 -1.111087619918888977e-03 0.000000000000000000e+00
-2.209488167564212409e-03 -1.110985746970041691e-03 -1.111099517675063130e-03
-2.216991722514079569e-03 -2.221036275374941617e-03 -3.298610378443333525e-03
-1.110975875138591308e-03 -2.199550377758482250e-03 0.000000000000000000e+00
-2.221012597862002599e-03 -2.220184495801403451e-03 -3.326338768681059641e-03
-1.111092661790302402e-03 0.000000000000000000e+00 0.000000000000000000e+00
-1.111093257568504782e-03 0.000000000000000000e+00 0.000000000000000000e+00
-1.111096386097624794e-03 -2.221084126156552992e-03 -1.111110436854570536e-03
-2.109873352262230193e-03 -3.197582462680965618e-03 -2.997611030262273442e-03
-4.181504953531692791e-03 -4.105212760002029636e-03 -3.108209639481938555e-03
-2.109902556742219472e-03 -1.111087176730666745e-03 -2.107291026224811237e-03
-1.111110622975930396e-03 0.000000000000000000e+00 0.000000000000000000e+00
-1.111109242545907502e-03 0.000000000000000000e+00 0.000000000000000000e+00
-1.111092527283391584e-03 -1.111092980481988507e-03 -1.111106220028875271e-03
-1.107072630008657833e-03 0.000000000000000000e+00 -1.110991592792562625e-03
-1.110764358575441237e-03 -1.111076451279074126e-03 -1.111110286569672728e-03
-1.111076139494122754e-03 -2.221108822887720921e-03 -1.093937311922083553e-03
-1.109539701167544263e-03 -1.109506286431381338e-03 0.000000000000000000e+00
-1.108748077005160823e-03 0.000000000000000000e+00 0.000000000000000000e+00
0.000000000000000000e+00 0.000000000000000000e+00 0.000000000000000000e+00
-2.196581556721881670e-03 -1.111101572067963936e-03 0.000000000000000000e+00
-5.388290861311389839e-03 -1.111103936629143822e-03 -1.111097806679467925e-03
-3.328838987596769751e-03 -2.220200901880962571e-03 -2.221001437598760838e-03
-1.105945486640432700e-03 0.000000000000000000e+00 -1.110551734192171238e-03
-1.111078257074495307e-03 0.000000000000000000e+00 -1.105031223081024598e-03
0.000000000000000000e+00 -1.111105786548028350e-03 -2.220447981364805784e-03
-1.106243441078904981e-03 -2.198558516059169986e-03 -1.110899879694482451e-03
-1.072299674838783461e-03 -1.111105383343908518e-03 0.000000000000000000e+00
-1.110435369865145350e-03 0.000000000000000000e+00 0.000000000000000000e+00
-1.110310078972908277e-03 0.000000000000000000e+00 -1.111108707250827972e-03
-1.111104627999284214e-03 -1.111110697739493358e-03 0.000000000000000000e+00
-1.109388397700951812e-03 -3.329650536354314232e-03 -1.111101360088541856e-03
-1.098837853991118784e-03 -1.099124918303774970e-03 0.000000000000000000e+00
-1.110927709795046792e-03 -1.111015221224041609e-03 0.000000000000000000e+00
-2.119655559776980214e-03 -2.220932285449356974e-03 -1.111100932930362151e-03
-2.208802946446311675e-03 -2.154594766981812390e-03 -1.110572905746826490e-03
-1.110449108715898161e-03 0.000000000000000000e+00 -1.111107939177578656e-03
-2.200872954320548785e-03 -1.111110508737309446e-03 0.000000000000000000e+00
0.000000000000000000e+00 0.000000000000000000e+00 0.000000000000000000e+00
0.000000000000000000e+00 0.000000000000000000e+00 0.000000000000000000e+00
-2.221071479542698762e-03 0.000000000000000000e+00 0.000000000000000000e+00
-1.111057851256404272e-03 0.000000000000000000e+00 0.000000000000000000e+00
-2.220785260611660150e-03 -1.111107812920012405e-03 0.000000000000000000e+00
-1.111089241354060219e-03 -1.111103832162958771e-03 0.000000000000000000e+00
0.000000000000000000e+00 -1.092983281703713803e-03 0.000000000000000000e+00
-1.111054844937167316e-03 0.000000000000000000e+00 0.000000000000000000e+00
-1.110895551067909602e-03 -1.110866582144037903e-03 0.000000000000000000e+00
0.000000000000000000e+00 -1.109440424376944125e-03 0.000000000000000000e+00
-1.111106271527488804e-03 -1.110141398242094502e-03 -2.221109626543500866e-03
0.000000000000000000e+00 0.000000000000000000e+00 0.000000000000000000e+00
-1.111109276771113288e-03 0.000000000000000000e+00 0.000000000000000000e+00
-1.111027311199330953e-03 0.000000000000000000e+00 -1.110935483838953455e-03
-1.110999255701751324e-03 -2.221102082447828484e-03 -2.218199882239554107e-03
0.000000000000000000e+00 -1.108565327640211127e-03 0.000000000000000000e+00
0.000000000000000000e+00 -1.089824342128638658e-03 0.000000000000000000e+00
0.000000000000000000e+00 0.000000000000000000e+00 -1.109166426494091751e-03
-1.110460613841896330e-03 -1.110986220528908290e-03 0.000000000000000000e+00
-1.111109410596506329e-03 0.000000000000000000e+00 0.000000000000000000e+00
0.000000000000000000e+00 0.000000000000000000e+00 0.000000000000000000e+00
0.000000000000000000e+00 0.000000000000000000e+00 0.000000000000000000e+00
0.000000000000000000e+00 0.000000000000000000e+00 0.000000000000000000e+00
0.000000000000000000e+00 0.000000000000000000e+00 0.000000000000000000e+00
0.000000000000000000e+00 0.000000000000000000e+00 0.000000000000000000e+00
0.000000000000000000e+00 0.000000000000000000e+00 0.000000000000000000e+00
0.000000000000000000e+00 0.000000000000000000e+00 0.000000000000000000e+00
0.000000000000000000e+00 0.000000000000000000e+00 0.000000000000000000e+00
0.000000000000000000e+00 0.000000000000000000e+00 0.000000000000000000e+00
0.000000000000000000e+00 0.000000000000000000e+00 0.000000000000000000e+00
0.000000000000000000e+00 0.000000000000000000e+00 0.000000000000000000e+00
0.000000000000000000e+00 0.000000000000000000e+00 0.000000000000000000e+00
0.000000000000000000e+00 0.000000000000000000e+00 0.000000000000000000e+00
0.000000000000000000e+00 0.000000000000000000e+00 0.000000000000000000e+00
0.000000000000000000e+00 0.000000000000000000e+00 0.000000000000000000e+00
0.000000000000000000e+00 0.000000000000000000e+00 0.000000000000000000e+00
0.000000000000000000e+00 0.000000000000000000e+00 0.000000000000000000e+00
0.000000000000000000e+00 0.000000000000000000e+00 0.000000000000000000e+00
0.000000000000000000e+00 0.000000000000000000e+00 0.000000000000000000e+00
0.000000000000000000e+00 0.000000000000000000e+00 0.000000000000000000e+00
0.000000000000000000e+00 0.000000000000000000e+00 0.000000000000000000e+00
