0.000000000000000000e+00 0.000000000000000000e+00 0.000000000000000000e+00
-1.208628762612669848e-03 0.000000000000000000e+00 -3.362352475359309516e-03
-3.669824179699617082e-03 0.000000000000000000e+00 0.000000000000000000e+00
0.000000000000000000e+00 0.000000000000000000e+00 0.000000000000000000e+00
-3.387921298657405999e-03 -3.382383016748837651e-03 -3.705035904676210433e-03
-1.004180005032779405e-02 -8.853894954244422369e-03 -1.061724768774001057e-02
-3.515754773440321612e-02 -3.417191689353414608e-02 -3.453247182380531077e-02
-1.100154633314018721e-01 -1.100853254035868145e-01 -1.109939649460277289e-01
-1.786137176301974550e-01 -1.782066354053528090e-01 -1.780275321024212265e-01
-2.457019481696822716e-01 -2.455791763414373052e-01 -2.460864112406485338e-01
-5.031855457663110265e-01 -5.030561185909027122e-01 -5.025435690510481335e-01
-4.101118184131177791e-01 -4.084562002205761599e-01 -4.084139717616492304e-01
-1.678585285333853219e-02 -1.531459699035509978e-02 -1.594042302675265435e-02
-4.490113492950132540e-03 -3.211526402757808579e-03 0.000000000000000000e+00
-2.825468184568196480e-03 0.000000000000000000e+00 0.000000000000000000e+00
-2.332079683710328727e-03 0.000000000000000000e+00 0.000000000000000000e+00
-3.330342370193277099e-03 0.000000000000000000e+00 0.000000000000000000e+00
0.000000000000000000e+00 0.000000000000000000e+00 0.000000000000000000e+00
-1.937005157960804266e-03 -2.838041001971728684e-03 0.000000000000000000e+00
0.000000000000000000e+00 0.000000000000000000e+00 0.000000000000000000e+00
0.000000000000000000e+00 0.000000000000000000e+00 0.000000000000000000e+00
-3.532086959339579817e-03 0.000000000000000000e+00 0.000000000000000000e+00
-3.391624237573074262e-03 -5.512735798976342930e-03 -2.745422831665076183e-03
-5.259416457816070041e-03 -8.640734611572466889e-03 -5.287299394358757967e-03
-6.624319724311596852e-03 -6.139756190136712484e-03 -7.134778086174761377e-03
-4.810869833953899943e-02 -4.770203539300507667e-02 -4.802095013570123472e-02
-2.052388480086434486e-01 -2.054065417525781645e-01 -2.056191867352951397e-01
-4.256301886480745034e-01 -4.252791259091359688e-01 -4.253225730048396103e-01
-6.417688384449218297e-01 -6.413007878367841252e-01 -6.417939139798517489e-01
-7.395884168766097000e-01 -7.403964272327038243e-01 -7.401240359929469603e-01
-7.490378909176838018e-01 -7.486936452759698213e-01 -7.481144244548769695e-01
-6.620029039556525330e-01 -6.615097268127230201e-01 -6.614400410091736404e-01
-6.029364227717919356e-01 -6.031298966795862748e-01 -6.031923667742831174e-01
-1.982114433969913436e-01 -1.980044805012090847e-01 -1.990906870296467457e-01
-3.688430470887901942e-03 -3.740019700918422937e-03 -3.000580854990289592e-03
-3.685938082060629707e-03 -3.759201297612706823e-03 0.000000000000000000e+00
0.000000000000000000e+00 0.000000000000000000e+00 0.000000000000000000e+00
-3.754257775380530175e-03 -1.234113378836728487e-03 -2.860170526653299950e-03
-3.613520698022080081e-03 0.000000000000000000e+00 0.000000000000000000e+00
0.000000000000000000e+00 0.000000000000000000e+00 0.000000000000000000e+00
0.000000000000000000e+00 0.000000000000000000e+00 0.000000000000000000e+00
-3.664141869141838460e-03 0.000000000000000000e+00 -1.035670184031329709e-03
-3.579692513419717535e-03 -3.423394664597520856e-03 0.000000000000000000e+00
-2.015000561006015378e-03 -3.661239654834857506e-03 -3.122348079092648714e-03
-3.454443513638257718e-02 -3.453047931687009547e-02 -3.394286436103152726e-02
-2.001578523276998922e-01 -2.018007106672459749e-01 -2.010443348778709061e-01
-5.216685522797392949e-01 -5.215175986998119573e-01 -5.223711900748775339e-01
-8.843411124896817244e-01 -8.849357866436952103e-01 -8.840047438381791745e-01
-1.179250982508327494e+00 -1.179409697512063149e+00 -1.178981568457481810e+00
-1.310394341020411968e+00 -1.310827352732721662e+00 -1.310695427145256220e+00
-1.327662438972634362e+00 -1.327788247821500178e+00 -1.327224435479542386e+00
-1.200522292128144652e+00 -1.200573323326920461e+00 -1.199795976941391729e+00
-9.155271812877945337e-01 -9.155043947665312265e-01 -9.153146632793522919e-01
-6.321817893757978313e-01 -6.325630476319500373e-01 -6.321383560649123101e-01
-2.082624595230663234e-01 -2.075579020794287022e-01 -2.076511799427518401e-01
0.000000000000000000e+00 0.000000000000000000e+00 0.000000000000000000e+00
-3.106196881111716879e-03 -4.306772299504325364e-03 -3.455102061105866720e-03
-6.752312725281951582e-03 -2.986577082858874084e-03 -6.948235660762806104e-03
-3.543121030427220843e-03 0.000000000000000000e+00 -3.061389144341912418e-03
0.000000000000000000e+00 0.000000000000000000e+00 0.000000000000000000e+00
0.000000000000000000e+00 0.000000000000000000e+00 0.000000000000000000e+00
-3.738188109734700421e-03 0.000000000000000000e+00 0.000000000000000000e+00
0.000000000000000000e+00 -2.589765149589515637e-03 -2.586019704076396742e-03
-1.214437794886590385e-02 -1.022645015354566728e-02 -9.588956027172589741e-03
-1.252745887808287828e-01 -1.247110233663026035e-01 -1.245168895932379227e-01
-4.831882778707450865e-01 -4.831182146816371814e-01 -4.828183570796443780e-01
-9.734695442882452809e-01 -9.731320717413212140e-01 -9.742425091200390685e-01
-1.455457972539381251e+00 -1.455418949781609461e+00 -1.455528236998927527e+00
-1.798786697955639724e+00 -1.798560615863664891e+00 -1.798716408225219610e+00
-1.962436138653794737e+00 -1.962789401527833100e+00 -1.962899058999132862e+00
-1.978797308219200524e+00 -1.978776145567981093e+00 -1.978806898917295998e+00
-1.823912795515456153e+00 -1.824066228276986168e+00 -1.824123595848470947e+00
-1.497562742618929077e+00 -1.497393074602191287e+00 -1.497658017978427569e+00
-1.054545519355886585e+00 -1.054261646257437457e+00 -1.055532983681058301e+00
-6.157213386221439544e-01 -6.154904924914710307e-01 -6.157317386131385684e-01
-1.243813902974837265e-01 -1.239317910792445826e-01 -1.251071511185278817e-01
-3.532009203422940835e-03 -3.333724456720971088e-03 -2.832619162565817774e-03
0.000000000000000000e+00 0.000000000000000000e+00 -6.469379831364495403e-03
-2.259323833565115083e-03 -3.670548166895719507e-03 -3.752304839807507099e-03
0.000000000000000000e+00 0.000000000000000000e+00 0.000000000000000000e+00
0.000000000000000000e+00 0.000000000000000000e+00 0.000000000000000000e+00
-3.401297429635225574e-03 -3.550626715052828015e-03 0.000000000000000000e+00
-2.821739590503319611e-03 -6.694772876957971394e-03 -3.637352331090827878e-03
-3.823057039218167447e-02 -3.790402264797548132e-02 -3.750151373153663703e-02
-3.135035756164304410e-01 -3.141048573564321211e-01 -3.137641825746141921e-01
-8.412864186186169713e-01 -8.423939359248724390e-01 -8.414414563299409400e-01
-1.459623490135226298e+00 -1.459798075836338027e+00 -1.459806251077377937e+00
-2.000603145586192344e+00 -2.000523465954801239e+00 -2.000737764532581675e+00
-2.337150517711590325e+00 -2.337318505293665361e+00 -2.337060578031764813e+00
-2.528789708907063893e+00 -2.528695938604848426e+00 -2.528623131788668488e+00
-2.533753281515692901e+00 -2.533664921959281280e+00 -2.534166553324374682e+00
-2.372277838821767126e+00 -2.372434880131528701e+00 -2.372941612442004189e+00
-2.063180920403868246e+00 -2.063390376238658508e+00 -2.063192211122300446e+00
-1.575697067100932269e+00 -1.575733811012291818e+00 -1.575590156596439861e+00
-9.749140958922339895e-01 -9.748722782894108096e-01 -9.755954329349405540e-01
-4.597103204998979065e-01 -4.593141569242499278e-01 -4.595932434935534605e-01
-1.571995599957262679e-02 -1.504208338817668994e-02 -1.579561026320971950e-02
-6.643919259149614828e-03 -6.402475269280831494e-03 -3.225846973864176896e-03
0.000000000000000000e+00 -3.254636803320978735e-03 0.000000000000000000e+00
0.000000000000000000e+00 0.000000000000000000e+00 0.000000000000000000e+00
0.000000000000000000e+00 0.000000000000000000e+00 0.000000000000000000e+00
-3.427847687516506325e-03 0.000000000000000000e+00 0.000000000000000000e+00
-5.762240285841160707e-03 -2.001255465715261021e-03 -4.735113444046350900e-03
-8.602255730754372609e-02 -8.613500158680424679e-02 -8.562350693506558252e-02
-4.914630906947862199e-01 -4.907976679165316214e-01 -4.931700506405027884e-01
-1.151848463974979309e+00 -1.151968555772307168e+00 -1.152070900954213606e+00
-1.858610885416871916e+00 -1.858216433529653822e+00 -1.858684867049382516e+00
-2.382763489423565417e+00 -2.382938812653347060e+00 -2.382821915008356939e+00
-2.785591685795560046e+00 -2.785597642329817436e+00 -2.785272857616587494e+00
-3.012443794205517555e+00 -3.012355234783672842e+00 -3.012468069036454033e+00
-3.010832185080174028e+00 -3.010817509423078686e+00 -3.011090256358105233e+00
-2.847736993188646260e+00 -2.847592829945059023e+00 -2.847570599789228218e+00
-2.485488214678306385e+00 -2.485689254259621617e+00 -2.486039056100332711e+00
-1.997276608178611523e+00 -1.996823046843142047e+00 -1.997222913301265113e+00
-1.358198003417410149e+00 -1.358527925987465634e+00 -1.358425764955229376e+00
-6.940180442351674417e-01 -6.953831787306732348e-01 -6.942552964720036801e-01
-1.459354462397845498e-01 -1.453234360134992298e-01 -1.449372173394309349e-01
-1.799271423537679177e-03 -4.617012754834727041e-03 -2.484481679666452648e-03
-6.910996390690654287e-03 -3.489274008318448035e-03 -3.532520997178888872e-03
-3.678952511177916058e-03 0.000000000000000000e+00 0.000000000000000000e+00
0.000000000000000000e+00 0.000000000000000000e+00 0.000000000000000000e+00
0.000000000000000000e+00 0.000000000000000000e+00 0.000000000000000000e+00
-1.998999999999999909e-03 -1.999749999999999792e-03 -4.160668785857656905e-03
-1.206442009619187877e-01 -1.191130803017736994e-01 -1.203154413353048624e-01
-6.142921843518337477e-01 -6.143475919052551193e-01 -6.139566089458632359e-01
-1.313745877628348380e+00 -1.313308542154717040e+00 -1.314309721791083740e+00
-2.047332499203339040e+00 -2.047273849391616718e+00 -2.047341047876677145e+00
-2.620770926615511698e+00 -2.620629551662158274e+00 -2.620484742606187467e+00
-3.106476094248746378e+00 -3.106541785313182480e+00 -3.106651652292055754e+00
-3.453354948305051408e+00 -3.453843704776770718e+00 -3.453600030440652446e+00
-3.505114094720048090e+00 -3.505102378017889819e+00 -3.504958057185433962e+00
-3.156001037218243432e+00 -3.155516051124087618e+00 -3.155424312910839024e+00
-2.774752116979230632e+00 -2.774271516143379746e+00 -2.774491725447013390e+00
-2.259038894062626923e+00 -2.258965863761125625e+00 -2.259370682056332402e+00
-1.625044371146027400e+00 -1.624660172979669692e+00 -1.625178813259796184e+00
-8.805549962408949494e-01 -8.807674720628506648e-01 -8.804962531618384380e-01
-2.963802792940202213e-01 -2.950169939119183793e-01 -2.954153736028788946e-01
-3.548086573968953737e-03 -5.891198113009100609e-03 -4.540198135299008605e-03
-3.558762868204131454e-03 0.000000000000000000e+00 -3.507488353629056605e-03
0.000000000000000000e+00 0.000000000000000000e+00 0.000000000000000000e+00
0.000000000000000000e+00 0.000000000000000000e+00 0.000000000000000000e+00
-3.238376259647281815e-03 0.000000000000000000e+00 0.000000000000000000e+00
-8.128886553806074014e-03 -5.695957766849429199e-03 -6.800717518221153016e-03
-1.100392265232209982e-01 -1.094556768442773026e-01 -1.100748669147359332e-01
-6.038339048038817714e-01 -6.032275825495347910e-01 -6.033035222747799020e-01
-1.305535643350296704e+00 -1.305432418690071650e+00 -1.305567656846916780e+00
-2.038907905058542358e+00 -2.039319655807906084e+00 -2.039128225998157795e+00
-2.616623991860852705e+00 -2.616439482680372297e+00 -2.616380961656873616e+00
-3.104286544920981328e+00 -3.104532783154034359e+00 -3.104194275376022993e+00
-3.544318860172216645e+00 -3.544861814897334540e+00 -3.544821738386146670e+00
-3.738383101221459448e+00 -3.738627374845325146e+00 -3.736551068114373209e+00
-3.331376140321091750e+00 -3.331322120733124947e+00 -3.331008937808633164e+00
-2.902804245754450285e+00 -2.902941968336582246e+00 -2.903004422800242512e+00
-2.355295045947757515e+00 -2.355504179197897230e+00 -2.355288814004386833e+00
-1.728986566694221461e+00 -1.729013604436047569e+00 -1.729115676288839554e+00
-9.611818692073939019e-01 -9.613778589145759446e-01 -9.616807933735536107e-01
-3.560070685326028328e-01 -3.577266858531023552e-01 -3.567703415528570288e-01
-3.132041288690865823e-03 -3.371618419517777125e-03 -6.735109497965068026e-03
-2.996775802366041797e-03 -3.298658264619459476e-03 0.000000000000000000e+00
0.000000000000000000e+00 0.000000000000000000e+00 0.000000000000000000e+00
0.000000000000000000e+00 0.000000000000000000e+00 0.000000000000000000e+00
-2.984735935256777484e-03 0.000000000000000000e+00 0.000000000000000000e+00
-7.242387032532329565e-03 -2.001297257693862748e-03 -4.599980962172954199e-03
-7.326071968366033860e-02 -7.343981316784556346e-02 -7.273924958373272076e-02
-4.904274267931088560e-01 -4.905441462012776199e-01 -4.900994291599587438e-01
-1.131172407351090481e+00 -1.131180037382272907e+00 -1.131660865483103073e+00
-1.871904627930235154e+00 -1.872472074274614817e+00 -1.872520177183590429e+00
-2.425041040683598936e+00 -2.425170892823893976e+00 -2.425498671509459747e+00
-2.841486182018687412e+00 -2.841242586304787654e+00 -2.841336126370630932e+00
-3.209240493949098827e+00 -3.209156810597030507e+00 -3.209542181231625602e+00
-3.274845234692861595e+00 -3.274837918613434429e+00 -3.274863881909808594e+00
-3.103242128846639858e+00 -3.103378646346846459e+00 -3.103155189093497413e+00
-2.782761898440669235e+00 -2.783209733036508648e+00 -2.783147670273748098e+00
-2.271511231497469918e+00 -2.271008482312885324e+00 -2.271080787658609879e+00
-1.656249966137672613e+00 -1.656138283058617544e+00 -1.655988493721679999e+00
-9.099926281126338168e-01 -9.097106301630782932e-01 -9.098207319953768302e-01
-3.161502231377334993e-01 -3.157122271098173893e-01 -3.153772435856210810e-01
-6.966159411588249140e-03 -6.803952204126790387e-03 -4.117368854518522504e-03
-3.492509314515099272e-03 0.000000000000000000e+00 0.000000000000000000e+00
0.000000000000000000e+00 0.000000000000000000e+00 0.000000000000000000e+00
0.000000000000000000e+00 0.000000000000000000e+00 0.000000000000000000e+00
-3.268425588442150625e-03 0.000000000000000000e+00 0.000000000000000000e+00
0.000000000000000000e+00 -2.801129552946610667e-03 0.000000000000000000e+00
-2.395985583942778635e-02 -2.355970030298957033e-02 -2.428179400847296429e-02
-2.908720148838127573e-01 -2.914409196409240566e-01 -2.918211323698822190e-01
-8.438002345650293945e-01 -8.435699178087600059e-01 -8.434762615151859544e-01
-1.529104446846699439e+00 -1.529335138507553093e+00 -1.529802473698233412e+00
-2.069830994674275448e+00 -2.069810042869657973e+00 -2.070515393107086322e+00
-2.480928459388867857e+00 -2.480974023684118901e+00 -2.481193834279434629e+00
-2.749670720896808085e+00 -2.749776745963683489e+00 -2.750256995996139597e+00
-2.818774249015432609e+00 -2.818928673393938489e+00 -2.818797614843085331e+00
-2.726021818055349488e+00 -2.725563451590014008e+00 -2.725810638858130464e+00
-2.414512493622114064e+00 -2.414574178637885371e+00 -2.414572232524818229e+00
-1.980939298353741718e+00 -1.980856971527210186e+00 -1.981030308505226323e+00
-1.376321924963903598e+00 -1.375442530224771920e+00 -1.375264450774920322e+00
-7.185684263242800851e-01 -7.174144388999176281e-01 -7.172306676174013962e-01
-1.858263457635543348e-01 -1.855580012686858515e-01 -1.851578240673934228e-01
-3.525260313947608908e-03 -6.894088000226263925e-03 -3.344370511112994097e-03
-1.032803619978500675e-02 -6.816688502331339286e-03 -6.853867155437857496e-03
0.000000000000000000e+00 0.000000000000000000e+00 0.000000000000000000e+00
0.000000000000000000e+00 0.000000000000000000e+00 0.000000000000000000e+00
-2.834338624161448703e-03 -3.621528349760487660e-03 -2.038278526071379305e-03
-2.556998412289375813e-03 -1.790510659996254412e-03 -3.623834142038598154e-03
-3.014114731400904280e-03 -2.015862653640798814e-03 -4.744613366207652699e-03
-1.076343849010411857e-01 -1.077829976609211704e-01 -1.078704126137205455e-01
-5.211873933818328419e-01 -5.212901448481296329e-01 -5.203877731010543295e-01
-1.041394431171417168e+00 -1.041436865669719269e+00 -1.042392002240201343e+00
-1.608906069129946603e+00 -1.609029502202611095e+00 -1.609208908934884441e+00
-1.992991879933265764e+00 -1.993635451994784313e+00 -1.993207979446337541e+00
-2.208979905406185384e+00 -2.208789748384078155e+00 -2.208439294551667320e+00
-2.270916360078120366e+00 -2.270813587055779070e+00 -2.271144176937027748e+00
-2.192676489765808867e+00 -2.192678258452280815e+00 -2.193297905469858033e+00
-1.958072088471435546e+00 -1.958187644111815340e+00 -1.958017544863875470e+00
-1.521933663694246652e+00 -1.522125269840411299e+00 -1.521925352376586327e+00
-9.540022311217151163e-01 -9.530990032389400346e-01 -9.541610102409588956e-01
-4.565762724147896523e-01 -4.563196440906865936e-01 -4.576627370377816528e-01
-4.905471890373963584e-02 -4.991805381162039978e-02 -5.014587211588308890e-02
-2.664927142849516165e-03 -3.522200479687377130e-03 -3.535656768072687785e-03
-3.025202487586102842e-03 -3.445130187961796975e-03 -3.528264248411872809e-03
0.000000000000000000e+00 0.000000000000000000e+00 0.000000000000000000e+00
0.000000000000000000e+00 0.000000000000000000e+00 0.000000000000000000e+00
-4.667811605312410447e-03 -3.406391932295254384e-03 0.000000000000000000e+00
-5.657290558882281314e-03 -2.902350566540288796e-03 -2.920805391083670065e-03
0.000000000000000000e+00 -5.860046260518806012e-03 0.000000000000000000e+00
-2.179080596826501667e-02 -2.004175792053584926e-02 -2.109372285783041659e-02
-2.030837977927468785e-01 -2.027171965941804987e-01 -2.036581682852349195e-01
-6.016314180825446112e-01 -6.010359000053304701e-01 -6.016718472518932659e-01
-1.016262769042480363e+00 -1.016841487462303961e+00 -1.015711866504631633e+00
-1.401455821562079818e+00 -1.401293598089451420e+00 -1.401741145031103697e+00
-1.621417449920458997e+00 -1.621082317206073098e+00 -1.621067906514360502e+00
-1.704168666778018704e+00 -1.703359382912107645e+00 -1.702838826330527189e+00
-1.608103042108392167e+00 -1.607738217394194979e+00 -1.607753452928080584e+00
-1.367882853767404816e+00 -1.367754537153254013e+00 -1.367571243085304644e+00
-9.740811871723629167e-01 -9.734377390772418481e-01 -9.731580899403011742e-01
-5.650503613599701103e-01 -5.647533840971862285e-01 -5.644960418577179562e-01
-1.583033625029373059e-01 -1.595111675315115385e-01 -1.592473528444779407e-01
-4.919260586670297364e-03 -4.213026576075701822e-03 -3.910092976110219991e-03
-3.976279807284820687e-03 -3.455059068955868701e-03 0.000000000000000000e+00
-3.268885841757832728e-03 -3.429299911771500550e-03 -6.559067255446674252e-03
0.000000000000000000e+00 0.000000000000000000e+00 0.000000000000000000e+00
0.000000000000000000e+00 0.000000000000000000e+00 0.000000000000000000e+00
-3.313984305901991525e-03 -3.739375720971735515e-03 -2.740747133067539167e-03
-2.902376807460234440e-03 -3.455510545919590962e-03 0.000000000000000000e+00
-6.192820861981846066e-03 -3.684050529194671068e-03 -3.715718176209762292e-03
-2.577510512029469909e-03 -3.124632585386953338e-03 -3.585029987990081234e-03
-3.230158595685105050e-02 -3.127884098871779733e-02 -3.235730964910442375e-02
-2.448501608597317136e-01 -2.454840160919931069e-01 -2.452961204302945564e-01
-5.515021326015433489e-01 -5.513511539920893378e-01 -5.514847097524876451e-01
-8.077932747788565404e-01 -8.084498477696077101e-01 -8.089619992393713988e-01
-1.005472207479617630e+00 -1.005937669221905306e+00 -1.005802832224637511e+00
-1.056286164333079869e+00 -1.056563992763033477e+00 -1.056827179924356042e+00
-9.728276290912336588e-01 -9.725859419621007973e-01 -9.722422128572684175e-01
-7.915030033660930275e-01 -7.911695104415111812e-01 -7.917275983493378133e-01
-5.407607900065128925e-01 -5.411009621207241160e-01 -5.411138982420720112e-01
-2.180496431869196339e-01 -2.170009770224388124e-01 -2.172570720213319040e-01
-2.401036760213796917e-02 -2.097936414186196696e-02 -2.097045057829838993e-02
-3.287812302830278848e-03 -3.180730847048307899e-03 -3.651565217843726410e-03
-3.727276948158862475e-03 -1.775295549444188365e-03 0.000000000000000000e+00
-2.316394208758437451e-03 -3.595429296859712839e-03 0.000000000000000000e+00
0.000000000000000000e+00 0.000000000000000000e+00 0.000000000000000000e+00
0.000000000000000000e+00 0.000000000000000000e+00 0.000000000000000000e+00
-6.758574156841344431e-03 -5.705807584749718504e-03 -3.408512422179901975e-03
-3.371724228387378008e-03 -3.414451066604591838e-03 0.000000000000000000e+00
-3.738936536554277133e-03 -1.555379187339550953e-03 0.000000000000000000e+00
0.000000000000000000e+00 0.000000000000000000e+00 0.000000000000000000e+00
-4.682860264143872200e-03 -5.556580332082318441e-03 -6.672290971757902436e-03
-4.113036366067163857e-02 -4.036471240747414868e-02 -4.524891526146604392e-02
-2.075427730824915828e-01 -2.068911971186241372e-01 -2.072545777173456782e-01
-4.143999510131851638e-01 -4.136976779672222326e-01 -4.150127441237022041e-01
-5.608598740628513157e-01 -5.604804706058247321e-01 -5.608724147468514554e-01
-6.110440015361003896e-01 -6.109782366705890366e-01 -6.114970057691566652e-01
-5.504161292081752865e-01 -5.495663812055506803e-01 -5.502401646819126135e-01
-4.045109521745910985e-01 -4.054825282835147204e-01 -4.045280766389738880e-01
-1.777724431940933825e-01 -1.777904383734038862e-01 -1.768016752894832622e-01
-2.927666061266110190e-02 -2.831797975865398345e-02 -2.910733777029787459e-02
-5.633470702635324720e-03 -3.312455243608566219e-03 -6.816857936138457502e-03
-3.356824809651329060e-03 -3.119231930851571258e-03 -6.152759938718601815e-03
-4.923799521389757294e-03 -3.423059736927151677e-03 -6.684574086728444289e-03
-2.414762893764021978e-03 -3.443612417553401119e-03 0.000000000000000000e+00
0.000000000000000000e+00 0.000000000000000000e+00 0.000000000000000000e+00
0.000000000000000000e+00 0.000000000000000000e+00 0.000000000000000000e+00
-3.222980466870112304e-03 0.000000000000000000e+00 0.000000000000000000e+00
-3.716816144895325295e-03 -3.131375665536014364e-03 -3.452448657939637556e-03
-2.531733446073277261e-03 -4.106409414564603233e-03 -2.846837317286823182e-03
0.000000000000000000e+00 0.000000000000000000e+00 0.000000000000000000e+00
-2.391724677373984614e-03 -5.459277205587122206e-03 -2.700345260474400124e-03
-3.030431622894662162e-03 -3.017431581149355307e-03 -4.354502113857307809e-03
-3.591305286754051251e-02 -3.618408543202181193e-02 -3.570412925209566490e-02
-1.305977033829180955e-01 -1.310274839174843386e-01 -1.300110751574125034e-01
-2.166734734843195898e-01 -2.162017419363450876e-01 -2.171829596045442012e-01
-2.488177688452030689e-01 -2.486707332806516180e-01 -2.480070273742003006e-01
-2.135285227647102657e-01 -2.120995225226293968e-01 -2.120710308792922993e-01
-1.147081191418788115e-01 -1.145052435109386590e-01 -1.141338756248826969e-01
-2.552553101759190424e-02 -2.741292762730616200e-02 -2.639898775536994591e-02
-6.435321116462031782e-03 -6.741253179260065995e-03 -3.512302730845148855e-03
-3.700784846161675381e-03 -6.415951134774113343e-03 -3.787658872246336527e-03
-3.725695551522033994e-03 -1.440068989252709774e-03 0.000000000000000000e+00
-2.958788778703925516e-03 -3.147969020754110264e-03 -3.627729998602141626e-03
-2.689950069689251311e-03 -1.902895442797329769e-03 -3.199892234749749775e-03
0.000000000000000000e+00 0.000000000000000000e+00 0.000000000000000000e+00
0.000000000000000000e+00 0.000000000000000000e+00 0.000000000000000000e+00
-8.752217396847544045e-03 -3.332755981909340907e-03 0.000000000000000000e+00
-3.498797998016680687e-03 -5.673902434449728562e-03 -6.219244508150584619e-03
-2.703798021654471063e-03 -3.241086555663247847e-03 -3.543393870274883558e-03
-5.178907160965324358e-03 -4.684697638104317469e-03 -6.137404742410557459e-03
-3.561866122519398610e-03 0.000000000000000000e+00 -3.324110251360990961e-03
0.000000000000000000e+00 -2.595586930091999499e-03 0.000000000000000000e+00
-5.114211793419753960e-03 -6.095907494678697545e-03 -5.225381065301720925e-03
-2.508655668210438977e-02 -2.568252561628650565e-02 -2.516860504832500386e-02
-5.101301206487238865e-02 -5.067398669150285223e-02 -5.102976942828964940e-02
-6.346798422902771852e-02 -6.551084441285290327e-02 -6.357538347262942091e-02
-4.980510514291824897e-02 -4.948211499695836374e-02 -4.936525083347777232e-02
-2.134803996584882027e-02 -2.045012729653297029e-02 -2.087859120662440005e-02
-3.434417208780325866e-03 -6.774682356369947193e-03 -3.387615147717480679e-03
-3.571910874420384813e-03 -5.026328889632884767e-03 -3.257078965310347338e-03
-5.121527209694959164e-03 -2.474507909582310868e-03 -3.508110326918675338e-03
-3.678949300771576850e-03 0.000000000000000000e+00 0.000000000000000000e+00
-3.009724234717402278e-03 -3.609262405604244002e-03 -6.714656503278602223e-03
0.000000000000000000e+00 0.000000000000000000e+00 -2.769051911389028720e-03
-3.527770734990845047e-03 0.000000000000000000e+00 0.000000000000000000e+00
0.000000000000000000e+00 0.000000000000000000e+00 0.000000000000000000e+00
0.000000000000000000e+00 -3.094383267197353682e-03 0.000000000000000000e+00
0.000000000000000000e+00 0.000000000000000000e+00 0.000000000000000000e+00
0.000000000000000000e+00 0.000000000000000000e+00 0.000000000000000000e+00
-6.940029517097567359e-03 -3.443751514449013007e-03 0.000000000000000000e+00
-3.461799564905617722e-03 -3.042188688230917058e-03 -3.444500561668232836e-03
-7.555340863810079688e-03 -5.096891258774973767e-03 -6.504050796114277735e-03
0.000000000000000000e+00 0.000000000000000000e+00 0.000000000000000000e+00
0.000000000000000000e+00 0.000000000000000000e+00 0.000000000000000000e+00
-1.599973888307150427e-02 -1.513604463614677889e-02 -1.599103072651864368e-02
-2.606474883311489868e-02 -2.508262059072713379e-02 -2.567035498931394266e-02
-1.016846372650029307e-02 -1.002286794443851825e-02 -9.579438579191091804e-03
-3.482973975972990244e-03 -3.315260179899085641e-03 -5.155892248990849233e-03
-2.864531783351325668e-03 -6.638007260473793164e-03 -3.504855740539450804e-03
0.000000000000000000e+00 0.000000000000000000e+00 0.000000000000000000e+00
-5.963110321528451198e-03 -3.575916979581338084e-03 -2.610575675186177329e-03
-4.329890158650342297e-03 -2.082212683500108460e-03 -3.014360226592149340e-03
-2.858502098154600945e-03 -1.912214499401246022e-03 -3.471974068201073762e-03
-3.206718004129943678e-03 -5.932984999490268849e-03 -3.081694197031304740e-03
0.000000000000000000e+00 0.000000000000000000e+00 0.000000000000000000e+00
0.000000000000000000e+00 0.000000000000000000e+00 0.000000000000000000e+00
-3.577538786616059948e-03 0.000000000000000000e+00 0.000000000000000000e+00
-3.466780719749527374e-03 -3.568501250502913950e-03 -9.816040422404978885e-03
-3.033125975586417871e-03 -3.141517315690799811e-03 -5.401057289005485249e-03
-3.578264510824913456e-03 0.000000000000000000e+00 0.000000000000000000e+00
-7.163817154256612099e-03 0.000000000000000000e+00 -1.167579721637953356e-03
-2.360015701545568195e-03 0.000000000000000000e+00 0.000000000000000000e+00
-6.577921696910573983e-03 -5.893912797445617635e-03 -3.162971140099980327e-03
-3.753687824805825978e-03 0.000000000000000000e+00 -6.757679594130282241e-03
0.000000000000000000e+00 -2.868943697744430043e-03 0.000000000000000000e+00
-2.365831799163297701e-03 -2.911781238754687466e-03 -3.544215101669519891e-03
-6.999381727082920612e-03 -3.663944901310139945e-03 -3.708038043726612915e-03
0.000000000000000000e+00 -3.005949915616458468e-03 0.000000000000000000e+00
-3.527907021561549686e-03 -3.633777101363005590e-03 0.000000000000000000e+00
-2.999957245528944976e-03 -3.183624023160656034e-03 -2.409787044303474558e-03
-5.759039297607532887e-03 -2.976199963494742008e-03 0.000000000000000000e+00
0.000000000000000000e+00 -3.116304134176448026e-03 0.000000000000000000e+00
-3.688814253597673572e-03 -3.095559698027171118e-03 -6.782195656639170532e-03
-1.978619731395881397e-03 -2.167382040606168417e-03 -3.085123883449638477e-03
-1.494969210086556297e-03 0.000000000000000000e+00 0.000000000000000000e+00
0.000000000000000000e+00 0.000000000000000000e+00 0.000000000000000000e+00
-3.419369092840832038e-03 0.000000000000000000e+00 0.000000000000000000e+00
-3.185959761057966140e-03 -3.516189663128285649e-03 0.000000000000000000e+00
-6.958309310027820452e-03 0.000000000000000000e+00 0.000000000000000000e+00
0.000000000000000000e+00 0.000000000000000000e+00 -3.237556502171509611e-03
0.000000000000000000e+00 -1.986743031608680533e-03 0.000000000000000000e+00
0.000000000000000000e+00 0.000000000000000000e+00 -1.566186337786772955e-03
-1.388345335484913751e-03 -3.483896399332913740e-03 -3.174985767254989103e-03
-2.023157370822484084e-03 -2.896820048146087848e-03 -3.643931310037300947e-03
-2.488993712535105245e-03 -3.396777111219174191e-03 0.000000000000000000e+00
0.000000000000000000e+00 0.000000000000000000e+00 0.000000000000000000e+00
-3.419226856480720583e-03 -3.354216279217102272e-03 0.000000000000000000e+00
-3.773856874281290505e-03 0.000000000000000000e+00 0.000000000000000000e+00
0.000000000000000000e+00 0.000000000000000000e+00 0.000000000000000000e+00
-3.991500577105532022e-03 -6.364278508687070887e-03 -6.673794309886312177e-03
0.000000000000000000e+00 0.000000000000000000e+00 0.000000000000000000e+00
-3.585559697554882661e-03 0.000000000000000000e+00 -5.343540212985066137e-03
-3.435619702565133240e-03 -2.861411149873536661e-03 0.000000000000000000e+00
0.000000000000000000e+00 0.000000000000000000e+00 0.000000000000000000e+00
0.000000000000000000e+00 0.000000000000000000e+00 0.000000000000000000e+00
0.000000000000000000e+00 0.000000000000000000e+00 0.000000000000000000e+00
0.000000000000000000e+00 0.000000000000000000e+00 0.000000000000000000e+00
0.000000000000000000e+00 0.000000000000000000e+00 0.000000000000000000e+00
0.000000000000000000e+00 0.000000000000000000e+00 0.000000000000000000e+00
0.000000000000000000e+00 0.000000000000000000e+00 0.000000000000000000e+00
0.000000000000000000e+00 0.000000000000000000e+00 0.000000000000000000e+00
0.000000000000000000e+00 0.000000000000000000e+00 0.000000000000000000e+00
0.000000000000000000e+00 0.000000000000000000e+00 0.000000000000000000e+00
0.000000000000000000e+00 0.000000000000000000e+00 0.000000000000000000e+00
0.000000000000000000e+00 0.000000000000000000e+00 0.000000000000000000e+00
0.000000000000000000e+00 0.000000000000000000e+00 0.000000000000000000e+00
0.000000000000000000e+00 0.000000000000000000e+00 0.000000000000000000e+00
0.000000000000000000e+00 0.000000000000000000e+00 0.000000000000000000e+00
0.000000000000000000e+00 0.000000000000000000e+00 0.000000000000000000e+00
0.000000000000000000e+00 0.000000000000000000e+00 0.000000000000000000e+00
0.000000000000000000e+00 0.000000000000000000e+00 0.000000000000000000e+00
0.000000000000000000e+00 0.000000000000000000e+00 0.000000000000000000e+00
0.000000000000000000e+00 0.000000000000000000e+00 0.000000000000000000e+00
0.000000000000000000e+00 0.000000000000000000e+00 0.000000000000000000e+00
0.000000000000000000e+00 0.000000000000000000e+00 0.000000000000000000e+00
