0.000000000000000000e+00 0.000000000000000000e+00 0.000000000000000000e+00
0.000000000000000000e+00 0.000000000000000000e+00 0.000000000000000000e+00
0.000000000000000000e+00 0.000000000000000000e+00 0.000000000000000000e+00
0.000000000000000000e+00 0.000000000000000000e+00 0.000000000000000000e+00
0.000000000000000000e+00 -2.222222222221542864e+00 0.000000000000000000e+00
-2.222222216939223394e+00 0.000000000000000000e+00 -2.222222222924159052e+00
-1.936308342355578027e+00 0.000000000000000000e+00 0.000000000000000000e+00
-1.992517809888914471e+00 -1.705895777711689210e+00 -1.405456119446601981e+00
-1.948469231048191030e+00 -6.741891067705299001e-01 -1.852993222279162300e+00
-1.269783472758432286e+00 -2.041815728723861856e+00 -2.117352702759026428e+00
-9.587048900031360787e-01 -1.555937954148001623e+00 -1.448557355528832691e+00
-1.340398929092800451e+00 -1.228563110812126435e+00 -1.373880016133820270e+00
-2.074304368911686680e+00 -2.079788183742901975e+00 -1.083126475056439553e-01
-2.222222220902827505e+00 0.000000000000000000e+00 0.000000000000000000e+00
-2.222222220256859337e+00 0.000000000000000000e+00 0.000000000000000000e+00
-2.222222222204822017e+00 -2.222222222220894494e+00 0.000000000000000000e+00
0.000000000000000000e+00 0.000000000000000000e+00 0.000000000000000000e+00
0.000000000000000000e+00 -2.222220315670541790e+00 0.000000000000000000e+00
-2.222222222233756650e+00 -2.222222222208689590e+00 -2.222053300387437424e+00
0.000000000000000000e+00 0.000000000000000000e+00 0.000000000000000000e+00
0.000000000000000000e+00 0.000000000000000000e+00 0.000000000000000000e+00
-2.222222222222222321e+00 -2.322891847761354711e-07 0.000000000000000000e+00
0.000000000000000000e+00 0.000000000000000000e+00 0.000000000000000000e+00
-1.230684345543409108e-07 -2.222222116888438848e+00 -2.222222222222303145e+00
-2.222222222222236532e+00 -1.262723259287668043e-11 -2.222222222222222321e+00
-1.060018982751995686e-01 -2.222217739793962199e+00 -1.997224948033463177e+00
-1.515980352377606755e+00 -1.294184426426131962e+00 -2.717567424591948999e+00
-1.210033284266403664e+00 -1.203010086843218307e+00 -1.884017549376125533e+00
-1.558078299163024649e+00 -1.963783986293064387e+00 -1.248315515373092488e+00
-1.337937242548702166e+00 -1.008133497116523891e+00 -1.347152189425930846e+00
-1.203341870937524316e+00 -1.050676287110992924e+00 -1.225555256274728499e+00
-1.564241112136321998e+00 -1.261647205286264617e+00 -1.220486539439738616e+00
-1.167617037101823962e+00 -1.447605392816927239e+00 -1.351553120515288420e+00
-2.308646196044791488e+00 -1.857094714226355636e+00 2.440056807240686965e-02
-2.222222139133815499e+00 0.000000000000000000e+00 0.000000000000000000e+00
-2.222222222393262392e+00 0.000000000000000000e+00 -2.222222221847415913e+00
-2.222222221816771093e+00 -2.222220778901207172e+00 -2.222222222221853727e+00
-2.222257254630594758e+00 -2.222222017810600025e+00 -2.222222222491512245e+00
-2.222222079695558072e+00 -2.222222077136491336e+00 0.000000000000000000e+00
0.000000000000000000e+00 0.000000000000000000e+00 0.000000000000000000e+00
0.000000000000000000e+00 0.000000000000000000e+00 0.000000000000000000e+00
0.000000000000000000e+00 -2.222222264600668407e+00 0.000000000000000000e+00
-2.222222222221681864e+00 -2.222212280138159635e+00 -1.374340786419736560e-05
0.000000000000000000e+00 0.000000000000000000e+00 -2.222220168089513059e+00
-2.528083078891897095e+00 -2.000000000000000000e+00 -1.993438074374820346e+00
-1.748410117683275367e+00 -1.215687514424103055e+00 -1.056106246009635541e+00
-1.457003467374885286e+00 -1.797749442823671107e+00 -1.543968976583525610e+00
-1.396511815274950941e+00 -1.480290178589731553e+00 -9.441276788314294510e-01
-1.104717893123737582e+00 -1.124094669157677195e+00 -1.184385395592501444e+00
-1.139519127426765088e+00 -1.112777974007693071e+00 -1.129447209075878256e+00
-1.138767092918949952e+00 -1.132325407690855323e+00 -1.123600444437918178e+00
-1.101235720157722087e+00 -1.183814568371204246e+00 -9.142788760754865240e-01
-1.476431239662060024e+00 -1.121910978783261292e+00 -1.279799059756768997e+00
-1.409763811477324769e+00 -1.479290545857199879e+00 -1.856230842632090816e+00
-1.514874080058108419e+00 -1.169475334664230148e+00 -1.723987057060052619e+00
-2.402924575317655354e-05 -2.222222222207081543e+00 0.000000000000000000e+00
-2.222221925333413672e+00 -2.222222136314158991e+00 -2.222222222222308918e+00
-2.222222222720504181e+00 -1.966264440156351156e-08 -2.222222222213960485e+00
-2.222222158390835034e+00 -2.222216372632640269e+00 -2.222222226803341805e+00
0.000000000000000000e+00 0.000000000000000000e+00 0.000000000000000000e+00
0.000000000000000000e+00 0.000000000000000000e+00 0.000000000000000000e+00
-2.222222221340814485e+00 0.000000000000000000e+00 0.000000000000000000e+00
0.000000000000000000e+00 0.000000000000000000e+00 -2.222222222222508314e+00
-2.222176112069088383e+00 -2.353886178597721646e-01 -2.221995150495363003e+00
-6.311001122358821380e-01 -1.557344859947920712e+00 -2.013658920880924796e+00
-1.311469236418768780e+00 -9.553319419717629657e-01 -1.727987170905116887e+00
-1.277308591267737548e+00 -1.083692174767726613e+00 -1.346417417210827416e+00
-1.115165620324329199e+00 -1.110257674829596475e+00 -1.112398535128487520e+00
-1.122709214779489928e+00 -1.110666299167432758e+00 -1.113663245385286160e+00
-1.111699799939402489e+00 -1.111066796177875737e+00 -1.111596715562983118e+00
-1.112320070083698376e+00 -1.111901155585728773e+00 -1.110379890854046536e+00
-1.122451877265824294e+00 -1.113750167726233808e+00 -1.118128445254738867e+00
-1.150738071083272196e+00 -1.150677403696746426e+00 -1.139553115309807296e+00
-1.277810384007330491e+00 -1.157100480177938762e+00 -1.164984227607283040e+00
-1.522730400641326032e+00 -1.772067862441367048e+00 -1.730345820384266542e+00
-2.772031716148193325e-01 -2.178371046467638461e+00 -4.442925085632700721e-01
0.000000000000000000e+00 -2.222222223302224187e+00 0.000000000000000000e+00
-2.222222222090010746e+00 0.000000000000000000e+00 0.000000000000000000e+00
-2.222222222218869447e+00 -2.222222554602774736e+00 -2.222222222222223653e+00
0.000000000000000000e+00 0.000000000000000000e+00 0.000000000000000000e+00
0.000000000000000000e+00 0.000000000000000000e+00 0.000000000000000000e+00
-2.222222153692494651e+00 0.000000000000000000e+00 0.000000000000000000e+00
-2.222222222127705038e+00 -2.222222094724201735e+00 -1.320790716796693687e-07
-2.222222220859624287e-01 -1.804236930634910419e+00 -2.549250502283934239e+00
-2.137299343284066122e+00 -1.512584854170978765e+00 -1.888021570264415860e+00
-1.253929355878132590e+00 -1.023391813446397514e+00 -1.204837455482370867e+00
-1.045925034666177478e+00 -1.161970611600003922e+00 -1.088981561238507645e+00
-1.111062540727054904e+00 -1.111266788656452009e+00 -1.111380938405174490e+00
-1.111228802292996587e+00 -1.111300525678877493e+00 -1.111126359632534477e+00
-1.111115103223668132e+00 -1.111110795962506614e+00 -1.111119643707986437e+00
-1.111130670790719366e+00 -1.111109397450037672e+00 -1.111158882813133353e+00
-1.111258727154788239e+00 -1.111427951157708982e+00 -1.111099206561845243e+00
-1.111105102000196077e+00 -1.109925140767640706e+00 -1.113617135511264733e+00
-1.102554010003466978e+00 -1.199042879568915421e+00 -1.228155514862014019e+00
-1.255307340240224168e+00 -1.092467196181164280e+00 -9.862029803568366226e-01
-1.896938320679881773e+00 -8.398499724569739033e-01 -1.684287575519664237e+00
4.113547058537392331e-08 -2.222923623031356488e+00 -2.289584933796593447e-01
-5.008540826523244505e-08 -2.222222222222119292e+00 -2.222222221585618218e+00
-2.222222163464069755e+00 0.000000000000000000e+00 0.000000000000000000e+00
0.000000000000000000e+00 0.000000000000000000e+00 0.000000000000000000e+00
0.000000000000000000e+00 0.000000000000000000e+00 0.000000000000000000e+00
0.000000000000000000e+00 0.000000000000000000e+00 0.000000000000000000e+00
-6.985115597046842595e-09 -2.222222222222072663e+00 0.000000000000000000e+00
-1.391558030449221217e+00 -2.058202206923114730e+00 -1.897571571096194898e-01
-9.025283277983029429e-01 -1.533635681742320678e+00 -7.441741187585175776e-01
-1.178800823778819673e+00 -1.455209456983243221e+00 -1.063163890979590853e+00
-1.115380681838910482e+00 -1.119363442128195718e+00 -1.115920821006337382e+00
-1.111111643390175541e+00 -1.111112433841622504e+00 -1.111123890876076103e+00
-1.111114177446555829e+00 -1.111111728094719808e+00 -1.111113501649783064e+00
-1.111111145341672657e+00 -1.111111110718929762e+00 -1.111111156529836386e+00
-1.111111111117852435e+00 -1.111111117836582451e+00 -1.111111118204664017e+00
-1.111111106061545506e+00 -1.111111694520253934e+00 -1.111112235471934717e+00
-1.111115452026159911e+00 -1.111120954250334636e+00 -1.111119922866839804e+00
-1.111309198112599539e+00 -1.112570493484681844e+00 -1.111533577439636877e+00
-1.117964702412473255e+00 -1.188980590784932456e+00 -1.119849442752508972e+00
-1.322959410857672546e+00 -1.708644126206191771e+00 -2.022124312153020131e+00
-1.983534691348585621e+00 -1.818897858217776164e+00 -1.847429941037179724e+00
-2.222222218150408768e+00 -2.222222221892146798e+00 -2.222222208048568515e+00
-2.222222203892207482e+00 -2.222222222041385198e+00 -2.222222222222625554e+00
-2.222222222222004717e+00 0.000000000000000000e+00 0.000000000000000000e+00
0.000000000000000000e+00 0.000000000000000000e+00 0.000000000000000000e+00
-2.222222222226784449e+00 -2.222222222222222321e+00 -2.222222222082099741e+00
-2.222209393982099712e+00 -2.222222222222204113e+00 -1.350901380980928934e-06
-2.205385961045508658e+00 -2.000916233399440358e+00 -2.339378866513178945e+00
-1.272309276855804416e+00 -8.072081125141752356e-01 -8.853286019841513088e-01
-1.025278969874678481e+00 -1.193927743671006070e+00 -1.053847396148870796e+00
-1.112290081610263215e+00 -1.110768667461790260e+00 -1.116410894494225037e+00
-1.111119501526777853e+00 -1.111113966054641189e+00 -1.111109617807986005e+00
-1.111111122715684907e+00 -1.111111125377383324e+00 -1.111111110494023890e+00
-1.111111111331632095e+00 -1.111111111274740271e+00 -1.111111111134999163e+00
-1.111111111219714953e+00 -1.111111111110067107e+00 -1.111111111144755803e+00
-1.111111109769811645e+00 -1.111111113953442420e+00 -1.111111119612529397e+00
-1.111111055031190009e+00 -1.111121175817720186e+00 -1.111128478245453799e+00
-1.111129048408081577e+00 -1.111717694522977862e+00 -1.112163162056429844e+00
-1.109166739513778976e+00 -1.130711329848070656e+00 -1.160474152432807271e+00
-8.142317901496647359e-01 -6.660862737565476088e-01 -1.217740210248262400e+00
-1.639413815521883588e+00 -2.215882488752910273e+00 -1.766588246775907756e+00
-2.222222222466831987e-01 -2.222222222259145230e+00 -2.222222046628676839e+00
-2.222222220439147300e+00 -2.222222222220847865e+00 0.000000000000000000e+00
0.000000000000000000e+00 0.000000000000000000e+00 0.000000000000000000e+00
0.000000000000000000e+00 0.000000000000000000e+00 0.000000000000000000e+00
-2.222222221451587210e+00 0.000000000000000000e+00 -2.222217838147496849e+00
-2.222222222215471721e+00 -2.222222228442961800e+00 0.000000000000000000e+00
-1.939893681116945157e+00 -4.190445678246268457e-01 -2.016177702116942250e+00
-1.130540085147718976e+00 -1.137837893347116047e+00 -1.443675824014632347e+00
-1.172473604776772982e+00 -1.170503835779753032e+00 -1.141603575188268493e+00
-1.113638363591216596e+00 -1.112398061749261258e+00 -1.110249432730149532e+00
-1.111335259015699073e+00 -1.111111188598886024e+00 -1.111141444493648933e+00
-1.111111302202868689e+00 -1.111111159044340546e+00 -1.111111101427828984e+00
-1.111111111421091202e+00 -1.111111111113587846e+00 -1.111111110490578202e+00
-1.111111111241728899e+00 -1.111111111182168987e+00 -1.111111111988254407e+00
-1.111111123909938492e+00 -1.111111127502658835e+00 -1.111111112894841213e+00
-1.111117587951909513e+00 -1.111109370172355337e+00 -1.111111081396407574e+00
-1.111060229103968400e+00 -1.111343427979407217e+00 -1.111351808208757452e+00
-1.143566404134797487e+00 -1.096008369985623343e+00 -1.133240978517096487e+00
-1.248067422371375912e+00 -1.134470697282616847e+00 -1.259878097905628769e+00
-5.462360647903357069e-01 -1.308618296290478877e+00 -1.577607956251628751e+00
-2.208189407031690976e-01 -2.222222222222223209e-01 -2.222198788849789608e-01
-2.222222221877891091e+00 0.000000000000000000e+00 0.000000000000000000e+00
0.000000000000000000e+00 0.000000000000000000e+00 0.000000000000000000e+00
0.000000000000000000e+00 0.000000000000000000e+00 0.000000000000000000e+00
-2.222222222222400845e+00 0.000000000000000000e+00 0.000000000000000000e+00
-1.153222500605011192e-06 -2.222222206029366820e+00 -2.222221086377408561e+00
-1.833451423752546994e+00 -5.460330965408499715e-01 -2.433622567015075955e+00
-8.844985891959264990e-01 -1.742387803889760889e+00 -1.130758238107052449e+00
-1.118991506607885711e+00 -1.127643556663901370e+00 -1.116255843734304865e+00
-1.115130440590198280e+00 -1.111204993002175456e+00 -1.111910619109103493e+00
-1.111123079356941101e+00 -1.111155770430551470e+00 -1.111212925011807684e+00
-1.111119881819155886e+00 -1.111111161694827931e+00 -1.111114366967421496e+00
-1.111109767309026441e+00 -1.111111111117950134e+00 -1.111111118207213533e+00
-1.111111111107006444e+00 -1.111111132600738127e+00 -1.111111114265677102e+00
-1.111111170461709374e+00 -1.111111180158267153e+00 -1.111111141981968142e+00
-1.111111096903482309e+00 -1.111131901122675902e+00 -1.111122619442737047e+00
-1.112923147063034968e+00 -1.111011975494399007e+00 -1.113374125700412609e+00
-1.113397681428649033e+00 -1.204582081713218678e+00 -1.151562412674966396e+00
-1.010516180378536966e+00 -1.198037635058656569e+00 -1.291108964909235324e+00
-2.020316895898356169e+00 -1.444711827209927080e+00 -2.061556770552680717e+00
-2.176754669912317031e+00 -2.000000000000009770e+00 -2.222222219165401746e-01
-2.222222087969967674e+00 -3.336734888392811627e-09 -2.222220908774638293e+00
0.000000000000000000e+00 0.000000000000000000e+00 0.000000000000000000e+00
0.000000000000000000e+00 0.000000000000000000e+00 0.000000000000000000e+00
-2.222222222222222321e+00 0.000000000000000000e+00 0.000000000000000000e+00
-2.249378643348620699e-07 -2.222222222222222321e+00 -2.222216149656343731e+00
-2.000000000074416029e+00 -3.306278640181299355e-01 -2.307555164006694692e+00
-1.899720300219073899e+00 -2.600096782273814799e+00 -1.900199943690393134e+00
-1.449876489377788458e+00 -1.476879728181653917e+00 -6.375639623956530500e-01
-1.153982341163575898e+00 -1.096879562210244075e+00 -1.108355257170301478e+00
-1.116024700058616759e+00 -1.113574622915088685e+00 -1.110342246896952600e+00
-1.111299586663989869e+00 -1.112245268627951811e+00 -1.111114393658190203e+00
-1.111125741193633054e+00 -1.111111036807002739e+00 -1.111120819180026142e+00
-1.111110729090592386e+00 -1.111111124126310745e+00 -1.111112686368984193e+00
-1.111111028628684938e+00 -1.111116528215699173e+00 -1.111115225063425971e+00
-1.111102870057318448e+00 -1.111167034621395988e+00 -1.111214655560400333e+00
-1.121784646086518622e+00 -1.109503328215180940e+00 -1.118067646118203307e+00
-1.244231657328461971e+00 -1.241788368434666889e+00 -1.056816708313006892e+00
-1.499510763055502238e+00 -1.078058400323415711e+00 -1.356209461369380920e+00
-5.454657541229899209e-01 -1.879051078034815081e+00 -1.791614077550793604e+00
-3.575778986242283963e-06 -2.222222222222205890e+00 -2.222221289951954670e+00
-2.222221033264389689e+00 -2.222222218193425913e+00 0.000000000000000000e+00
0.000000000000000000e+00 0.000000000000000000e+00 0.000000000000000000e+00
0.000000000000000000e+00 0.000000000000000000e+00 0.000000000000000000e+00
0.000000000000000000e+00 0.000000000000000000e+00 0.000000000000000000e+00
2.158273559871304315e-13 -2.222222222222210775e+00 -3.569682327508871822e-10
-2.222222222207920428e+00 -2.000000000000000000e+00 0.000000000000000000e+00
1.697612670009318592e-02 -2.216929074059764915e+00 1.426461685144451152e-01
-9.242668985718771602e-01 -1.620180832156724371e+00 -1.512703226762504904e+00
-1.322551588813567491e+00 -1.350266637764489186e+00 -1.116191953587290175e+00
-1.162049485067106813e+00 -1.153285072362846053e+00 -1.106194811751302520e+00
-1.114126884176235066e+00 -1.111270666304435384e+00 -1.121306655808582242e+00
-1.110908326485808839e+00 -1.111973272012927616e+00 -1.109106654870422037e+00
-1.111979152091380207e+00 -1.111601310185787561e+00 -1.111175878037632181e+00
-1.111466601694764744e+00 -1.111225833880392644e+00 -1.111188981248082630e+00
-1.110447491848377766e+00 -1.112456732672111093e+00 -1.112751030383957174e+00
-1.147373447706696137e+00 -1.119683888821364270e+00 -1.137391658072993916e+00
-1.211579810502237065e+00 -1.258221695834834009e+00 -1.107480486534746511e+00
-1.922644289895073300e+00 -1.930550914933817364e+00 -6.749936807877450207e-01
-2.233153187953710539e+00 -2.947303018110387640e-01 -2.319460184628558075e+00
-2.222222222220556542e+00 -1.045064545213136853e-05 0.000000000000000000e+00
0.000000000000000000e+00 0.000000000000000000e+00 0.000000000000000000e+00
0.000000000000000000e+00 0.000000000000000000e+00 0.000000000000000000e+00
0.000000000000000000e+00 0.000000000000000000e+00 0.000000000000000000e+00
0.000000000000000000e+00 -2.222222222541698322e+00 0.000000000000000000e+00
-2.222218700102513100e+00 -2.222222222170401995e+00 -2.222222222201129860e+00
-2.222222222537166836e+00 -6.031249633053903381e-07 -2.222222215388650834e+00
-2.000000000000000000e+00 -2.207615193741424342e+00 -1.952513070797667893e-01
-1.574456924390297052e+00 -1.768864460359610202e+00 -9.989683574431325042e-01
-1.708064792877646010e+00 -1.008242317490838591e+00 -7.394797708589484486e-01
-1.139865109521837727e+00 -1.154268512785443068e+00 -8.556774925989822922e-01
-1.227975401993087301e+00 -1.138362534803801118e+00 -1.103012771792523772e+00
-1.123170118826160246e+00 -1.114790583806011703e+00 -1.134908951534702615e+00
-1.110942628187445935e+00 -1.118616637979014783e+00 -1.108796643684356820e+00
-1.115327527056174439e+00 -1.117674341862969989e+00 -1.110869652497675331e+00
-1.108654804741612043e+00 -1.131193174299485404e+00 -1.117588722355481234e+00
-1.272284322801462864e+00 -1.185746632163337644e+00 -1.254608013729647364e+00
-1.163076333897989922e+00 -2.498365575300695696e+00 -1.162434306072265500e+00
-1.470217731916683812e+00 -1.833582851845161343e+00 -2.000292008062824589e+00
-2.221920303495181770e-01 -2.222222220897780431e+00 -2.222222221583778801e+00
-2.222218749846025077e+00 -2.222222222249728762e+00 -2.222222221996345226e+00
-6.946954123066007014e-10 -2.222222222221255095e+00 -2.222222221665261621e+00
0.000000000000000000e+00 0.000000000000000000e+00 0.000000000000000000e+00
0.000000000000000000e+00 0.000000000000000000e+00 0.000000000000000000e+00
-2.222222222221863941e+00 -2.222222222301644123e+00 -2.222209212040938464e+00
-2.222222216430395747e+00 -2.222222222224548904e+00 0.000000000000000000e+00
-2.222222174296573982e+00 -2.222222222222222765e+00 -2.222222222221484689e+00
-5.858250203258918987e-03 0.000000000000000000e+00 -2.222222293578067553e+00
-2.081988338629030988e+00 4.586280244467388911e-09 -2.310540259065100521e+00
-6.239013227539014217e-01 -1.638482960367361851e+00 -1.655662757189980905e+00
-1.645028752701815478e+00 -6.979665982538159064e-01 -9.464336736440448483e-01
-1.330743951121747592e+00 -8.597407865757462631e-01 -9.702907962520717078e-01
-1.131743736228100428e+00 -1.113418320975804399e+00 -1.130035873750148134e+00
-1.140461702349812256e+00 -1.095030061541744981e+00 -1.093926404055808543e+00
-1.095572835584918581e+00 -1.146663451933620959e+00 -1.052765350123741062e+00
-1.283842475365813307e+00 -1.326709933777546979e+00 -1.054396912327979940e+00
-1.734389928526374192e+00 -1.494798601123960680e+00 -9.866483778687817896e-01
-1.890018728447866891e+00 -8.407228903543395582e-01 -1.751791553709923566e+00
-1.724739128661324283e+00 -2.222222189493005207e+00 -2.222222113008194722e+00
-2.222222222223729560e+00 -1.420235040683337502e-09 -2.222222222219882859e+00
-2.222208721670035469e+00 -2.222222644583139672e+00 -2.222222183180065258e+00
-2.222222222196201358e+00 -2.222222222673728265e+00 -2.222222221917032670e+00
0.000000000000000000e+00 0.000000000000000000e+00 -2.222222234111158823e+00
0.000000000000000000e+00 0.000000000000000000e+00 0.000000000000000000e+00
0.000000000000000000e+00 -2.222222222212701492e+00 0.000000000000000000e+00
-2.222028825639699612e+00 -2.222222222125530777e+00 -2.222220816882693573e+00
-2.222222222230311406e+00 -2.222222222222358212e+00 -4.626315895941424117e-04
-2.222222217621069085e+00 -2.222222213244988254e+00 0.000000000000000000e+00
-2.222222222767455513e+00 0.000000000000000000e+00 0.000000000000000000e+00
1.387753601357579747e-01 -2.461209591445603362e+00 -1.704854824177726380e+00
-9.540064894456883327e-01 -9.429289824425275413e-01 -3.926633103000036762e-01
-1.503864367211346753e+00 -1.598623252281359708e+00 -1.346197888311919666e+00
-1.631406927845684862e+00 -1.600076522328435669e+00 -1.201666872378221118e+00
-1.104007666571312996e+00 -1.164425478002979908e+00 -1.264862629575631114e+00
-1.410713881966120020e+00 -1.269908982060616864e+00 -1.080581750108542405e+00
-9.341577022332034907e-01 -1.365415630854045936e+00 -1.622718077431613892e+00
-2.160657583093327005e+00 -4.605210959463756915e-01 -1.568961318105536851e+00
-2.073474569441186244e+00 -2.130990186498148642e+00 -2.000000000733447969e+00
-2.282166011724484633e-09 0.000000000000000000e+00 0.000000000000000000e+00
-2.222222213779780908e+00 0.000000000000000000e+00 -2.222222215419734415e+00
-2.222218884671661510e+00 -5.303111785259773114e-06 -2.222222222222731247e+00
-2.222222222604189668e+00 -1.593607629368776202e-05 -2.222222117681660780e+00
0.000000000000000000e+00 0.000000000000000000e+00 0.000000000000000000e+00
0.000000000000000000e+00 0.000000000000000000e+00 0.000000000000000000e+00
0.000000000000000000e+00 -2.222222222220407772e+00 0.000000000000000000e+00
-2.222222223285630793e+00 -2.222222222466386121e+00 -1.454495635044850133e-09
-2.222222219376387642e+00 0.000000000000000000e+00 0.000000000000000000e+00
-2.222221394146748796e+00 -2.222222222225985977e+00 -2.222222222222434596e+00
0.000000000000000000e+00 -2.222222219406273069e+00 0.000000000000000000e+00
-2.222222222202714370e+00 -2.222219738264049393e+00 -2.222222221706609435e+00
-1.931583708495475671e+00 -1.920300288678947531e+00 -2.180723341360734313e+00
-1.593556064261373528e+00 -7.972316538981543133e-01 -1.634172806296857017e+00
-1.689026680147059256e+00 -1.612210351633100558e+00 -1.460135513398160167e+00
-9.312833910797546633e-01 -1.302044946153313898e+00 -1.160576881585733577e+00
-1.516117127121427988e+00 -9.145054103863272665e-01 -1.652570684893043484e+00
-1.008437388031800275e+00 -1.558781925214493214e+00 -1.349771619697452518e+00
-2.218382217220210340e+00 -2.000000000000000000e+00 -2.222219641887219765e+00
-2.222203291706445150e+00 -2.222222117740924485e+00 -2.222222222265538782e+00
-2.222221572742208107e+00 -2.222222009104649398e+00 -2.222222222222869803e+00
1.036485510752527262e-07 -6.066369570678631362e-06 -2.222219319754040079e+00
-2.222222222222222321e+00 0.000000000000000000e+00 0.000000000000000000e+00
-2.222222222199538244e+00 0.000000000000000000e+00 0.000000000000000000e+00
0.000000000000000000e+00 -2.222222221835063571e+00 0.000000000000000000e+00
0.000000000000000000e+00 0.000000000000000000e+00 0.000000000000000000e+00
0.000000000000000000e+00 0.000000000000000000e+00 0.000000000000000000e+00
-2.222222222215400667e+00 0.000000000000000000e+00 -1.075463290139744288e-03
-2.222222203007535590e+00 0.000000000000000000e+00 0.000000000000000000e+00
-8.464637524241425126e-08 -2.222221817591587989e+00 -2.222222222218540377e+00
-2.222222220999399145e+00 -2.222222222219428556e+00 0.000000000000000000e+00
-2.222222221853882740e+00 -2.222222222219364163e+00 -2.222222222221699628e+00
-2.222222222109504042e+00 0.000000000000000000e+00 -6.692060239288366574e-10
-2.003199999999821124e+00 -2.222189513788161097e+00 -2.222222222241646339e+00
-2.170460109951384720e+00 -3.998720632310308609e-01 -1.999359999999999804e+00
-1.952595275380297757e+00 -2.387454171473804010e-01 -1.641127393894786124e+00
-4.839736188236059000e-01 -3.071646409429287239e-01 -2.000000000000000000e+00
-2.222222221629991168e+00 0.000000000000000000e+00 -2.222222233410705794e+00
-2.222222118974155780e+00 -2.222222222222748567e+00 0.000000000000000000e+00
0.000000000000000000e+00 -2.222219882820489101e+00 0.000000000000000000e+00
1.622901812936561328e-10 -2.222222222222128174e+00 0.000000000000000000e+00
-7.381062359534951156e-06 -2.222222222222206778e+00 0.000000000000000000e+00
0.000000000000000000e+00 -2.222222197757545814e+00 -2.222222853479541627e+00
-1.635641218022954035e-06 -2.222221915493107769e+00 -2.222222222222040244e+00
0.000000000000000000e+00 0.000000000000000000e+00 0.000000000000000000e+00
0.000000000000000000e+00 0.000000000000000000e+00 0.000000000000000000e+00
-2.222222225316967226e+00 -2.222222188332783954e+00 0.000000000000000000e+00
-2.222222222222219656e+00 -2.222222221976428269e+00 0.000000000000000000e+00
-2.222222033520306894e+00 -2.222222222227079325e+00 0.000000000000000000e+00
-7.992324295713615356e-07 -2.222222047389154298e+00 0.000000000000000000e+00
-2.222218810816753543e+00 -2.222222222222200561e+00 -2.222222136159528016e+00
-2.222222125588909414e+00 0.000000000000000000e+00 0.000000000000000000e+00
-2.222222221853570101e+00 0.000000000000000000e+00 0.000000000000000000e+00
-4.284418665179146046e-06 -2.222222221715793644e+00 -1.220474388219372486e-09
-2.222222219489481621e+00 0.000000000000000000e+00 -2.222222198375774838e+00
0.000000000000000000e+00 0.000000000000000000e+00 1.470709527717772858e-05
-2.222222240031361373e+00 -2.222222222222169030e+00 0.000000000000000000e+00
0.000000000000000000e+00 0.000000000000000000e+00 0.000000000000000000e+00
-2.222221127620786163e+00 -2.222222222215473053e+00 -2.222215516127376667e+00
0.000000000000000000e+00 0.000000000000000000e+00 -2.222211158074987480e+00
-2.222222221657457641e+00 -2.222222203005519869e+00 -2.222222222234168321e+00
-2.222222222221797772e+00 -2.222222222212410614e+00 0.000000000000000000e+00
-2.222222221515572027e+00 0.000000000000000000e+00 -2.222222203523474438e+00
-2.222222222187698826e+00 -2.222222222221911014e+00 -3.984747865004578671e-08
-2.222222133962023172e+00 0.000000000000000000e+00 0.000000000000000000e+00
0.000000000000000000e+00 0.000000000000000000e+00 0.000000000000000000e+00
-2.222222222222535848e+00 -2.222222222219561782e+00 -2.222222222226187593e+00
-1.629708828065901116e-05 -2.222222222062444352e+00 -2.222222221088233418e+00
-2.221774441447987858e+00 1.488589371971826836e-04 0.000000000000000000e+00
0.000000000000000000e+00 0.000000000000000000e+00 -2.222222077313612765e+00
-2.222222825680987057e+00 -7.224623783663730592e-07 -2.222222219735309423e+00
-2.222219319885648137e+00 -2.222222252152362909e+00 -6.362637200663101567e-06
0.000000000000000000e+00 0.000000000000000000e+00 0.000000000000000000e+00
-2.222222222163718452e+00 -2.222222222222387078e+00 0.000000000000000000e+00
-2.222176119825428398e+00 -2.222222167854967623e+00 -9.326784056185033478e-08
-2.222222222007991466e+00 -2.222212546786081155e+00 0.000000000000000000e+00
0.000000000000000000e+00 -2.222222222038080730e+00 -2.222222219979322677e+00
-2.222222222232133948e+00 -3.027355122142694199e-08 -2.222224543153278109e+00
-1.441821298797663076e-06 -2.222222222118125590e+00 -2.222222220483875965e+00
-2.222221510475319128e+00 0.000000000000000000e+00 0.000000000000000000e+00
-2.222221857622260988e+00 -7.776850718954619879e-09 -2.222222217394528521e+00
-2.222220542878023064e+00 -2.222222097444942701e+00 -2.222222222221751586e+00
-2.222222222247362655e+00 -2.222222222223090515e+00 0.000000000000000000e+00
-2.222222222089338839e+00 0.000000000000000000e+00 0.000000000000000000e+00
0.000000000000000000e+00 0.000000000000000000e+00 0.000000000000000000e+00
0.000000000000000000e+00 0.000000000000000000e+00 0.000000000000000000e+00
0.000000000000000000e+00 0.000000000000000000e+00 0.000000000000000000e+00
0.000000000000000000e+00 0.000000000000000000e+00 0.000000000000000000e+00
-9.151790454353658788e-07 0.000000000000000000e+00 -2.222221190575861094e+00
-5.212719145220034989e-12 0.000000000000000000e+00 0.000000000000000000e+00
0.000000000000000000e+00 0.000000000000000000e+00 0.000000000000000000e+00
0.000000000000000000e+00 0.000000000000000000e+00 0.000000000000000000e+00
0.000000000000000000e+00 0.000000000000000000e+00 0.000000000000000000e+00
-2.222221968546701287e+00 -2.222222222222160593e+00 -1.594639331603531218e-05
-3.658702202419927829e-03 -2.222222209540721138e+00 -2.222222221497934580e+00
0.000000000000000000e+00 0.000000000000000000e+00 0.000000000000000000e+00
-2.222222094506564272e+00 -2.222222222233929401e+00 0.000000000000000000e+00
-2.222219858120786817e+00 0.000000000000000000e+00 0.000000000000000000e+00
-2.222222222222996812e+00 0.000000000000000000e+00 0.000000000000000000e+00
1.069689403720985865e-08 0.000000000000000000e+00 0.000000000000000000e+00
-2.222222019070919874e+00 -2.222222204490921893e+00 -2.222222130035886423e+00
-2.222222222134848213e+00 -2.222222222551186288e+00 0.000000000000000000e+00
-2.222221366721600422e+00 -2.222218637195713331e+00 -2.222222196969207975e+00
0.000000000000000000e+00 0.000000000000000000e+00 -1.743348293548052652e-05
-2.222222218062553267e+00 0.000000000000000000e+00 0.000000000000000000e+00
0.000000000000000000e+00 0.000000000000000000e+00 0.000000000000000000e+00
0.000000000000000000e+00 0.000000000000000000e+00 0.000000000000000000e+00
0.000000000000000000e+00 0.000000000000000000e+00 0.000000000000000000e+00
0.000000000000000000e+00 0.000000000000000000e+00 0.000000000000000000e+00
0.000000000000000000e+00 0.000000000000000000e+00 0.000000000000000000e+00
0.000000000000000000e+00 0.000000000000000000e+00 0.000000000000000000e+00
0.000000000000000000e+00 0.000000000000000000e+00 0.000000000000000000e+00
0.000000000000000000e+00 0.000000000000000000e+00 0.000000000000000000e+00
0.000000000000000000e+00 0.000000000000000000e+00 0.000000000000000000e+00
0.000000000000000000e+00 0.000000000000000000e+00 0.000000000000000000e+00
0.000000000000000000e+00 0.000000000000000000e+00 0.000000000000000000e+00
0.000000000000000000e+00 0.000000000000000000e+00 0.000000000000000000e+00
0.000000000000000000e+00 0.000000000000000000e+00 0.000000000000000000e+00
0.000000000000000000e+00 0.000000000000000000e+00 0.000000000000000000e+00
0.000000000000000000e+00 0.000000000000000000e+00 0.000000000000000000e+00
0.000000000000000000e+00 0.000000000000000000e+00 0.000000000000000000e+00
0.000000000000000000e+00 0.000000000000000000e+00 0.000000000000000000e+00
0.000000000000000000e+00 0.000000000000000000e+00 0.000000000000000000e+00
0.000000000000000000e+00 0.000000000000000000e+00 0.000000000000000000e+00
0.000000000000000000e+00 0.000000000000000000e+00 0.000000000000000000e+00
