0.000000000000000000e+00 0.000000000000000000e+00 0.000000000000000000e+00
0.000000000000000000e+00 -1.811380072919349382e-01 0.000000000000000000e+00
0.000000000000000000e+00 0.000000000000000000e+00 0.000000000000000000e+00
-4.372683065355291165e-01 -3.082176144721869848e-01 -3.090298879686200761e-01
-7.135589107420981847e+00 -7.176484441612404730e+00 -7.169197314212627070e+00
-1.173218064976084918e+01 -1.173956632535103495e+01 -1.172757379458403371e+01
-1.094998522227955995e+01 -1.092028581780598451e+01 -1.089198990275546031e+01
-1.052039679756398982e+01 -1.052935402723005254e+01 -1.056681210930419645e+01
-1.020583480530012999e+01 -1.021327880675358379e+01 -1.019244472114852584e+01
-1.137556783883850642e+01 -1.140163468862732010e+01 -1.142830436867653177e+01
-1.647711027572610831e+01 -1.647257074804428711e+01 -1.645760126614922925e+01
-1.536126366570833035e+01 -1.524697014841268405e+01 -1.498667053832482843e+01
-1.077451006157557245e+01 -1.080893498592822155e+01 -1.079117956324656902e+01
0.000000000000000000e+00 0.000000000000000000e+00 0.000000000000000000e+00
-1.880812022413134443e-01 0.000000000000000000e+00 0.000000000000000000e+00
-2.777076337259394290e-01 -1.325177476208727889e-01 0.000000000000000000e+00
-2.189511170270248552e-01 0.000000000000000000e+00 0.000000000000000000e+00
-2.121314358809911482e-01 0.000000000000000000e+00 0.000000000000000000e+00
-1.770722205458148957e-01 -2.177299550361699865e-01 0.000000000000000000e+00
0.000000000000000000e+00 0.000000000000000000e+00 0.000000000000000000e+00
0.000000000000000000e+00 0.000000000000000000e+00 0.000000000000000000e+00
-2.784054416718079739e-01 0.000000000000000000e+00 0.000000000000000000e+00
-2.753018036105720490e-01 -1.351699736639123406e-01 -5.884862136431832924e-02
-1.286558997821661388e+00 -1.336548116197353808e+00 -1.283359439996833329e+00
-7.027974671436906462e+00 -7.018864932860503281e+00 -7.038604995271106723e+00
-9.598450121121521406e+00 -9.627850170407658226e+00 -9.598636581847626914e+00
-9.740838549965950222e+00 -9.593625155976726049e+00 -9.602377806494999390e+00
-1.012499627860363738e+01 -1.013295351120637378e+01 -1.012285359535817619e+01
-1.089917433834205340e+01 -1.088976731558470057e+01 -1.090380022339583910e+01
-1.173152886567426023e+01 -1.174127875601773496e+01 -1.173051626535168346e+01
-1.254517654986685393e+01 -1.254622875449449992e+01 -1.255726962360501808e+01
-1.344913437867389483e+01 -1.346424768549047180e+01 -1.347307421898432089e+01
-1.506166878029140754e+01 -1.506344931977297463e+01 -1.504712126609040546e+01
-1.388036412991526269e+01 -1.387706612267212947e+01 -1.387816115753603619e+01
-4.168304127516326285e-01 -2.458141172325608026e-01 -2.874308594514483062e-01
-1.688914067816207898e-01 -3.374156346041360943e-01 -3.336333814462213443e-01
-2.329356581517353642e-01 -1.220941076321593183e-01 0.000000000000000000e+00
-4.809118173088287040e-01 -5.052301676610426728e-01 -5.790365434530435618e-01
-1.926141841391378340e-01 0.000000000000000000e+00 0.000000000000000000e+00
-1.963946118962469622e-01 0.000000000000000000e+00 0.000000000000000000e+00
0.000000000000000000e+00 0.000000000000000000e+00 0.000000000000000000e+00
0.000000000000000000e+00 0.000000000000000000e+00 0.000000000000000000e+00
-2.236272908512006441e-01 -3.295323349890084685e-01 -3.064330459155251152e-01
-3.970418276203046659e+00 -3.946164564104647887e+00 -3.945053223220669647e+00
-7.422786761728076499e+00 -7.438062001358443531e+00 -7.418662129522731519e+00
-9.129990171697476953e+00 -9.259313073898038482e+00 -9.138307990919157575e+00
-1.030506594322204350e+01 -1.030428383284498040e+01 -1.030186936056548674e+01
-1.145976553536302944e+01 -1.144937859687180293e+01 -1.146333035716877369e+01
-1.236269423045876437e+01 -1.237448807841037102e+01 -1.236126195009287798e+01
-1.294238108975150858e+01 -1.294665163217441339e+01 -1.294383804836300911e+01
-1.310985772218760737e+01 -1.310462946143501206e+01 -1.310973065653228531e+01
-1.304970758384352258e+01 -1.305932598571353154e+01 -1.305578846869613407e+01
-1.305794176883854796e+01 -1.306651153776257779e+01 -1.307894931102121383e+01
-1.358009321338532516e+01 -1.358048468463524827e+01 -1.358234516692609972e+01
-1.308249419936067603e+01 -1.307934085475668518e+01 -1.308279388725818038e+01
-7.688702061140534338e-02 -1.915958652369478821e-01 -1.888089229231457722e-01
-2.438320272510533238e-01 0.000000000000000000e+00 0.000000000000000000e+00
0.000000000000000000e+00 -1.866915771797586776e-01 -1.068664770156543820e-01
-1.742223753626411797e-01 0.000000000000000000e+00 0.000000000000000000e+00
0.000000000000000000e+00 0.000000000000000000e+00 0.000000000000000000e+00
0.000000000000000000e+00 0.000000000000000000e+00 0.000000000000000000e+00
-2.132353868711402423e-01 -1.619970724250867911e-01 0.000000000000000000e+00
-9.638716203143282701e-01 -9.101022667336379213e-01 -9.419329728669258994e-01
-5.497125385343555770e+00 -5.487732592365662576e+00 -5.505368532875191789e+00
-7.935655154168061109e+00 -7.941386118827851170e+00 -7.963828024759275870e+00
-1.004153839068892040e+01 -1.005290642526123968e+01 -1.004901212753604334e+01
-1.173718358134036421e+01 -1.172956649084420278e+01 -1.174186142635415919e+01
-1.308305450349149268e+01 -1.310131434003057294e+01 -1.308301585464690042e+01
-1.412903330615436026e+01 -1.412846738364199517e+01 -1.411204250108033165e+01
-1.457852498536921004e+01 -1.458609998998111479e+01 -1.458059080321071654e+01
-1.464164176050824118e+01 -1.464496133690449753e+01 -1.465083304853551027e+01
-1.438057070718541297e+01 -1.440414942149152466e+01 -1.439192953402797670e+01
-1.354655983443187495e+01 -1.355785498674212874e+01 -1.354513570038063719e+01
-1.288806487083976648e+01 -1.289900346867574221e+01 -1.288352182718735506e+01
-1.280095134333489071e+01 -1.280038319655537293e+01 -1.279453773153537455e+01
-1.204122902273272899e+01 -1.205236640523509806e+01 -1.204523875899180752e+01
-2.254455981503686035e-01 -2.400032270233612153e-01 -2.186389879254089230e-01
-4.818417721812123244e-01 -1.745510594965122286e-01 0.000000000000000000e+00
-8.149194746376660359e-02 -1.456009258679090701e-01 -1.816836317011416013e-01
0.000000000000000000e+00 0.000000000000000000e+00 0.000000000000000000e+00
0.000000000000000000e+00 0.000000000000000000e+00 0.000000000000000000e+00
-2.417605975442801702e-01 0.000000000000000000e+00 -2.661148843129449992e-01
-2.638221385190262058e+00 -2.650021922232729921e+00 -2.680781592648859846e+00
-6.421220552867610287e+00 -6.435312071908537490e+00 -6.402829028614007711e+00
-8.833069844298803375e+00 -8.833321319116061332e+00 -8.865663753470967023e+00
-1.132109279469613838e+01 -1.120195249260015480e+01 -1.121808415472815668e+01
-1.311306516390950172e+01 -1.311851941373959285e+01 -1.311821654209277810e+01
-1.490980148908985825e+01 -1.493062119227238504e+01 -1.491793380115180767e+01
-1.626845385889814111e+01 -1.626812867927193551e+01 -1.625459627174382149e+01
-1.695317064496272508e+01 -1.695244295354846642e+01 -1.695678337280557102e+01
-1.696281102477905023e+01 -1.695836715052020338e+01 -1.695955297001326656e+01
-1.627947988767463272e+01 -1.627304110296647366e+01 -1.626446133166151853e+01
-1.505352149257892158e+01 -1.501589118416157653e+01 -1.504456369237421498e+01
-1.369574498241312099e+01 -1.369088242152665735e+01 -1.368214622837351513e+01
-1.250422309482784300e+01 -1.250743703030132181e+01 -1.251492757311189941e+01
-1.214235772298748550e+01 -1.214732143304954270e+01 -1.214492002792157876e+01
-8.047354767594690372e+00 -8.026755337903683341e+00 -8.023330986236750562e+00
-2.633649830189019325e-01 -3.583699374848615671e-01 -2.280635592903663689e-01
-3.056115913385620275e-01 -1.609064285709571052e-01 -5.004899788869943134e-01
0.000000000000000000e+00 0.000000000000000000e+00 -1.083909174140450793e-01
0.000000000000000000e+00 0.000000000000000000e+00 0.000000000000000000e+00
0.000000000000000000e+00 0.000000000000000000e+00 -1.389308457296788979e-01
-3.680864048828853097e+00 -3.693138570937314125e+00 -3.714220314943192491e+00
-7.215961022473303288e+00 -7.223220988897581130e+00 -7.242689400897906360e+00
-9.709375777151345588e+00 -9.707995452940588521e+00 -9.724110073186034597e+00
-1.223205324591789100e+01 -1.223014737417065412e+01 -1.224436141263270983e+01
-1.447207507001615134e+01 -1.445262248024610408e+01 -1.447548561739380624e+01
-1.671465943149837230e+01 -1.671721226384389070e+01 -1.670076227128800284e+01
-1.850440439264201586e+01 -1.852555621138157349e+01 -1.852277163466366972e+01
-1.953821820184038671e+01 -1.953945081459655242e+01 -1.953983646928606888e+01
-1.921490788972214858e+01 -1.926113152299735276e+01 -1.921294835458393635e+01
-1.826060783764338424e+01 -1.822616842135673210e+01 -1.825651347736064878e+01
-1.671233036381692116e+01 -1.670363437291824127e+01 -1.668060707504065121e+01
-1.499653126549288373e+01 -1.498705155512313780e+01 -1.504665280331957788e+01
-1.320389149191707823e+01 -1.319242659709813736e+01 -1.318802714352138317e+01
-1.213003244016303128e+01 -1.213012638222395978e+01 -1.213524430237855078e+01
-1.166726372822908431e+01 -1.166558259231473471e+01 -1.167071732719289301e+01
-2.441934372287288546e-01 -2.195477721591249098e-01 -2.782901275321235657e-01
-3.890708872387977357e-01 -1.783420030845221382e-01 -3.646148232178412218e-01
0.000000000000000000e+00 0.000000000000000000e+00 0.000000000000000000e+00
0.000000000000000000e+00 0.000000000000000000e+00 0.000000000000000000e+00
-2.435112768197091881e-01 0.000000000000000000e+00 -1.402793755754076221e-01
-3.914997473477479506e+00 -3.951618291865125254e+00 -3.998089963540568892e+00
-7.360533149042445267e+00 -7.364871610868652496e+00 -7.389135420965075696e+00
-9.929447113053743834e+00 -9.924269549939458201e+00 -9.946590302578361076e+00
-1.274306342388801561e+01 -1.274179136070586615e+01 -1.274207655869793676e+01
-1.508823830183098558e+01 -1.508853170481302541e+01 -1.508668171303849803e+01
-1.787223940267086775e+01 -1.789875225164840700e+01 -1.789720083791683791e+01
-2.054646473151059638e+01 -2.060127218356863565e+01 -2.060672979982350483e+01
-2.558808495748139222e+01 -2.564921272563977794e+01 -2.565241325359435720e+01
-2.620532436543128085e+01 -2.621815059159562367e+01 -2.610397047800367787e+01
-2.105059472946241428e+01 -2.098574741674813993e+01 -2.094352808190109982e+01
-1.781356801515589439e+01 -1.782488067628676021e+01 -1.781522956476333874e+01
-1.590946781392322684e+01 -1.591276981245981048e+01 -1.589659348266631689e+01
-1.392607977470983371e+01 -1.392950277205416221e+01 -1.394322015046423324e+01
-1.195307366922789427e+01 -1.194949958694343728e+01 -1.196116079521713438e+01
-1.105714796419352552e+01 -1.104346801326038552e+01 -1.087749314773414255e+01
-7.486044896155865658e-01 -6.766016941817285524e-01 -6.719885251864017306e-01
-1.833972540688500463e-01 -1.300708566887849305e-01 -1.557114906866297888e-01
0.000000000000000000e+00 0.000000000000000000e+00 0.000000000000000000e+00
0.000000000000000000e+00 0.000000000000000000e+00 0.000000000000000000e+00
-1.683101780225204902e-01 -2.954424646384010145e-01 -2.157267905463748359e-01
-3.669695022754555946e+00 -3.684817156344486921e+00 -3.689292636898333200e+00
-7.162410209349937773e+00 -7.155805930402101112e+00 -7.245419859166081444e+00
-9.872900043777804058e+00 -9.898610315313399965e+00 -9.906358582891892084e+00
-1.256805706954364510e+01 -1.257078614206675304e+01 -1.258279622590191416e+01
-1.505564811200560804e+01 -1.497089447136406903e+01 -1.500135112722646014e+01
-1.753500447144102381e+01 -1.753987462955947407e+01 -1.755543431021769507e+01
-2.086016072620984119e+01 -2.091969128083045248e+01 -2.090622178637094564e+01
-2.559676507124527589e+01 -2.560931754234307789e+01 -2.560666248063722961e+01
-2.899713789363702432e+01 -2.911244797161507947e+01 -2.911402529446271004e+01
-2.250043368667825305e+01 -2.249739396981451378e+01 -2.240291148190494752e+01
-1.866996087500725210e+01 -1.866797826983690456e+01 -1.866714285669151963e+01
-1.642175686986887584e+01 -1.644285028075991306e+01 -1.641009098285125134e+01
-1.427861609995410852e+01 -1.425381323914569442e+01 -1.425552554297092023e+01
-1.209045801334465509e+01 -1.209320811173732757e+01 -1.208749217114849728e+01
-1.071792903395659913e+01 -1.066868085426605894e+01 -1.054047288353073419e+01
-3.262884669938083348e+00 -3.212664374291525071e+00 -3.156770956684558538e+00
0.000000000000000000e+00 0.000000000000000000e+00 -9.816018823437058782e-02
0.000000000000000000e+00 0.000000000000000000e+00 0.000000000000000000e+00
0.000000000000000000e+00 0.000000000000000000e+00 0.000000000000000000e+00
-1.913840647401683914e-01 -2.833258176467943756e-01 -3.899503542087985331e-01
-2.210309169774964833e+00 -2.222423410696526158e+00 -2.214754871395352431e+00
-6.437062885466074746e+00 -6.432813413460882757e+00 -6.453802057923389235e+00
-9.285645091025758191e+00 -9.292887016885568841e+00 -9.290563706403291988e+00
-1.206452611536112762e+01 -1.207769990945713090e+01 -1.206836578264816140e+01
-1.413309774972452892e+01 -1.412242038445941539e+01 -1.414238645511425396e+01
-1.623081792694655690e+01 -1.625121858742854641e+01 -1.625867805573853531e+01
-1.889367159478958058e+01 -1.887761138600969701e+01 -1.887264068477653822e+01
-2.115116969982849326e+01 -2.113126093296645891e+01 -2.114635328013753934e+01
-2.177023149557096460e+01 -2.177441929013252420e+01 -2.177001455118666229e+01
-2.075099341659567997e+01 -2.070179428852813075e+01 -2.076056753823986512e+01
-1.828397281411310260e+01 -1.829982301378300846e+01 -1.827319190920422187e+01
-1.624930708585411310e+01 -1.625016094618883855e+01 -1.623966610601994986e+01
-1.408954613036125458e+01 -1.409977793958115377e+01 -1.407436196458565192e+01
-1.197499105144645171e+01 -1.198521334737388777e+01 -1.197763989629944170e+01
-1.091473004364558008e+01 -1.091535854878745582e+01 -1.092299138212697329e+01
-4.064154113909621557e+00 -4.182155606227420108e+00 -4.046420399196043682e+00
-1.077048340282645428e-01 -4.086186590703787258e-02 -1.867969539629054931e-01
0.000000000000000000e+00 0.000000000000000000e+00 0.000000000000000000e+00
0.000000000000000000e+00 0.000000000000000000e+00 0.000000000000000000e+00
0.000000000000000000e+00 0.000000000000000000e+00 -2.453176301293364114e-01
-4.513746854398441588e-01 -4.461563678869666094e-01 -4.693179327995961048e-01
-5.597082550937196643e+00 -5.713617426152042711e+00 -5.796174995081303294e+00
-8.340642676592334936e+00 -8.349214501423734447e+00 -8.360288731382345517e+00
-1.085203572573810860e+01 -1.087383841797240080e+01 -1.087555726078505991e+01
-1.314102443331503700e+01 -1.313174528467214586e+01 -1.315384764108287641e+01
-1.496330484239853575e+01 -1.496976525298749827e+01 -1.495356046604413791e+01
-1.638371821672788897e+01 -1.636293820959550516e+01 -1.637291367682356480e+01
-1.777682255146540768e+01 -1.775642179478120397e+01 -1.779784935475049323e+01
-1.800670075734166531e+01 -1.802156749806410474e+01 -1.800535000316726553e+01
-1.760183365287510782e+01 -1.759115965067461929e+01 -1.759066295400361213e+01
-1.665355636400126116e+01 -1.666622606316424893e+01 -1.665266161021898483e+01
-1.510797393598857674e+01 -1.510412348250926762e+01 -1.508928772985874467e+01
-1.331936572506151606e+01 -1.330806960618791024e+01 -1.329549290947994145e+01
-1.138321454357141072e+01 -1.138563490805191769e+01 -1.137841218409150379e+01
-1.019586213267225361e+01 -1.018407318869772737e+01 -1.018983582277422961e+01
-3.880850727268251088e+00 -3.912470403772709382e+00 -3.854450897045253122e+00
-2.408566522370698404e-01 -2.398004163070826533e-01 -2.578072561480037050e-01
0.000000000000000000e+00 0.000000000000000000e+00 0.000000000000000000e+00
0.000000000000000000e+00 0.000000000000000000e+00 0.000000000000000000e+00
-2.245903576801404344e-01 0.000000000000000000e+00 0.000000000000000000e+00
-4.220613913915653437e-01 -3.757221567336968548e-01 -4.814294391631429582e-01
-4.542455641854298953e+00 -4.543583829390516193e+00 -4.558080947509170144e+00
-7.300684742407365313e+00 -7.293782534065018197e+00 -7.311116349755735655e+00
-9.584454487685700741e+00 -9.619236263370376960e+00 -9.599337762536332974e+00
-1.169817907290178738e+01 -1.171353720699609546e+01 -1.171253286206181699e+01
-1.341541207078791942e+01 -1.342032382863013140e+01 -1.342733325994902316e+01
-1.463390401243412420e+01 -1.465220706503717096e+01 -1.464240833717200196e+01
-1.554698017825293377e+01 -1.553908884977597360e+01 -1.554346883913759392e+01
-1.581040436816007499e+01 -1.579738603181500345e+01 -1.582259629634328668e+01
-1.558725961416592831e+01 -1.558473906539594012e+01 -1.557870674485642937e+01
-1.476111946842694245e+01 -1.479298893204429532e+01 -1.477990005175724342e+01
-1.372708950164003561e+01 -1.373624099547518540e+01 -1.372841461360720139e+01
-1.225437491007551571e+01 -1.228049435838172165e+01 -1.228708042371641618e+01
-1.066370387813735476e+01 -1.064784342712364840e+01 -1.064372011360657844e+01
-9.003941097580339559e+00 -8.970715537673493500e+00 -8.969713957972526686e+00
-9.526713142769541731e-01 -9.068319348686204595e-01 -9.226843317255239985e-01
0.000000000000000000e+00 -1.441739757271661981e-01 0.000000000000000000e+00
0.000000000000000000e+00 0.000000000000000000e+00 0.000000000000000000e+00
0.000000000000000000e+00 0.000000000000000000e+00 0.000000000000000000e+00
0.000000000000000000e+00 0.000000000000000000e+00 0.000000000000000000e+00
-1.230052593267156047e-01 -4.240409450938610880e-01 -5.625696835402964613e-01
-5.946615915163473431e-01 -5.686653014531538597e-01 -5.590226052723042960e-01
-6.192017900788327367e+00 -6.172001336225791057e+00 -6.204329274469681188e+00
-8.427140651538310934e+00 -8.435776048441214314e+00 -8.437879905050921892e+00
-1.007956622992709406e+01 -1.007779624396521889e+01 -1.007859714629882220e+01
-1.183428326104958828e+01 -1.182849664061485484e+01 -1.183415030752847130e+01
-1.299767888538839422e+01 -1.297911162888120451e+01 -1.298082450491426165e+01
-1.373241993034221053e+01 -1.371575066896610018e+01 -1.372067507937822661e+01
-1.408048989790071737e+01 -1.408361207034072038e+01 -1.407850097838288761e+01
-1.384972647305945870e+01 -1.384600537493053096e+01 -1.385332726820459648e+01
-1.318027645203648568e+01 -1.318541908923617001e+01 -1.317379620869960277e+01
-1.227444884560792815e+01 -1.227776294200903706e+01 -1.225539404416994849e+01
-1.093215878280780728e+01 -1.090896487906973000e+01 -1.091530374562210071e+01
-9.724874361257727529e+00 -9.723455566737769118e+00 -9.708911119953988589e+00
-6.664918900132493107e+00 -6.563967428460713016e+00 -6.664772880796284937e+00
-2.288441080180300680e-02 -2.541431043833796144e-01 -1.585140399089079999e-01
-1.783404363603123266e-01 -1.918309744661339244e-01 -2.193741966417122602e-01
0.000000000000000000e+00 0.000000000000000000e+00 0.000000000000000000e+00
0.000000000000000000e+00 0.000000000000000000e+00 0.000000000000000000e+00
-1.852200662744937776e-01 -1.844330007980470865e-01 0.000000000000000000e+00
-2.000263437696814250e-01 -2.617853726713141871e-01 0.000000000000000000e+00
-1.375259555521319010e-01 0.000000000000000000e+00 0.000000000000000000e+00
-2.399358442093336929e+00 -2.370403297987750513e+00 -2.413905242856410727e+00
-6.710628179253782299e+00 -6.702455771599127310e+00 -6.718899409642929754e+00
-8.772634386174084753e+00 -8.794870860116075661e+00 -8.842514669556246432e+00
-1.009135345005603313e+01 -1.009648192938384703e+01 -1.022926374503961888e+01
-1.135216772904228932e+01 -1.133673180665869040e+01 -1.133939162269150636e+01
-1.204926753251467630e+01 -1.205239201277582772e+01 -1.205312518965268787e+01
-1.216416938004904580e+01 -1.216111523569785291e+01 -1.216207039656970146e+01
-1.214078265229122167e+01 -1.213171617991577556e+01 -1.213417605160856638e+01
-1.154107260492735776e+01 -1.154259426028629321e+01 -1.154747995851489151e+01
-1.076995048794059429e+01 -1.075628002799005678e+01 -1.075359049034408798e+01
-9.977509544341234715e+00 -9.973473405740522324e+00 -9.958493779415448444e+00
-7.823071296041869793e+00 -7.846624386236132231e+00 -7.847843438564378715e+00
-1.572551065447951979e+00 -1.591106707030705003e+00 -1.636978581944444899e+00
-6.157952958932084719e-01 -6.053981525286947774e-01 -4.229134754315970746e-01
-2.159941166271512059e-01 0.000000000000000000e+00 0.000000000000000000e+00
0.000000000000000000e+00 0.000000000000000000e+00 0.000000000000000000e+00
0.000000000000000000e+00 0.000000000000000000e+00 0.000000000000000000e+00
-9.598407587782625816e-02 -1.931353826061523726e-01 0.000000000000000000e+00
-2.607617674769186489e-01 0.000000000000000000e+00 -1.974004212089412735e-01
-9.937759744436949760e-02 0.000000000000000000e+00 0.000000000000000000e+00
-2.118284006517105467e-01 -2.860992369214637732e-01 0.000000000000000000e+00
-3.754416257592991357e+00 -3.752893193615684186e+00 -3.717687679203640627e+00
-7.085144509696774229e+00 -7.075014249118690479e+00 -7.100223890304002694e+00
-8.969318635238897386e+00 -8.971794762251084521e+00 -8.967132945467724880e+00
-9.839114290809874319e+00 -9.856479678981958870e+00 -9.848131802193439199e+00
-1.041419898352003948e+01 -1.041611218775387293e+01 -1.041898374219464074e+01
-1.060030484668449269e+01 -1.060158126597522710e+01 -1.059764575761660765e+01
-1.064161810446723777e+01 -1.064637570321663063e+01 -1.063950063930461454e+01
-1.063767671961635841e+01 -1.063343131091711946e+01 -1.063501177573243694e+01
-1.002303385145613390e+01 -1.004298065048873667e+01 -1.000776801200243504e+01
-8.057213145757998518e+00 -8.062170466473467911e+00 -8.033506148126519975e+00
-4.056371290728065127e+00 -4.031002675760035459e+00 -4.045216608331402064e+00
-6.504746697978336378e-01 -7.724912443669673667e-01 -3.892706936485600400e-01
-1.561710239591196925e-01 -1.766664122854469388e-01 -2.401826692097165927e-01
0.000000000000000000e+00 0.000000000000000000e+00 0.000000000000000000e+00
0.000000000000000000e+00 0.000000000000000000e+00 -1.557588301919791696e-01
0.000000000000000000e+00 0.000000000000000000e+00 0.000000000000000000e+00
-3.599770953221639314e-01 -2.324239867011762828e-01 -1.437645121251268643e-01
-6.415119220220267815e-01 -1.584675885575964893e-01 -6.758374764109930100e-01
-4.623729133471151664e-01 -1.965988180991925238e-01 -2.093242847021189734e-01
-1.399817930490995510e-01 -2.184798346387622214e-01 0.000000000000000000e+00
-4.869328861432626887e-01 -5.975983234996697924e-01 -3.379140845371667035e-01
-3.850324258372254338e+00 -3.811012213590308395e+00 -3.780594679411657832e+00
-7.088469198650617642e+00 -7.092347657946247885e+00 -7.136871727247721786e+00
-9.214670574890890364e+00 -9.110922189770914059e+00 -9.099241490444835989e+00
-1.021277943830725654e+01 -1.005871982061816361e+01 -1.006717873310594946e+01
-1.055377578977133446e+01 -1.055723629913154760e+01 -1.055820536684909960e+01
-1.054567137570418289e+01 -1.054408047459912012e+01 -1.053788466023727644e+01
-9.976876756799516244e+00 -9.970000728348788144e+00 -9.972788454440340900e+00
-7.918027004330953744e+00 -7.889263943241334509e+00 -7.887428956299031846e+00
-5.124737958047189679e+00 -5.152787577206162872e+00 -5.120162767331705389e+00
-5.912325704290652961e-01 -5.535027107040052519e-01 -5.967977819925376348e-01
-1.531621076394880931e-01 -6.764661497078909569e-02 0.000000000000000000e+00
-1.108934271040537267e-01 -1.571543571609303469e-01 -1.969074540631646775e-01
-1.517073518087410366e-01 -2.194331917261357345e-01 -2.466244404105636112e-01
-9.273545566980509469e-02 0.000000000000000000e+00 0.000000000000000000e+00
0.000000000000000000e+00 0.000000000000000000e+00 0.000000000000000000e+00
0.000000000000000000e+00 -2.858607708311188822e-01 0.000000000000000000e+00
0.000000000000000000e+00 -2.118294670778408106e-01 0.000000000000000000e+00
0.000000000000000000e+00 0.000000000000000000e+00 -2.593908512701471603e-01
-1.876400441697807786e-01 0.000000000000000000e+00 0.000000000000000000e+00
-2.416588942966733933e-01 -2.188152582496683540e-01 0.000000000000000000e+00
0.000000000000000000e+00 -2.161794796073289449e-01 0.000000000000000000e+00
-3.659072087465543355e+00 -3.669892899576538525e+00 -3.645322857054006160e+00
-6.848729318478416594e+00 -6.863064408114746051e+00 -6.849380140388957372e+00
-8.442942425852386634e+00 -8.452873917565025152e+00 -8.466544835084173215e+00
-8.948826494195065706e+00 -8.949717466078396910e+00 -8.952848213371067843e+00
-8.572346610069086381e+00 -8.579913857299054314e+00 -8.572127787531314880e+00
-7.475816552883923549e+00 -7.428373835908135270e+00 -7.455475192306312948e+00
-4.953563060009960495e+00 -4.982746297103516575e+00 -4.936155669891211240e+00
-1.382844532685081562e+00 -1.382127356317893518e+00 -1.440649237666958404e+00
-1.282661449871793091e-01 -2.123649250318386250e-01 -3.301793384591970582e-01
0.000000000000000000e+00 -1.222864619671739789e-01 0.000000000000000000e+00
0.000000000000000000e+00 0.000000000000000000e+00 -9.767892225512012083e-02
0.000000000000000000e+00 0.000000000000000000e+00 -1.790229336146452743e-01
0.000000000000000000e+00 0.000000000000000000e+00 0.000000000000000000e+00
0.000000000000000000e+00 0.000000000000000000e+00 0.000000000000000000e+00
-2.590465164437814605e-01 0.000000000000000000e+00 0.000000000000000000e+00
-5.243523577313053963e-01 -5.174721964282709141e-01 -4.251329574011135093e-01
-1.457953847399169056e-01 -3.287172277247136787e-01 -3.344076155122177596e-01
-1.891193997500053570e-01 -1.790942077713859049e-01 -2.784054416718079739e-01
-1.532351566551186373e-01 -1.995483448390342196e-01 -5.587006320248463775e-02
-1.082253500439524924e-01 -1.763429976338559968e-01 -2.418374396127746240e-01
0.000000000000000000e+00 -5.064373196548453970e-01 0.000000000000000000e+00
-2.453604224414321244e+00 -2.478664920912424297e+00 -2.457527867705223024e+00
-5.912688634780399966e+00 -5.903317235014730713e+00 -6.047562719234868212e+00
-6.968490945436316863e+00 -6.973616551711026901e+00 -6.970547674054283327e+00
-6.289239704044603307e+00 -6.287249086259370401e+00 -6.255769100016757456e+00
-4.567263770252345090e+00 -4.572211125707049462e+00 -4.544946883697773110e+00
-2.533998176226311294e+00 -2.540973671105806186e+00 -2.511423648461459379e+00
-2.547042149846118764e-01 -2.527572155479945182e-01 -4.442878078833800148e-01
-2.427293543306112966e-01 -4.598317231746631428e-01 -2.607048216561512755e-01
-2.195090858940408340e-01 -2.392304616366128234e-01 0.000000000000000000e+00
0.000000000000000000e+00 0.000000000000000000e+00 -4.654526974984503074e-01
-1.599304122034022335e-01 0.000000000000000000e+00 0.000000000000000000e+00
0.000000000000000000e+00 0.000000000000000000e+00 0.000000000000000000e+00
0.000000000000000000e+00 0.000000000000000000e+00 0.000000000000000000e+00
-2.439288349969482850e-01 -2.772471488880393076e-01 0.000000000000000000e+00
-2.304501783239066570e-01 0.000000000000000000e+00 0.000000000000000000e+00
-1.571347666287363498e-01 -1.895406508635500420e-01 -6.681539504785977135e-02
-1.201552292912388825e-01 -2.435145261467686062e-01 0.000000000000000000e+00
-1.888859865321315112e-01 -3.781083097356943146e-01 -2.167921984551015868e-01
-3.499934454925712757e-01 -3.691952232169415926e-01 -2.201686875280123301e-01
-8.959139909509758470e-02 -1.378369324004978524e-01 -4.014498298423810341e-01
-2.435869256920272508e-01 0.000000000000000000e+00 -2.453223159966798073e-01
-1.239197688813870712e+00 -1.223108932977034158e+00 -1.171083869848662307e+00
-2.937526321657992323e+00 -2.927667232386666818e+00 -2.936777566037254594e+00
-2.742904131424490188e+00 -2.750248712107615123e+00 -2.748315655311141636e+00
-2.130218915480593278e+00 -2.120613629307096737e+00 -2.111687838043351473e+00
-8.592857441154648779e-01 -8.443233150282730692e-01 -8.432775067578691663e-01
-2.661154047100677128e-02 -1.246807955288698790e-02 -1.999900000000000289e-02
-1.005115441085994571e-01 -2.702117272304597750e-01 -2.442926885554902727e-01
-1.260952741520679765e-01 0.000000000000000000e+00 -1.235030681128274632e-01
-2.153448746163968142e-01 -1.438463553191077215e-01 0.000000000000000000e+00
0.000000000000000000e+00 -5.972536448709957202e-02 0.000000000000000000e+00
0.000000000000000000e+00 0.000000000000000000e+00 -1.215790054207282755e-01
0.000000000000000000e+00 0.000000000000000000e+00 0.000000000000000000e+00
0.000000000000000000e+00 0.000000000000000000e+00 0.000000000000000000e+00
-2.194158305812181631e-01 -2.536230205933504567e-01 0.000000000000000000e+00
0.000000000000000000e+00 0.000000000000000000e+00 0.000000000000000000e+00
0.000000000000000000e+00 0.000000000000000000e+00 0.000000000000000000e+00
-1.669471722502207378e-01 0.000000000000000000e+00 0.000000000000000000e+00
-1.862382904889063884e-01 -2.028367600878136223e-01 0.000000000000000000e+00
-1.599037935302756175e-01 -1.420685708284825655e-01 0.000000000000000000e+00
-1.867081831182931528e-01 -2.049072538827583223e-01 -3.543195816287513233e-01
-2.100093124569824277e-01 -1.543563320318803722e-01 0.000000000000000000e+00
0.000000000000000000e+00 0.000000000000000000e+00 0.000000000000000000e+00
0.000000000000000000e+00 -1.552809154620451437e-01 0.000000000000000000e+00
-3.241280760649411508e-01 0.000000000000000000e+00 0.000000000000000000e+00
-1.353429310208793257e-01 -1.499978814345281908e-01 0.000000000000000000e+00
-2.250457533150600209e-01 -1.087339017740854841e-01 -2.760600493840491554e-01
0.000000000000000000e+00 0.000000000000000000e+00 -2.411595360870117388e-01
-2.248933089413188702e-01 0.000000000000000000e+00 0.000000000000000000e+00
-3.586288193581755879e-01 -5.573493066180996713e-01 -3.785935676361421587e-01
-2.415515462409686398e-01 0.000000000000000000e+00 0.000000000000000000e+00
0.000000000000000000e+00 0.000000000000000000e+00 0.000000000000000000e+00
0.000000000000000000e+00 0.000000000000000000e+00 0.000000000000000000e+00
0.000000000000000000e+00 0.000000000000000000e+00 0.000000000000000000e+00
0.000000000000000000e+00 0.000000000000000000e+00 0.000000000000000000e+00
0.000000000000000000e+00 0.000000000000000000e+00 0.000000000000000000e+00
0.000000000000000000e+00 0.000000000000000000e+00 0.000000000000000000e+00
0.000000000000000000e+00 0.000000000000000000e+00 0.000000000000000000e+00
0.000000000000000000e+00 0.000000000000000000e+00 0.000000000000000000e+00
0.000000000000000000e+00 0.000000000000000000e+00 0.000000000000000000e+00
0.000000000000000000e+00 0.000000000000000000e+00 0.000000000000000000e+00
0.000000000000000000e+00 0.000000000000000000e+00 0.000000000000000000e+00
0.000000000000000000e+00 0.000000000000000000e+00 0.000000000000000000e+00
0.000000000000000000e+00 0.000000000000000000e+00 0.000000000000000000e+00
0.000000000000000000e+00 0.000000000000000000e+00 0.000000000000000000e+00
0.000000000000000000e+00 0.000000000000000000e+00 0.000000000000000000e+00
0.000000000000000000e+00 0.000000000000000000e+00 0.000000000000000000e+00
0.000000000000000000e+00 0.000000000000000000e+00 0.000000000000000000e+00
0.000000000000000000e+00 0.000000000000000000e+00 0.000000000000000000e+00
0.000000000000000000e+00 0.000000000000000000e+00 0.000000000000000000e+00
0.000000000000000000e+00 0.000000000000000000e+00 0.000000000000000000e+00
0.000000000000000000e+00 0.000000000000000000e+00 0.000000000000000000e+00
