0.000000000000000000e+00 0.000000000000000000e+00 0.000000000000000000e+00
0.000000000000000000e+00 0.000000000000000000e+00 0.000000000000000000e+00
0.000000000000000000e+00 0.000000000000000000e+00 0.000000000000000000e+00
-9.854557032027470242e+00 -9.820925208514376337e+00 -9.860456274093005291e+00
-9.957869945118837052e+00 -9.958984571467812685e+00 -9.957322994279589778e+00
-9.961634624709232000e+00 -9.961918480415796751e+00 -9.963230560844195338e+00
-9.964432783145856121e+00 -9.963650991825524272e+00 -9.964632345167164118e+00
-9.966342981246997468e+00 -9.964900900793933758e+00 -9.966440239173525839e+00
-9.965599156880346143e+00 -9.967189091870045203e+00 -9.966349361911300164e+00
-9.966166779929498176e+00 -9.966912119875264153e+00 -9.965497672961983966e+00
-9.965240471066579175e+00 -9.964507278888905972e+00 -9.961757213016635859e+00
-9.958519285569661150e+00 -9.955594662385003346e+00 -9.957992102338666385e+00
-9.946657888928024605e+00 -9.948165963448472482e+00 -9.948027394308406102e+00
0.000000000000000000e+00 0.000000000000000000e+00 0.000000000000000000e+00
-3.087017778163912318e+00 -5.772034924807051937e+00 0.000000000000000000e+00
0.000000000000000000e+00 0.000000000000000000e+00 -3.488376346900504466e+00
-3.491603252070778929e+00 -3.494011555412637637e+00 -3.498761487196681674e+00
-3.499377001892625572e+00 0.000000000000000000e+00 0.000000000000000000e+00
-3.494154904965014463e+00 -3.499727501861290335e+00 0.000000000000000000e+00
0.000000000000000000e+00 0.000000000000000000e+00 0.000000000000000000e+00
0.000000000000000000e+00 0.000000000000000000e+00 0.000000000000000000e+00
-3.499217096260903936e+00 0.000000000000000000e+00 0.000000000000000000e+00
-3.499999999999999778e-01 -3.499205080986881544e+00 -3.452401793648197437e+00
-9.922203628932447117e+00 -9.933719420671035749e+00 -9.944464112236833131e+00
-9.965743017142917992e+00 -9.966730273234590598e+00 -9.966582969062946162e+00
-9.968274466918400023e+00 -9.971453339048276021e+00 -9.966821443902716737e+00
-9.970932958124693712e+00 -9.969705355482830100e+00 -9.970295119507941450e+00
-9.970773321074579698e+00 -9.971071290254931441e+00 -9.970918629711029268e+00
-9.968644144921503525e+00 -9.968971756531351147e+00 -9.968182233091077649e+00
-9.965479116602008247e+00 -9.965228223129098950e+00 -9.964182912451210683e+00
-9.961817787213719910e+00 -9.961659844908249184e+00 -9.959960537371319589e+00
-9.952856799678206912e+00 -9.953939294136620930e+00 -9.955344079378463107e+00
-9.946464029397130702e+00 -9.950453103744798966e+00 -9.949884164752363702e+00
-9.942540791635700259e+00 -9.942291823011141005e+00 -9.942044310407995411e+00
-8.170343714717958505e+00 -7.101695328880156310e+00 -7.235107670228396515e+00
-5.771167479850157100e+00 -5.772911139559187887e+00 -3.499424290677034755e+00
-5.770993905240849209e+00 -5.770315911246747476e+00 -5.771887920702677199e+00
-5.771045237537835604e+00 -5.771594254774155885e+00 -5.587323643634572790e+00
-5.665316919563370135e+00 -3.487586894561163220e+00 -3.487620776548022938e+00
0.000000000000000000e+00 0.000000000000000000e+00 0.000000000000000000e+00
0.000000000000000000e+00 0.000000000000000000e+00 0.000000000000000000e+00
0.000000000000000000e+00 0.000000000000000000e+00 -3.483910487068996087e+00
-9.049644180160806073e+00 -9.174085183148820377e+00 -8.387170967207447703e+00
-9.963215366155889541e+00 -9.964941163369578803e+00 -9.961539681410613412e+00
-9.970023758001595127e+00 -9.973752498267284494e+00 -9.973069786827004179e+00
-9.975115828466067924e+00 -9.975172433669659000e+00 -9.975647928630202443e+00
-9.974235696318526578e+00 -9.974293774794764644e+00 -9.973854996955141772e+00
-9.974346228584016316e+00 -9.973276180264635471e+00 -9.973215958572790640e+00
-9.969628254905282816e+00 -9.969411650313084294e+00 -9.968224761165606296e+00
-9.967321817649555271e+00 -9.967005823800386466e+00 -9.965586138589269893e+00
-9.960810694823274858e+00 -9.963131395309327232e+00 -9.965349701183960462e+00
-9.955832944618400404e+00 -9.960323495911596936e+00 -9.958632255048508242e+00
-9.945731053162338853e+00 -9.949807700738329430e+00 -9.943561077054743791e+00
-9.936380596678844768e+00 -9.939391582961482285e+00 -9.939767784537771433e+00
-9.927159807230765409e+00 -9.927336942644647166e+00 -9.928627712378322201e+00
-7.199810012859828134e+00 -7.104897557861241886e+00 -8.037365558931771403e+00
-3.481937005724919043e+00 0.000000000000000000e+00 -5.765263696853586417e+00
-3.499674296420518527e+00 -3.499715950648593310e+00 -3.499577228084064906e+00
-3.257648393002137599e+00 -3.497459722769442170e+00 -5.773128207581875948e+00
0.000000000000000000e+00 0.000000000000000000e+00 0.000000000000000000e+00
0.000000000000000000e+00 0.000000000000000000e+00 0.000000000000000000e+00
-3.497148442973618376e+00 -3.380845740259769361e+00 -3.496568238248612293e+00
-9.311626729488573062e+00 -9.832037276121630143e+00 -9.908155931942019379e+00
-9.967641387197648584e+00 -9.964848911273042731e+00 -9.970714402312339075e+00
-9.977893795647853281e+00 -9.977613590249520215e+00 -9.975982677596801906e+00
-9.978883661582420572e+00 -9.978520909816385398e+00 -9.978226518084239771e+00
-9.976958122555599218e+00 -9.977391195588500850e+00 -9.975862517120019035e+00
-9.981044193864013536e+00 -9.980467905963227082e+00 -9.980481494679176890e+00
-9.982350213278484929e+00 -9.982335829261069549e+00 -9.977534006885678153e+00
-9.979858476244263699e+00 -9.980480122873979454e+00 -9.980206116195008192e+00
-9.978743485532859836e+00 -9.975427610765690289e+00 -9.983003598213654683e+00
-9.967417578482802298e+00 -9.973023002645451385e+00 -9.974249048195279244e+00
-9.963705012817721141e+00 -9.963074784975960441e+00 -9.962301864848576827e+00
-9.941794497242600670e+00 -9.941756975648297967e+00 -9.941243060702676715e+00
-9.932418149055484591e+00 -9.924954269936776541e+00 -9.926810533937302949e+00
-9.913583431171804961e+00 -9.915592631407035284e+00 -9.913570525524487920e+00
0.000000000000000000e+00 -3.423801329118970393e+00 0.000000000000000000e+00
-3.496550725974212792e+00 -3.499321039866629679e+00 -3.312854649247146455e+00
0.000000000000000000e+00 0.000000000000000000e+00 0.000000000000000000e+00
-3.482114243189291525e+00 0.000000000000000000e+00 0.000000000000000000e+00
0.000000000000000000e+00 0.000000000000000000e+00 0.000000000000000000e+00
-3.418406115217487162e+00 -3.438781638827629994e+00 0.000000000000000000e+00
-9.864720622099378389e+00 -9.736919380121326739e+00 -9.703066146834583350e+00
-9.975372585573765605e+00 -9.975002521237549047e+00 -9.975418634393978579e+00
-9.982164910839950167e+00 -9.980986067691015151e+00 -9.982278956868434250e+00
-9.981988782635914603e+00 -9.983310410846607752e+00 -9.980965776982312576e+00
-9.985098847360641017e+00 -9.984633917855322949e+00 -9.984858874305384546e+00
-9.983455653571326138e+00 -9.986872923386064471e+00 -9.986006361882106219e+00
-9.989835406198228185e+00 -9.988882719783415354e+00 -9.989752372680705150e+00
-9.989783509250687032e+00 -9.990026879904307933e+00 -9.988748294168164676e+00
-9.988094350184749004e+00 -9.988277991123350574e+00 -9.987302465581297639e+00
-9.988435149636396559e+00 -9.990285437947724390e+00 -9.987838376580480571e+00
-9.973075576303015666e+00 -9.959673447031562432e+00 -9.966642520968797214e+00
-9.956145029526743073e+00 -9.954974897301067216e+00 -9.953063591596515991e+00
-9.940705991788975737e+00 -9.932230233504949268e+00 -9.938798712555458437e+00
-9.918996322460564841e+00 -9.916258019812524083e+00 -9.912350406016242843e+00
-9.892236774516304010e+00 -9.890716420640691453e+00 -9.888532933423823224e+00
-3.496192445311830710e+00 0.000000000000000000e+00 -5.768255441830442365e+00
-3.498104848479719475e+00 -5.767775196550708472e+00 -5.771233341178099607e+00
0.000000000000000000e+00 0.000000000000000000e+00 0.000000000000000000e+00
0.000000000000000000e+00 0.000000000000000000e+00 0.000000000000000000e+00
-2.967383458823981357e+00 -5.462022756932361389e+00 -5.686516064284061756e+00
-9.922518833838232410e+00 -9.821174034330335090e+00 -9.867120461645317420e+00
-9.980851833567658815e+00 -9.977792311871564124e+00 -9.979648438607531702e+00
-9.984644355828507400e+00 -9.984417996204399515e+00 -9.983902660022025088e+00
-9.984769116448696025e+00 -9.984553168328812234e+00 -9.985731101136845922e+00
-9.986627074042861096e+00 -9.990406957225603790e+00 -9.989763897860017394e+00
-9.991737828928068055e+00 -9.992005074968005829e+00 -9.992194315314797848e+00
-9.993934452177011707e+00 -9.992456279461967128e+00 -9.993892924094730290e+00
-9.994607091095575768e+00 -9.994402884487977090e+00 -9.994536338694635091e+00
-9.995488741956368273e+00 -9.994281125342370231e+00 -9.994202394140186740e+00
-9.994928858086423062e+00 -9.995725886884274658e+00 -9.993987467561739280e+00
-9.993520551770945559e+00 -9.992150411990490255e+00 -9.992708890560015433e+00
-9.969037568880249722e+00 -9.972460960691575949e+00 -9.958942975141100717e+00
-9.947181026974135420e+00 -9.950399169534032140e+00 -9.953211310909670928e+00
-9.925576716044403724e+00 -9.922516261491480805e+00 -9.902340985304849852e+00
-9.880099752055450324e+00 -9.900981381177079044e+00 -9.891939164724460554e+00
-3.437522255007944061e+00 -3.358981793370436009e+00 0.000000000000000000e+00
-3.497524449841658445e+00 0.000000000000000000e+00 0.000000000000000000e+00
0.000000000000000000e+00 0.000000000000000000e+00 0.000000000000000000e+00
0.000000000000000000e+00 0.000000000000000000e+00 0.000000000000000000e+00
-5.208135448119448618e+00 -3.529001208352565477e+00 -3.498756485265423155e+00
-9.740060865114756439e+00 -9.819003479395712830e+00 -9.940255563209296596e+00
-9.921248969607947998e+00 -9.976924364846018634e+00 -9.978824563080504362e+00
-9.985864243047348765e+00 -9.985949674590345992e+00 -9.985700468795535301e+00
-9.988498857423506294e+00 -9.987700057710624080e+00 -9.987197529962696052e+00
-9.989457011014884813e+00 -9.991942688768773451e+00 -9.991623473835717917e+00
-9.992556540425740153e+00 -9.993654650887897617e+00 -9.992773331627383016e+00
-9.996488758169375544e+00 -9.995264689404971037e+00 -9.996568439982365106e+00
-9.999760915523419058e+00 -9.999369707624877535e+00 -9.999509843233536088e+00
-9.999532030138936989e+00 -9.999605891329778729e+00 -9.998322253000601734e+00
-9.997981794890911544e+00 -9.997407771591069192e+00 -9.997825884078427094e+00
-9.996843440149218551e+00 -9.996650089443342324e+00 -9.996906386438499936e+00
-9.994956855112988592e+00 -9.995102603467639568e+00 -9.981876515550139217e+00
-9.962107624987927679e+00 -9.963125472944108552e+00 -9.963719957955822437e+00
-9.932688544114199658e+00 -9.935582794978326859e+00 -9.913879893694248935e+00
-9.881126255104236478e+00 -9.891853925440166506e+00 -9.866571513717707020e+00
-9.808041594122276052e+00 -9.785366495731166125e+00 -9.775029675178977584e+00
-3.499151199013664559e+00 -5.770005668793599440e+00 0.000000000000000000e+00
0.000000000000000000e+00 0.000000000000000000e+00 0.000000000000000000e+00
0.000000000000000000e+00 0.000000000000000000e+00 0.000000000000000000e+00
-3.726993579156541170e+00 -3.491841996088211442e+00 -3.477332186491655541e+00
-9.365476023703457997e+00 -9.402701133824782787e+00 -9.557864721663348107e+00
-9.941938293201467047e+00 -9.967110571700748878e+00 -9.967084851280807456e+00
-9.985240190871449428e+00 -9.983869499175860085e+00 -9.985599007289646778e+00
-9.987349444323532666e+00 -9.989705598905226580e+00 -9.989155284945390179e+00
-9.991799157310206070e+00 -9.992590772622213180e+00 -9.992306998252049155e+00
-9.993156609984849226e+00 -9.994162361942120043e+00 -9.994044252702678932e+00
-9.995348235532802050e+00 -9.996426863388579775e+00 -9.996944484703982781e+00
-9.997124688451037855e+00 -9.999419319320189459e+00 -9.999624109518050474e+00
-9.998183499772231642e+00 -9.999921863464532379e+00 -9.999920735719474152e+00
-9.998599271474288841e+00 -9.999177489074133618e+00 -9.999118815327495469e+00
-9.997392347668696999e+00 -9.997408273750167496e+00 -9.996794118663256512e+00
-9.995755411805726354e+00 -9.995830960728156356e+00 -9.995464353169552396e+00
-9.971133225334702033e+00 -9.969675179756041672e+00 -9.955882298595652102e+00
-9.941457240067187229e+00 -9.943674856963760078e+00 -9.939073878230930248e+00
-9.889979176363537405e+00 -9.906326273418267547e+00 -9.847313442988447463e+00
-9.826411302790360125e+00 -9.885258052115942107e+00 -9.875213657666746414e+00
-5.770694878045222964e+00 0.000000000000000000e+00 -3.495423950183587092e+00
0.000000000000000000e+00 0.000000000000000000e+00 0.000000000000000000e+00
0.000000000000000000e+00 0.000000000000000000e+00 0.000000000000000000e+00
-3.498628149617369676e+00 -5.772758434533312055e+00 -3.498907583726545312e+00
-9.346156774708326509e+00 -9.518514737674639292e+00 -9.066621618256055726e+00
-9.933485682886029622e+00 -9.929752008788742756e+00 -9.935024746629288472e+00
-9.972685484679267631e+00 -9.961101259006081676e+00 -9.970096894495304340e+00
-9.973444345354002039e+00 -9.980247525214721804e+00 -9.983459770285486812e+00
-9.990483427965518359e+00 -9.991123942163497418e+00 -9.984044257860558602e+00
-9.994177293399902240e+00 -9.992032609580498104e+00 -9.994358983320225320e+00
-9.995507154070192968e+00 -9.995685931672534608e+00 -9.996412158187927943e+00
-9.996398907836786307e+00 -9.997638603197708917e+00 -9.998010290959555846e+00
-9.998521838440558085e+00 -9.996430270786641259e+00 -9.998424424659603460e+00
-9.997974467219515660e+00 -9.998603274821443065e+00 -9.998663618398284214e+00
-9.997552362293440353e+00 -9.997982614939150636e+00 -9.997756846135208875e+00
-9.995462488668064083e+00 -9.995134444617139735e+00 -9.994418402298467896e+00
-9.970892942621992106e+00 -9.968632425660961971e+00 -9.965056064821670390e+00
-9.957330873867595855e+00 -9.949940154278493765e+00 -9.947664030174612648e+00
-9.863581154670590934e+00 -9.886992100930221739e+00 -9.816016823442103245e+00
-9.849161097597695758e+00 -9.816980656969208852e+00 -9.819131274682446175e+00
-5.765088141151592183e+00 -5.682843154044160627e+00 -3.319678178663948209e+00
0.000000000000000000e+00 0.000000000000000000e+00 0.000000000000000000e+00
0.000000000000000000e+00 0.000000000000000000e+00 0.000000000000000000e+00
-2.920353953045611739e+00 -3.498352498068881378e+00 0.000000000000000000e+00
-9.294364790536326026e+00 -9.834924037266752350e+00 -9.511258991062712553e+00
-9.738044216970084932e+00 -9.694794173064797960e+00 -9.699005709067639813e+00
-9.864048623525563997e+00 -9.905517958640659870e+00 -9.925436035660435863e+00
-9.969437837722519902e+00 -9.966557520069692089e+00 -9.971289213534369367e+00
-9.980213184620266631e+00 -9.978821660138654792e+00 -9.982092539947064580e+00
-9.989411655873649210e+00 -9.989728297947543467e+00 -9.989935793570277056e+00
-9.988185692922362691e+00 -9.996040257027505760e+00 -9.996148831147433356e+00
-9.997393718145499264e+00 -9.991971690487257973e+00 -9.997468457998079927e+00
-9.996089892849331804e+00 -9.994444602293032887e+00 -9.996105826188408372e+00
-9.992271842475982879e+00 -9.997686947269290414e+00 -9.996995821310923347e+00
-9.992687658269350237e+00 -9.995593069742833237e+00 -9.996821097682834889e+00
-9.995298101505007082e+00 -9.988372138727321214e+00 -9.993852336558616045e+00
-9.974407453346776364e+00 -9.971868520936432390e+00 -9.969061574388609515e+00
-9.944345656971416147e+00 -9.947451234895776651e+00 -9.953622803337633940e+00
-9.891767918434226203e+00 -9.831555772346469269e+00 -9.770614638956915954e+00
-9.805403133114833025e+00 -9.810903471117768504e+00 -9.801923274406341591e+00
-3.497196378431036923e+00 0.000000000000000000e+00 -3.499071635386965085e+00
0.000000000000000000e+00 0.000000000000000000e+00 0.000000000000000000e+00
0.000000000000000000e+00 0.000000000000000000e+00 0.000000000000000000e+00
-3.484028074897718152e+00 0.000000000000000000e+00 0.000000000000000000e+00
-3.327092238028330762e+00 -3.499568365738373821e+00 -3.428849712373455816e+00
-9.351628135653463403e+00 -9.486635014939938770e+00 -9.420027634947222950e+00
-9.851928842123269803e+00 -9.977405775096283236e+00 -9.848723269787011958e+00
-9.908745971028245947e+00 -9.907713165498158503e+00 -9.899512234616265616e+00
-9.946838192555201630e+00 -9.953516261755696704e+00 -9.922990536078657442e+00
-9.961589864452802701e+00 -9.972823544429969544e+00 -9.990614968287664155e+00
-9.977404895612123070e+00 -9.978482803478044616e+00 -9.973763779383665096e+00
-9.980141377827072446e+00 -9.988077835296980567e+00 -9.995884440756643841e+00
-9.979732264747534387e+00 -9.992549522774300641e+00 -9.996425273589878202e+00
-9.990840574495239323e+00 -9.986161754319070383e+00 -9.991617556608433759e+00
-9.979394377267670535e+00 -9.990457682364111136e+00 -9.988875837496262733e+00
-9.985337288204481965e+00 -9.983333936759787974e+00 -9.988501186507535934e+00
-9.930022202336974857e+00 -9.972572194608853025e+00 -9.969910436325688963e+00
-9.912037340106564898e+00 -9.910223517677666294e+00 -9.924757823835125947e+00
-9.828299347331686420e+00 -9.782535698025309756e+00 -9.700338330754446403e+00
-9.652723622704812101e+00 -9.514261047521596737e+00 -9.563252003998973905e+00
-3.498416435822961024e+00 -3.499915403584231921e+00 -3.499094400365042823e+00
-3.492947593119085425e+00 0.000000000000000000e+00 0.000000000000000000e+00
0.000000000000000000e+00 0.000000000000000000e+00 0.000000000000000000e+00
-3.498269302255160973e+00 0.000000000000000000e+00 -3.476886094664358939e+00
0.000000000000000000e+00 0.000000000000000000e+00 -8.835515752784768750e+00
-9.716751089122062979e+00 -9.233223862024587447e+00 -9.468020115492777222e+00
-9.658134739334592211e+00 -9.614664672349935159e+00 -9.606117608906073357e+00
-9.813947821021557161e+00 -9.835718393054438735e+00 -9.807712189240742617e+00
-9.892870084708643930e+00 -9.888970998001429535e+00 -9.904674324430125409e+00
-9.900434491834277040e+00 -9.921654830052105467e+00 -9.950241744525362364e+00
-9.915416570655535722e+00 -9.989274102829773128e+00 -9.975307955355621203e+00
-9.955816088285626364e+00 -9.973339314814538170e+00 -9.980143655531243496e+00
-9.972277491561660767e+00 -9.976070283796198979e+00 -9.973904339084540993e+00
-9.975700435086126916e+00 -9.974227586929275802e+00 -9.979954920300905030e+00
-9.984427938863886354e+00 -9.984840312815977725e+00 -9.973793812622750110e+00
-9.977187502186032120e+00 -9.977917888229546506e+00 -9.974036627516440490e+00
-9.952968295572024005e+00 -9.963826228762565407e+00 -9.841107003404152564e+00
-9.871009984597021614e+00 -9.863273917083590803e+00 -9.491469482863280405e+00
-9.782799530130601440e+00 -9.721594050830480782e+00 -9.627259077938395748e+00
-3.497070374971137596e+00 -7.091732738402202862e+00 -5.687762621739857138e+00
-5.756789253703391118e+00 -3.475590668939827488e+00 -3.495884327184457518e+00
0.000000000000000000e+00 0.000000000000000000e+00 0.000000000000000000e+00
0.000000000000000000e+00 0.000000000000000000e+00 0.000000000000000000e+00
0.000000000000000000e+00 -3.342508896063582480e+00 -3.497352164235588035e+00
-3.499516413890274347e+00 -3.493538290346251074e+00 -3.499480623416981295e+00
-3.433493562969011315e+00 -3.499696303618214266e+00 0.000000000000000000e+00
-9.787311109967163247e+00 -9.389782476286988810e+00 -9.526603423191273734e+00
-9.819425013406423375e+00 -9.641142991375650340e+00 -9.674029491700556704e+00
-9.805200229817158331e+00 -9.832419954302531906e+00 -9.899581996045002441e+00
-9.870283578704770022e+00 -9.860116256501287424e+00 -9.897085022419695122e+00
-9.884743146145590131e+00 -9.951482225764300082e+00 -9.919572346252675032e+00
-9.917940925394010065e+00 -9.951096100923368937e+00 -9.965244997501951474e+00
-9.953294490394084093e+00 -9.972583642396012138e+00 -9.941596784797809505e+00
-9.950937488227822314e+00 -9.973121601759844523e+00 -9.980761654297356955e+00
-9.959663839214602632e+00 -9.986796172650437953e+00 -9.977164637419289051e+00
-9.969962575915255698e+00 -9.967021629072256417e+00 -9.969661817772831114e+00
-9.939551143083589224e+00 -9.922409266226328128e+00 -9.626009357893019924e+00
-9.607921883143450970e+00 -9.747758064057229888e+00 -9.282204814503872470e+00
-9.578959784190033133e+00 -9.619185025827921010e+00 -9.618380197133422627e+00
-3.493244137487051315e+00 -3.304357708701297636e+00 0.000000000000000000e+00
-3.463838936627066989e+00 0.000000000000000000e+00 -3.498901800869847367e+00
0.000000000000000000e+00 0.000000000000000000e+00 0.000000000000000000e+00
0.000000000000000000e+00 0.000000000000000000e+00 0.000000000000000000e+00
-5.773314404407034139e+00 0.000000000000000000e+00 0.000000000000000000e+00
-3.417852495481977559e+00 -3.499419320305167336e+00 0.000000000000000000e+00
0.000000000000000000e+00 -3.499799919790118174e+00 0.000000000000000000e+00
-3.494725652933589721e+00 0.000000000000000000e+00 0.000000000000000000e+00
-9.561276009918239893e+00 -9.934909538865694500e+00 -9.799659693876172639e+00
-9.636576357833652295e+00 -9.833929276325998003e+00 -9.842291508937815792e+00
-9.877448023513620612e+00 -9.820216263858576156e+00 -9.876867836728562722e+00
-9.841415883546128285e+00 -9.932169059117345711e+00 -9.872581630079240611e+00
-9.878556192139830827e+00 -9.929821848929254458e+00 -9.932920103778640097e+00
-9.930455775152408293e+00 -9.896922060173872993e+00 -9.966239730574308453e+00
-9.909480067054502683e+00 -9.960731347729208096e+00 -9.954487043183664952e+00
-9.964936493961996433e+00 -9.932927873742404046e+00 -9.973207830171459065e+00
-9.926208581650358909e+00 -9.922430769823842311e+00 -9.930522673784960119e+00
-9.867731267004112183e+00 -9.560961966638284792e+00 -8.958590763921758793e+00
-9.430185000720562982e+00 -9.102426130697971018e+00 -9.317487264085761112e+00
-5.354548123267338866e+00 -3.726459977176725058e+00 -3.726297656613570819e+00
-3.498665165639788466e+00 -3.499412642679115670e+00 0.000000000000000000e+00
-3.498663575157331174e+00 -3.499103377939529746e+00 -5.773096469951056520e+00
0.000000000000000000e+00 0.000000000000000000e+00 0.000000000000000000e+00
0.000000000000000000e+00 0.000000000000000000e+00 0.000000000000000000e+00
0.000000000000000000e+00 -5.768742808990186433e+00 0.000000000000000000e+00
-7.176041277937640572e+00 -3.499251847311799946e+00 -5.772831729588159710e+00
-3.499602312496862044e+00 0.000000000000000000e+00 -7.197229602500350154e+00
-3.498258277827170915e+00 0.000000000000000000e+00 -3.350332362156616561e+00
-5.769640918325388945e+00 -5.772508260065931651e+00 -8.158483324693420968e+00
-9.942243213524641021e+00 -9.804890451153658759e+00 -9.734802644352200218e+00
-9.798399999362382928e+00 -9.945254800505320958e+00 -9.848516214547073488e+00
-9.897318680875512698e+00 -9.857262299200197475e+00 -9.928169778369539955e+00
-9.954683421223998963e+00 -9.937672990683095620e+00 -9.908703360985340325e+00
-9.922576925783417323e+00 -9.963156929151699259e+00 -9.979290676524149362e+00
-9.942169380667513323e+00 -9.978603399186960488e+00 -9.967483905858966153e+00
-9.961387093551397953e+00 -9.959618012646719976e+00 -9.956314049050105197e+00
-9.826324941544369196e+00 -9.887667488817204031e+00 -9.766950790683381456e+00
-9.228757873466529205e+00 -9.295541836357497090e+00 -8.599939452356307967e+00
-8.849424913610464571e+00 -8.451950147077441855e+00 -8.191486416479099475e+00
-5.212666378984733839e+00 -5.772477440129437198e+00 -5.580632530086043985e+00
-3.487743885882764072e+00 0.000000000000000000e+00 -3.499037147849587637e+00
-3.499648797865617222e+00 -3.485009107620481217e+00 0.000000000000000000e+00
0.000000000000000000e+00 0.000000000000000000e+00 0.000000000000000000e+00
0.000000000000000000e+00 0.000000000000000000e+00 0.000000000000000000e+00
-3.499345968473039026e+00 0.000000000000000000e+00 0.000000000000000000e+00
-3.496886398709215804e+00 -3.499708979726014579e+00 0.000000000000000000e+00
-7.247206471488730983e+00 -5.768898673108407316e+00 -5.771925689369741264e+00
-3.498303022828743725e+00 -3.494163584004986056e+00 0.000000000000000000e+00
-3.483908294515183801e+00 -3.499305082246725540e+00 0.000000000000000000e+00
-3.445711803319336131e+00 -3.350647757653240522e+00 -3.415456187949987843e+00
-9.919016034737669685e+00 -9.895073083023461891e+00 -9.859680541807019694e+00
-9.898105924086600282e+00 -9.958968009936178589e+00 -9.955954339106279249e+00
-9.941391436897003331e+00 -9.970734046215028457e+00 -9.934634080434680214e+00
-9.960383099608140611e+00 -9.974628719831441614e+00 -9.972770525218322746e+00
-9.954780974696957330e+00 -9.954207090358924148e+00 -9.947012329624213223e+00
-9.891216641919717389e+00 -9.832576611751477458e+00 -9.768423150649207187e+00
-9.747275554030997213e+00 -9.748463702768763284e+00 -9.732194319931769755e+00
-9.625417816877952504e+00 -9.298117395043824729e+00 -7.306100112544065439e+00
-5.703958443611110596e+00 -4.807282556857835232e+00 -4.835312716133276290e+00
-3.499282585842081517e+00 0.000000000000000000e+00 -7.205925746212612282e+00
-7.175184833130458628e+00 -7.249336025291255758e+00 -7.142096253735093825e+00
-3.496071651208699560e+00 -3.498540347265215900e+00 -3.480980267221570834e+00
0.000000000000000000e+00 0.000000000000000000e+00 0.000000000000000000e+00
0.000000000000000000e+00 0.000000000000000000e+00 0.000000000000000000e+00
-3.499600367595065542e+00 -3.499209272307074681e+00 0.000000000000000000e+00
-3.499489235073689919e+00 0.000000000000000000e+00 -5.769742755653789246e+00
0.000000000000000000e+00 0.000000000000000000e+00 0.000000000000000000e+00
-3.498847688505580145e+00 0.000000000000000000e+00 0.000000000000000000e+00
0.000000000000000000e+00 -3.467726783295828952e+00 -5.506029836459873650e+00
-3.499804763922028883e+00 -3.499066492018573449e+00 -5.733450374013276729e+00
-3.393102905106520240e+00 -3.499766390493975088e+00 0.000000000000000000e+00
-9.942385777963668403e+00 -9.959672338553316351e+00 -9.943713617286237039e+00
-9.968376577337025424e+00 -9.954522604210396253e+00 -9.968400969094966868e+00
-9.969374678220020769e+00 -9.942299761196450092e+00 -9.920527854077384688e+00
-9.920075041663311666e+00 -9.955433887368053902e+00 -9.841989554588378653e+00
-9.777235847545332703e+00 -9.754982936400690363e+00 -9.721479950939480474e+00
-9.710188084887942495e+00 -9.696361875490699944e+00 -9.693261637918732632e+00
-7.832102514392462744e+00 -6.531728105747634849e+00 -5.328668364396800250e+00
-3.499220161281789476e+00 0.000000000000000000e+00 0.000000000000000000e+00
-3.486995104730487238e+00 -3.499047574773585190e+00 -3.489923015490106195e+00
-5.771776417935205572e+00 -3.373196856927350940e+00 -3.498092481051238156e+00
-3.499931234289442195e+00 -3.495360305992975647e+00 -3.499702371261055767e+00
0.000000000000000000e+00 0.000000000000000000e+00 0.000000000000000000e+00
0.000000000000000000e+00 0.000000000000000000e+00 0.000000000000000000e+00
-3.471308116987310122e+00 -3.499338958267568689e+00 -3.481793127831869672e+00
-3.499669641506657047e+00 0.000000000000000000e+00 0.000000000000000000e+00
-5.771370957700002968e+00 -3.477886906705107251e+00 -3.499725904163074386e+00
-3.499534238296346356e+00 0.000000000000000000e+00 0.000000000000000000e+00
-3.495650160020178365e+00 -3.495493702479816722e+00 -3.304169818891281807e+00
-3.496818347162926610e+00 -5.650531829583032462e+00 -3.494968576554625450e+00
-5.772342378149307507e+00 -3.499493131198917695e+00 -3.498648435608454399e+00
-3.498972482590604116e+00 0.000000000000000000e+00 0.000000000000000000e+00
-9.933766830751805443e+00 -9.919545698302790981e+00 -9.919340546545035053e+00
-9.933571605852565156e+00 -9.928348099917551295e+00 -9.872221854190398105e+00
-9.852233050189260766e+00 -9.855587530983935807e+00 -9.751181971929883119e+00
-9.705291562336201494e+00 -9.698014497173153003e+00 -9.691003884154376635e+00
-9.563368677728757206e+00 -9.578798247698047774e+00 -9.569936826203734981e+00
-6.815929320622401200e+00 -6.053389904425139356e+00 -4.344942651587709648e+00
-5.771590383950599090e+00 -3.499156678321097225e+00 -5.766593667201371787e+00
-3.498614136796486029e+00 0.000000000000000000e+00 0.000000000000000000e+00
0.000000000000000000e+00 0.000000000000000000e+00 -3.496637185419333882e+00
-3.498170016135478733e+00 -5.709025089474286219e+00 -3.498373463226854607e+00
0.000000000000000000e+00 0.000000000000000000e+00 0.000000000000000000e+00
0.000000000000000000e+00 0.000000000000000000e+00 0.000000000000000000e+00
0.000000000000000000e+00 0.000000000000000000e+00 0.000000000000000000e+00
-3.489787389782742277e+00 -3.494138966024297854e+00 0.000000000000000000e+00
-3.497806866160655392e+00 0.000000000000000000e+00 0.000000000000000000e+00
-3.301089633292873415e+00 -3.498788418277223755e+00 0.000000000000000000e+00
-3.499746169870411538e+00 -3.467165684880587406e+00 0.000000000000000000e+00
0.000000000000000000e+00 0.000000000000000000e+00 0.000000000000000000e+00
-3.312778291392497465e+00 0.000000000000000000e+00 0.000000000000000000e+00
-3.497750034770336303e+00 0.000000000000000000e+00 0.000000000000000000e+00
0.000000000000000000e+00 0.000000000000000000e+00 -3.497546451301684289e+00
-5.744444343876624615e+00 -3.499806755356681176e+00 -3.499482103313700687e+00
-3.499158665524962686e+00 0.000000000000000000e+00 0.000000000000000000e+00
-3.498176342868370092e+00 -3.499487642906701890e+00 0.000000000000000000e+00
-3.498183465104461209e+00 0.000000000000000000e+00 0.000000000000000000e+00
0.000000000000000000e+00 0.000000000000000000e+00 0.000000000000000000e+00
-3.498013358605168044e+00 0.000000000000000000e+00 0.000000000000000000e+00
-3.494192950249183749e+00 -3.498272858916369188e+00 0.000000000000000000e+00
-3.494367858564811691e+00 -3.494867790056996881e+00 0.000000000000000000e+00
-3.499616790019907331e+00 -3.499522353670843522e+00 -3.422117013771367677e+00
0.000000000000000000e+00 0.000000000000000000e+00 0.000000000000000000e+00
0.000000000000000000e+00 0.000000000000000000e+00 0.000000000000000000e+00
0.000000000000000000e+00 0.000000000000000000e+00 0.000000000000000000e+00
0.000000000000000000e+00 0.000000000000000000e+00 0.000000000000000000e+00
0.000000000000000000e+00 0.000000000000000000e+00 0.000000000000000000e+00
0.000000000000000000e+00 0.000000000000000000e+00 0.000000000000000000e+00
0.000000000000000000e+00 0.000000000000000000e+00 0.000000000000000000e+00
0.000000000000000000e+00 0.000000000000000000e+00 0.000000000000000000e+00
0.000000000000000000e+00 0.000000000000000000e+00 0.000000000000000000e+00
0.000000000000000000e+00 0.000000000000000000e+00 0.000000000000000000e+00
0.000000000000000000e+00 0.000000000000000000e+00 0.000000000000000000e+00
0.000000000000000000e+00 0.000000000000000000e+00 0.000000000000000000e+00
0.000000000000000000e+00 0.000000000000000000e+00 0.000000000000000000e+00
0.000000000000000000e+00 0.000000000000000000e+00 0.000000000000000000e+00
0.000000000000000000e+00 0.000000000000000000e+00 0.000000000000000000e+00
0.000000000000000000e+00 0.000000000000000000e+00 0.000000000000000000e+00
0.000000000000000000e+00 0.000000000000000000e+00 0.000000000000000000e+00
0.000000000000000000e+00 0.000000000000000000e+00 0.000000000000000000e+00
0.000000000000000000e+00 0.000000000000000000e+00 0.000000000000000000e+00
0.000000000000000000e+00 0.000000000000000000e+00 0.000000000000000000e+00
0.000000000000000000e+00 0.000000000000000000e+00 0.000000000000000000e+00
