0.000000000000000000e+00 0.000000000000000000e+00 0.000000000000000000e+00
-6.458088490310925911e-02 0.000000000000000000e+00 0.000000000000000000e+00
-6.415042074820770379e-02 0.000000000000000000e+00 0.000000000000000000e+00
-1.768095542480738747e-01 -6.552335750319150665e-02 -5.891092585656650810e-02
-2.452141269866034534e+00 -2.481022267791729075e+00 -2.518186522849645392e+00
-4.371639156628915224e+00 -4.376606785459887128e+00 -4.367869884002640646e+00
-4.488966159521130095e+00 -4.476568602870625746e+00 -4.486060609626703055e+00
-4.397979249981402994e+00 -4.412463088970974390e+00 -4.397140554927416289e+00
-4.370861906929632390e+00 -4.363961455627254793e+00 -4.358846612728097369e+00
-4.795436686775354396e+00 -4.806638879662543218e+00 -4.799951275120592165e+00
-5.898094696885476829e+00 -5.898345128363907897e+00 -5.898632462398183840e+00
-5.767402027523475638e+00 -5.766893687631529986e+00 -5.765519536039331427e+00
-4.833964490154554206e+00 -4.833207323508168507e+00 -4.836149666030412853e+00
-6.471332357412336311e-02 0.000000000000000000e+00 -5.047573430649710674e-02
-6.481909592558010580e-02 -1.216485979324571781e-01 -1.282906362377485565e-01
-6.462867202870099803e-02 0.000000000000000000e+00 -6.598831878538677365e-02
-6.529015033058389872e-02 0.000000000000000000e+00 0.000000000000000000e+00
-6.599086514574044326e-02 0.000000000000000000e+00 0.000000000000000000e+00
-6.409727072790798175e-02 0.000000000000000000e+00 0.000000000000000000e+00
0.000000000000000000e+00 0.000000000000000000e+00 0.000000000000000000e+00
0.000000000000000000e+00 0.000000000000000000e+00 0.000000000000000000e+00
-6.346124191590407637e-02 0.000000000000000000e+00 0.000000000000000000e+00
-6.460367057226001908e-02 -1.814676702689082544e-01 -6.563961648965635498e-02
-5.417339792796153075e-01 -5.552362673989851283e-01 -5.670838634156079028e-01
-3.020467447374203029e+00 -3.023868819108941342e+00 -3.032032276944195193e+00
-4.076652017404806649e+00 -4.070861256750935908e+00 -4.072772873307641817e+00
-4.516539764506694254e+00 -4.522137291469112697e+00 -4.516415943039278069e+00
-4.880729091758921001e+00 -4.881093801049229519e+00 -4.885773129950715443e+00
-5.195554565412138004e+00 -5.192434722360956378e+00 -5.192869063681657238e+00
-5.431614001763042765e+00 -5.432482452783129467e+00 -5.434514360962448443e+00
-5.584988994773127047e+00 -5.585066020830839584e+00 -5.587372586688556630e+00
-5.696682923325004033e+00 -5.694746299646996412e+00 -5.697016697328052715e+00
-5.871487821274054220e+00 -5.867820972517867162e+00 -5.868482278198546176e+00
-5.671887803823397967e+00 -5.672901820701948594e+00 -5.672337581397806971e+00
-5.445365984453478386e-02 -5.454215371005490670e-02 -6.559482825510196125e-02
-6.456853834081240084e-02 -6.263263150487898001e-02 0.000000000000000000e+00
0.000000000000000000e+00 0.000000000000000000e+00 -1.139108290666062812e-01
0.000000000000000000e+00 0.000000000000000000e+00 0.000000000000000000e+00
-1.224410971894534933e-01 -6.336119233410912599e-02 -6.550447960842109563e-02
0.000000000000000000e+00 0.000000000000000000e+00 0.000000000000000000e+00
0.000000000000000000e+00 0.000000000000000000e+00 0.000000000000000000e+00
0.000000000000000000e+00 -6.204035964721654750e-02 0.000000000000000000e+00
-1.687530953743538939e-02 -3.488356164537091686e-02 -2.180257652202651289e-02
-1.963220797297833053e+00 -1.977227587960573851e+00 -1.962077454184336434e+00
-3.558345760638244037e+00 -3.560623534618633013e+00 -3.559860924871633969e+00
-4.421496307151441485e+00 -4.429171501452481507e+00 -4.426861098380518555e+00
-5.049640727155540354e+00 -5.052684890594218992e+00 -5.056038711633298099e+00
-5.392688352957274667e+00 -5.397030875167398989e+00 -5.398677700379502120e+00
-5.653559839562576350e+00 -5.652348098326719139e+00 -5.651082162629695205e+00
-5.758928345752934774e+00 -5.758215032208786610e+00 -5.759116196692415812e+00
-5.779511766300108988e+00 -5.780017259626478499e+00 -5.778822629254667831e+00
-5.762595250238403466e+00 -5.761863984651809822e+00 -5.764763953514464134e+00
-5.672934280763409554e+00 -5.670446629259508597e+00 -5.669534296897148273e+00
-5.667584680385544083e+00 -5.665655990415888965e+00 -5.665620935563210558e+00
-5.525284910168211105e+00 -5.525233962071794735e+00 -5.525279992848823873e+00
-6.511590004758865957e-02 0.000000000000000000e+00 -5.505742229211300215e-02
-1.234177587297222989e-01 -1.263710096172574182e-01 -1.270885337571135976e-01
-4.165827079956489071e-02 0.000000000000000000e+00 -3.247988177473288413e-02
-1.268068243331990641e-01 -1.235534337251183445e-01 -6.417019034921314646e-02
0.000000000000000000e+00 0.000000000000000000e+00 0.000000000000000000e+00
0.000000000000000000e+00 0.000000000000000000e+00 0.000000000000000000e+00
0.000000000000000000e+00 0.000000000000000000e+00 0.000000000000000000e+00
-5.673947503414643601e-01 -5.474116262577175540e-01 -5.535820025144045919e-01
-2.948350177038575382e+00 -2.960390882918533251e+00 -2.954727232164760409e+00
-4.054271202430606458e+00 -4.045780285849576607e+00 -4.052041804133944325e+00
-4.995371356658259820e+00 -4.999530773916394111e+00 -5.000639295781982518e+00
-5.480873533498963113e+00 -5.481013970442714545e+00 -5.483462000650463963e+00
-5.801989371448232014e+00 -5.806857401596182022e+00 -5.800971802404838229e+00
-5.955136546921461438e+00 -5.954800182767904460e+00 -5.957984679330886379e+00
-6.037961887110516734e+00 -6.039169284335830667e+00 -6.038816428453800178e+00
-6.032527996111766377e+00 -6.031225541762493592e+00 -6.031632263410878991e+00
-5.969450510467851245e+00 -5.969446886719385503e+00 -5.969816886090939079e+00
-5.835829512686352416e+00 -5.835633066181108219e+00 -5.838252970250337626e+00
-5.673374125576962967e+00 -5.670858393218435545e+00 -5.673089086672233883e+00
-5.410684664376857356e+00 -5.408595951605462915e+00 -5.405644116499357388e+00
-5.128905142633639613e+00 -5.126891851772226616e+00 -5.127467712046666293e+00
-6.470353600652667403e-02 -4.888540685189337459e-02 0.000000000000000000e+00
-6.327158418985118216e-02 -6.457874667747112718e-02 -6.175256556395961743e-02
-1.281434884150563225e-01 -7.574413292962171862e-02 -6.506303760511800149e-02
0.000000000000000000e+00 0.000000000000000000e+00 0.000000000000000000e+00
0.000000000000000000e+00 0.000000000000000000e+00 0.000000000000000000e+00
0.000000000000000000e+00 0.000000000000000000e+00 0.000000000000000000e+00
-1.530872175177610650e+00 -1.509899954119987120e+00 -1.520850696986344897e+00
-3.484640134553225632e+00 -3.477301231002154491e+00 -3.477102554768083387e+00
-4.626715687516278486e+00 -4.620742818107321348e+00 -4.622742390449094074e+00
-5.361240899219487765e+00 -5.359150363831826525e+00 -5.361158451751011356e+00
-5.804730078202859467e+00 -5.805966036720755952e+00 -5.806884200350937775e+00
-6.045055775630159722e+00 -6.043342360360920651e+00 -6.044691768133894527e+00
-6.181247143716477765e+00 -6.180965098621045151e+00 -6.182089696164358550e+00
-6.250640342908605263e+00 -6.252707502486194002e+00 -6.252668525476918759e+00
-6.247498400164412935e+00 -6.248033226671084073e+00 -6.249022633168601182e+00
-6.180702208810006759e+00 -6.179858026010870198e+00 -6.180845493282017600e+00
-6.045219788483592538e+00 -6.044904979556530833e+00 -6.042462863473596180e+00
-5.862901654747249225e+00 -5.865126419853012862e+00 -5.862186183248403459e+00
-5.526314069850062793e+00 -5.535249746524104175e+00 -5.525474053690661691e+00
-5.107707866484324732e+00 -5.021463023251176772e+00 -4.873296880580681112e+00
-3.520379651642698615e+00 -3.536717166225525677e+00 -3.532159377522486210e+00
-6.037516990844147419e-02 0.000000000000000000e+00 -6.472340568161216723e-02
-1.770838890946812572e-01 -1.284384474353394145e-01 -1.274636085109601691e-01
0.000000000000000000e+00 0.000000000000000000e+00 0.000000000000000000e+00
0.000000000000000000e+00 0.000000000000000000e+00 0.000000000000000000e+00
-4.656913214918091681e-02 -6.557931893419360891e-02 -2.583665097535397387e-02
-2.110944726220713275e+00 -2.132022416176297952e+00 -2.119677241880459473e+00
-3.863559902079928499e+00 -3.867257502502636779e+00 -3.874859801528206749e+00
-4.937598726418104711e+00 -4.936462921204563870e+00 -4.941775043632697262e+00
-5.606473860397344744e+00 -5.607277764730377534e+00 -5.607518052983434309e+00
-5.981958902345531293e+00 -5.981392139579407186e+00 -5.982753906369365104e+00
-6.209450195935568573e+00 -6.212441600982526069e+00 -6.209894785559945340e+00
-6.383588013258338023e+00 -6.385335216728462271e+00 -6.384595774322789019e+00
-6.434492265415744150e+00 -6.433198006859177198e+00 -6.434560681524557069e+00
-6.408632344107430434e+00 -6.408801295034906254e+00 -6.408257504326610565e+00
-6.344129522319319925e+00 -6.342676514098942953e+00 -6.343178171032038293e+00
-6.230887039398012028e+00 -6.228494079069932354e+00 -6.230450781055991705e+00
-6.028795663306779851e+00 -6.026530501247103544e+00 -6.030726731913367722e+00
-5.748992974373006604e+00 -5.748658995779813097e+00 -5.746226842996073891e+00
-5.181528694534387469e+00 -5.172402367176009541e+00 -5.121014633475378552e+00
-4.750370961166341388e+00 -4.686639724274413332e+00 -4.458106601173984274e+00
-1.416876067110094638e-02 -6.513794221590196720e-02 -6.513285759972073374e-02
-6.209783219643293800e-02 -1.309728266701096766e-01 -1.249008798090630035e-01
0.000000000000000000e+00 0.000000000000000000e+00 0.000000000000000000e+00
0.000000000000000000e+00 0.000000000000000000e+00 0.000000000000000000e+00
-6.424392815552751324e-02 0.000000000000000000e+00 0.000000000000000000e+00
-2.408146530985338263e+00 -2.409147582652057196e+00 -2.409258814820022465e+00
-3.892349301485447555e+00 -3.933069382445485651e+00 -3.926586780847790337e+00
-5.080276343956376728e+00 -5.081216604344252374e+00 -5.083115090959811511e+00
-5.701423232183024048e+00 -5.699714877505678068e+00 -5.703681853450815353e+00
-6.067658521887655532e+00 -6.067558338962049547e+00 -6.067450761313929242e+00
-6.287884095522676908e+00 -6.288611641110885664e+00 -6.288157125307435535e+00
-6.471262105580234625e+00 -6.470876927058005101e+00 -6.470328229282385379e+00
-6.521987563415457601e+00 -6.523628598293685243e+00 -6.523514431808008496e+00
-6.533688628501976403e+00 -6.532148956537151108e+00 -6.529805802298231932e+00
-6.421531134694005161e+00 -6.421620999804154906e+00 -6.422302754469710884e+00
-6.323657499509635294e+00 -6.322799389817694404e+00 -6.321205111398403353e+00
-6.155651246762468887e+00 -6.156322955017361487e+00 -6.155049331326061690e+00
-5.864500158208048930e+00 -5.867587712605736527e+00 -5.864614666834940593e+00
-5.363460221246792337e+00 -5.361433943513603140e+00 -5.364833442318304613e+00
-4.689852249121897465e+00 -4.608101466687757330e+00 -3.835790223473120708e+00
-1.399092975288461771e+00 -1.382671000363162372e+00 -1.386092273098970873e+00
-6.350618173616731643e-02 -6.560580141609245741e-02 0.000000000000000000e+00
0.000000000000000000e+00 0.000000000000000000e+00 0.000000000000000000e+00
0.000000000000000000e+00 0.000000000000000000e+00 0.000000000000000000e+00
0.000000000000000000e+00 0.000000000000000000e+00 0.000000000000000000e+00
-2.218805978700164605e+00 -2.217250684516197889e+00 -2.221127620255515467e+00
-3.845672063609191227e+00 -3.873737587352983791e+00 -3.883546779149283701e+00
-5.072326585176199387e+00 -5.071711468339368700e+00 -5.071060548506943100e+00
-5.682461659832237721e+00 -5.682254670269439423e+00 -5.682102359783782752e+00
-6.065900060685638806e+00 -6.066229702539809310e+00 -6.066718650180209060e+00
-6.259042689064312270e+00 -6.259500318632637672e+00 -6.259175143154189769e+00
-6.474571869198678442e+00 -6.476597666165317513e+00 -6.476628485888873854e+00
-6.531175370745472719e+00 -6.534403501602688458e+00 -6.535245762439972239e+00
-6.588494503428105276e+00 -6.588084316200392365e+00 -6.580710145560050073e+00
-6.514315233253543447e+00 -6.514197573526547380e+00 -6.513887314976592791e+00
-6.357599299977107599e+00 -6.357629078317281746e+00 -6.357406869339858879e+00
-6.217865977906750885e+00 -6.217924329534782579e+00 -6.217138661970044389e+00
-5.923762257808954601e+00 -5.924299420876641520e+00 -5.921060277010523620e+00
-5.512065551444087497e+00 -5.511864959398708130e+00 -5.513356252289414172e+00
-4.838576031213986717e+00 -4.802169465572431406e+00 -4.463111952776444014e+00
-3.010224636346452431e+00 -2.997620036154862166e+00 -2.995706844001842395e+00
0.000000000000000000e+00 0.000000000000000000e+00 0.000000000000000000e+00
0.000000000000000000e+00 0.000000000000000000e+00 0.000000000000000000e+00
0.000000000000000000e+00 0.000000000000000000e+00 0.000000000000000000e+00
-6.541897990143501207e-02 -6.495239584783368825e-02 0.000000000000000000e+00
-1.631294477453490321e+00 -1.634199290028956142e+00 -1.642362448867091818e+00
-3.423901514538477020e+00 -3.552046497825668059e+00 -3.568577203334803549e+00
-4.893802346273356640e+00 -4.897291695007244705e+00 -4.893801706500500615e+00
-5.551128687558761321e+00 -5.544440793567427583e+00 -5.552378576098478291e+00
-5.960102733945082498e+00 -5.961220447914764797e+00 -5.961891015432094321e+00
-6.164293645576598202e+00 -6.164339242696923904e+00 -6.165385239787815053e+00
-6.328740478866280661e+00 -6.328704943572531327e+00 -6.328341866468019106e+00
-6.488903800007538969e+00 -6.490993495319021811e+00 -6.491467388617065737e+00
-6.527783043179504752e+00 -6.528710047199064448e+00 -6.528628236879225000e+00
-6.457194586955971261e+00 -6.456460272573322889e+00 -6.456543274849932956e+00
-6.332488670393968455e+00 -6.331596847383261562e+00 -6.330741278539906425e+00
-6.191875184164707946e+00 -6.190755169446499728e+00 -6.190197253577371939e+00
-5.912187654746341892e+00 -5.914172311229798140e+00 -5.911872370293957069e+00
-5.476057537703258760e+00 -5.479782489583015170e+00 -5.476655533160012190e+00
-4.930150823293837803e+00 -4.928990182748232307e+00 -4.929016448114391657e+00
-3.123335581214357948e+00 -3.127506736798471021e+00 -3.123553790851123058e+00
-5.695804476492789814e-02 -6.517329080601245994e-02 -5.956152605202598427e-02
0.000000000000000000e+00 0.000000000000000000e+00 0.000000000000000000e+00
0.000000000000000000e+00 0.000000000000000000e+00 0.000000000000000000e+00
-6.566739974302000793e-02 -1.198082211083350557e-01 0.000000000000000000e+00
-3.375040985659413795e-01 -3.327971565047195823e-01 -3.393095678834482931e-01
-3.321468183917252404e+00 -3.318384812924171534e+00 -3.319040380068423612e+00
-4.396563811838446689e+00 -4.390123191954650395e+00 -4.389337289046369328e+00
-5.328571873616276378e+00 -5.324361412347260902e+00 -5.330709453405508391e+00
-5.754106410832355856e+00 -5.758446424499333638e+00 -5.752126064761131197e+00
-6.037779530826273167e+00 -6.035767626097893412e+00 -6.038142321494387232e+00
-6.192075177516977114e+00 -6.190221971457551042e+00 -6.190826973495616947e+00
-6.273535229016283132e+00 -6.273173446577139600e+00 -6.272868905887216684e+00
-6.305097634852924848e+00 -6.307831439373698501e+00 -6.305207496766769282e+00
-6.286508133560918310e+00 -6.286197619303714568e+00 -6.286823928841150710e+00
-6.238289884818447817e+00 -6.238909374600818403e+00 -6.237974891470124739e+00
-6.052200522721313369e+00 -6.051855436043878989e+00 -6.050948303293511188e+00
-5.787746243503651300e+00 -5.790081747559936431e+00 -5.789034707279375525e+00
-5.292230149022354446e+00 -5.291661873137655903e+00 -5.294275355604252553e+00
-4.736440462170218524e+00 -4.737744629759094828e+00 -4.739350947738368625e+00
-2.701164735264096173e+00 -2.678846067575547440e+00 -2.669963218169344898e+00
-1.190973412982747337e-01 -6.309583994028165888e-02 -6.422727478606289619e-02
0.000000000000000000e+00 0.000000000000000000e+00 0.000000000000000000e+00
0.000000000000000000e+00 0.000000000000000000e+00 0.000000000000000000e+00
-6.592490483060178819e-02 0.000000000000000000e+00 0.000000000000000000e+00
-5.904164067819941270e-02 0.000000000000000000e+00 0.000000000000000000e+00
-2.580019618850128094e+00 -2.610584113540165063e+00 -2.606150128063799976e+00
-3.851057356331906156e+00 -3.828704376427965794e+00 -3.837096072339707398e+00
-4.886937687752903159e+00 -4.890951196403874768e+00 -4.890002605564738758e+00
-5.446451371880678849e+00 -5.459131374104504886e+00 -5.461040624258149734e+00
-5.790670728051786398e+00 -5.790858469161228150e+00 -5.790503820937230373e+00
-6.004902547987425621e+00 -6.006737573650243966e+00 -6.010008555747048398e+00
-6.122797019849434363e+00 -6.123833936455532978e+00 -6.122728029842483544e+00
-6.169567736156570170e+00 -6.169679751916627097e+00 -6.170046216530173488e+00
-6.142440918730010857e+00 -6.142404564308543868e+00 -6.140991312436090865e+00
-6.040608519210509009e+00 -6.039697624640377960e+00 -6.040663979505737302e+00
-5.857594703868874930e+00 -5.858512407621552676e+00 -5.856878961907342251e+00
-5.536844490478160630e+00 -5.539366199505868060e+00 -5.537328439971737737e+00
-4.943956763181294178e+00 -4.944406938873320279e+00 -4.946667633035574774e+00
-4.367017058803019047e+00 -4.371207962715581985e+00 -4.362423283182443434e+00
-9.978220565508357787e-01 -9.859834898768862210e-01 -9.623656749334078553e-01
-6.542112172970976358e-02 -5.246026244055190801e-02 0.000000000000000000e+00
0.000000000000000000e+00 0.000000000000000000e+00 0.000000000000000000e+00
0.000000000000000000e+00 0.000000000000000000e+00 0.000000000000000000e+00
-6.562901714322935676e-02 0.000000000000000000e+00 -4.731219073076869258e-02
-6.423217862203961515e-02 -6.222670333967434547e-02 -6.453363044263869808e-02
-3.090715535847910478e-01 -3.173695950991195502e-01 -3.069682562002770676e-01
-3.413423836141009193e+00 -3.350655982379888265e+00 -3.412943681320415923e+00
-4.213684488785056637e+00 -4.222777017759802298e+00 -4.213938721289975042e+00
-5.048049599657749020e+00 -5.043049560009214893e+00 -5.043571490909503297e+00
-5.467705030057664395e+00 -5.472919471340826902e+00 -5.474871479404251673e+00
-5.727728229255776959e+00 -5.730977260091537850e+00 -5.729533957251098819e+00
-5.881207443597946671e+00 -5.880028599631939912e+00 -5.879574916225491776e+00
-5.921379938694182776e+00 -5.920880438612227792e+00 -5.921377848439623115e+00
-5.892042122640900104e+00 -5.891337406809984856e+00 -5.891180157101810089e+00
-5.793562236370698670e+00 -5.792548765783744891e+00 -5.792758147999476748e+00
-5.551768456413559427e+00 -5.554122015958625980e+00 -5.551777731531146287e+00
-5.148041551403106375e+00 -5.148408432819961078e+00 -5.147692825135312233e+00
-4.569916458606888554e+00 -4.563933919435674724e+00 -4.567954500342039204e+00
-3.633208249796913591e+00 -3.636493417395318950e+00 -3.643059927594646030e+00
-6.451691670957786229e-02 -5.799773017337562370e-02 -1.133571017568382050e-01
-5.773934693741474694e-02 -8.701781461862120870e-02 -6.570365774255050584e-02
-6.551607938781171814e-02 0.000000000000000000e+00 0.000000000000000000e+00
0.000000000000000000e+00 0.000000000000000000e+00 0.000000000000000000e+00
-6.546381522902323946e-02 0.000000000000000000e+00 0.000000000000000000e+00
0.000000000000000000e+00 0.000000000000000000e+00 0.000000000000000000e+00
-6.409654421030848426e-02 0.000000000000000000e+00 0.000000000000000000e+00
-1.405681006837008917e+00 -1.400769509144692559e+00 -1.440272206605819338e+00
-3.560990552245310692e+00 -3.558458558707316755e+00 -3.568573491793967101e+00
-4.350215489504134503e+00 -4.368282614172945166e+00 -4.353090123042075987e+00
-4.987396038016762567e+00 -4.990927380914977007e+00 -4.988734195753430356e+00
-5.321507742501189853e+00 -5.319828122874054266e+00 -5.321116789564429794e+00
-5.522326985419272027e+00 -5.520925662277920587e+00 -5.521258348872177812e+00
-5.583034410558547656e+00 -5.582053410498891921e+00 -5.582157982963207310e+00
-5.546915201371827031e+00 -5.544949426235564971e+00 -5.545665816397868042e+00
-5.419310512547240499e+00 -5.422393449825158918e+00 -5.418337044194473151e+00
-5.112636098323582345e+00 -5.106715087829146071e+00 -5.112210790661841031e+00
-4.669733902017328298e+00 -4.676307189314036883e+00 -4.667448284335235620e+00
-4.052772258384552018e+00 -4.067027047625748182e+00 -4.062300812474927802e+00
-1.407037229261337119e+00 -1.430238525472909972e+00 -1.389853644426945367e+00
-6.160504591287904730e-02 -6.328051672810801331e-02 -6.460432603738495982e-02
-6.294108318833159521e-02 -6.561188578396785764e-02 0.000000000000000000e+00
0.000000000000000000e+00 0.000000000000000000e+00 0.000000000000000000e+00
0.000000000000000000e+00 0.000000000000000000e+00 0.000000000000000000e+00
-6.559808489248311614e-02 -6.286531805784534299e-02 -6.590974558416531903e-02
0.000000000000000000e+00 -3.692803186575124158e-02 -6.310872428386007926e-02
-8.375080395341771844e-02 -6.564604353156870686e-02 0.000000000000000000e+00
0.000000000000000000e+00 -1.205382275609610671e-01 0.000000000000000000e+00
-2.048062228649302874e+00 -2.048065279948382500e+00 -2.044239656932464122e+00
-3.628746183011700932e+00 -3.671931986315363439e+00 -3.668142264125079599e+00
-4.418131375447684306e+00 -4.410495423143618865e+00 -4.411472787132932893e+00
-4.824392265190615703e+00 -4.827197970076070987e+00 -4.827133732006635647e+00
-5.071078641754895422e+00 -5.074746398973895900e+00 -5.075191086837110177e+00
-5.155376561955864467e+00 -5.157412559790692796e+00 -5.155919242634323219e+00
-5.131047416079966617e+00 -5.128591218345931679e+00 -5.130658407470736648e+00
-4.991409746925000945e+00 -4.991204550441135979e+00 -4.993302960509776511e+00
-4.734983691970416686e+00 -4.731108016291290852e+00 -4.730367564340394182e+00
-4.229450283401541277e+00 -4.227441170436503803e+00 -4.221346455175425838e+00
-2.777094572750794299e+00 -2.751801865031373584e+00 -2.743169520540444495e+00
-1.279500402202854714e-01 -1.720660171892862689e-01 -1.308819484819106205e-01
0.000000000000000000e+00 0.000000000000000000e+00 0.000000000000000000e+00
0.000000000000000000e+00 0.000000000000000000e+00 -6.472840121566934835e-02
0.000000000000000000e+00 0.000000000000000000e+00 0.000000000000000000e+00
0.000000000000000000e+00 0.000000000000000000e+00 0.000000000000000000e+00
-6.557680456072134678e-02 -5.375335473465392422e-02 -6.586532184365122278e-02
-6.548683129005324066e-02 -6.546962809818934748e-02 -6.254570653135252400e-02
-6.212739997513765100e-02 -6.545747352978954769e-02 0.000000000000000000e+00
-6.284456609148000861e-02 -6.495400807697863932e-02 -6.457431968672210088e-02
-6.130526657038171123e-02 -6.300576576130971496e-02 0.000000000000000000e+00
-2.320654886371468439e+00 -2.326290888034579840e+00 -2.321153670382657630e+00
-3.691082593793146405e+00 -3.724738370301524437e+00 -3.720447034167244649e+00
-4.459842981198845813e+00 -4.456762052341183278e+00 -4.462000749792801813e+00
-4.739119983437787731e+00 -4.738972092461131602e+00 -4.741531326372427024e+00
-4.866748222188354234e+00 -4.866870812234420640e+00 -4.869166955215500359e+00
-4.906023938331927070e+00 -4.907676113661429973e+00 -4.906679753914857223e+00
-4.721451452643459668e+00 -4.721189106836625626e+00 -4.721375834172571118e+00
-4.270131461923035054e+00 -4.268097051783416696e+00 -4.262869355820132711e+00
-3.241100256938850066e+00 -3.232369151180296107e+00 -3.233485892278159302e+00
-5.205660308543683668e-01 -4.892239641044930365e-01 -4.620215358385962867e-01
-1.046212798001908695e-01 -6.568879881960529299e-02 -6.358804850242029405e-02
-6.419372549025796626e-02 -6.566284346585503362e-02 -1.105033991778948538e-01
-1.822140080841708754e-01 -1.278277329908047988e-01 -1.786425921121911620e-01
0.000000000000000000e+00 0.000000000000000000e+00 0.000000000000000000e+00
0.000000000000000000e+00 0.000000000000000000e+00 0.000000000000000000e+00
-6.519684300615784245e-02 -6.523220856349459806e-02 0.000000000000000000e+00
-6.418264132038571657e-02 -6.558785616474233082e-02 -6.003714404022982010e-02
-6.565631533734153646e-02 -5.255829304811694691e-02 0.000000000000000000e+00
-1.726220546191253313e-01 -1.813984690180880655e-01 -1.528843913546636957e-01
0.000000000000000000e+00 0.000000000000000000e+00 0.000000000000000000e+00
-1.259483604285366043e-01 -1.873110555300272484e-01 -6.454207904974745835e-02
-2.175787797083717390e+00 -2.170612693148463723e+00 -2.171150435446924654e+00
-3.677609038228151661e+00 -3.692138817690814534e+00 -3.703957590564390223e+00
-4.353556021110485119e+00 -4.360587731236307718e+00 -4.366329945738891105e+00
-4.601173951206763313e+00 -4.601287433956679607e+00 -4.608959196883189335e+00
-4.554347816995775844e+00 -4.553153627286531169e+00 -4.548504300563574354e+00
-4.211137033624968495e+00 -4.204914365532646414e+00 -4.219373970197040080e+00
-3.445338067558508133e+00 -3.443743685802413079e+00 -3.444885848009075602e+00
-1.258222868653742443e+00 -1.283666131229693308e+00 -1.262999594846117013e+00
-1.184731012987805532e-01 -6.333058684014564177e-02 -2.045702825911504055e-02
-1.213640425675805989e-01 -6.310525938492389519e-02 -1.274854703725676330e-01
-1.149531665939958203e-01 -6.564591507010679450e-02 -8.752994363562453806e-02
-5.897570126954857633e-02 -1.182201619174920726e-01 -6.181681530194919200e-02
0.000000000000000000e+00 0.000000000000000000e+00 0.000000000000000000e+00
0.000000000000000000e+00 0.000000000000000000e+00 0.000000000000000000e+00
-6.361319198418680099e-02 -6.023556492772911414e-02 -6.365464023024695883e-02
-1.097565494654822171e-01 -6.169852157467015791e-02 0.000000000000000000e+00
-1.217063971266719585e-01 -6.460652672481735637e-02 -6.550341367128756365e-02
-6.521912477402135033e-02 0.000000000000000000e+00 -5.654951963123070607e-02
-9.554679110955419108e-02 -2.961846301646353305e-02 -5.071195703098631963e-02
-6.504662455873910787e-02 -5.507313455048844231e-02 -6.592956705308494758e-02
-6.184350485880699827e-02 0.000000000000000000e+00 -6.452429187402637656e-02
-1.692628582925693292e+00 -1.670895941785952798e+00 -1.670031000905251028e+00
-3.518192350807409330e+00 -3.530809521110437998e+00 -3.533712548871848380e+00
-4.027572524461774606e+00 -4.002122251014158749e+00 -4.027353959523071403e+00
-3.862539863921375716e+00 -3.858450145789219299e+00 -3.857641058211377594e+00
-3.379599727847940827e+00 -3.375356885867658807e+00 -3.369098311332180185e+00
-2.122272873743860977e+00 -2.131820754602434587e+00 -2.118326824445281975e+00
-3.153624804097139855e-01 -3.180036335873081543e-01 -2.972547939581077214e-01
-1.254740794814680482e-01 -8.683760145325766788e-02 -1.291785444159304630e-01
-6.461474822356755299e-02 -6.554686410841258082e-02 0.000000000000000000e+00
-6.528663803159537316e-02 0.000000000000000000e+00 -6.225792667780218059e-02
-6.354853671781070246e-02 -1.278380074478486783e-01 -8.340562298670042840e-02
0.000000000000000000e+00 0.000000000000000000e+00 0.000000000000000000e+00
0.000000000000000000e+00 0.000000000000000000e+00 0.000000000000000000e+00
-6.296665126891157205e-02 0.000000000000000000e+00 -6.309660218034215950e-02
-1.699334435549314515e-01 -1.125762577848668372e-01 -1.809028732219373770e-01
-1.260616153396029726e-01 -5.902795983072955943e-02 -6.395909914693738429e-02
0.000000000000000000e+00 0.000000000000000000e+00 0.000000000000000000e+00
-5.856856551766912583e-02 0.000000000000000000e+00 -6.548792758228165478e-02
-1.242746536362895060e-01 -1.266272999579015068e-01 -1.279056186528585715e-01
-6.567811500518516699e-02 0.000000000000000000e+00 -6.051335316135093845e-02
-5.358916578414137794e-02 -1.815760153870830673e-01 -1.664123426392834920e-02
-7.892265649834157015e-01 -7.632517706859760498e-01 -7.666544004950498481e-01
-2.283631096742222866e+00 -2.294271477414226101e+00 -2.283181128039358576e+00
-2.198699581891515376e+00 -2.199976916360956825e+00 -2.205243183394426598e+00
-2.139610140924455450e+00 -2.133743447032539819e+00 -2.132929322281278850e+00
-8.394537709608358433e-01 -7.959138061964354804e-01 -8.046395133333308358e-01
-1.077552976605039570e-01 -1.156365112998787859e-01 -1.091064271834666644e-01
-1.216629185515154532e-01 -1.240452923263730967e-01 -6.189837296927065691e-02
0.000000000000000000e+00 -5.688079188323305613e-02 -6.541074703396188017e-02
0.000000000000000000e+00 -5.196093839361513866e-02 0.000000000000000000e+00
0.000000000000000000e+00 0.000000000000000000e+00 0.000000000000000000e+00
0.000000000000000000e+00 0.000000000000000000e+00 0.000000000000000000e+00
0.000000000000000000e+00 0.000000000000000000e+00 0.000000000000000000e+00
0.000000000000000000e+00 0.000000000000000000e+00 0.000000000000000000e+00
0.000000000000000000e+00 0.000000000000000000e+00 0.000000000000000000e+00
-6.165327124423661265e-02 -6.385077787447755726e-02 -6.567437686697051580e-02
-6.548872563249477641e-02 -6.550032598196081635e-02 0.000000000000000000e+00
-5.765981297904129721e-02 0.000000000000000000e+00 0.000000000000000000e+00
-6.519812906363176008e-02 0.000000000000000000e+00 0.000000000000000000e+00
-1.812080261536272094e-02 0.000000000000000000e+00 0.000000000000000000e+00
-9.600194528854152920e-02 -1.908327667588769483e-01 -1.157057628197278309e-01
0.000000000000000000e+00 0.000000000000000000e+00 0.000000000000000000e+00
-5.059169667602921028e-02 0.000000000000000000e+00 -6.516049874170874723e-02
0.000000000000000000e+00 -6.142437889599050571e-02 0.000000000000000000e+00
-1.734152106002652405e-01 -1.249980411526072782e-01 -1.279824980285498293e-01
0.000000000000000000e+00 0.000000000000000000e+00 -4.028894703172744562e-02
0.000000000000000000e+00 0.000000000000000000e+00 0.000000000000000000e+00
-1.298378014742362363e-01 -6.495000870573169882e-02 0.000000000000000000e+00
-4.577769168100381814e-02 -5.891076276193135675e-02 -6.566040023227733002e-02
-6.154365378958228522e-02 -6.314775000206314381e-02 -6.453756905285328027e-02
-1.249152563672394911e-01 0.000000000000000000e+00 0.000000000000000000e+00
0.000000000000000000e+00 0.000000000000000000e+00 0.000000000000000000e+00
0.000000000000000000e+00 0.000000000000000000e+00 0.000000000000000000e+00
0.000000000000000000e+00 0.000000000000000000e+00 0.000000000000000000e+00
0.000000000000000000e+00 0.000000000000000000e+00 0.000000000000000000e+00
0.000000000000000000e+00 0.000000000000000000e+00 0.000000000000000000e+00
0.000000000000000000e+00 0.000000000000000000e+00 0.000000000000000000e+00
0.000000000000000000e+00 0.000000000000000000e+00 0.000000000000000000e+00
0.000000000000000000e+00 0.000000000000000000e+00 0.000000000000000000e+00
0.000000000000000000e+00 0.000000000000000000e+00 0.000000000000000000e+00
0.000000000000000000e+00 0.000000000000000000e+00 0.000000000000000000e+00
0.000000000000000000e+00 0.000000000000000000e+00 0.000000000000000000e+00
0.000000000000000000e+00 0.000000000000000000e+00 0.000000000000000000e+00
0.000000000000000000e+00 0.000000000000000000e+00 0.000000000000000000e+00
0.000000000000000000e+00 0.000000000000000000e+00 0.000000000000000000e+00
0.000000000000000000e+00 0.000000000000000000e+00 0.000000000000000000e+00
0.000000000000000000e+00 0.000000000000000000e+00 0.000000000000000000e+00
0.000000000000000000e+00 0.000000000000000000e+00 0.000000000000000000e+00
0.000000000000000000e+00 0.000000000000000000e+00 0.000000000000000000e+00
0.000000000000000000e+00 0.000000000000000000e+00 0.000000000000000000e+00
0.000000000000000000e+00 0.000000000000000000e+00 0.000000000000000000e+00
0.000000000000000000e+00 0.000000000000000000e+00 0.000000000000000000e+00
