0.000000000000000000e+00 0.000000000000000000e+00 0.000000000000000000e+00
0.000000000000000000e+00 0.000000000000000000e+00 0.000000000000000000e+00
0.000000000000000000e+00 0.000000000000000000e+00 0.000000000000000000e+00
0.000000000000000000e+00 0.000000000000000000e+00 0.000000000000000000e+00
0.000000000000000000e+00 0.000000000000000000e+00 0.000000000000000000e+00
-2.092200760116726954e+00 -2.665818710689151771e+00 -2.298922060394181344e+00
-2.500000000000000000e+00 -2.137494949347907180e+00 -1.046661010441054085e+00
-1.327131015231115985e+00 -1.803572591972411487e+00 -2.000000000000000000e+00
-1.372360988442591800e+00 -1.481866535961128495e+00 -1.405370464708559641e+00
-1.442544143042667759e+00 -1.392396785920869018e+00 -1.469837262828740609e+00
-1.387627267180346013e+00 -1.379340891129903657e+00 -1.415060136865381235e+00
-1.331886288040539323e+00 -1.433573156912304025e+00 -1.547180641864170259e+00
-2.477569377078309820e+00 -3.055789962617054378e+00 -2.698368808237334715e+00
-2.666666657398658380e+00 0.000000000000000000e+00 0.000000000000000000e+00
-2.666666506467246123e+00 0.000000000000000000e+00 -2.666662933458049167e+00
-2.666666666772562699e+00 -2.666666693399450061e+00 0.000000000000000000e+00
0.000000000000000000e+00 0.000000000000000000e+00 0.000000000000000000e+00
-2.666666666666666963e+00 0.000000000000000000e+00 0.000000000000000000e+00
-2.666666559821774030e+00 0.000000000000000000e+00 0.000000000000000000e+00
0.000000000000000000e+00 0.000000000000000000e+00 0.000000000000000000e+00
0.000000000000000000e+00 0.000000000000000000e+00 0.000000000000000000e+00
0.000000000000000000e+00 0.000000000000000000e+00 0.000000000000000000e+00
0.000000000000000000e+00 0.000000000000000000e+00 0.000000000000000000e+00
-2.666666667309900873e+00 -2.666663353546015358e+00 0.000000000000000000e+00
-3.046022487808806467e+00 -2.666661835683913573e+00 -1.666666666899486948e+00
-2.209410733300191776e+00 -3.601346073354374511e-01 -2.000000000000000000e+00
-1.370261845238212040e+00 -2.270264572384537161e+00 -6.652854027786991864e-01
-1.330206406677762576e+00 -1.336678093046015370e+00 -1.425430344640781666e+00
-1.343644659655835794e+00 -1.379870121996208399e+00 -1.356551349727802336e+00
-1.349300250192992490e+00 -1.347739148922389329e+00 -1.327685739155048950e+00
-1.237345978080452102e+00 -1.324124001064906242e+00 -1.348728838671679586e+00
-1.331132435905162392e+00 -1.446287167678379060e+00 -1.424291269681193572e+00
-1.399351230869503748e+00 -1.332616305124645795e+00 -1.401878046773630260e+00
-1.926018520882585516e+00 -1.397607206542169855e+00 -1.187018799886426335e+00
7.412286233687837012e-07 -4.684670445946004236e-03 0.000000000000000000e+00
-2.666666399696400624e+00 -2.666666666666697161e+00 0.000000000000000000e+00
-2.666666712983333909e+00 -2.666666672986305997e+00 -5.286510393887056125e-07
-2.666660151331485373e+00 -2.666654943827787783e+00 -1.480547665374531974e-02
-2.666259658935403287e+00 -2.666653634480942170e+00 -1.747307898369854229e-08
-2.666453349781461313e+00 0.000000000000000000e+00 0.000000000000000000e+00
0.000000000000000000e+00 0.000000000000000000e+00 0.000000000000000000e+00
0.000000000000000000e+00 0.000000000000000000e+00 0.000000000000000000e+00
-2.666666666602242941e+00 0.000000000000000000e+00 -2.666666666666666963e+00
-2.666657629458966561e+00 -2.908440903174573045e+00 -2.666666118862298873e+00
-8.467335023944881911e-01 -1.000000000000000000e+00 -2.789847166067701778e+00
-1.604734601173566144e+00 -1.364873023017268316e+00 -1.344597230500239604e+00
-1.335764972337167400e+00 -1.468374499281794865e+00 -1.455586813684148773e+00
-1.330397454716719219e+00 -1.336478969723967403e+00 -1.371509008782365591e+00
-1.319369810664738463e+00 -1.338085101379943076e+00 -1.331578942049718162e+00
-1.334474508539865045e+00 -1.361719653531317409e+00 -1.344626921775679218e+00
-1.332253011969517065e+00 -1.352078517942407743e+00 -1.309789371147562331e+00
-1.334598224474587091e+00 -1.411554000217733584e+00 -1.342684302759924675e+00
-1.398994346827537205e+00 -1.403206922811425894e+00 -1.326064430467650324e+00
-1.134386855383728188e+00 -1.346026507528550242e+00 -1.424393661316802895e+00
-1.703720957062544894e+00 -1.330461452684293722e+00 -1.505680386796745651e+00
-2.666511696546137955e+00 0.000000000000000000e+00 -2.666633433805231768e+00
0.000000000000000000e+00 -2.666544803544689479e+00 0.000000000000000000e+00
-2.666661415013081182e+00 -2.666666637491024616e+00 -2.666666666672150576e+00
-2.666667035357253468e+00 -2.666666224346451841e+00 -2.666666544446212761e+00
0.000000000000000000e+00 0.000000000000000000e+00 0.000000000000000000e+00
0.000000000000000000e+00 0.000000000000000000e+00 0.000000000000000000e+00
-1.281161553112752927e-05 -2.666666666666884566e+00 -2.666666666757725679e+00
0.000000000000000000e+00 0.000000000000000000e+00 -1.986507819969673960e-03
-2.000000342761881100e+00 -6.666666658764190956e-01 -2.000000000000000000e+00
-2.014619302118720867e+00 -1.396619151085865873e+00 -2.720352082515701042e+00
-1.398491323398584729e+00 -1.447045590274759430e+00 -1.461913635030947400e+00
-1.320973347030865330e+00 -1.347094695610424164e+00 -1.445152068725704009e+00
-1.333273063534773595e+00 -1.340582344214291677e+00 -1.338436396992525257e+00
-1.337911907949385526e+00 -1.333392855333232152e+00 -1.334380629489149150e+00
-1.333535960407943310e+00 -1.333292164893653098e+00 -1.333563046130559204e+00
-1.333735994829778004e+00 -1.333432191965396196e+00 -1.333309125046541421e+00
-1.333308436528728880e+00 -1.335031781043229504e+00 -1.341833972419293586e+00
-1.324638269495873377e+00 -1.326222967676866649e+00 -1.309242935113887008e+00
-1.371681180254649579e+00 -1.342104835873798363e+00 -1.395104118614569177e+00
-1.362331686413347231e+00 -1.348166655576704231e+00 -1.450677497168235686e+00
-2.519744990391105333e+00 -1.549608977987613212e+00 -1.182975836690348004e+00
-2.666525021091252334e+00 -2.666668192706259433e+00 -2.666042948942544566e+00
-2.666724553793493158e+00 -4.406867215713816677e-04 -2.666581576880250992e+00
-2.221592057933818865e-04 -2.666618675197208965e+00 -2.666666606076636192e+00
0.000000000000000000e+00 0.000000000000000000e+00 0.000000000000000000e+00
0.000000000000000000e+00 0.000000000000000000e+00 0.000000000000000000e+00
-1.080301403888483947e-07 -2.666665751112907934e+00 -2.666666584896534964e+00
-2.666666538636005335e+00 -2.666666030551050781e+00 0.000000000000000000e+00
-2.526523618514502356e+00 -2.049385857470787720e+00 -1.950316850519488332e+00
-1.432702461737980659e+00 -4.988837401419874418e-01 -1.761406751472760934e+00
-1.331364606372391624e+00 -1.417827060839734976e+00 -1.603265351471661271e+00
-1.395878036427202318e+00 -1.275152784039017106e+00 -1.383657720102546840e+00
-1.333338051158940996e+00 -1.333467976535912980e+00 -1.334103189950421875e+00
-1.333357866744440567e+00 -1.333418543884336227e+00 -1.333331961840418689e+00
-1.333326472141340258e+00 -1.333343663522878142e+00 -1.333334615332443907e+00
-1.333333330167651543e+00 -1.333340702041318604e+00 -1.333377357450143297e+00
-1.333391790413151146e+00 -1.333362665176413220e+00 -1.333307366770253299e+00
-1.333790797362945479e+00 -1.334683792122782542e+00 -1.332569770815044130e+00
-1.364297640950296930e+00 -1.359430905494806829e+00 -1.334822025702948389e+00
-1.368840151786943071e+00 -1.302296994524809293e+00 -1.555968035162905050e+00
-1.310335763363088990e+00 -1.916933453477649874e+00 -1.611177500712844157e+00
-2.671502288021361249e+00 -1.694147598206529270e+00 -2.287098145644188563e+00
0.000000000000000000e+00 0.000000000000000000e+00 7.830343040637899321e-08
-9.931780805239043275e-04 -2.666666654735059261e+00 -2.666635053447717674e+00
0.000000000000000000e+00 0.000000000000000000e+00 0.000000000000000000e+00
0.000000000000000000e+00 0.000000000000000000e+00 0.000000000000000000e+00
-2.666371697410648167e+00 -2.666666666666499097e+00 0.000000000000000000e+00
-2.666680628968649991e+00 -2.314217002030716230e-05 -2.666666194220876029e+00
-1.910339273368149460e+00 -2.000000000000000000e+00 -8.563774157016368349e-01
-1.123764141948436990e+00 -1.209591178712290827e+00 -1.664043839703351679e+00
-1.248863148064171202e+00 -1.422214698758724527e+00 -1.313124368127503327e+00
-1.359546119595973046e+00 -1.338460306393371546e+00 -1.332863088533311480e+00
-1.333326627701989064e+00 -1.333371032982932025e+00 -1.333402904520490928e+00
-1.333333681132068183e+00 -1.333333360330732464e+00 -1.333334807084703311e+00
-1.333333515365424216e+00 -1.333333116314478151e+00 -1.333333346835407607e+00
-1.333333338524318012e+00 -1.333333352476855804e+00 -1.333333333356445660e+00
-1.333333482436624084e+00 -1.333333314867041874e+00 -1.333333412225809145e+00
-1.333333315705789390e+00 -1.333406468086466345e+00 -1.333937395729001718e+00
-1.333395165005453187e+00 -1.334837117505825343e+00 -1.337858988988034126e+00
-1.363098431090658647e+00 -1.371828617299824193e+00 -1.323864172584565235e+00
-1.378503417430524625e+00 -1.312616002293505613e+00 -1.371730806723372886e+00
-8.189233581550361407e-01 -1.267339905833322566e+00 -1.112733058337094016e+00
-2.666649929120739948e+00 0.000000000000000000e+00 0.000000000000000000e+00
-2.666669618374698736e+00 -2.666613921365398987e+00 0.000000000000000000e+00
0.000000000000000000e+00 0.000000000000000000e+00 0.000000000000000000e+00
0.000000000000000000e+00 0.000000000000000000e+00 0.000000000000000000e+00
-5.769956791468189294e-06 -2.666164091025011729e+00 -2.666666666591616774e+00
-4.601141769811079030e-07 -2.666655312828847713e+00 -2.666666019048686387e+00
-1.389328363792575516e+00 6.033459109527292696e-01 -4.270232015398005565e-01
-1.430037222870795155e+00 -1.523779238715051942e+00 -1.373942032506560995e+00
-1.389322213369254211e+00 -1.374289463335306660e+00 -1.400754142043553863e+00
-1.333401317862173530e+00 -1.339817043291041676e+00 -1.330036702043995378e+00
-1.333341991453908637e+00 -1.333342842614928303e+00 -1.333332643462839417e+00
-1.333333532511740582e+00 -1.333333533564295070e+00 -1.333333314503431399e+00
-1.333333334236461720e+00 -1.333333335915003470e+00 -1.333333333297419987e+00
-1.333333333183490677e+00 -1.333333333942891219e+00 -1.333333333269254073e+00
-1.333333328653248717e+00 -1.333333333396903075e+00 -1.333333333347500815e+00
-1.333334049381853514e+00 -1.333333311849830505e+00 -1.333333366970930189e+00
-1.333337143195609809e+00 -1.333624451167615854e+00 -1.334123484075541599e+00
-1.336563467407212880e+00 -1.396223674885399557e+00 -1.374807103189549240e+00
-1.339535407046021920e+00 -1.414452574156673803e+00 -1.445485785098393094e+00
-1.663577797288866567e+00 -1.358998571719631787e+00 -1.967832732141108654e+00
0.000000000000000000e+00 0.000000000000000000e+00 -2.666664434028634290e+00
-2.666664308358908997e+00 -2.666666666667113716e+00 -2.666666666666725583e+00
0.000000000000000000e+00 0.000000000000000000e+00 0.000000000000000000e+00
0.000000000000000000e+00 0.000000000000000000e+00 0.000000000000000000e+00
-2.666592017218308186e+00 0.000000000000000000e+00 0.000000000000000000e+00
-2.666521234368048887e+00 -2.666667225616801140e+00 0.000000000000000000e+00
-3.656053659166739855e+00 -1.798140577595223721e+00 -1.549165513230054803e+00
-1.586636030940913100e+00 -1.327312919505226230e+00 -1.442538760767272610e+00
-1.442477380936511011e+00 -1.298410443431017081e+00 -1.378225962445312147e+00
-1.320612596167621833e+00 -1.333619453126052345e+00 -1.329705068099338305e+00
-1.333337712049815327e+00 -1.333338120936136573e+00 -1.333333332455228781e+00
-1.333333589575708356e+00 -1.333333342752389239e+00 -1.333333456433779762e+00
-1.333333333369475238e+00 -1.333333333255318554e+00 -1.333333333344865590e+00
-1.333333333312901825e+00 -1.333333333386545139e+00 -1.333333333793757181e+00
-1.333333333343331706e+00 -1.333333334529709813e+00 -1.333333334256267211e+00
-1.333331446600899195e+00 -1.333333331793324472e+00 -1.333334107032403626e+00
-1.333856849576767534e+00 -1.333025101284186942e+00 -1.333358066474972237e+00
-1.347905043600171382e+00 -1.359831308900683045e+00 -1.321412916064587773e+00
-1.418650713114909756e+00 -1.321843769481370057e+00 -1.483398186544400588e+00
-1.450012707432005055e+00 -1.827322715913074713e+00 -1.359995318929662744e+00
-2.688458319772246696e+00 -2.666451708091371664e+00 -2.666666661839593999e+00
-2.666675905243683253e+00 -2.665570796003136067e+00 -2.666635526732824779e+00
-2.666665185989114839e+00 0.000000000000000000e+00 0.000000000000000000e+00
0.000000000000000000e+00 0.000000000000000000e+00 0.000000000000000000e+00
0.000000000000000000e+00 0.000000000000000000e+00 0.000000000000000000e+00
-2.666666666602725222e+00 0.000000000000000000e+00 0.000000000000000000e+00
-2.508367855348689890e+00 -8.430066656386245860e-01 -2.047788875403454778e+00
-1.420934290588766302e+00 -1.615724794633680350e+00 -1.509767718495827804e+00
-1.362921852294844971e+00 -1.364965334032862909e+00 -1.339917665679149161e+00
-1.305310221395288517e+00 -1.330534479524877689e+00 -1.340171439382202845e+00
-1.333334928295671684e+00 -1.333345002679372948e+00 -1.333333655944904717e+00
-1.333333439267553988e+00 -1.333333348436573029e+00 -1.333333467516009119e+00
-1.333333334949690308e+00 -1.333333336938200109e+00 -1.333333333383694974e+00
-1.333333334856322328e+00 -1.333333333317030966e+00 -1.333333337453293854e+00
-1.333333373408029043e+00 -1.333333333646982144e+00 -1.333335253498353357e+00
-1.333333295542100227e+00 -1.333333556142809240e+00 -1.333333512597813186e+00
-1.333308531438933908e+00 -1.333648961587253101e+00 -1.333803812709043246e+00
-1.371228435739373142e+00 -1.335968587768752158e+00 -1.349346821197164648e+00
-1.370267579028280114e+00 -1.373312743635392241e+00 -1.329634799396695266e+00
-1.517051195170144418e+00 -1.163724320794849110e+00 -1.629647521989975534e+00
-2.666666450816692624e+00 -2.666666666666662522e+00 -2.666666665048653684e+00
-2.666175372636238272e+00 -2.666666642456216429e+00 -2.666666666672838915e+00
0.000000000000000000e+00 -2.666655053703189893e+00 0.000000000000000000e+00
0.000000000000000000e+00 0.000000000000000000e+00 0.000000000000000000e+00
-2.147473626568086047e-05 -2.666655496581478602e+00 -2.666666391033022165e+00
-2.666622336893903711e+00 -2.666666618252489407e+00 0.000000000000000000e+00
-2.302134937743001597e+00 -2.240377036163620161e+00 -6.666666512574028758e-01
-9.983026243487225226e-01 -1.869414626691749959e+00 -1.747936480741171916e+00
-1.825644639227228971e+00 -1.592127042086893596e+00 -1.410894465697255296e+00
-1.351581088681499843e+00 -1.372386259039349632e+00 -1.333801684280169209e+00
-1.334045357310218227e+00 -1.333572001031027465e+00 -1.333331728646082848e+00
-1.333340278740787976e+00 -1.333334867116649836e+00 -1.333333200228921545e+00
-1.333331771744546312e+00 -1.333334845071433516e+00 -1.333333560523870087e+00
-1.333333397423079436e+00 -1.333333297769928816e+00 -1.333333446720173843e+00
-1.333335877031684102e+00 -1.333333358539643410e+00 -1.333337151328606307e+00
-1.333332960991865601e+00 -1.333336712266830038e+00 -1.333423770247307960e+00
-1.333728896556053645e+00 -1.334920098575172798e+00 -1.339009161397178183e+00
-1.436967303787295425e+00 -1.361883464501989938e+00 -1.346792244215997858e+00
-1.433742581018365492e+00 -1.342454383037124055e+00 -1.552492199551835039e+00
-1.817855042761234108e+00 -2.220106887809797147e+00 -1.338697257677590180e+00
-2.666666415330297468e+00 -2.665770388792464196e+00 -2.666520548301707372e+00
-2.666612800692300667e+00 -2.666659295494295812e+00 -2.666584043446417418e+00
0.000000000000000000e+00 0.000000000000000000e+00 0.000000000000000000e+00
0.000000000000000000e+00 0.000000000000000000e+00 0.000000000000000000e+00
-2.666666663644170931e+00 -2.666666666660638008e+00 0.000000000000000000e+00
0.000000000000000000e+00 0.000000000000000000e+00 0.000000000000000000e+00
-2.666666835116293655e+00 -2.643315705009255723e+00 -2.666666666803922503e+00
-1.153700266294201082e+00 -2.390103692688851034e+00 -2.383285182145333803e+00
-1.490194347653005291e+00 -1.519749364649008339e+00 -1.371081020709456144e+00
-1.331901397358147054e+00 -1.335696019648659583e+00 -1.409758810722804068e+00
-1.342943013160102783e+00 -1.339726156126920475e+00 -1.332083875674348494e+00
-1.334681724674794179e+00 -1.333532497794784444e+00 -1.333339161114551086e+00
-1.333440522243013238e+00 -1.333312521774713932e+00 -1.333331152809809961e+00
-1.333623217139855210e+00 -1.333344605033013774e+00 -1.333339814909906718e+00
-1.333368566642237685e+00 -1.333394763453310095e+00 -1.333051089016396684e+00
-1.340850599459362025e+00 -1.333538120050790976e+00 -1.343371322392706624e+00
-1.320828491724380438e+00 -1.348656330761644817e+00 -1.355202075404849715e+00
-1.118528292629179965e+00 -1.376689592272482665e+00 -1.333260377646694916e+00
-1.397730013505606550e+00 -1.375505757809216245e+00 -1.432346766580305797e+00
-1.697224947866929234e+00 4.920003554436780391e-02 -1.564081641635230779e+00
-2.666666666586667844e+00 0.000000000000000000e+00 -2.649407864470109786e+00
0.000000000000000000e+00 -2.666627003279792518e+00 -2.666878562907916361e+00
0.000000000000000000e+00 0.000000000000000000e+00 0.000000000000000000e+00
0.000000000000000000e+00 0.000000000000000000e+00 0.000000000000000000e+00
-1.057638405077554467e-04 -2.666666455770192456e+00 -2.666666674046327401e+00
-2.666666527678126286e+00 -2.666665364609042577e+00 -2.657702856747593323e+00
-1.567628002581145097e-04 -2.666666666010708120e+00 0.000000000000000000e+00
-6.515370969140392710e-01 1.505562892134548747e-07 -2.666666607247389464e+00
-2.188516525167072846e+00 -1.203045014545327529e+00 -1.529291645480479023e+00
-1.379825379619982417e+00 -1.323211211350259653e+00 -1.451227992078271356e+00
-1.338004206677502861e+00 -1.362426762678577763e+00 -1.358138617469594411e+00
-1.346013992920398028e+00 -1.322975848597771620e+00 -1.337325757598177400e+00
-1.342115365449393805e+00 -1.332784983849127247e+00 -1.339149020764755393e+00
-1.326163371182461859e+00 -1.329326136298603744e+00 -1.343310863191813365e+00
-1.331782279518152645e+00 -1.327597751985876151e+00 -1.323022035716157507e+00
-1.341119728622615970e+00 -1.337964252560122080e+00 -1.336700708805631077e+00
-1.338196652447422696e+00 -1.374674073712617961e+00 -1.365918900177574669e+00
-1.286969615623446916e+00 -1.450447175927924715e+00 -1.433305392858843952e+00
-2.213063204992161470e+00 -1.065918864798493626e+00 -1.605336765484618233e+00
-2.666656382049897189e+00 0.000000000000000000e+00 0.000000000000000000e+00
-1.381346911522030041e-06 -2.666666667056053264e+00 -2.665990134105178377e+00
-8.262962388627670407e-05 -2.666666665153978322e+00 -2.666663619233366589e+00
0.000000000000000000e+00 -2.666571370429689836e+00 0.000000000000000000e+00
0.000000000000000000e+00 0.000000000000000000e+00 0.000000000000000000e+00
-2.666639643759880052e+00 -2.669057054614046187e+00 0.000000000000000000e+00
-2.666645613281686700e+00 0.000000000000000000e+00 0.000000000000000000e+00
-2.666540896506159442e+00 -2.666666665528665270e+00 -2.666666663951738236e+00
-2.104993894747053673e-07 0.000000000000000000e+00 -2.666666316559503258e+00
-2.479795857237052203e+00 -1.858270626262921610e+00 -1.221229926847213765e+00
-1.719260276442788005e+00 -1.316855014161959492e+00 -2.331068737187812268e+00
-1.384309669430604739e+00 -1.377403016184396645e+00 -1.393031342467948352e+00
-1.308982424421200275e+00 -1.336290549965359897e+00 -1.340496656564212241e+00
-1.337170851790285386e+00 -1.337847804449532330e+00 -1.334518199218115431e+00
-1.338478214063065774e+00 -1.335343557690927607e+00 -1.341902396411339016e+00
-1.330685444137119422e+00 -1.338739043160332987e+00 -1.329186237562515860e+00
-1.365180710757256666e+00 -1.331920300723501871e+00 -1.339724702075969720e+00
-1.325927183048286384e+00 -1.452459095604852202e+00 -1.392669623141276292e+00
-6.646683420656978036e-01 -1.073390038635896993e+00 -1.528713146812515689e+00
-2.226592124064058709e+00 -1.730484206797439306e+00 -2.605578697510110953e+00
0.000000000000000000e+00 -5.782033068744141246e-04 -2.666460748072049469e+00
-2.666666658475039142e+00 -2.666666666667345531e+00 0.000000000000000000e+00
-2.666661413481081766e+00 -2.666666666625297388e+00 0.000000000000000000e+00
0.000000000000000000e+00 0.000000000000000000e+00 0.000000000000000000e+00
0.000000000000000000e+00 0.000000000000000000e+00 0.000000000000000000e+00
0.000000000000000000e+00 0.000000000000000000e+00 -2.666636223760229463e+00
-2.666666558348122607e+00 0.000000000000000000e+00 0.000000000000000000e+00
-2.666666657489674463e+00 -2.666666666666678509e+00 0.000000000000000000e+00
-2.666666671718949111e+00 -2.666373376751834279e+00 -2.657947889012220344e+00
-6.666666666669689434e-01 -2.666666666666582586e+00 -2.000000000000000000e+00
-2.325935590112051976e+00 -1.563906704645428025e+00 -1.757523273607861647e+00
-2.088201652627659666e+00 -1.310114277937303395e+00 -1.369719103676266814e+00
-1.575842568306686120e+00 -1.264859860052927498e+00 -1.797977105392640329e+00
-1.366623518000372961e+00 -1.368286568959870220e+00 -1.469909722124954410e+00
-1.365195100603306511e+00 -1.324686669936602890e+00 -1.376299360137633432e+00
-1.320136429491289842e+00 -1.345261269037946406e+00 -1.287847097033625321e+00
-1.643014617283697021e+00 -1.526560198867471740e+00 -1.501280474002723242e+00
-1.560182451590000685e+00 -7.870152137692434380e-01 -1.678269899390171904e+00
6.883480765842131532e-02 -2.520580142479414754e+00 -1.079319360676578299e-01
-4.253926547015396409e-06 -2.666666393047880668e+00 -2.666664464657764633e+00
-2.665214555136890873e+00 -2.666666626203639368e+00 -2.666666666640446159e+00
-2.666666666663237706e+00 0.000000000000000000e+00 -1.920550850069702165e-04
-3.488843695720333926e-05 -2.666583146378708413e+00 -2.666666609364361840e+00
0.000000000000000000e+00 -2.666666565849698856e+00 0.000000000000000000e+00
0.000000000000000000e+00 0.000000000000000000e+00 0.000000000000000000e+00
-2.666666651887388717e+00 0.000000000000000000e+00 0.000000000000000000e+00
-2.666664534114306484e+00 -2.429318968211191532e-10 -2.666666666753444659e+00
-2.992694156720432375e-03 -1.865989004365520287e-03 0.000000000000000000e+00
-2.666490809397552120e+00 -2.666666021036358636e+00 -2.666666666666636765e+00
-2.666659261287836813e+00 -2.666666563386791644e+00 0.000000000000000000e+00
-6.666666666560372434e-01 -2.666344893864494026e+00 -2.666666324247978004e+00
-2.139726269386207136e+00 -2.000000000000000000e+00 -1.451616055730023280e+00
-1.532153293626106194e+00 -2.566081778814575554e+00 -1.288174342824679020e+00
-1.318271100700357579e+00 -1.796905690310013792e+00 -1.909353396774786660e+00
-1.417823600555418562e+00 -1.348212165548741570e+00 -1.655659269270046696e+00
-1.330291755682516008e+00 -1.364077119510947123e+00 -1.221280718660996190e+00
-1.784219622475357703e+00 -1.598147447627925377e+00 -1.376158968546723926e+00
-2.117109029883623705e+00 -2.000001941205089118e+00 -1.236503323162019941e+00
-2.637742369323216707e+00 -2.666661338616973076e+00 -2.666666666783505946e+00
-2.286831060720473374e-04 -2.666640470509481275e+00 -2.666666267737817009e+00
-2.666667082791938093e+00 -2.666666747665560777e+00 0.000000000000000000e+00
-2.666653708950533108e+00 -2.666666666651958728e+00 -2.666636085521500554e+00
0.000000000000000000e+00 0.000000000000000000e+00 -2.666666695725885994e+00
0.000000000000000000e+00 0.000000000000000000e+00 0.000000000000000000e+00
0.000000000000000000e+00 0.000000000000000000e+00 0.000000000000000000e+00
0.000000000000000000e+00 0.000000000000000000e+00 0.000000000000000000e+00
-2.666619076722647641e+00 -2.666666222807085873e+00 -2.666666673550541766e+00
0.000000000000000000e+00 0.000000000000000000e+00 0.000000000000000000e+00
-2.666666666926454710e+00 -2.666666666517971684e+00 0.000000000000000000e+00
-2.666666640569006930e+00 -2.666653907083842867e+00 -7.726339402847060001e-05
-2.666666828872667594e+00 0.000000000000000000e+00 0.000000000000000000e+00
-2.000000707473645001e+00 -2.000000000000000000e+00 -2.666664306589990652e+00
-2.112582135234592151e+00 -2.000000000000000000e+00 -2.112582129190959002e+00
-2.474324951973422948e+00 -2.333226018602050367e+00 -1.166666666666666963e+00
-2.000000000000000000e+00 -1.250000011678862322e-01 -1.000000000000000000e+00
-2.666651739018949030e+00 -1.416666650961947660e+00 -2.000000000000000000e+00
-2.000000000000000000e+00 -2.666666667687782599e+00 -2.000988269545000975e+00
-4.052036921997625996e-04 -2.029646085670577804e-04 -2.666544386319316118e+00
-2.666666621334946363e+00 0.000000000000000000e+00 -2.666648259138398203e+00
-2.666511827085111364e+00 -2.666666071934376880e+00 -3.193329858308224800e-03
-2.666665698320158207e+00 0.000000000000000000e+00 0.000000000000000000e+00
-2.666664084884939889e+00 -2.666666666511397388e+00 0.000000000000000000e+00
-2.960736091495164146e-05 -2.666666666647572903e+00 0.000000000000000000e+00
0.000000000000000000e+00 0.000000000000000000e+00 0.000000000000000000e+00
0.000000000000000000e+00 0.000000000000000000e+00 0.000000000000000000e+00
-7.384219935069324947e-06 -2.666665664700858862e+00 -2.666666666467038205e+00
-2.640684264287811001e+00 -2.666666644862612401e+00 -2.666666666628398907e+00
0.000000000000000000e+00 0.000000000000000000e+00 0.000000000000000000e+00
-2.666624060118357065e+00 -2.666666665366199673e+00 0.000000000000000000e+00
-2.666666664943624809e+00 -2.666666706178697943e+00 0.000000000000000000e+00
-2.666666644200564207e+00 -2.666666666614625036e+00 0.000000000000000000e+00
-2.666666672936258919e+00 -2.649704818188571842e+00 -2.666653394640822405e+00
0.000000000000000000e+00 0.000000000000000000e+00 -2.666256178072805127e+00
-2.000081897082298887e+00 -2.000000000000008882e+00 -2.000000000000000000e+00
-6.666662646579526452e-01 -2.666666666666666075e+00 -2.666666442850157637e+00
-2.000000000000000000e+00 -2.666504806803093430e+00 1.518749473738978395e-06
-2.666669044809489186e+00 -2.666666666666747787e+00 -3.231275513826403767e-08
-2.939491689684103903e-04 -2.666666666608965564e+00 -2.666666666554175613e+00
-4.682405963043478891e-04 -2.666665260648213298e+00 -2.952394788291456962e-04
-2.666430881253175400e+00 -2.666637151567795350e+00 -2.666666666678371378e+00
-2.666645956455229616e+00 0.000000000000000000e+00 0.000000000000000000e+00
3.046658214600483916e-08 -2.665287840369313876e+00 -2.666666661254894599e+00
-2.666666666310923084e+00 -2.666666666646690942e+00 -2.666666682236304098e+00
0.000000000000000000e+00 0.000000000000000000e+00 0.000000000000000000e+00
0.000000000000000000e+00 0.000000000000000000e+00 0.000000000000000000e+00
0.000000000000000000e+00 -2.666666686002007403e+00 -2.662107371121192223e+00
-7.030051971668171973e-05 -2.666666644944240439e+00 -2.666666799377361841e+00
-2.666666722050220706e+00 -2.666068597778882499e+00 -2.666666553850260080e+00
-2.666582509772647214e+00 -1.219630715345587646e-04 -2.666666666882603565e+00
-2.666666637345294966e+00 0.000000000000000000e+00 -2.666666666675772568e+00
-2.666662151564513472e+00 -2.666666666666664298e+00 -2.666666666668505492e+00
0.000000000000000000e+00 -1.013936388254421672e-04 0.000000000000000000e+00
-2.666666550748627351e+00 -2.666666696011980697e+00 -2.666666156557066181e+00
0.000000000000000000e+00 0.000000000000000000e+00 -2.666667017172608567e+00
-2.666247685640997567e+00 -2.666017267310386352e+00 -2.666310798609923260e+00
0.000000000000000000e+00 0.000000000000000000e+00 0.000000000000000000e+00
-2.666659968999998576e+00 -2.666666670356037550e+00 -2.666666664485627614e+00
-2.033010574731264342e-05 -2.666666666495628668e+00 0.000000000000000000e+00
-2.666639728742874027e+00 -2.666666666180638856e+00 0.000000000000000000e+00
-2.664956504471593490e+00 0.000000000000000000e+00 0.000000000000000000e+00
-2.665931997638264050e+00 -2.666613429518648104e+00 -2.666666668942532681e+00
-1.032500067754682505e-05 -2.666666665236117950e+00 -2.662350560659111132e+00
-2.666666660003389033e+00 0.000000000000000000e+00 0.000000000000000000e+00
0.000000000000000000e+00 0.000000000000000000e+00 0.000000000000000000e+00
0.000000000000000000e+00 0.000000000000000000e+00 0.000000000000000000e+00
-2.666666663518680203e+00 0.000000000000000000e+00 0.000000000000000000e+00
-2.666666666499849292e+00 -2.666666339993525980e+00 -2.666646001621647777e+00
0.000000000000000000e+00 0.000000000000000000e+00 0.000000000000000000e+00
-2.666666645643740452e+00 -2.666572107420195792e+00 -2.666666666666346330e+00
-2.666666615606708035e+00 -2.666666658053335581e+00 0.000000000000000000e+00
0.000000000000000000e+00 0.000000000000000000e+00 -2.666665660444478725e+00
0.000000000000000000e+00 -2.666666668963428855e+00 0.000000000000000000e+00
-2.666666246602117596e+00 -2.666666578011067656e+00 -2.666612240151791546e+00
-2.666667323058840466e+00 -2.666665767829048850e+00 -2.666629952856366614e+00
-2.061806856801240428e-06 -2.666666666666666963e+00 0.000000000000000000e+00
-2.666666987595882610e+00 0.000000000000000000e+00 0.000000000000000000e+00
-2.666666666115403039e+00 0.000000000000000000e+00 0.000000000000000000e+00
-2.666665707105868144e+00 -2.666666666666687391e+00 0.000000000000000000e+00
-2.666665976016210138e+00 0.000000000000000000e+00 0.000000000000000000e+00
-2.658992481754722803e+00 -2.666463407981515044e+00 0.000000000000000000e+00
-2.666666667126017742e+00 -2.666208974405931187e+00 0.000000000000000000e+00
-2.666667597174756210e+00 0.000000000000000000e+00 0.000000000000000000e+00
-2.666666666668747965e+00 0.000000000000000000e+00 0.000000000000000000e+00
0.000000000000000000e+00 0.000000000000000000e+00 0.000000000000000000e+00
0.000000000000000000e+00 0.000000000000000000e+00 0.000000000000000000e+00
0.000000000000000000e+00 0.000000000000000000e+00 0.000000000000000000e+00
0.000000000000000000e+00 0.000000000000000000e+00 0.000000000000000000e+00
0.000000000000000000e+00 0.000000000000000000e+00 0.000000000000000000e+00
0.000000000000000000e+00 0.000000000000000000e+00 0.000000000000000000e+00
0.000000000000000000e+00 0.000000000000000000e+00 0.000000000000000000e+00
0.000000000000000000e+00 0.000000000000000000e+00 0.000000000000000000e+00
0.000000000000000000e+00 0.000000000000000000e+00 0.000000000000000000e+00
0.000000000000000000e+00 0.000000000000000000e+00 0.000000000000000000e+00
0.000000000000000000e+00 0.000000000000000000e+00 0.000000000000000000e+00
0.000000000000000000e+00 0.000000000000000000e+00 0.000000000000000000e+00
0.000000000000000000e+00 0.000000000000000000e+00 0.000000000000000000e+00
0.000000000000000000e+00 0.000000000000000000e+00 0.000000000000000000e+00
0.000000000000000000e+00 0.000000000000000000e+00 0.000000000000000000e+00
0.000000000000000000e+00 0.000000000000000000e+00 0.000000000000000000e+00
0.000000000000000000e+00 0.000000000000000000e+00 0.000000000000000000e+00
0.000000000000000000e+00 0.000000000000000000e+00 0.000000000000000000e+00
0.000000000000000000e+00 0.000000000000000000e+00 0.000000000000000000e+00
0.000000000000000000e+00 0.000000000000000000e+00 0.000000000000000000e+00
0.000000000000000000e+00 0.000000000000000000e+00 0.000000000000000000e+00
