0.000000000000000000e+00 0.000000000000000000e+00 0.000000000000000000e+00
-1.111111111111111049e-01 -1.111111111111111049e-01 0.000000000000000000e+00
0.000000000000000000e+00 -1.111111111110905381e-01 0.000000000000000000e+00
-9.258090920973353066e-01 -9.258090653900532541e-01 -9.258090921950269392e-01
-1.111109225592323169e+00 -1.111109242807469588e+00 -1.111109474409323727e+00
-1.111111111098338267e+00 -1.111111111098884274e+00 -1.111111111098344484e+00
-1.111111111104557514e+00 -1.111111111104487570e+00 -1.111111111104160276e+00
-1.111111111105665072e+00 -1.111111111105331561e+00 -1.111111111105475668e+00
-1.111111111110039795e+00 -1.111111111110104410e+00 -1.111111111110116845e+00
-1.111111111110232752e+00 -1.111111111110182570e+00 -1.111111111110211880e+00
-1.111111111110830496e+00 -1.111111111110625993e+00 -1.111111111110443472e+00
-1.111111111105261173e+00 -1.111111111100745452e+00 -1.111111111102178528e+00
-1.111111110927877954e+00 -1.111111110933364010e+00 -1.111111110920753653e+00
-1.111111111111111049e-01 0.000000000000000000e+00 0.000000000000000000e+00
-1.111111111111107441e-01 0.000000000000000000e+00 0.000000000000000000e+00
-1.111111111111111049e-01 0.000000000000000000e+00 0.000000000000000000e+00
-1.111111111111111049e-01 -1.111111111111111049e-01 0.000000000000000000e+00
0.000000000000000000e+00 0.000000000000000000e+00 0.000000000000000000e+00
0.000000000000000000e+00 -1.111111111111111049e-01 0.000000000000000000e+00
0.000000000000000000e+00 0.000000000000000000e+00 0.000000000000000000e+00
0.000000000000000000e+00 0.000000000000000000e+00 0.000000000000000000e+00
-1.111111111111111049e-01 -1.111111111111110356e-01 -1.111111111111111049e-01
-3.006849678670647230e-01 -2.111111111111109440e-01 -2.109614556146411912e-01
-1.096440788845822079e+00 -1.103756755754321306e+00 -1.103593651655187191e+00
-1.111111005579644484e+00 -1.111111019514820608e+00 -1.111111004298105387e+00
-1.111111111110550054e+00 -1.111111111110385963e+00 -1.111111111110548499e+00
-1.111111111110813177e+00 -1.111111111110836935e+00 -1.111111111110744565e+00
-1.111111111111059868e+00 -1.111111111111058314e+00 -1.111111111111055871e+00
-1.111111111111012351e+00 -1.111111111111008798e+00 -1.111111111111013239e+00
-1.111111111110323346e+00 -1.111111111110343774e+00 -1.111111111110338223e+00
-1.111111111106551030e+00 -1.111111111106113825e+00 -1.111111111106854121e+00
-1.111111111094516213e+00 -1.111111111095044457e+00 -1.111111111094599035e+00
-1.111111111109414296e+00 -1.111111111109471361e+00 -1.111111111107280225e+00
-1.111111111108059379e+00 -1.111111111108167737e+00 -1.111111111106699356e+00
-3.011111111111107186e-01 -3.010776188510937423e-01 -3.820766028229310995e-01
-2.111111111111110827e-01 -1.111111111111111049e-01 -1.111111111097825010e-01
-1.111111111111111049e-01 -1.111111111111111049e-01 -1.111111111111111049e-01
-1.111111111111108551e-01 -1.111111111111111049e-01 -1.111111111111111049e-01
-1.111111111111111049e-01 0.000000000000000000e+00 -1.111111111111111049e-01
0.000000000000000000e+00 0.000000000000000000e+00 0.000000000000000000e+00
0.000000000000000000e+00 0.000000000000000000e+00 0.000000000000000000e+00
-1.111111111111111049e-01 -1.111111111111111049e-01 0.000000000000000000e+00
-9.528783317001489062e-01 -9.487825982013212700e-01 -9.414391545170095466e-01
-1.110659225166682695e+00 -1.110625434245768206e+00 -1.110666088447811228e+00
-1.111111106758739364e+00 -1.111111103013591395e+00 -1.111111106514908187e+00
-1.111111111111086736e+00 -1.111111111111086958e+00 -1.111111111111080740e+00
-1.111111111111104499e+00 -1.111111111111104721e+00 -1.111111111111104499e+00
-1.111111111111098060e+00 -1.111111111111099170e+00 -1.111111111111098060e+00
-1.111111111111042327e+00 -1.111111111111042105e+00 -1.111111111111048100e+00
-1.111111111110495431e+00 -1.111111111110445027e+00 -1.111111111110475225e+00
-1.111111111104968296e+00 -1.111111111104335247e+00 -1.111111111104748916e+00
-1.111111111040552268e+00 -1.111111111039530641e+00 -1.111111111042996091e+00
-1.111111110623380416e+00 -1.111111110617706066e+00 -1.111111110662177159e+00
-1.111111111093926684e+00 -1.111111111085890890e+00 -1.111111111094145398e+00
-1.111111111021355180e+00 -1.111111111015340214e+00 -1.111111111015421482e+00
-3.819999117246882792e-01 -3.821068244542200620e-01 -3.820947024153505400e-01
0.000000000000000000e+00 -1.111111111111111049e-01 0.000000000000000000e+00
-1.111111111111111049e-01 -1.111111111111111049e-01 0.000000000000000000e+00
-1.111111111111111049e-01 -1.111111111111111049e-01 0.000000000000000000e+00
0.000000000000000000e+00 0.000000000000000000e+00 0.000000000000000000e+00
0.000000000000000000e+00 0.000000000000000000e+00 0.000000000000000000e+00
-1.111111111111108551e-01 -1.111111111111111049e-01 0.000000000000000000e+00
-1.097534964222945719e+00 -1.101372828713107710e+00 -1.106651311999819143e+00
-1.111076516479995169e+00 -1.111096022511086634e+00 -1.111107852580728084e+00
-1.111111110850464767e+00 -1.111111110764481769e+00 -1.111111110896735754e+00
-1.111111111111109828e+00 -1.111111111111109828e+00 -1.111111111111109828e+00
-1.111111111111109828e+00 -1.111111111111109828e+00 -1.111111111111109828e+00
-1.111111111111109828e+00 -1.111111111111109828e+00 -1.111111111111109828e+00
-1.111111111111107830e+00 -1.111111111111108274e+00 -1.111111111111108274e+00
-1.111111111111108940e+00 -1.111111111111108940e+00 -1.111111111111108940e+00
-1.111111111111101168e+00 -1.111111111111098060e+00 -1.111111111111100946e+00
-1.111111111110878014e+00 -1.111111111110845595e+00 -1.111111111110750338e+00
-1.111111111103040505e+00 -1.111111111104318594e+00 -1.111111111104049698e+00
-1.111111110998808771e+00 -1.111111110989212003e+00 -1.111111110990345763e+00
-1.111111110230388999e+00 -1.111111110565488946e+00 -1.111111110202229746e+00
-1.111111107704281675e+00 -1.111111108030522709e+00 -1.111111107670069043e+00
-2.111108964960553558e-01 -2.111109943769807207e-01 -2.111111111111110827e-01
-1.111111111111099947e-01 -1.111111111111111049e-01 0.000000000000000000e+00
-2.111111111111109995e-01 0.000000000000000000e+00 0.000000000000000000e+00
0.000000000000000000e+00 0.000000000000000000e+00 0.000000000000000000e+00
0.000000000000000000e+00 0.000000000000000000e+00 0.000000000000000000e+00
-2.111111111111109717e-01 -1.111111111111111049e-01 0.000000000000000000e+00
-1.110217745891242114e+00 -1.110458748459926426e+00 -1.110710479476020751e+00
-1.111108636064007671e+00 -1.111110738095419048e+00 -1.111109313036708679e+00
-1.111111111099634119e+00 -1.111111111099333693e+00 -1.111111111098081139e+00
-1.111111111111109828e+00 -1.111111111111109828e+00 -1.111111111111109828e+00
-1.111111111111109828e+00 -1.111111111111109828e+00 -1.111111111111109828e+00
-1.111111111111109828e+00 -1.111111111111109828e+00 -1.111111111111109828e+00
-1.111111111111109828e+00 -1.111111111111109828e+00 -1.111111111111109828e+00
-1.111111111111109828e+00 -1.111111111111109828e+00 -1.111111111111109828e+00
-1.111111111111109828e+00 -1.111111111111109828e+00 -1.111111111111109828e+00
-1.111111111111101168e+00 -1.111111111111100724e+00 -1.111111111111072081e+00
-1.111111111110747451e+00 -1.111111111110775873e+00 -1.111111111108096239e+00
-1.111111111052525802e+00 -1.111111111054715161e+00 -1.111111111035897325e+00
-1.111111109305179534e+00 -1.111111109385316098e+00 -1.111111109416614173e+00
-1.111111099404554325e+00 -1.111111072044285608e+00 -1.111111082383311466e+00
-1.111109388612458337e+00 -1.111109540019294961e+00 -1.111109387221294709e+00
-1.111111111111108135e-01 -1.111111111111111049e-01 0.000000000000000000e+00
-1.111111111111111049e-01 -1.111111111111111049e-01 0.000000000000000000e+00
0.000000000000000000e+00 0.000000000000000000e+00 0.000000000000000000e+00
0.000000000000000000e+00 0.000000000000000000e+00 0.000000000000000000e+00
-2.921048563593257041e-01 -3.739963996050283956e-01 -3.010411023224744964e-01
-1.111036140604271472e+00 -1.111082714132792804e+00 -1.111064867054621930e+00
-1.111110965483811608e+00 -1.111111073911906555e+00 -1.111111068776299282e+00
-1.111111111110588912e+00 -1.111111111110545613e+00 -1.111111111110596905e+00
-1.111111111111109828e+00 -1.111111111111109828e+00 -1.111111111111109828e+00
-1.111111111111109828e+00 -1.111111111111109828e+00 -1.111111111111109828e+00
-1.111111111111109828e+00 -1.111111111111109828e+00 -1.111111111111109828e+00
-1.111111111111109828e+00 -1.111111111111109828e+00 -1.111111111111109828e+00
-1.111111111111109828e+00 -1.111111111111109828e+00 -1.111111111111109828e+00
-1.111111111111109828e+00 -1.111111111111109828e+00 -1.111111111111109828e+00
-1.111111111111109828e+00 -1.111111111111109384e+00 -1.111111111111109828e+00
-1.111111111111084959e+00 -1.111111111111096506e+00 -1.111111111111070970e+00
-1.111111111110869576e+00 -1.111111111106598104e+00 -1.111111111110894001e+00
-1.111111111044052357e+00 -1.111111111077717428e+00 -1.111111110948303615e+00
-1.111111109540124708e+00 -1.111111105374262165e+00 -1.111111108506269041e+00
-1.111111096585976066e+00 -1.111111098177608891e+00 -1.111111091354397118e+00
-3.004966552028332516e-01 -2.111095435049964997e-01 -1.111097406589314496e-01
-1.111111111111111049e-01 0.000000000000000000e+00 0.000000000000000000e+00
0.000000000000000000e+00 0.000000000000000000e+00 0.000000000000000000e+00
0.000000000000000000e+00 0.000000000000000000e+00 0.000000000000000000e+00
-2.830111111111111022e-01 -3.666390084419703932e-01 -3.011091297340422468e-01
-1.108677310234814861e+00 -1.111108416482072148e+00 -1.111108356581547385e+00
-1.111085780675415968e+00 -1.111111107007613619e+00 -1.111111109135599406e+00
-1.111111111106893645e+00 -1.111111111106608540e+00 -1.111111111107049076e+00
-1.111111111111106498e+00 -1.111111111111106498e+00 -1.111111111111106275e+00
-1.111111111111109828e+00 -1.111111111111109828e+00 -1.111111111111109828e+00
-1.111111111111109828e+00 -1.111111111111109828e+00 -1.111111111111109828e+00
-1.111111111111109828e+00 -1.111111111111109828e+00 -1.111111111111109828e+00
-1.111111111111109828e+00 -1.111111111111109828e+00 -1.111111111111109828e+00
-1.111111111111109828e+00 -1.111111111111109828e+00 -1.111111111111109828e+00
-1.111111111111109828e+00 -1.111111111111109828e+00 -1.111111111111109828e+00
-1.111111111111109828e+00 -1.111111111111107608e+00 -1.111111111111104277e+00
-1.111111111111071637e+00 -1.111111111111075189e+00 -1.111111111111060534e+00
-1.111111111108193272e+00 -1.111111111108429528e+00 -1.111111110917637035e+00
-1.111111110786657585e+00 -1.111111110859388740e+00 -1.111111107648196317e+00
-1.111111091200732703e+00 -1.111111091975816922e+00 -1.111110831649194441e+00
-1.111100607468295642e+00 -1.111099653633196960e+00 -1.111101732770119366e+00
-1.111111111111111049e-01 0.000000000000000000e+00 0.000000000000000000e+00
0.000000000000000000e+00 0.000000000000000000e+00 0.000000000000000000e+00
0.000000000000000000e+00 0.000000000000000000e+00 0.000000000000000000e+00
-1.000000000000000056e-01 -1.011111111111111099e-01 0.000000000000000000e+00
-1.103157022349986471e+00 -1.111030412758159391e+00 -1.110774544783881712e+00
-1.111030062834156729e+00 -1.111108402827476249e+00 -1.111110212668882991e+00
-1.111108567681856174e+00 -1.111111111081143576e+00 -1.111111111071271029e+00
-1.111111111109932770e+00 -1.111111111110342664e+00 -1.111111111110584915e+00
-1.111111111111029226e+00 -1.111111111111104055e+00 -1.111111111111107608e+00
-1.111111111111109828e+00 -1.111111111111109606e+00 -1.111111111111109828e+00
-1.111111111111109828e+00 -1.111111111111109828e+00 -1.111111111111109828e+00
-1.111111111111109828e+00 -1.111111111111109828e+00 -1.111111111111109828e+00
-1.111111111111109828e+00 -1.111111111111109828e+00 -1.111111111111109828e+00
-1.111111111111109828e+00 -1.111111111111109828e+00 -1.111111111111109828e+00
-1.111111111111109828e+00 -1.111111111111109828e+00 -1.111111111111109828e+00
-1.111111111111109828e+00 -1.111111111111109828e+00 -1.111111111111108496e+00
-1.111111111110992811e+00 -1.111111111110987704e+00 -1.111111111111002581e+00
-1.111111111072076163e+00 -1.111111111067221380e+00 -1.111111097916313462e+00
-1.111111095573459107e+00 -1.111111090713355898e+00 -1.111110993704833572e+00
-1.111110518347634635e+00 -1.111110563307458055e+00 -1.111110558836057693e+00
-1.111111111111110772e-01 -1.111111111111111049e-01 0.000000000000000000e+00
-1.111111111111103417e-01 0.000000000000000000e+00 0.000000000000000000e+00
0.000000000000000000e+00 0.000000000000000000e+00 0.000000000000000000e+00
-1.111111111111111049e-01 0.000000000000000000e+00 0.000000000000000000e+00
-1.110397853424366144e+00 -1.110649687357534443e+00 -1.110886218174294893e+00
-1.111065236056959504e+00 -1.111110600646948221e+00 -1.111109273551353915e+00
-1.111109123518761788e+00 -1.111111083916278552e+00 -1.111111103010628653e+00
-1.111111109244470319e+00 -1.111111109424630872e+00 -1.111111110929373202e+00
-1.111111111063225687e+00 -1.111111111110244742e+00 -1.111111111111058980e+00
-1.111111111110415939e+00 -1.111111111111102723e+00 -1.111111111111103389e+00
-1.111111111111098726e+00 -1.111111111111109828e+00 -1.111111111111109828e+00
-1.111111111111109828e+00 -1.111111111111109828e+00 -1.111111111111109828e+00
-1.111111111111109828e+00 -1.111111111111109828e+00 -1.111111111111109828e+00
-1.111111111111109828e+00 -1.111111111111109828e+00 -1.111111111111109828e+00
-1.111111111111109828e+00 -1.111111111111109828e+00 -1.111111111111109828e+00
-1.111111111111109828e+00 -1.111111111111109828e+00 -1.111111111111109828e+00
-1.111111111111094729e+00 -1.111111111111096506e+00 -1.111111111111074745e+00
-1.111111111031128029e+00 -1.111111111038850296e+00 -1.111111110425621717e+00
-1.111111103534884181e+00 -1.111111105750213213e+00 -1.111110391873555203e+00
-1.111109608848119379e+00 -1.111107017509348927e+00 -1.111104736715834873e+00
-1.111111111111111049e-01 -1.111111111111111049e-01 0.000000000000000000e+00
0.000000000000000000e+00 0.000000000000000000e+00 0.000000000000000000e+00
0.000000000000000000e+00 0.000000000000000000e+00 0.000000000000000000e+00
0.000000000000000000e+00 0.000000000000000000e+00 0.000000000000000000e+00
-1.096731789614503683e+00 -1.097463223642587637e+00 -1.097078824081755721e+00
-1.110741312176456663e+00 -1.110762726559499924e+00 -1.111080119696111979e+00
-1.111100686485009259e+00 -1.111108994939565831e+00 -1.111102328621071944e+00
-1.111110636518921169e+00 -1.111111101712150884e+00 -1.111111099336856922e+00
-1.111111110704711580e+00 -1.111111110702281746e+00 -1.111111110674399827e+00
-1.111111111094033044e+00 -1.111111111093546988e+00 -1.111111111094047699e+00
-1.111111111111058536e+00 -1.111111111110841598e+00 -1.111111111111049876e+00
-1.111111111111107164e+00 -1.111111111111104499e+00 -1.111111111111105387e+00
-1.111111111111109828e+00 -1.111111111111109828e+00 -1.111111111111109828e+00
-1.111111111111109828e+00 -1.111111111111109828e+00 -1.111111111111109828e+00
-1.111111111111109828e+00 -1.111111111111109828e+00 -1.111111111111109828e+00
-1.111111111111109606e+00 -1.111111111111106720e+00 -1.111111111111108940e+00
-1.111111111110760774e+00 -1.111111111110850480e+00 -1.111111111109486016e+00
-1.111111110342690278e+00 -1.111111109116516227e+00 -1.111111110233241606e+00
-1.111111096167608947e+00 -1.111111092659952337e+00 -1.111111096912924312e+00
-1.111043778777877522e+00 -1.111039155713614779e+00 -1.111006166149884677e+00
-1.111111111111111049e-01 -1.111111094680720390e-01 0.000000000000000000e+00
0.000000000000000000e+00 0.000000000000000000e+00 0.000000000000000000e+00
0.000000000000000000e+00 0.000000000000000000e+00 0.000000000000000000e+00
0.000000000000000000e+00 0.000000000000000000e+00 0.000000000000000000e+00
-1.111111111111111049e-01 -2.108788609432295513e-01 -1.106635058444145614e-01
-1.109732911209154516e+00 -1.110675084211941721e+00 -1.110927527281708072e+00
-1.111071259380171705e+00 -1.111089860695608555e+00 -1.111071700534916218e+00
-1.111108531964419166e+00 -1.111110819211185596e+00 -1.111110749996026215e+00
-1.111111078476195058e+00 -1.111111107220940752e+00 -1.111111108969378147e+00
-1.111111110970392835e+00 -1.111111110970524063e+00 -1.111111110972476945e+00
-1.111111111102593529e+00 -1.111111111103448179e+00 -1.111111111106417138e+00
-1.111111111110929528e+00 -1.111111111110863803e+00 -1.111111111110949512e+00
-1.111111111111085847e+00 -1.111111111111098726e+00 -1.111111111111101835e+00
-1.111111111111108940e+00 -1.111111111111109162e+00 -1.111111111111109162e+00
-1.111111111111108496e+00 -1.111111111111109828e+00 -1.111111111111109828e+00
-1.111111111110993477e+00 -1.111111111111060534e+00 -1.111111111111029448e+00
-1.111111111095369752e+00 -1.111111111099456261e+00 -1.111111111060352208e+00
-1.111111085061631920e+00 -1.111111084682064876e+00 -1.111111082612336043e+00
-1.111110911581677296e+00 -1.111110613117149537e+00 -1.111110872889332413e+00
-1.108064166368223358e+00 -1.108047023563214939e+00 -1.108155472812874631e+00
-1.111111111111111049e-01 0.000000000000000000e+00 -1.111111111111108551e-01
0.000000000000000000e+00 0.000000000000000000e+00 0.000000000000000000e+00
0.000000000000000000e+00 0.000000000000000000e+00 0.000000000000000000e+00
0.000000000000000000e+00 0.000000000000000000e+00 0.000000000000000000e+00
-2.111111111111085847e-01 -1.111111111111111049e-01 -1.111111111111101474e-01
-1.046247475613491629e+00 -1.052621580850660266e+00 -1.051153357347792472e+00
-1.108828090037417446e+00 -1.110834430500645009e+00 -1.110914043205188717e+00
-1.111083442848406211e+00 -1.111105880862942596e+00 -1.111107625753753103e+00
-1.111108231763591636e+00 -1.111110678672226237e+00 -1.111110044839598743e+00
-1.111111053239560942e+00 -1.111111090292015158e+00 -1.111111092681333457e+00
-1.111111110619338760e+00 -1.111111110623089537e+00 -1.111111110646149092e+00
-1.111111111082029312e+00 -1.111111111095004489e+00 -1.111111111091454440e+00
-1.111111111109666760e+00 -1.111111111109507332e+00 -1.111111111110214544e+00
-1.111111111110974603e+00 -1.111111111111036331e+00 -1.111111111111056760e+00
-1.111111111111101613e+00 -1.111111111111105609e+00 -1.111111111111106942e+00
-1.111111111104863935e+00 -1.111111111096512172e+00 -1.111111111102293769e+00
-1.111111110791378254e+00 -1.111111110463540941e+00 -1.111111110965163684e+00
-1.111110712880778228e+00 -1.111110808994751675e+00 -1.111110463148182070e+00
-1.111107062926617095e+00 -1.111106403459408698e+00 -1.111101065759709572e+00
-4.549908338903991822e-01 -3.820477970861980710e-01 -3.011101485154384916e-01
-2.111111111110735017e-01 -2.111111111111022010e-01 -1.111111111111111049e-01
0.000000000000000000e+00 0.000000000000000000e+00 0.000000000000000000e+00
0.000000000000000000e+00 0.000000000000000000e+00 0.000000000000000000e+00
-1.111111111111111049e-01 -1.111111111111111049e-01 -1.111111111111111049e-01
-3.011111108301624539e-01 -2.111111111111104166e-01 -2.111111111111109995e-01
-1.111111111111111049e-01 -1.111111111111111049e-01 0.000000000000000000e+00
-1.110447281248351237e+00 -1.110464340483024559e+00 -1.110524453212684781e+00
-1.111004419115774189e+00 -1.111034601076780648e+00 -1.111048119679323376e+00
-1.111109144902677759e+00 -1.111109460816416261e+00 -1.111109850800191534e+00
-1.111110967466204080e+00 -1.111111037151292669e+00 -1.111111063904043128e+00
-1.111111104861867149e+00 -1.111111108928784841e+00 -1.111111108967657302e+00
-1.111111110858320039e+00 -1.111111110923870937e+00 -1.111111111064573942e+00
-1.111111111098447735e+00 -1.111111111105179017e+00 -1.111111111105663518e+00
-1.111111111110574701e+00 -1.111111111110962391e+00 -1.111111111110991700e+00
-1.111111111110717919e+00 -1.111111111110563598e+00 -1.111111111111062755e+00
-1.111111111097289328e+00 -1.111111110978722838e+00 -1.111111111086869219e+00
-1.111111093928346838e+00 -1.111111095628503298e+00 -1.111111094970472557e+00
-1.111104014302572329e+00 -1.111107313013980580e+00 -1.111096465896670882e+00
-1.110858339736380040e+00 -1.110864489300199320e+00 -1.110855398052163601e+00
-1.111111111111103417e-01 0.000000000000000000e+00 0.000000000000000000e+00
-2.111111111111108607e-01 0.000000000000000000e+00 0.000000000000000000e+00
-1.111111111111111049e-01 0.000000000000000000e+00 0.000000000000000000e+00
0.000000000000000000e+00 0.000000000000000000e+00 0.000000000000000000e+00
-1.111111111111111049e-01 0.000000000000000000e+00 0.000000000000000000e+00
-1.111111111111111049e-01 0.000000000000000000e+00 0.000000000000000000e+00
-1.111111111111111049e-01 0.000000000000000000e+00 0.000000000000000000e+00
-1.111111111111111049e-01 -2.111111111111110827e-01 -2.111111111111110827e-01
-1.111098475905612837e+00 -1.111104022628058408e+00 -1.111100948095058216e+00
-1.111108357734008401e+00 -1.111109574065272110e+00 -1.111110605255438255e+00
-1.111111053759749723e+00 -1.111111044899387723e+00 -1.111111062342803102e+00
-1.111111105440093949e+00 -1.111111109908530903e+00 -1.111111110141882463e+00
-1.111111110807740943e+00 -1.111111110987063277e+00 -1.111111110985159245e+00
-1.111111111100098414e+00 -1.111111111104348570e+00 -1.111111111104199578e+00
-1.111111111110843153e+00 -1.111111111110845373e+00 -1.111111111110752114e+00
-1.111111111096004134e+00 -1.111111111109152505e+00 -1.111111111094679416e+00
-1.111111103052291993e+00 -1.111111103784306886e+00 -1.111111103483645390e+00
-1.111110796668984824e+00 -1.111110691365615466e+00 -1.111110495350736693e+00
-1.111090047554185611e+00 -1.110970058852185804e+00 -1.110966551610058861e+00
-1.109908499643244006e-01 -2.098058638837764778e-01 -1.111038628707558679e-01
-2.111111111111109717e-01 -1.111111111111111049e-01 -1.111111111111111049e-01
-2.111111111111110827e-01 0.000000000000000000e+00 0.000000000000000000e+00
0.000000000000000000e+00 0.000000000000000000e+00 0.000000000000000000e+00
0.000000000000000000e+00 0.000000000000000000e+00 0.000000000000000000e+00
-1.111111111111111049e-01 -1.111111100887701986e-01 -1.111111111111111049e-01
-1.111111111111111049e-01 0.000000000000000000e+00 -1.111111099188064610e-01
-2.111111111111110827e-01 -2.111111111111075023e-01 -2.111111109098777749e-01
-1.111111111111111049e-01 -1.111111111111111049e-01 -1.111111111111111049e-01
-1.111111111111111049e-01 -1.111111111111111049e-01 0.000000000000000000e+00
-1.111110475241211315e+00 -1.111110925719723808e+00 -1.111110922077590768e+00
-1.111111069414813635e+00 -1.111111091989961164e+00 -1.111111100549430741e+00
-1.111111107679616072e+00 -1.111111110220845966e+00 -1.111111110090167831e+00
-1.111111110946822800e+00 -1.111111111042268007e+00 -1.111111111047038635e+00
-1.111111111104194915e+00 -1.111111111107571103e+00 -1.111111111108243898e+00
-1.111111111106806604e+00 -1.111111111102472515e+00 -1.111111111108822325e+00
-1.111111111004431606e+00 -1.111111111011349628e+00 -1.111111110761585863e+00
-1.111111013908467671e+00 -1.111111006418470826e+00 -1.111110996736883960e+00
-1.111105172690437959e+00 -1.111105907130237602e+00 -1.111102286823185903e+00
-1.080427300011975511e+00 -1.076415470924330986e+00 -1.073771232557110267e+00
-1.111111111111105498e-01 -2.111111111111110827e-01 -1.110925108441030429e-01
-2.111111111111110827e-01 -2.111111111111110827e-01 -1.111111111111111049e-01
-1.111111111111111049e-01 -1.111111111111111049e-01 0.000000000000000000e+00
-1.111111111111111049e-01 0.000000000000000000e+00 0.000000000000000000e+00
0.000000000000000000e+00 0.000000000000000000e+00 0.000000000000000000e+00
0.000000000000000000e+00 0.000000000000000000e+00 -1.111111111111108968e-01
0.000000000000000000e+00 0.000000000000000000e+00 -1.111111111111088151e-01
-2.111111111111110827e-01 0.000000000000000000e+00 0.000000000000000000e+00
-1.111111111111111049e-01 0.000000000000000000e+00 0.000000000000000000e+00
-1.111111111111111049e-01 -1.111111111111060396e-01 -2.111111111040522292e-01
-2.111111111111110827e-01 -2.111111111111110827e-01 -1.111111111111111049e-01
-1.111111100597120371e+00 -1.111111100845043165e+00 -1.111111100790791673e+00
-1.111111109669525865e+00 -1.111111110759412934e+00 -1.111111110765622634e+00
-1.111111111060329337e+00 -1.111111111090830050e+00 -1.111111111092900394e+00
-1.111111110787996292e+00 -1.111111111088070258e+00 -1.111111111097578430e+00
-1.111111110894595910e+00 -1.111111111027137222e+00 -1.111111111021102049e+00
-1.111111103254967869e+00 -1.111111109210254355e+00 -1.111111103072975004e+00
-1.111109938211853221e+00 -1.111109906786166057e+00 -1.111109855403253910e+00
-1.110967314502052661e+00 -1.110949308276231173e+00 -1.110934322999389767e+00
-3.010939693681721208e-01 -3.780793168019841444e-01 -3.655985542089288942e-01
-2.111111111111070859e-01 -2.111111111111110827e-01 -1.111111111111111049e-01
-1.111111111111111049e-01 0.000000000000000000e+00 0.000000000000000000e+00
-1.111111111111111049e-01 0.000000000000000000e+00 -1.111111111111111049e-01
0.000000000000000000e+00 0.000000000000000000e+00 0.000000000000000000e+00
0.000000000000000000e+00 0.000000000000000000e+00 0.000000000000000000e+00
-2.111111111111110827e-01 -2.111111111111110272e-01 -2.111111111111110827e-01
0.000000000000000000e+00 0.000000000000000000e+00 -1.111111111111072747e-01
-1.111111111111109939e-01 -1.111111111111111049e-01 0.000000000000000000e+00
-3.821111111111110681e-01 -3.011111111111103300e-01 -2.111111111111110827e-01
-1.111111111111111049e-01 -1.111111111111110078e-01 0.000000000000000000e+00
-1.111111111111111049e-01 -1.111111111111111049e-01 0.000000000000000000e+00
0.000000000000000000e+00 0.000000000000000000e+00 0.000000000000000000e+00
-1.111110843640522816e+00 -1.111110827369613974e+00 -1.111110850436786368e+00
-1.111111107081373284e+00 -1.111111108059235741e+00 -1.111111108278173720e+00
-1.111111104454429732e+00 -1.111111083927577958e+00 -1.111111104622465318e+00
-1.111111104934631832e+00 -1.111111108733222608e+00 -1.111111108982042905e+00
-1.111110972154733423e+00 -1.111110918479908394e+00 -1.111110972572013855e+00
-1.111101055213228328e+00 -1.111099987864723637e+00 -1.111100697887128730e+00
-1.098601144384633965e+00 -1.097042898068929961e+00 -1.096346050966759966e+00
-1.111111111111111049e-01 0.000000000000000000e+00 -1.111111103337965034e-01
-1.111111111111111049e-01 -1.111111111111111049e-01 0.000000000000000000e+00
-1.111111111111111049e-01 -1.111111111111111049e-01 -1.111111111111111049e-01
-2.111111111111110827e-01 -2.111111111111110827e-01 -1.111111111111111049e-01
0.000000000000000000e+00 0.000000000000000000e+00 0.000000000000000000e+00
0.000000000000000000e+00 0.000000000000000000e+00 0.000000000000000000e+00
-1.111110950415608728e-01 -1.111111111111110356e-01 0.000000000000000000e+00
-1.111111111111111049e-01 0.000000000000000000e+00 0.000000000000000000e+00
-1.111111111111111049e-01 0.000000000000000000e+00 -1.111111111111035277e-01
-2.111111111111110827e-01 -1.111111111111111049e-01 -1.111111111111111049e-01
-2.111111111111110827e-01 -1.111111111111111049e-01 -1.111111111111111049e-01
0.000000000000000000e+00 0.000000000000000000e+00 0.000000000000000000e+00
-1.111111111111111049e-01 -1.111111106320129133e-01 0.000000000000000000e+00
-1.111111111111111049e-01 -2.111111111111106664e-01 -1.111111111111111049e-01
-1.110182205015298740e+00 -1.110153070626610061e+00 -1.110162605267341673e+00
-1.111096328838742098e+00 -1.111098980071296705e+00 -1.111102200760387237e+00
-1.111110872893031454e+00 -1.111111089343502778e+00 -1.111111086156226779e+00
-1.111110893768615382e+00 -1.111111009200658195e+00 -1.111107082989591710e+00
-1.110932060680059230e+00 -1.110939668008367187e+00 -1.110937551810468715e+00
-8.926539174504600771e-01 -8.804686639910468404e-01 -8.872555007930690296e-01
-2.111111111111109995e-01 -2.111111111111110827e-01 -1.111111111111111049e-01
-1.111111111111111049e-01 0.000000000000000000e+00 0.000000000000000000e+00
-1.111111111111111049e-01 -1.111111111111111049e-01 0.000000000000000000e+00
-1.111111111111111049e-01 0.000000000000000000e+00 0.000000000000000000e+00
0.000000000000000000e+00 0.000000000000000000e+00 0.000000000000000000e+00
0.000000000000000000e+00 0.000000000000000000e+00 0.000000000000000000e+00
-1.111111111111111049e-01 -1.111111111111103278e-01 0.000000000000000000e+00
-1.111111111111111049e-01 -1.111111111111111049e-01 0.000000000000000000e+00
0.000000000000000000e+00 0.000000000000000000e+00 0.000000000000000000e+00
-1.111111111111111049e-01 0.000000000000000000e+00 0.000000000000000000e+00
-1.111111111111111049e-01 0.000000000000000000e+00 0.000000000000000000e+00
-1.111111111111111049e-01 -1.111111111111111049e-01 0.000000000000000000e+00
0.000000000000000000e+00 0.000000000000000000e+00 -1.111111111111042632e-01
-1.111111111111111049e-01 -1.111111111111111049e-01 0.000000000000000000e+00
-1.111111111111111049e-01 0.000000000000000000e+00 0.000000000000000000e+00
-2.111111111111080296e-01 -1.111110712561694386e-01 -1.111111111111111049e-01
0.000000000000000000e+00 0.000000000000000000e+00 0.000000000000000000e+00
-2.111111111109804650e-01 -1.111111111111111049e-01 0.000000000000000000e+00
-1.111111111111111049e-01 0.000000000000000000e+00 -1.111111111111111049e-01
-1.111111111111047212e-01 0.000000000000000000e+00 0.000000000000000000e+00
0.000000000000000000e+00 0.000000000000000000e+00 -1.111111111111111049e-01
0.000000000000000000e+00 0.000000000000000000e+00 0.000000000000000000e+00
0.000000000000000000e+00 0.000000000000000000e+00 -1.111111111111105637e-01
-1.111111111111111049e-01 0.000000000000000000e+00 0.000000000000000000e+00
0.000000000000000000e+00 0.000000000000000000e+00 0.000000000000000000e+00
0.000000000000000000e+00 0.000000000000000000e+00 0.000000000000000000e+00
0.000000000000000000e+00 0.000000000000000000e+00 0.000000000000000000e+00
0.000000000000000000e+00 0.000000000000000000e+00 0.000000000000000000e+00
0.000000000000000000e+00 0.000000000000000000e+00 0.000000000000000000e+00
0.000000000000000000e+00 0.000000000000000000e+00 0.000000000000000000e+00
0.000000000000000000e+00 0.000000000000000000e+00 0.000000000000000000e+00
0.000000000000000000e+00 0.000000000000000000e+00 0.000000000000000000e+00
0.000000000000000000e+00 0.000000000000000000e+00 0.000000000000000000e+00
0.000000000000000000e+00 0.000000000000000000e+00 0.000000000000000000e+00
0.000000000000000000e+00 0.000000000000000000e+00 0.000000000000000000e+00
0.000000000000000000e+00 0.000000000000000000e+00 0.000000000000000000e+00
0.000000000000000000e+00 0.000000000000000000e+00 0.000000000000000000e+00
0.000000000000000000e+00 0.000000000000000000e+00 0.000000000000000000e+00
0.000000000000000000e+00 0.000000000000000000e+00 0.000000000000000000e+00
0.000000000000000000e+00 0.000000000000000000e+00 0.000000000000000000e+00
0.000000000000000000e+00 0.000000000000000000e+00 0.000000000000000000e+00
0.000000000000000000e+00 0.000000000000000000e+00 0.000000000000000000e+00
0.000000000000000000e+00 0.000000000000000000e+00 0.000000000000000000e+00
0.000000000000000000e+00 0.000000000000000000e+00 0.000000000000000000e+00
0.000000000000000000e+00 0.000000000000000000e+00 0.000000000000000000e+00
