0.000000000000000000e+00 0.000000000000000000e+00 0.000000000000000000e+00
-4.483438145095263241e-03 0.000000000000000000e+00 0.000000000000000000e+00
-7.912288403905313669e-03 0.000000000000000000e+00 0.000000000000000000e+00
-9.507216338700020045e-03 -1.136464039150144462e-02 0.000000000000000000e+00
-1.115513904677219040e-03 -9.182789375543745636e-03 0.000000000000000000e+00
-1.340130926373260707e-02 -1.296196783099937654e-02 -1.322101129839940020e-02
-7.333737525172150107e-02 -7.328287628048291147e-02 -7.285443304514367668e-02
-1.805141158472903240e-01 -1.824082989245918440e-01 -1.798061100062076922e-01
-2.719727667893042655e-01 -2.729442483278426979e-01 -2.726522393050366810e-01
-3.430821273759747103e-01 -3.425675824313118012e-01 -3.416564376198750752e-01
-7.840922280957774992e-01 -7.840372767838204027e-01 -7.841077777102770652e-01
-6.892833553225709009e-01 -6.881772263516072741e-01 -6.887971988689998160e-01
-3.099908601494147375e-02 -3.144273431437991095e-02 -3.224488039696660202e-02
0.000000000000000000e+00 0.000000000000000000e+00 0.000000000000000000e+00
-4.950708811997178542e-03 0.000000000000000000e+00 0.000000000000000000e+00
-3.323085839315243969e-03 0.000000000000000000e+00 0.000000000000000000e+00
-5.532174685081697046e-03 -8.529618642736769285e-03 0.000000000000000000e+00
-1.253978738445539086e-03 -1.115140656561524994e-02 0.000000000000000000e+00
0.000000000000000000e+00 0.000000000000000000e+00 0.000000000000000000e+00
0.000000000000000000e+00 -5.517058893663486993e-03 0.000000000000000000e+00
0.000000000000000000e+00 0.000000000000000000e+00 0.000000000000000000e+00
-7.101095614063493607e-03 -5.988256249779212899e-03 -6.482705006331082424e-03
-5.585332357706549421e-03 0.000000000000000000e+00 0.000000000000000000e+00
-1.032990458372814134e-02 0.000000000000000000e+00 0.000000000000000000e+00
-7.644177423339100150e-03 -7.237090454332188033e-03 -6.233378715334766604e-03
-9.902622260534788001e-02 -9.735371441714688046e-02 -9.804836090911021873e-02
-3.178197342042466955e-01 -3.178624046545420190e-01 -3.178075268313399482e-01
-6.258678928840211153e-01 -6.261122376105340281e-01 -6.267089587639173009e-01
-8.709128261135339333e-01 -8.707890369827719912e-01 -8.715327752325731092e-01
-1.014484429671166588e+00 -1.015218103206805722e+00 -1.015474756592826377e+00
-1.030236101473665400e+00 -1.030355666011157911e+00 -1.030739824544500749e+00
-9.450804476567785661e-01 -9.437125429777758479e-01 -9.443343425402146440e-01
-9.250190721498057211e-01 -9.270367773241681153e-01 -9.268850320809521870e-01
-3.384843907684882414e-01 -3.400938954259983826e-01 -3.403594034812431612e-01
-1.582821682659595053e-02 -1.405400923724363718e-02 -8.540366869522478949e-03
-4.526776669528718641e-03 -5.980716488533387859e-03 -7.565777266099416032e-03
-1.942668830738453114e-03 0.000000000000000000e+00 -1.222353927855555911e-02
-6.038273747219788899e-03 -1.309755115475614087e-02 -2.472235543025280702e-02
-3.668099310733944404e-03 -5.195823420762257089e-03 0.000000000000000000e+00
0.000000000000000000e+00 0.000000000000000000e+00 0.000000000000000000e+00
0.000000000000000000e+00 0.000000000000000000e+00 0.000000000000000000e+00
-1.102100679743892031e-02 -6.536463205000492445e-03 0.000000000000000000e+00
0.000000000000000000e+00 0.000000000000000000e+00 -3.947162457481413582e-03
-3.752517231578955149e-03 -1.000000000000000021e-03 -7.729666318808811436e-03
-6.289352922936167212e-02 -6.214217725047806173e-02 -6.166172403055254769e-02
-3.190561371363467291e-01 -3.189095033508394517e-01 -3.193802914481920774e-01
-7.515739459476945550e-01 -7.522304665253204403e-01 -7.522493232183348200e-01
-1.182419761093962407e+00 -1.182376854731117755e+00 -1.184572503528254384e+00
-1.522055242820612442e+00 -1.522754096237443067e+00 -1.522502112374567673e+00
-1.709556876170809314e+00 -1.709945305618147060e+00 -1.709664344778916822e+00
-1.725557969547223403e+00 -1.725158485430275945e+00 -1.724783617483736098e+00
-1.558223327074902409e+00 -1.558313726066651084e+00 -1.558168893797395205e+00
-1.251070474556531753e+00 -1.251054386183829914e+00 -1.250248013503101774e+00
-9.295400277649955578e-01 -9.286365569910781659e-01 -9.296802421486924928e-01
-3.697735129035502610e-01 -3.695481866268583993e-01 -3.686923227351918686e-01
-1.585562314256954569e-02 -1.134183090233272136e-02 0.000000000000000000e+00
-1.702163137486576230e-02 -2.043852243613945158e-02 -2.480586648928818916e-02
-5.792003103173340960e-03 0.000000000000000000e+00 -6.714562320034816664e-03
-1.043423301691756913e-02 0.000000000000000000e+00 0.000000000000000000e+00
0.000000000000000000e+00 0.000000000000000000e+00 0.000000000000000000e+00
0.000000000000000000e+00 0.000000000000000000e+00 0.000000000000000000e+00
-4.805395612505564129e-03 0.000000000000000000e+00 -4.352112268397352081e-03
-6.212979597359115716e-03 -5.000410075185991385e-03 -7.664675657588175019e-03
-2.360094991931873526e-02 -3.059261550929884971e-02 -2.441804640645809862e-02
-2.082438287959781642e-01 -2.082231202042892360e-01 -2.077178454314779488e-01
-7.096807150676039955e-01 -7.097734851105955700e-01 -7.110895664819346651e-01
-1.311783488450397384e+00 -1.311785993693394881e+00 -1.311957838688425859e+00
-1.900219076223278236e+00 -1.899814638217321994e+00 -1.900534848416831180e+00
-2.427988688557697561e+00 -2.426584075415477049e+00 -2.427145301753837359e+00
-2.669348675728670628e+00 -2.669163473049138702e+00 -2.669513598204878324e+00
-2.682199468231408090e+00 -2.682867535683701288e+00 -2.682979016284398277e+00
-2.482238258850188117e+00 -2.481602074173229866e+00 -2.481826256004950437e+00
-1.982510915649524641e+00 -1.982547967397812361e+00 -1.982531935299597148e+00
-1.392877931264677960e+00 -1.391411697807612091e+00 -1.392024504452819444e+00
-9.058532488146343598e-01 -9.045780417923491301e-01 -9.050474818768677876e-01
-2.066667879836159016e-01 -2.070722294764723581e-01 -2.071195650964619828e-01
-6.601846882653487382e-03 -2.071569106913808203e-03 -7.184865022657125656e-03
-1.003476232526524271e-02 -7.165183692001610843e-03 -1.444578213951145350e-02
-8.141688715467871804e-03 0.000000000000000000e+00 0.000000000000000000e+00
0.000000000000000000e+00 0.000000000000000000e+00 0.000000000000000000e+00
0.000000000000000000e+00 0.000000000000000000e+00 0.000000000000000000e+00
-6.700953195455243948e-03 -7.242446672861519580e-03 -1.036539401262579277e-02
-1.998999999999999909e-03 -1.436976531699154722e-02 0.000000000000000000e+00
-6.951589150518529270e-02 -6.986796903254514912e-02 -6.869634353418935246e-02
-4.701193983782808172e-01 -4.704265415480131662e-01 -4.704898250949192118e-01
-1.151474521797169359e+00 -1.151485129488037940e+00 -1.151964188344546836e+00
-1.919179419342709192e+00 -1.919487936680182694e+00 -1.920092090092090142e+00
-2.763795887855355904e+00 -2.765251746833138125e+00 -2.763847981421151623e+00
-3.322742962344742867e+00 -3.323324493255594536e+00 -3.323242649136777249e+00
-3.772266333473025313e+00 -3.772131786610551707e+00 -3.772750126823223749e+00
-3.783916883398324771e+00 -3.784105096938251478e+00 -3.783496620492634133e+00
-3.433829794593781237e+00 -3.433937661632583627e+00 -3.433882274660306599e+00
-2.819394946342707708e+00 -2.818449663800712823e+00 -2.817995058319734625e+00
-2.091024963553560934e+00 -2.090425108990134895e+00 -2.090370628333613201e+00
-1.295816411814265434e+00 -1.296228052397377484e+00 -1.297301964927725093e+00
-7.329841082144111786e-01 -7.330382141190561196e-01 -7.324834722481925464e-01
-2.522303588800792890e-02 -2.143283440708226156e-02 -2.030078111331105190e-02
-5.115664790095030869e-03 0.000000000000000000e+00 0.000000000000000000e+00
-8.207218049706725346e-03 -8.462481181983477763e-03 0.000000000000000000e+00
0.000000000000000000e+00 -1.066958009018788983e-03 0.000000000000000000e+00
0.000000000000000000e+00 0.000000000000000000e+00 0.000000000000000000e+00
-6.183583562759341172e-03 0.000000000000000000e+00 0.000000000000000000e+00
-1.177384188036938520e-02 -1.006151739341225489e-02 -3.259314611829922798e-03
-1.460758647183425518e-01 -1.459939726258998871e-01 -1.452736242774249620e-01
-7.256299368811889305e-01 -7.259553296876974926e-01 -7.254294713066413713e-01
-1.510267116035039159e+00 -1.510456843586425624e+00 -1.510081578911629308e+00
-2.530004223531232554e+00 -2.530277139150146848e+00 -2.530041074877967588e+00
-3.462924883205424464e+00 -3.463766312061793862e+00 -3.463104110496203702e+00
-4.498468189773964454e+00 -4.497435508913481428e+00 -4.498611166054381272e+00
-5.203921605262332051e+00 -5.204422324333092043e+00 -5.204265407175002522e+00
-5.147024720871868908e+00 -5.147728467544620656e+00 -5.146941024060142311e+00
-4.655876306581847146e+00 -4.654874920701884911e+00 -4.654650854184124498e+00
-3.703952784225486905e+00 -3.703405543212120232e+00 -3.703695790610014971e+00
-2.728439830213612804e+00 -2.729473667232581668e+00 -2.728241280273525859e+00
-1.766674505637909620e+00 -1.766194451400153298e+00 -1.765801906765491758e+00
-9.947825353647876678e-01 -9.940674207844139021e-01 -9.936795643726157312e-01
-2.323258956117160989e-01 -2.335427265420148002e-01 -2.321265060024993720e-01
-1.107947906925894899e-02 -8.015511000819973766e-03 -1.413337056145503798e-02
-9.515392758451373875e-03 -6.950034853244809775e-03 -9.069053245651024359e-03
-6.015096507268192887e-03 -7.513241988980610443e-03 0.000000000000000000e+00
0.000000000000000000e+00 0.000000000000000000e+00 0.000000000000000000e+00
-6.636362382481954779e-03 -8.636110281957185691e-03 0.000000000000000000e+00
-7.983217475706811533e-03 -7.316635253210520412e-03 -7.313225364527309834e-03
-2.014787516518473931e-01 -2.008144324267402414e-01 -2.033832607322925978e-01
-8.500873670198739740e-01 -8.505016644903951040e-01 -8.501478761016773023e-01
-1.712845962754553142e+00 -1.713674848363887060e+00 -1.713515608785034505e+00
-2.797761006500520509e+00 -2.796351402854682089e+00 -2.797130200572031988e+00
-4.044080467477251695e+00 -4.044075896774415924e+00 -4.043697731483749003e+00
-5.633641875256714115e+00 -5.632493626488676242e+00 -5.632365822952687395e+00
-7.115444398520874181e+00 -7.117136022593267164e+00 -7.117212911183723456e+00
-7.801148175450556721e+00 -7.801287414479116222e+00 -7.798179069877497760e+00
-5.614704987586620177e+00 -5.612900708748861156e+00 -5.612958905606281412e+00
-4.473206468250880086e+00 -4.472721821498762296e+00 -4.472034069192483585e+00
-3.187934765537434600e+00 -3.188066346470082912e+00 -3.188306275604411599e+00
-2.122982571330189749e+00 -2.122549910186750655e+00 -2.122357832192271587e+00
-1.173360588437657892e+00 -1.172592386405185483e+00 -1.172115142325290904e+00
-4.972217540122467749e-01 -4.967833353745084723e-01 -4.975044780704157010e-01
-1.195459713617097290e-02 -1.563505177757411324e-02 -1.156557933385574978e-02
-6.994518575348163125e-03 0.000000000000000000e+00 -2.068363665414815408e-03
0.000000000000000000e+00 0.000000000000000000e+00 0.000000000000000000e+00
0.000000000000000000e+00 0.000000000000000000e+00 0.000000000000000000e+00
-1.673376859251821461e-02 0.000000000000000000e+00 -5.047594644016776405e-03
-1.075730898176585279e-02 -6.011002662171836992e-03 -1.765814863745201330e-02
-1.789557540298071237e-01 -1.797661297337235509e-01 -1.792329002366395418e-01
-8.442819872697312489e-01 -8.440767096678449821e-01 -8.439158545132398048e-01
-1.709706296300451456e+00 -1.710034804742743608e+00 -1.709559611820441694e+00
-2.761817061498077930e+00 -2.764303490085091131e+00 -2.762541738638612632e+00
-4.000932859866759728e+00 -4.001440294646742224e+00 -4.001605938709022148e+00
-5.538101356767091588e+00 -5.537718211918027045e+00 -5.541511902638514897e+00
-7.925498977334212825e+00 -7.930505987264527157e+00 -7.930200007521595928e+00
-1.048071672838802293e+01 -1.048129822354431262e+01 -1.047723021576418923e+01
-6.378080449995179535e+00 -6.379629621280276552e+00 -6.378108005038219730e+00
-4.871318524296445851e+00 -4.872092401525170757e+00 -4.870476637352347815e+00
-3.396263533911376697e+00 -3.395440039681136835e+00 -3.394452812120189122e+00
-2.282807442422122968e+00 -2.282928925733427317e+00 -2.283467295837452227e+00
-1.260036077525495291e+00 -1.260436986361690659e+00 -1.260884411091055313e+00
-5.765002462056403321e-01 -5.769651322747446631e-01 -5.755753063453927787e-01
-1.057755353591000903e-02 -8.008586226968922653e-03 -8.005149345508432226e-03
0.000000000000000000e+00 0.000000000000000000e+00 -6.925462930596972162e-03
0.000000000000000000e+00 0.000000000000000000e+00 0.000000000000000000e+00
0.000000000000000000e+00 0.000000000000000000e+00 0.000000000000000000e+00
-5.012439306270854641e-03 -1.213059329698445467e-02 -4.257076297532659363e-03
-4.980167546394271595e-03 -5.233015285749605984e-03 -5.579428901693916573e-03
-1.223057366257942064e-01 -1.235836517439135862e-01 -1.230122335465313466e-01
-7.169755936178966449e-01 -7.167446351497683832e-01 -7.167297701361583506e-01
-1.488840045050296768e+00 -1.489679167883667610e+00 -1.489581814330610987e+00
-2.494946850839563357e+00 -2.495647396557677311e+00 -2.495699943252604580e+00
-3.516854555000069382e+00 -3.515562179440949286e+00 -3.515401592581308687e+00
-4.669754147540856160e+00 -4.670063873976530999e+00 -4.671704685890279762e+00
-5.932407144660908571e+00 -5.931376764472073404e+00 -5.932027771132778682e+00
-5.979634961723149900e+00 -5.979482495155323818e+00 -5.979637015591155347e+00
-5.446745195553686081e+00 -5.447289424282992343e+00 -5.446460060884126264e+00
-4.512800153516530521e+00 -4.511188265880210047e+00 -4.511697309610736006e+00
-3.205118633570135156e+00 -3.203460832965577154e+00 -3.203165904411637843e+00
-2.175431217861589328e+00 -2.176391934795496752e+00 -2.176853975109550809e+00
-1.217288199111242974e+00 -1.216793647534202494e+00 -1.216813589654598848e+00
-5.095370919126492870e-01 -5.105973301192426872e-01 -5.093273319310970271e-01
-1.086619023959699282e-02 -1.103142915074715145e-02 -1.176510060651079527e-02
-7.520710560421401021e-03 -4.380312593003959226e-03 -4.755170143562347310e-03
0.000000000000000000e+00 0.000000000000000000e+00 0.000000000000000000e+00
0.000000000000000000e+00 0.000000000000000000e+00 0.000000000000000000e+00
-1.061192341373485420e-02 -1.324251254986232680e-03 -4.341329050512750774e-03
-8.897667365238308076e-03 -1.897846027527808283e-03 0.000000000000000000e+00
-4.720255738313929028e-02 -4.626196925546782746e-02 -5.018124901090426776e-02
-4.750083736077341245e-01 -4.749741785826913087e-01 -4.760367298877997144e-01
-1.130439124560503883e+00 -1.130179162422424444e+00 -1.130877403705263129e+00
-2.002628575134785649e+00 -2.001965158302541514e+00 -2.003138189886096487e+00
-2.839706871600056193e+00 -2.839120954981098066e+00 -2.839553228895868919e+00
-3.671220667166023688e+00 -3.670359661955142183e+00 -3.672412186940356094e+00
-4.393410348559151579e+00 -4.394078460647595108e+00 -4.393514265942464192e+00
-4.603144348406427611e+00 -4.603451739927020725e+00 -4.602995856272836583e+00
-4.291021269825988860e+00 -4.291834627845061867e+00 -4.292668529251926657e+00
-3.505772617248080980e+00 -3.507159293597719163e+00 -3.505728533002054004e+00
-2.724183402535376608e+00 -2.724496250792399543e+00 -2.724434531294540829e+00
-1.785000029879302064e+00 -1.786650710115327279e+00 -1.784799080485838463e+00
-1.021377739730134460e+00 -1.021726939529637335e+00 -1.022001948918774161e+00
-3.211242690177391057e-01 -3.212645530768880042e-01 -3.211017808671353668e-01
-4.485833359223871837e-03 -1.348951700235916096e-02 -3.248019897826668473e-03
-7.999046496508897472e-03 -1.261325585823754080e-03 -7.666866889560288757e-03
-1.134450866699509251e-02 0.000000000000000000e+00 0.000000000000000000e+00
0.000000000000000000e+00 0.000000000000000000e+00 0.000000000000000000e+00
0.000000000000000000e+00 -6.223299957421833499e-03 0.000000000000000000e+00
-6.613378822687194028e-03 -1.136311654374361560e-02 0.000000000000000000e+00
-5.812167275035585480e-03 -4.046658945332125799e-03 -4.028511679472664142e-03
-1.832785267655088202e-01 -1.845230812155422839e-01 -1.853191622300643104e-01
-7.492509711118634508e-01 -7.503894134977242558e-01 -7.492558674673063246e-01
-1.386331876812548103e+00 -1.388014321155157438e+00 -1.387042614631771587e+00
-2.117872050441365950e+00 -2.117219308644132436e+00 -2.117389349202160265e+00
-2.728694254486613957e+00 -2.728217400846185914e+00 -2.728438650296331591e+00
-3.097746595775924483e+00 -3.098228302006265089e+00 -3.097913885498047915e+00
-3.174711637770827100e+00 -3.175586163377329463e+00 -3.174822356412322577e+00
-3.042653890600031552e+00 -3.042690828971879036e+00 -3.042273782103168234e+00
-2.662360446294016025e+00 -2.663480308349257530e+00 -2.662951224480183399e+00
-2.002929493231636826e+00 -2.004578084665844973e+00 -2.003720650673348036e+00
-1.303571871033395446e+00 -1.303689161027396626e+00 -1.303653806488659139e+00
-7.091806995938289004e-01 -7.097725528756755331e-01 -7.099713583033315789e-01
-8.838926563378336765e-02 -8.697630588342022961e-02 -8.613092462890112322e-02
-5.020946505389056215e-03 -6.685512383267732880e-03 -1.038554459288757066e-02
0.000000000000000000e+00 0.000000000000000000e+00 0.000000000000000000e+00
0.000000000000000000e+00 0.000000000000000000e+00 0.000000000000000000e+00
0.000000000000000000e+00 0.000000000000000000e+00 0.000000000000000000e+00
-3.062159100344110686e-03 0.000000000000000000e+00 0.000000000000000000e+00
-6.634025580693154144e-03 -6.154290116009194199e-03 -7.372849818888582707e-03
-4.696021802435610890e-03 -1.060483334071199088e-02 -1.133765728294048453e-02
-3.590432037143912597e-02 -3.567631069412737638e-02 -3.615826709344302503e-02
-3.588153617447119026e-01 -3.585308909463747473e-01 -3.592758452579647432e-01
-8.543457934599638648e-01 -8.544310371629955103e-01 -8.539995620502270901e-01
-1.343652650111480940e+00 -1.344777931751401923e+00 -1.344311174191156422e+00
-1.815186106770887431e+00 -1.817029178032399939e+00 -1.815034296420970694e+00
-2.157654877743959698e+00 -2.158099999214375231e+00 -2.157338467245417668e+00
-2.281366539446989083e+00 -2.281755299900777523e+00 -2.281735717288066123e+00
-2.139763143981607385e+00 -2.140818870562572585e+00 -2.139934683226189627e+00
-1.747560960263061736e+00 -1.747709212376235222e+00 -1.748943959333539633e+00
-1.318020395766073660e+00 -1.316496510378064366e+00 -1.315755146082917770e+00
-8.407796385399246564e-01 -8.395697834845681218e-01 -8.397113997624677806e-01
-2.870367997844671115e-01 -2.872852093874481150e-01 -2.867155599867086679e-01
-6.810984893567103952e-03 -6.585782354163774791e-03 -8.383612402254658758e-03
-4.414195390564758584e-03 -1.033291616288612574e-02 -2.713276537409969533e-03
-1.246357764850164473e-02 0.000000000000000000e+00 0.000000000000000000e+00
0.000000000000000000e+00 0.000000000000000000e+00 0.000000000000000000e+00
0.000000000000000000e+00 0.000000000000000000e+00 0.000000000000000000e+00
-1.867727150524349294e-03 0.000000000000000000e+00 0.000000000000000000e+00
-1.077113751445585646e-02 -2.837899221912781184e-02 -9.677053662986387708e-03
-3.150769391361639155e-03 -7.731911645843456138e-03 -3.329785859696920026e-03
-5.194453737323545019e-03 -6.883898434127819037e-03 0.000000000000000000e+00
-6.713423681571621671e-02 -6.790171099775282881e-02 -6.775850338870037515e-02
-3.934704279247472347e-01 -3.927900660420562962e-01 -3.925639228141853398e-01
-7.952218730637522492e-01 -7.955424653070004570e-01 -7.954222821227689977e-01
-1.122952749809922990e+00 -1.123128222338305227e+00 -1.123305078021017422e+00
-1.323075459582209401e+00 -1.324869009550068588e+00 -1.323281601352744419e+00
-1.367190477744969712e+00 -1.367711591138173199e+00 -1.366984356722708016e+00
-1.324109635289382414e+00 -1.323209824652188393e+00 -1.323393243005970277e+00
-1.102398606977534889e+00 -1.103185014897959837e+00 -1.102116776214146165e+00
-8.005288847711764522e-01 -8.013896457687185171e-01 -8.001901624977638683e-01
-3.648022148066767389e-01 -3.651561345993949437e-01 -3.648098900304553860e-01
-3.950925142499901038e-02 -4.056592465371740286e-02 -4.329152471568102623e-02
-1.685045255038694276e-02 0.000000000000000000e+00 -1.166783088766920259e-03
-5.082387407661321209e-03 -8.740602461123925596e-03 -3.983058346284778888e-03
-9.988671019083078181e-03 0.000000000000000000e+00 0.000000000000000000e+00
-2.720716473809036903e-03 0.000000000000000000e+00 0.000000000000000000e+00
0.000000000000000000e+00 0.000000000000000000e+00 0.000000000000000000e+00
-5.902631861251331734e-03 0.000000000000000000e+00 0.000000000000000000e+00
-2.864019703155576933e-03 -6.974637015591153913e-03 0.000000000000000000e+00
-3.870851836434784955e-03 -3.429902239779862930e-03 -1.255651980789822958e-02
-1.908762360144874992e-02 -1.472560455611406083e-02 -1.537404710901905600e-02
-7.224466893762105692e-03 -2.075639828473403378e-03 -2.053692241713864827e-03
-8.253343240945631987e-02 -7.665234176801900834e-02 -7.574166920051887686e-02
-3.389704716177998622e-01 -3.386143967875203109e-01 -3.387489868156283723e-01
-6.378468348995919301e-01 -6.368347062518022739e-01 -6.366977591695687222e-01
-7.879720342852395421e-01 -7.886863769214326192e-01 -7.872470940027077591e-01
-8.435355855914772327e-01 -8.423869446909051373e-01 -8.418333150958157152e-01
-7.839097783948827391e-01 -7.828976788101102979e-01 -7.834661039611670041e-01
-6.365469945506402327e-01 -6.352680026922253864e-01 -6.346854231661609447e-01
-3.206247329864361784e-01 -3.203423420874909611e-01 -3.202738091513871455e-01
-5.313659906261608556e-02 -5.287671020711896125e-02 -5.401658905201025401e-02
-1.000999999999999937e-03 -5.198692374735535554e-03 -1.028471274297477729e-03
-2.130875154896926839e-03 -5.958148286224740874e-03 0.000000000000000000e+00
-1.880214075917981814e-02 -1.242538699682138072e-02 -1.324681252613520155e-02
-5.212027070122251908e-03 -7.764136166586137720e-03 -6.404526368533561102e-03
0.000000000000000000e+00 0.000000000000000000e+00 0.000000000000000000e+00
0.000000000000000000e+00 0.000000000000000000e+00 0.000000000000000000e+00
-6.067172903033914155e-03 -6.034781151889351269e-03 -6.898022015425941955e-03
-1.613851725080560394e-03 0.000000000000000000e+00 -3.152690806722739051e-03
-1.884735579537968886e-02 -1.416797880560281657e-02 -1.411918377953016654e-02
-1.157293175133252208e-02 -1.471851475682743604e-02 -9.337793305663184482e-03
-1.283496914789062325e-02 -4.462222089495665282e-03 0.000000000000000000e+00
-4.345341445644423234e-03 -4.056522491233028986e-03 -1.256727856773531479e-02
-6.450052399494234090e-02 -6.527620913565440608e-02 -6.526154014829693706e-02
-2.014733097179406962e-01 -2.003754543899341767e-01 -2.017796969657916217e-01
-3.771735054811641286e-01 -3.767191810622007586e-01 -3.771900575396191502e-01
-4.289623324820708294e-01 -4.272685000251530973e-01 -4.355506076426638451e-01
-3.657586998395174760e-01 -3.647269598417865466e-01 -3.654015594574263615e-01
-1.960018718890914058e-01 -1.947793131956842561e-01 -1.939314721916701456e-01
-5.745976213222330625e-02 -5.794091701242654741e-02 -5.765975405782909624e-02
-3.007003022925043654e-03 -6.831090570827345193e-03 -1.423163688057508744e-02
-1.076335406612253208e-02 -1.339251254986232502e-03 -5.343166606639682820e-03
-3.507448702425540292e-03 -8.741935535412316202e-03 -1.221579224586993861e-02
-9.520939981055269105e-03 -5.665217106391940566e-03 0.000000000000000000e+00
-1.475771845900530205e-02 -1.023126224492226441e-02 -6.419529069810325263e-03
0.000000000000000000e+00 0.000000000000000000e+00 0.000000000000000000e+00
0.000000000000000000e+00 0.000000000000000000e+00 0.000000000000000000e+00
-7.874482315609653352e-03 0.000000000000000000e+00 0.000000000000000000e+00
-7.643374547495890292e-03 -4.616086703012152112e-03 -7.290580374762195733e-03
-7.482534270247429356e-03 0.000000000000000000e+00 -1.134312567911062788e-02
-6.733565065781139600e-03 -5.704535349374084512e-03 -1.134935433154148597e-02
-1.565920955744884435e-02 -6.678230646258458483e-03 -1.631900732818830982e-02
-1.305249271149141674e-02 -1.239238496250594235e-02 -7.645083436094167288e-03
-3.101673673598611021e-03 -1.338417226650903506e-02 -1.346298006276568093e-02
-4.716127614547320490e-02 -4.634210985721358422e-02 -4.680471198381443154e-02
-9.675091926212163462e-02 -9.589009197508197024e-02 -9.622632472375634849e-02
-1.153262282301975167e-01 -1.157657523816091882e-01 -1.147761724520324489e-01
-8.825649362468193648e-02 -8.747492397066651548e-02 -8.800678091431211880e-02
-4.916359853662286700e-02 -4.969261574178859137e-02 -5.002747319392927827e-02
-9.900234496339244822e-03 -3.036334316299220230e-03 -1.106454243814815157e-02
-6.306354198575357672e-03 -2.432690800205097870e-02 -1.261108911972592603e-02
-4.531292858133177497e-03 -6.709971830749877214e-03 -1.124709446717631414e-02
-9.897897828974612164e-03 0.000000000000000000e+00 -4.868658736951271375e-03
-5.217275834356572065e-03 0.000000000000000000e+00 0.000000000000000000e+00
-1.555278989400511605e-03 0.000000000000000000e+00 0.000000000000000000e+00
0.000000000000000000e+00 0.000000000000000000e+00 0.000000000000000000e+00
0.000000000000000000e+00 0.000000000000000000e+00 0.000000000000000000e+00
-9.134268606664826956e-03 -5.170109666310236142e-03 -8.685607039152130893e-03
-6.503405268787207198e-03 0.000000000000000000e+00 -6.121542988379880326e-03
-6.242390560768503252e-03 0.000000000000000000e+00 0.000000000000000000e+00
0.000000000000000000e+00 0.000000000000000000e+00 0.000000000000000000e+00
-3.931920923739572020e-03 -5.175726251937507599e-03 -7.217166496965247285e-03
-2.451042988428748029e-02 -1.973809975128220512e-02 -1.361535574598645229e-02
-6.132953683269576350e-03 -1.134099682511181990e-02 0.000000000000000000e+00
-6.409942361043008061e-03 -1.000919461244287496e-02 -1.032061105028907362e-03
-1.959136889736473597e-02 -1.911169805485879794e-02 -2.015200318707059679e-02
-3.220229979132049891e-02 -3.198623545913927696e-02 -3.136051566255788209e-02
-1.900308962813119368e-02 -1.900228754720437174e-02 -1.825126854060845835e-02
-1.530580213263381222e-02 -3.679903563924900867e-02 -1.706221446713309872e-02
-5.869481495364971442e-03 0.000000000000000000e+00 0.000000000000000000e+00
-1.475692684084471684e-02 -1.126617078845918406e-02 0.000000000000000000e+00
-6.621512838972694673e-03 -9.072672613387296192e-03 -1.140170988227848063e-02
-1.038761591737810512e-02 0.000000000000000000e+00 -7.340919962824262596e-03
-3.267195542289536708e-03 -6.521004652038570222e-03 -9.005728772306591245e-03
-6.929793449964565671e-03 -9.257265973533953737e-03 0.000000000000000000e+00
-7.552526573490121221e-03 0.000000000000000000e+00 0.000000000000000000e+00
0.000000000000000000e+00 0.000000000000000000e+00 0.000000000000000000e+00
-6.762777220037625471e-03 0.000000000000000000e+00 0.000000000000000000e+00
0.000000000000000000e+00 -8.709092013399592075e-03 -2.094795064681463301e-03
-6.879747150806999993e-03 0.000000000000000000e+00 0.000000000000000000e+00
-8.944022544792342572e-03 -6.691483402902289462e-03 -7.056004115096368469e-03
-4.397137184390528634e-03 -8.655769861046869879e-03 -5.067503469506086031e-03
-6.810905039665185109e-03 -9.025424536641693529e-03 -1.010239803056641947e-02
-2.422681036880807749e-03 -7.781278946609337770e-03 0.000000000000000000e+00
-1.134235708694366837e-02 -5.564912520160033085e-03 -8.212874325734547190e-03
-9.515274754407412189e-03 -1.989302563037347732e-02 -1.941252971216798212e-02
-2.144857572669649562e-02 -2.144901585794618815e-02 -2.099700089515025431e-02
-9.996001000000000886e-03 -1.268028252210934639e-02 -9.999998999999999000e-03
-8.127986392737100024e-03 -1.137252146980838319e-02 0.000000000000000000e+00
-8.855687732060342141e-03 -8.160377709240820496e-03 -4.065901853613663498e-03
-1.054170415445871908e-02 -2.547174069788376606e-03 -4.248110296118671504e-03
-1.180739433585738588e-02 -5.433770950391570223e-03 0.000000000000000000e+00
0.000000000000000000e+00 -8.868257943466973867e-03 0.000000000000000000e+00
-2.300848175596003319e-03 -6.494763144833296149e-03 -4.845775369834525066e-03
-7.982088987126750163e-03 -8.044351946702079509e-03 0.000000000000000000e+00
0.000000000000000000e+00 0.000000000000000000e+00 0.000000000000000000e+00
0.000000000000000000e+00 0.000000000000000000e+00 0.000000000000000000e+00
-3.073675040755859296e-03 -4.849393669583136786e-03 0.000000000000000000e+00
-5.891148659838058022e-03 -5.455259824410804009e-03 0.000000000000000000e+00
-5.028736324113812842e-03 -2.799633446021325498e-03 -6.344517967671280817e-03
-5.846158872898331478e-03 0.000000000000000000e+00 0.000000000000000000e+00
-5.428499140839435425e-03 -7.695768994370054579e-03 0.000000000000000000e+00
0.000000000000000000e+00 -6.289954044941025238e-03 0.000000000000000000e+00
-6.828984801327472876e-03 -9.502996340837127284e-03 -1.424613378207740221e-03
0.000000000000000000e+00 0.000000000000000000e+00 0.000000000000000000e+00
-1.285460171392875314e-02 0.000000000000000000e+00 0.000000000000000000e+00
-7.395033472918764554e-03 -1.434085066963827065e-02 -8.756211253353960930e-03
-7.341121219535115712e-03 0.000000000000000000e+00 0.000000000000000000e+00
-4.317884375047471510e-03 -6.740468937134227317e-03 -5.590725257856522107e-03
0.000000000000000000e+00 0.000000000000000000e+00 -5.622406157357460327e-03
0.000000000000000000e+00 0.000000000000000000e+00 -3.724379569953902968e-03
0.000000000000000000e+00 0.000000000000000000e+00 0.000000000000000000e+00
-4.829767729021264798e-03 -2.402287576544435369e-03 0.000000000000000000e+00
-4.439850187032262467e-03 0.000000000000000000e+00 0.000000000000000000e+00
0.000000000000000000e+00 0.000000000000000000e+00 0.000000000000000000e+00
0.000000000000000000e+00 0.000000000000000000e+00 0.000000000000000000e+00
0.000000000000000000e+00 0.000000000000000000e+00 0.000000000000000000e+00
0.000000000000000000e+00 0.000000000000000000e+00 0.000000000000000000e+00
0.000000000000000000e+00 0.000000000000000000e+00 0.000000000000000000e+00
0.000000000000000000e+00 0.000000000000000000e+00 0.000000000000000000e+00
0.000000000000000000e+00 0.000000000000000000e+00 0.000000000000000000e+00
0.000000000000000000e+00 0.000000000000000000e+00 0.000000000000000000e+00
0.000000000000000000e+00 0.000000000000000000e+00 0.000000000000000000e+00
0.000000000000000000e+00 0.000000000000000000e+00 0.000000000000000000e+00
0.000000000000000000e+00 0.000000000000000000e+00 0.000000000000000000e+00
0.000000000000000000e+00 0.000000000000000000e+00 0.000000000000000000e+00
0.000000000000000000e+00 0.000000000000000000e+00 0.000000000000000000e+00
0.000000000000000000e+00 0.000000000000000000e+00 0.000000000000000000e+00
0.000000000000000000e+00 0.000000000000000000e+00 0.000000000000000000e+00
0.000000000000000000e+00 0.000000000000000000e+00 0.000000000000000000e+00
0.000000000000000000e+00 0.000000000000000000e+00 0.000000000000000000e+00
0.000000000000000000e+00 0.000000000000000000e+00 0.000000000000000000e+00
0.000000000000000000e+00 0.000000000000000000e+00 0.000000000000000000e+00
0.000000000000000000e+00 0.000000000000000000e+00 0.000000000000000000e+00
0.000000000000000000e+00 0.000000000000000000e+00 0.000000000000000000e+00
0.000000000000000000e+00 0.000000000000000000e+00 0.000000000000000000e+00
