0.000000000000000000e+00 0.000000000000000000e+00 0.000000000000000000e+00
-7.803009808219781185e+00 0.000000000000000000e+00 0.000000000000000000e+00
-1.235173149287110306e+01 -6.802167080938594346e+00 0.000000000000000000e+00
-2.184422882448034642e+01 -2.048140313431419202e+01 -1.817015048969873448e+01
-5.401720391469396532e+01 -5.373674699593430404e+01 -5.302024134616728901e+01
-5.826103338081265548e+01 -5.820732383660528342e+01 -5.786266081084544766e+01
-5.847585644448817277e+01 -5.820378628481239502e+01 -5.819680446765944737e+01
-5.510503943437671381e+01 -5.474650347239719395e+01 -5.464526561562302476e+01
-5.476635107024188898e+01 -5.551287294806206774e+01 -5.857112112926607495e+01
-5.788416122289331867e+01 -5.754107146145172891e+01 -5.757315218501749143e+01
-6.132272483183423617e+01 -6.112190474410810026e+01 -6.151630514309704978e+01
-5.898834504238789833e+01 -5.908116902657516789e+01 -5.890867798750110751e+01
-5.500561925706568900e+01 -5.502819665636195623e+01 -5.515160753511148783e+01
0.000000000000000000e+00 0.000000000000000000e+00 0.000000000000000000e+00
-5.162892269345507046e+00 0.000000000000000000e+00 -6.552633043935947477e+00
-9.407594202352862922e+00 0.000000000000000000e+00 0.000000000000000000e+00
-6.857704864145137691e+00 -8.748434888316353408e+00 -8.686496675155080949e-01
-8.671345397953711398e+00 0.000000000000000000e+00 -1.045086553415264952e+01
0.000000000000000000e+00 0.000000000000000000e+00 0.000000000000000000e+00
0.000000000000000000e+00 0.000000000000000000e+00 0.000000000000000000e+00
0.000000000000000000e+00 0.000000000000000000e+00 0.000000000000000000e+00
-9.210348766047268043e+00 -7.789760159086039693e+00 0.000000000000000000e+00
-8.382560435777854480e+00 -1.004549027971545172e+01 -1.514088922895438394e+01
-4.817928762276910248e+01 -4.506750648979204499e+01 -4.416491941126407994e+01
-5.688487395514587774e+01 -5.616286123759367399e+01 -5.626068560667290086e+01
-5.687404594699828664e+01 -5.694666700583459118e+01 -5.704349345708870800e+01
-5.614296231206979115e+01 -5.599956978383128359e+01 -5.609469050218054775e+01
-5.756256642671031898e+01 -5.739820779047469301e+01 -5.751431893237649007e+01
-5.853503983576831615e+01 -5.856320364685514335e+01 -5.864146320025675152e+01
-5.901962384920290106e+01 -5.903920209757578164e+01 -5.900680483874394611e+01
-5.855313997189323061e+01 -5.855833610217644747e+01 -5.859478680438829201e+01
-5.820202065486240883e+01 -5.814654393992345405e+01 -5.821739844095193206e+01
-5.811640344283829762e+01 -5.822660526728484598e+01 -5.944016484119974564e+01
-5.545170038905026644e+01 -5.537637374367839271e+01 -5.543919617972355240e+01
-2.469906047911121050e+01 -1.253480337786091781e+01 -2.027522759862280211e+01
-7.313193056767906874e+00 -1.425389408025207416e+01 0.000000000000000000e+00
-6.769830333283735513e+00 -6.555912058461572656e+00 0.000000000000000000e+00
-4.087695629562914768e+00 -2.242246744495075550e+00 -1.971765772909314407e+01
-1.083468672355324003e+01 -1.264647930619054605e+01 -1.001723701207732375e+01
0.000000000000000000e+00 0.000000000000000000e+00 0.000000000000000000e+00
0.000000000000000000e+00 0.000000000000000000e+00 0.000000000000000000e+00
0.000000000000000000e+00 0.000000000000000000e+00 0.000000000000000000e+00
-1.509070077941430910e+01 -1.479032777930975939e+01 -1.443948578837749075e+01
-5.023654978975864083e+01 -5.184834701691546854e+01 -5.178965386648826552e+01
-5.669117820333391222e+01 -5.667439052953572087e+01 -5.673568872109419203e+01
-5.718181585958949142e+01 -5.693698179366898415e+01 -5.761789941674006599e+01
-5.877685900965768440e+01 -6.099884817458521979e+01 -5.885002394433192308e+01
-5.924017470935101670e+01 -5.912925315578739571e+01 -5.923508945351175470e+01
-5.996063351518967011e+01 -6.001628847966829738e+01 -6.002856902256879579e+01
-5.989100954208632288e+01 -6.234623158483172034e+01 -5.979940893137549551e+01
-5.871588140518939269e+01 -5.848819066065944838e+01 -5.844626580486151823e+01
-5.781672868118175046e+01 -5.769337876202344972e+01 -5.792752221839278803e+01
-5.674996815047332888e+01 -5.646331228464640617e+01 -5.641240688779856782e+01
-5.570516909109350934e+01 -5.558087084671267775e+01 -5.574218081831564575e+01
-5.362484411834847720e+01 -5.370318506406015047e+01 -5.372358843395164030e+01
-2.386056532698279042e+01 -1.633858950541777588e+01 -2.296506290468824929e+01
-1.072719809558030590e+01 -8.423916358275166161e+00 -7.176526898265954912e+00
-9.983882439360552752e+00 -3.894674752037944110e+00 -7.563196797963995799e+00
-6.156189925260652451e+00 -6.282932813177946940e+00 -1.368735192865855765e+01
0.000000000000000000e+00 0.000000000000000000e+00 0.000000000000000000e+00
0.000000000000000000e+00 0.000000000000000000e+00 0.000000000000000000e+00
-6.932765847193623543e+00 -8.385463493285822523e+00 0.000000000000000000e+00
-3.741149440992789721e+01 -3.587785242882922176e+01 -3.649165571449337619e+01
-5.443834722927169878e+01 -5.444233288463986753e+01 -5.456380353446719056e+01
-5.667508823416410735e+01 -5.684796707892233769e+01 -5.672492320309740421e+01
-5.964078275647778327e+01 -5.972660626668934469e+01 -5.958486479951941561e+01
-6.051339161773034903e+01 -6.068886100078078982e+01 -6.080590332295468414e+01
-6.197841586244371115e+01 -6.205732488582747663e+01 -6.175783629669081876e+01
-6.324291929418121327e+01 -6.327090377248975273e+01 -6.312157915792185747e+01
-6.360054406081776790e+01 -6.306876592881778265e+01 -6.304113041823501362e+01
-6.218106681991265106e+01 -6.221727604507924525e+01 -6.210255095938239123e+01
-6.085902793394269139e+01 -6.107232332841577715e+01 -6.126340795569488762e+01
-5.859740043524317343e+01 -5.813346880610063039e+01 -5.833198586813823283e+01
-5.609732480856836645e+01 -5.607201568057133301e+01 -5.640618719085420452e+01
-5.434396077423627958e+01 -5.420229577055629733e+01 -5.411949827189820894e+01
-5.216118929847610985e+01 -5.214526638679204495e+01 -5.221095608880631289e+01
-5.601359245067239812e+00 0.000000000000000000e+00 -8.300635945624991407e+00
-8.417674266970923469e+00 0.000000000000000000e+00 0.000000000000000000e+00
-5.448752074306590032e+00 -8.450983528239330411e+00 0.000000000000000000e+00
-8.448062047787482598e+00 -8.702025917510852082e+00 0.000000000000000000e+00
0.000000000000000000e+00 0.000000000000000000e+00 0.000000000000000000e+00
-7.323456350695268569e+00 0.000000000000000000e+00 0.000000000000000000e+00
-4.538281773101210348e+01 -4.933717740219657344e+01 -4.850580080389102022e+01
-5.528874985560149469e+01 -5.534698540573845804e+01 -5.643576956335483885e+01
-5.882448398750294416e+01 -5.878228195539847434e+01 -5.907611790880476832e+01
-6.173065450384596176e+01 -6.157254674898130986e+01 -6.188269890322313671e+01
-6.358469523922602207e+01 -6.325035946393271757e+01 -6.347339146228956963e+01
-6.507648246013964410e+01 -6.517782002534717378e+01 -6.500316367305802601e+01
-6.606997410088528966e+01 -6.629181143910594187e+01 -6.583283071827729316e+01
-6.724618250121531560e+01 -6.722507769946062695e+01 -6.719355011412162071e+01
-6.704414222458082406e+01 -6.700878656611371298e+01 -6.659764488499787660e+01
-6.577933242584281004e+01 -6.547681166553364562e+01 -6.507668845901207533e+01
-6.199165444303442030e+01 -6.204364243864605299e+01 -6.160542215292677071e+01
-5.903949546017364014e+01 -5.909973011790068398e+01 -5.923382288014225594e+01
-5.564911136941739755e+01 -5.836117738525160803e+01 -5.520992304194711409e+01
-5.274588814777726498e+01 -5.270578525995974672e+01 -5.272531671738045134e+01
-4.883079134897779738e+01 -4.870005815149800554e+01 -4.861398722977511255e+01
-7.049391493254901775e+00 -1.293389707202128980e+00 -8.778030836981661977e+00
-9.583729009950303634e+00 -1.591766277015661935e+01 -3.791698544303853780e+00
0.000000000000000000e+00 0.000000000000000000e+00 0.000000000000000000e+00
0.000000000000000000e+00 0.000000000000000000e+00 0.000000000000000000e+00
-8.098625182429893599e+00 0.000000000000000000e+00 0.000000000000000000e+00
-5.029034180919890673e+01 -5.085482983777131949e+01 -5.102554584318134090e+01
-5.620125042994972375e+01 -5.614623259423200352e+01 -5.641806739371014601e+01
-5.978739170733004471e+01 -5.979917114441047943e+01 -5.994104030483238432e+01
-6.273401639513545547e+01 -6.280560496582481989e+01 -6.291498199385050327e+01
-6.542764144100246426e+01 -6.529621085576086159e+01 -6.594263212393286722e+01
-6.814774959961684431e+01 -6.815304520329507909e+01 -6.954971097470614438e+01
-7.370981887167661739e+01 -7.608523457639698506e+01 -7.643982352345744857e+01
-8.121926388112537154e+01 -8.116054087469784406e+01 -8.003324851165727694e+01
-7.994604836418935179e+01 -8.049927363032793437e+01 -8.055012040427192233e+01
-7.549731950084117216e+01 -7.504583329972091121e+01 -7.381731952818550724e+01
-6.876480519402211655e+01 -6.853409729544432594e+01 -6.478314830276161729e+01
-6.150694065836761837e+01 -6.175173480913306179e+01 -6.163170561801643288e+01
-5.890632795082660067e+01 -5.900192170554841198e+01 -5.825221223714827090e+01
-5.263498454785258218e+01 -5.236098677732665152e+01 -5.217589499343763748e+01
-5.063373808832400158e+01 -5.035977270316785592e+01 -5.029853668522436294e+01
-6.577977648109821551e+00 0.000000000000000000e+00 -9.972337148335162382e+00
-1.520681612517389070e+01 -8.451288222358584790e+00 -1.275192020776067992e+01
0.000000000000000000e+00 0.000000000000000000e+00 0.000000000000000000e+00
0.000000000000000000e+00 0.000000000000000000e+00 0.000000000000000000e+00
-3.736239115815647160e+00 -9.011865677054442969e+00 -2.784446570311627234e+00
-5.485651817825370813e+01 -5.137756595398436588e+01 -5.115804338890713865e+01
-5.607867732701213725e+01 -5.656018650714886320e+01 -5.611238812445653679e+01
-6.233343160825322826e+01 -6.237003952625958902e+01 -6.280115399305601898e+01
-6.356814851970743518e+01 -6.586256609922799043e+01 -6.371387583281551770e+01
-6.665118140957527260e+01 -6.674481529933592583e+01 -6.701822523546886146e+01
-7.048572141498087262e+01 -7.074059437322054578e+01 -7.128806113927234378e+01
-7.973963692861462960e+01 -8.174880310600497069e+01 -8.217648823407650127e+01
-8.836517506868959515e+01 -8.923638219616429978e+01 -8.999900449354144882e+01
-9.085096928698892782e+01 -9.084335955353253667e+01 -8.757944406271450077e+01
-8.208974408523459942e+01 -8.168695057338098309e+01 -8.133719142879439801e+01
-7.765174876457827224e+01 -7.740316229579654816e+01 -7.747411103919137076e+01
-6.485487148670929969e+01 -6.438711185953110316e+01 -6.515091574894150028e+01
-6.019253392028043237e+01 -6.033741503415352270e+01 -6.023520879696575747e+01
-5.262375383451897193e+01 -5.255949185055977324e+01 -5.273255771991291851e+01
-4.999665574216008679e+01 -4.984531726013241837e+01 -4.985208747395905959e+01
-3.120240055303688109e+01 -3.100429874138983521e+01 -3.080126162346927643e+01
-5.839879009701259172e+00 -9.502887806390857506e+00 0.000000000000000000e+00
0.000000000000000000e+00 0.000000000000000000e+00 0.000000000000000000e+00
0.000000000000000000e+00 0.000000000000000000e+00 0.000000000000000000e+00
-7.747209243637442455e+00 -1.000000000000000056e-01 0.000000000000000000e+00
-4.924114809422376027e+01 -4.902103656332604231e+01 -5.288525469778181787e+01
-5.599329501043050072e+01 -5.606935782343849439e+01 -5.605867370291552021e+01
-6.174752572443521359e+01 -6.174626417971209946e+01 -6.185168280180380407e+01
-6.405456677898060036e+01 -6.402478482779271474e+01 -6.399313884166495825e+01
-6.703110692527739900e+01 -6.701114472587015314e+01 -6.699067330535177689e+01
-7.139283947796661778e+01 -7.234624239252501354e+01 -7.276779700703160358e+01
-7.985672521433217241e+01 -8.249984485858345806e+01 -8.198248124941484605e+01
-8.744430759789675278e+01 -9.028833324055355547e+01 -9.210178659461561779e+01
-9.193244977389672101e+01 -9.568886739219082926e+01 -9.342648982271961700e+01
-8.511817417858209467e+01 -8.540678096673066477e+01 -8.534597238236005978e+01
-7.915532916066207747e+01 -7.929532151396503536e+01 -7.932211041009190922e+01
-6.767272377185798860e+01 -6.644761823176317250e+01 -6.566966577466779142e+01
-6.143963621700786604e+01 -6.149718643600565571e+01 -6.146260278249677356e+01
-5.397427261045377378e+01 -5.392692054164922411e+01 -5.288293588161145209e+01
-5.034848012911828619e+01 -5.020634829081362938e+01 -4.975164194307743770e+01
-3.965748846690311780e+01 -3.993813862031696260e+01 -3.884210127925052092e+01
-6.700464508858788193e+00 -6.815755686451978157e+00 -8.221203950235024038e+00
0.000000000000000000e+00 0.000000000000000000e+00 0.000000000000000000e+00
0.000000000000000000e+00 0.000000000000000000e+00 0.000000000000000000e+00
0.000000000000000000e+00 0.000000000000000000e+00 0.000000000000000000e+00
-4.502883030493366334e+01 -4.489915756930477642e+01 -4.501825155131335521e+01
-5.353133392419406533e+01 -5.452376247729038283e+01 -5.427527483381620499e+01
-5.973533587555476032e+01 -5.972777713301699265e+01 -6.021293054648185716e+01
-6.398214037608069304e+01 -6.381352054737650548e+01 -6.383022705003838126e+01
-6.593504924165064551e+01 -6.617594902440623628e+01 -6.619567731188357129e+01
-6.964473713124374399e+01 -7.113308445361344923e+01 -7.136486362196710331e+01
-7.604818053826247137e+01 -7.619076166370415137e+01 -7.572239170583614509e+01
-8.405720111304532338e+01 -8.396554332719408364e+01 -8.482404047192973451e+01
-8.476053306983169477e+01 -8.455330099689030021e+01 -8.467193348441590217e+01
-8.225825335719055431e+01 -8.221360281939321624e+01 -8.198529289040160961e+01
-7.789186654422202594e+01 -7.847362553765157145e+01 -7.728803928808048340e+01
-6.873358837994135229e+01 -6.733114468404403397e+01 -6.653135187645227688e+01
-6.157245261875943498e+01 -6.134134273793570458e+01 -6.153300585140557644e+01
-5.312056598388006989e+01 -5.255870328060893826e+01 -5.228575028353417764e+01
-4.991318461066190082e+01 -5.009272842668125492e+01 -4.995033755009011855e+01
-3.996157580820809585e+01 -3.930725766790328635e+01 -3.931113870452271897e+01
-1.098906629531303558e+01 -6.180543768753536504e+00 -8.143750749352667739e+00
0.000000000000000000e+00 0.000000000000000000e+00 0.000000000000000000e+00
0.000000000000000000e+00 0.000000000000000000e+00 0.000000000000000000e+00
-1.050275784863663375e+01 -8.235669715971623006e+00 -4.494642792605444193e+00
-3.127415877381245579e+01 -3.172282574296614399e+01 -3.161945020811797846e+01
-5.690989121801026585e+01 -5.285811609808170175e+01 -5.297172980010766707e+01
-5.781762439995033986e+01 -5.822078960596371644e+01 -5.801229913643865643e+01
-6.245124033519005735e+01 -6.241145499307128830e+01 -6.254903971006773133e+01
-6.440392993217051298e+01 -6.415304583112710191e+01 -6.441204694156451183e+01
-6.820602417799450734e+01 -6.793225226414685380e+01 -6.814833500986158299e+01
-7.127902783272639908e+01 -7.221622528611823100e+01 -7.279397732547147370e+01
-7.489972514593421238e+01 -7.522953603029552028e+01 -7.544881353825759618e+01
-7.715778231824930344e+01 -7.794338536659391536e+01 -7.732143706301863517e+01
-7.692384537411957979e+01 -7.680463157647469075e+01 -7.712100537286264057e+01
-7.453439803004560815e+01 -7.414622102469206766e+01 -7.379740236408758847e+01
-6.506367168991168626e+01 -6.563246319635624104e+01 -6.387035000557693110e+01
-5.989364886028891277e+01 -5.980086168976602323e+01 -6.002661826945535495e+01
-5.269939054117440946e+01 -5.200588032272759875e+01 -5.081734609745650033e+01
-4.891271603642832133e+01 -4.885065024922663213e+01 -4.901009701746174585e+01
-4.246561085841871375e+01 -4.032979897757029164e+01 -3.980910555437858989e+01
-5.996290701319956895e+00 -6.891282673543933868e+00 -8.207306987168484724e+00
0.000000000000000000e+00 0.000000000000000000e+00 0.000000000000000000e+00
0.000000000000000000e+00 0.000000000000000000e+00 0.000000000000000000e+00
-1.743872849036729678e+00 -4.510313006794205215e+00 0.000000000000000000e+00
-1.156304703433964320e+01 -5.078893279961717688e+00 -7.889301019863386166e+00
-4.843839993971658942e+01 -4.885517874555007012e+01 -4.867125787569950290e+01
-5.347150170952500758e+01 -5.386631601654679713e+01 -5.409310125900238120e+01
-5.862078566143561176e+01 -5.863405853542247570e+01 -5.901731710229466898e+01
-6.316917974794368718e+01 -6.328721162053982852e+01 -6.327125980456806076e+01
-6.395412749509752359e+01 -6.379848883680327987e+01 -6.376138511619576832e+01
-6.609013647451668305e+01 -6.646362449155340357e+01 -6.647533571076471048e+01
-6.993387318617861581e+01 -6.954471431187167241e+01 -7.002934837295966020e+01
-7.082087193072268860e+01 -7.093861256808787630e+01 -7.079106389537803068e+01
-7.139790178340304294e+01 -7.142066588063366339e+01 -7.140419698659982828e+01
-6.628532102695035633e+01 -6.591552035215420347e+01 -6.493158421220758214e+01
-6.187697105308669876e+01 -6.204439689701042937e+01 -6.149785922550762507e+01
-5.712947548186776459e+01 -5.614429429727477583e+01 -5.624749898858741659e+01
-4.881350571383690351e+01 -4.966895796711391142e+01 -4.812731369015886429e+01
-4.714435406668386719e+01 -4.701287480260469209e+01 -4.710898481140628036e+01
-3.155766006667992585e+01 -3.309561121407367779e+01 -3.358653917980547021e+01
-4.397165764431306911e+00 -6.001229285955030690e+00 -7.494528282678423636e+00
0.000000000000000000e+00 0.000000000000000000e+00 0.000000000000000000e+00
0.000000000000000000e+00 0.000000000000000000e+00 0.000000000000000000e+00
0.000000000000000000e+00 -1.417214495671675678e+01 0.000000000000000000e+00
-8.802382957492438820e+00 -9.472819662653673589e+00 0.000000000000000000e+00
-2.010615628740334415e+01 -1.835905823788967339e+01 -2.086669146004002329e+01
-5.140637992539679146e+01 -5.156503494388660869e+01 -5.128271767371617784e+01
-5.459754292021126076e+01 -5.461716296236951962e+01 -5.452778309820385516e+01
-6.084827114206844101e+01 -5.852848263339595292e+01 -5.927593985672790211e+01
-6.224735230045678946e+01 -6.232300161871938826e+01 -6.225895972179536386e+01
-6.395839313656997405e+01 -6.373237882670121479e+01 -6.359697325158192882e+01
-6.313216052900169473e+01 -6.318602413398996021e+01 -6.317485039245210032e+01
-6.276923562466393491e+01 -6.286981460506020625e+01 -6.281339461122058054e+01
-6.204342392091475489e+01 -6.228148311258589587e+01 -6.208213715239643449e+01
-6.171586860131779417e+01 -6.176136128113110146e+01 -6.174388110882256342e+01
-5.836197837749435990e+01 -5.809534992677745890e+01 -5.795982402563078040e+01
-5.081957117573907823e+01 -5.044300036400096587e+01 -4.969788918447000725e+01
-4.741309390436949656e+01 -4.711154978013917116e+01 -4.588948200964675550e+01
-4.346983285911379369e+01 -4.346577761791766648e+01 -4.634145010663296205e+01
-1.300399399028063385e+01 -1.453916902517216414e+01 -1.761528399853272475e+01
-1.782916838811511795e+01 -6.575790550468068041e+00 -6.826228183673776151e+00
-8.939344000233159448e+00 -4.706566134788914724e+00 0.000000000000000000e+00
0.000000000000000000e+00 0.000000000000000000e+00 0.000000000000000000e+00
-5.890143105132361612e+00 -4.156082817169348687e+00 -8.372949662151350836e+00
-1.528565284482053421e+00 -5.028172679463480677e+00 -8.394937312427158460e+00
-1.080122587472381923e+01 -4.457839832362188837e+00 -5.087474164196322590e+00
-3.860150218137054168e+01 -3.763870258004958202e+01 -3.783228788822155053e+01
-5.031212866967690189e+01 -5.032366190637488756e+01 -5.021436362597221859e+01
-5.215214022566587460e+01 -5.250615333267446516e+01 -5.169122264136861844e+01
-5.754536070284735416e+01 -5.757534922493358920e+01 -5.801106191651244615e+01
-5.944597028268734817e+01 -5.913360740030802987e+01 -6.148835828495852951e+01
-6.018388046862996532e+01 -6.074330445761506780e+01 -6.031689298693745371e+01
-6.037236944122700777e+01 -6.033219127522867353e+01 -6.038220901063667156e+01
-5.889191407957208213e+01 -5.918261576215923014e+01 -5.902607765580512478e+01
-5.660653105309903310e+01 -5.633668758213714511e+01 -5.629228690960649573e+01
-5.209227267103811698e+01 -5.254968628725194435e+01 -5.162280531134650374e+01
-4.627513206492266562e+01 -4.543962723167858542e+01 -4.272470665046548532e+01
-4.321762213285012422e+01 -4.330399576498678726e+01 -4.321527891650965358e+01
-3.416087163259555837e+01 -3.447450554507688736e+01 -3.457803227437901938e+01
-1.182318279926799853e+01 -6.982562477325592987e+00 -6.805757338666224676e+00
-7.023320625670567807e+00 0.000000000000000000e+00 0.000000000000000000e+00
0.000000000000000000e+00 0.000000000000000000e+00 0.000000000000000000e+00
0.000000000000000000e+00 0.000000000000000000e+00 0.000000000000000000e+00
-2.286524721301704943e+01 -8.939773284590042834e+00 0.000000000000000000e+00
-3.093604929479660814e+00 0.000000000000000000e+00 -4.267007419786312816e+00
-5.926097988337698297e+00 -7.578020831458990081e+00 -4.822554649301487473e+00
-1.996677692641603841e+01 -1.767228181087418903e+01 -2.300676591592419129e+01
-4.392136034989771787e+01 -4.328921864780332385e+01 -4.339376208324214446e+01
-4.957471883491427889e+01 -4.945074917252480873e+01 -4.986136296647305954e+01
-5.108501408880854910e+01 -5.232657526877005694e+01 -5.215729914026586300e+01
-5.380125118259638128e+01 -5.361467012295706525e+01 -5.393750353951217136e+01
-5.440977312142292277e+01 -5.467588642853698389e+01 -5.423522351329190627e+01
-5.448135127356368912e+01 -5.499631025383025218e+01 -5.443849640363967524e+01
-5.359501357628449369e+01 -5.345570893438042503e+01 -5.348405798194208671e+01
-5.140352764001042374e+01 -5.033128268247694592e+01 -5.112104836209732639e+01
-4.641366942676707907e+01 -4.599974600519846746e+01 -4.192162875872760708e+01
-4.143395892124096491e+01 -4.215662605378794581e+01 -4.013553771442104079e+01
-3.805450706040296183e+01 -3.818499362809267694e+01 -3.816668082656607197e+01
-8.218370245111913164e+00 -5.439846841510624920e+00 -9.892187128721721123e+00
-9.776424095915423607e+00 -1.961485412389119531e+01 -8.235310077193416234e+00
-8.133587539617193940e+00 -6.121320695215018759e+00 0.000000000000000000e+00
-8.662080449069742727e+00 0.000000000000000000e+00 0.000000000000000000e+00
0.000000000000000000e+00 0.000000000000000000e+00 0.000000000000000000e+00
0.000000000000000000e+00 0.000000000000000000e+00 0.000000000000000000e+00
-7.756257692920873303e+00 -3.816521108808525131e+00 -8.093166724622225416e+00
-8.715707073839141117e+00 -7.588300533121362434e+00 -7.684367730947257336e+00
-6.869537175450109778e+00 -5.004311195655748001e+00 0.000000000000000000e+00
0.000000000000000000e+00 0.000000000000000000e+00 -5.762278433404013356e+00
-4.419210799328827477e+01 -4.438908739408689996e+01 -4.398541255808078176e+01
-4.823178534727157540e+01 -4.834547952808771498e+01 -5.136302136091969572e+01
-4.864476678760179595e+01 -4.862505073733873928e+01 -4.865982061996282937e+01
-5.568021610579879166e+01 -5.166635655413070083e+01 -5.227981042733333794e+01
-5.208313191171891532e+01 -5.516361367251603554e+01 -5.208331012850879915e+01
-5.091294871952302259e+01 -5.052004144719806789e+01 -4.972063569031512742e+01
-4.650318142698891677e+01 -4.464952060776055021e+01 -4.649015517006809972e+01
-4.161495443391879689e+01 -4.005725300534481192e+01 -3.863447074948457782e+01
-3.494013590666758518e+01 -3.447061777572841379e+01 -3.470362540554134512e+01
-1.800207207925562969e+01 -1.792010700759920638e+01 -2.320283923252863190e+01
-3.989663269983435789e+00 -8.224035664530793710e+00 -9.517843621470390758e+00
-5.792422721260136242e+00 0.000000000000000000e+00 0.000000000000000000e+00
0.000000000000000000e+00 -8.269177476042543162e+00 0.000000000000000000e+00
0.000000000000000000e+00 0.000000000000000000e+00 0.000000000000000000e+00
0.000000000000000000e+00 0.000000000000000000e+00 0.000000000000000000e+00
-7.606511239485051590e+00 -8.571706204241868576e+00 0.000000000000000000e+00
-6.679401727636006925e+00 0.000000000000000000e+00 -7.507947154045362836e+00
-4.438795447002164885e+00 0.000000000000000000e+00 -4.707720189479061013e+00
0.000000000000000000e+00 0.000000000000000000e+00 0.000000000000000000e+00
0.000000000000000000e+00 -6.107832522533935382e+00 -3.260166087171411320e+00
-1.198969833862725665e+01 -2.367076259293198426e+00 -6.598426075948620628e+00
-4.652079409638450613e+01 -4.225594852931070733e+01 -4.142567959730679661e+01
-4.626545470789842796e+01 -4.625649703010828517e+01 -4.655174586375349577e+01
-5.072825434934391353e+01 -4.987087470624820895e+01 -5.022264787265434194e+01
-4.954307584653250274e+01 -5.312545180772821141e+01 -4.940261388247004248e+01
-4.666497209167769000e+01 -4.669498747030765173e+01 -4.634639604210020991e+01
-3.944924227821254448e+01 -4.051103331900139182e+01 -3.602164044829881817e+01
-3.335430351381937442e+01 -3.274704547161372403e+01 -3.270929486128621733e+01
-2.224505198255553395e+01 -2.190508623603440341e+01 -2.210928209411601486e+01
-4.151995400491627741e+00 -3.620174530791799850e+00 -4.451805286176753640e+00
-6.664858678276835313e+00 0.000000000000000000e+00 0.000000000000000000e+00
0.000000000000000000e+00 0.000000000000000000e+00 -2.648090367826635205e+00
-7.593648964232603937e+00 0.000000000000000000e+00 0.000000000000000000e+00
0.000000000000000000e+00 0.000000000000000000e+00 0.000000000000000000e+00
0.000000000000000000e+00 0.000000000000000000e+00 0.000000000000000000e+00
-1.279194090401242079e+01 -8.534612812255078396e+00 -7.582757417229962549e+00
-4.892144231343755756e+00 -6.972476024873772715e+00 -8.793962109938943783e+00
-5.899588609692325569e+00 -7.098160603937080815e+00 0.000000000000000000e+00
-5.286870287269625379e+00 -6.734110471551310262e+00 -6.616243169161940330e+00
-5.509253500750450172e+00 -6.691228276252743967e+00 -8.397910727867317959e+00
-7.584954606403600863e+00 -8.817951222801704958e+00 0.000000000000000000e+00
-7.162765210023959384e+00 -8.412064534501981328e+00 0.000000000000000000e+00
-3.712614225222176145e+01 -3.677074142538227619e+01 -3.666950963184304868e+01
-4.420006079403047750e+01 -4.480395155857087985e+01 -4.444627265656460224e+01
-4.568512666601283456e+01 -4.585320383639841424e+01 -4.579608816711015606e+01
-4.108426748509332782e+01 -4.031282537499100016e+01 -3.624307597685332638e+01
-3.192074029557887016e+01 -3.046103976834464078e+01 -2.956950814575760589e+01
-2.500185950479803410e+01 -2.523517603079142546e+01 -2.465547315757379110e+01
-1.173955045726163959e+01 -1.798682937036247864e+01 -1.330936104544405296e+01
-1.484503698358848212e+01 -8.389146972017201165e+00 -9.464559770959624529e+00
-6.076235279134667877e+00 -6.466198248566965567e+00 -3.736521341175442767e+00
-8.852846633218273809e+00 -1.054197638473003096e+01 -1.283495180510471201e+01
-1.184150114474013904e+01 -1.521448034759420409e+01 -1.561936402921281264e+01
0.000000000000000000e+00 0.000000000000000000e+00 0.000000000000000000e+00
0.000000000000000000e+00 0.000000000000000000e+00 0.000000000000000000e+00
-6.822145675436537715e+00 -6.689314523979501992e+00 -7.793003738658658364e+00
-6.360487569200313551e+00 0.000000000000000000e+00 0.000000000000000000e+00
-1.212342570756837468e+01 -6.487690992506415455e+00 -6.569478149544884182e+00
-9.596265764059024761e+00 -1.184211267286100266e+01 0.000000000000000000e+00
-3.052692711043972107e+00 -1.014999919237261850e+01 -5.516412675338449922e+00
-1.177389263610845127e+01 -1.137813685438724676e+01 -1.318811697381596915e+01
-1.484084505151824906e+01 -8.285196364718725448e+00 -9.148269134352734255e+00
-6.936781426556263064e+00 -7.301013294985654767e+00 -1.114273310509687143e+01
-2.218362929130513805e+01 -1.994386113409382943e+01 -2.157497115133925192e+01
-2.763996529914791367e+01 -2.817297907103399623e+01 -2.329340546036981863e+01
-2.657767856249941829e+01 -2.700058915717761110e+01 -2.702872081489526579e+01
-2.541547582840497199e+01 -2.539733620823045257e+01 -2.551825279898408283e+01
-2.268231665477426517e+01 -2.245618718306676698e+01 -2.214776105383138827e+01
-1.243535292142514592e+01 -3.488581703105881449e+00 -1.140927998040381652e+01
-1.237334679133763871e+01 -9.531162284147731256e+00 -9.128879409785012555e+00
-1.014803908466461735e+01 -6.714684279889148399e+00 -3.505487757319098563e+00
-4.747746936201440171e+00 -8.372068983072542991e+00 -4.732333986239845913e+00
-4.063622303356217103e+00 0.000000000000000000e+00 0.000000000000000000e+00
0.000000000000000000e+00 0.000000000000000000e+00 0.000000000000000000e+00
0.000000000000000000e+00 0.000000000000000000e+00 0.000000000000000000e+00
-6.772860462422663375e+00 -8.045139914326341568e+00 0.000000000000000000e+00
0.000000000000000000e+00 0.000000000000000000e+00 0.000000000000000000e+00
-5.448752074306590032e+00 -1.467305871335064005e+01 -8.474871480712366179e+00
-6.277017238367506025e+00 0.000000000000000000e+00 0.000000000000000000e+00
-6.793702725730534908e+00 -7.367600710522467011e+00 -8.600637843501448998e+00
-8.371547135489754154e+00 0.000000000000000000e+00 0.000000000000000000e+00
0.000000000000000000e+00 0.000000000000000000e+00 0.000000000000000000e+00
-8.957316880170916207e+00 0.000000000000000000e+00 0.000000000000000000e+00
-6.876077801403075007e+00 0.000000000000000000e+00 0.000000000000000000e+00
-6.896895731551190067e+00 0.000000000000000000e+00 0.000000000000000000e+00
-5.297489263352444411e+00 -6.059426709020497626e+00 0.000000000000000000e+00
0.000000000000000000e+00 0.000000000000000000e+00 0.000000000000000000e+00
-8.547842898406877055e+00 -9.055923119224969398e+00 -9.708522742205609291e+00
-6.178525255525323168e+00 -3.905152948202147201e+00 -8.039438796416140676e+00
-1.464742387098933030e+01 -1.436401696234060488e+01 -1.665642336584802763e+01
-8.627492409459561529e+00 -9.657882111131975478e+00 0.000000000000000000e+00
-3.116167579825454226e+00 0.000000000000000000e+00 0.000000000000000000e+00
-5.848294741337130453e+00 -5.449227602733312636e+00 0.000000000000000000e+00
0.000000000000000000e+00 0.000000000000000000e+00 0.000000000000000000e+00
0.000000000000000000e+00 0.000000000000000000e+00 0.000000000000000000e+00
0.000000000000000000e+00 0.000000000000000000e+00 0.000000000000000000e+00
0.000000000000000000e+00 0.000000000000000000e+00 0.000000000000000000e+00
0.000000000000000000e+00 0.000000000000000000e+00 0.000000000000000000e+00
0.000000000000000000e+00 0.000000000000000000e+00 0.000000000000000000e+00
0.000000000000000000e+00 0.000000000000000000e+00 0.000000000000000000e+00
0.000000000000000000e+00 0.000000000000000000e+00 0.000000000000000000e+00
0.000000000000000000e+00 0.000000000000000000e+00 0.000000000000000000e+00
0.000000000000000000e+00 0.000000000000000000e+00 0.000000000000000000e+00
0.000000000000000000e+00 0.000000000000000000e+00 0.000000000000000000e+00
0.000000000000000000e+00 0.000000000000000000e+00 0.000000000000000000e+00
0.000000000000000000e+00 0.000000000000000000e+00 0.000000000000000000e+00
0.000000000000000000e+00 0.000000000000000000e+00 0.000000000000000000e+00
0.000000000000000000e+00 0.000000000000000000e+00 0.000000000000000000e+00
0.000000000000000000e+00 0.000000000000000000e+00 0.000000000000000000e+00
0.000000000000000000e+00 0.000000000000000000e+00 0.000000000000000000e+00
0.000000000000000000e+00 0.000000000000000000e+00 0.000000000000000000e+00
0.000000000000000000e+00 0.000000000000000000e+00 0.000000000000000000e+00
0.000000000000000000e+00 0.000000000000000000e+00 0.000000000000000000e+00
0.000000000000000000e+00 0.000000000000000000e+00 0.000000000000000000e+00
