0.000000000000000000e+00 0.000000000000000000e+00 0.000000000000000000e+00
0.000000000000000000e+00 0.000000000000000000e+00 0.000000000000000000e+00
-1.684441570423544476e+01 -1.779633779529987692e+01 0.000000000000000000e+00
-1.729448091441886248e+01 0.000000000000000000e+00 0.000000000000000000e+00
-1.700219491902367253e+01 -1.829484819331381473e+01 -1.829484819331381473e+01
-1.352932910052580695e+01 -1.729448091441886248e+01 -1.715208517307248925e+01
-1.667833232024783996e+01 -1.684441570423544476e+01 -1.472959811068514391e+01
-1.715208517307248925e+01 -1.715208517307248925e+01 -1.445220853756331003e+01
-1.684441570423544476e+01 -1.499311820515088556e+01 -1.755826902526302291e+01
-1.779633779529987692e+01 -1.700219491902367253e+01 -1.650350770552404356e+01
-1.684441570423544476e+01 -1.352932910052580695e+01 -1.667833232024783996e+01
-1.684441570423544476e+01 -1.352932910052580695e+01 -1.667833232024783996e+01
-1.631948179528846765e+01 -1.499311820515088556e+01 -1.742975686869791829e+01
0.000000000000000000e+00 -1.472959811068514391e+01 0.000000000000000000e+00
-1.755826902526302291e+01 -1.650350770552404356e+01 -1.950211438761619220e+01
0.000000000000000000e+00 0.000000000000000000e+00 0.000000000000000000e+00
-1.916844012828549282e+01 0.000000000000000000e+00 0.000000000000000000e+00
0.000000000000000000e+00 0.000000000000000000e+00 -1.903010949501151217e+01
-1.897906262632790941e+01 -1.916844012828549282e+01 0.000000000000000000e+00
0.000000000000000000e+00 0.000000000000000000e+00 0.000000000000000000e+00
0.000000000000000000e+00 0.000000000000000000e+00 0.000000000000000000e+00
-1.838010578364812275e+01 -1.592186348508417737e+01 0.000000000000000000e+00
-1.935655482287736717e+01 0.000000000000000000e+00 -1.445220853756331003e+01
-1.729448091441886248e+01 -1.755826902526302291e+01 -1.650350770552404356e+01
-1.768035557399987212e+01 -1.755826902526302291e+01 -1.729448091441886248e+01
-1.755826902526302291e+01 -1.472959811068514391e+01 -1.715208517307248925e+01
-1.524346229489334092e+01 -1.416021951322453809e+01 -1.742975686869791829e+01
-1.445220853756331003e+01 -1.570722472114123924e+01 -1.755826902526302291e+01
-1.499311820515088556e+01 -1.755826902526302291e+01 -1.650350770552404356e+01
-1.755826902526302291e+01 -1.283028155182915064e+01 -1.742975686869791829e+01
-1.742975686869791829e+01 -1.283028155182915064e+01 -1.650350770552404356e+01
-1.768035557399987212e+01 -1.205571363083562453e+01 -1.667833232024783996e+01
-1.352932910052580695e+01 -1.352932910052580695e+01 -1.318876747423769302e+01
-1.684441570423544476e+01 -1.700219491902367253e+01 -1.667833232024783996e+01
-1.768035557399987212e+01 -1.973096248684631249e+01 -1.684441570423544476e+01
-1.947590988170125570e+01 -1.570722472114123924e+01 -1.868058603644253779e+01
-1.548128918014867317e+01 -1.524346229489334092e+01 -1.570722472114123924e+01
-1.715208517307248925e+01 -1.715208517307248925e+01 -1.861114319625530555e+01
-1.742975686869791829e+01 -1.907860402026093638e+01 0.000000000000000000e+00
0.000000000000000000e+00 0.000000000000000000e+00 0.000000000000000000e+00
0.000000000000000000e+00 0.000000000000000000e+00 0.000000000000000000e+00
-1.548128918014867317e+01 -1.820510336138296381e+01 0.000000000000000000e+00
-1.524346229489334092e+01 0.000000000000000000e+00 -1.715208517307248925e+01
-1.768035557399987212e+01 -1.742975686869791829e+01 -1.790652090553488307e+01
-1.768035557399987212e+01 -1.524346229489334092e+01 -1.755826902526302291e+01
-1.416021951322453809e+01 -1.524346229489334092e+01 -1.742975686869791829e+01
-1.524346229489334092e+01 -1.524346229489334092e+01 -1.742975686869791829e+01
-1.755826902526302291e+01 -1.667833232024783996e+01 -1.742975686869791829e+01
-1.779633779529987692e+01 -1.650350770552404356e+01 -1.768035557399987212e+01
-1.700219491902367253e+01 -1.790652090553488307e+01 -1.779633779529987692e+01
-1.650350770552404356e+01 -1.667833232024783996e+01 -1.700219491902367253e+01
-1.874655673462040895e+01 -1.868058603644253779e+01 -1.684441570423544476e+01
-1.700219491902367253e+01 -1.853804546974242839e+01 -1.684441570423544476e+01
-1.742975686869791829e+01 -1.700219491902367253e+01 -1.548128918014867317e+01
-1.700219491902367253e+01 -1.684441570423544476e+01 -1.612577031082996726e+01
-1.073417539680493071e+01 -1.779633779529987692e+01 0.000000000000000000e+00
-1.524346229489334092e+01 -1.684441570423544476e+01 -1.742975686869791829e+01
-1.385286264549951518e+01 -1.472959811068514391e+01 -1.912467381924788867e+01
-1.779633779529987692e+01 -1.935655482287736717e+01 -1.742975686869791829e+01
0.000000000000000000e+00 0.000000000000000000e+00 0.000000000000000000e+00
0.000000000000000000e+00 0.000000000000000000e+00 0.000000000000000000e+00
-1.612577031082996726e+01 -1.928704135498877292e+01 0.000000000000000000e+00
-1.768035557399987212e+01 -1.768035557399987212e+01 -1.000000000000000000e+00
-1.779633779529987692e+01 -1.631948179528846765e+01 -1.768035557399987212e+01
-1.416021951322453809e+01 -1.755826902526302291e+01 -1.755826902526302291e+01
-1.755826902526302291e+01 -1.499311820515088556e+01 -1.729448091441886248e+01
-1.779633779529987692e+01 -1.524346229489334092e+01 -1.779633779529987692e+01
-1.790652090553488307e+01 -1.700219491902367253e+01 -1.779633779529987692e+01
-1.768035557399987212e+01 -1.811063511724522712e+01 -1.820510336138296381e+01
-1.853804546974242839e+01 -1.868058603644253779e+01 -1.779633779529987692e+01
-1.684441570423544476e+01 -1.880922889788938690e+01 -1.612577031082996726e+01
-1.631948179528846765e+01 -1.631948179528846765e+01 -1.631948179528846765e+01
-1.861114319625530555e+01 -1.650350770552404356e+01 -1.868058603644253779e+01
-1.861114319625530555e+01 -1.853804546974242839e+01 -1.853804546974242839e+01
-1.846110049446571466e+01 -1.592186348508417737e+01 -1.667833232024783996e+01
-1.592186348508417737e+01 -1.650350770552404356e+01 -1.524346229489334092e+01
-1.245292794929384428e+01 -1.283028155182915064e+01 -1.811063511724522712e+01
-1.790652090553488307e+01 -1.846110049446571466e+01 0.000000000000000000e+00
0.000000000000000000e+00 -1.790652090553488307e+01 -1.352932910052580695e+01
0.000000000000000000e+00 0.000000000000000000e+00 0.000000000000000000e+00
0.000000000000000000e+00 0.000000000000000000e+00 0.000000000000000000e+00
0.000000000000000000e+00 0.000000000000000000e+00 -1.755826902526302291e+01
-1.755826902526302291e+01 -1.801119486025813643e+01 -1.790652090553488307e+01
-1.729448091441886248e+01 -1.768035557399987212e+01 -1.768035557399987212e+01
-1.768035557399987212e+01 -1.768035557399987212e+01 -1.548128918014867317e+01
-1.729448091441886248e+01 -1.755826902526302291e+01 -1.742975686869791829e+01
-1.742975686869791829e+01 -1.779633779529987692e+01 -1.801119486025813643e+01
-1.768035557399987212e+01 -1.811063511724522712e+01 -1.811063511724522712e+01
-1.790652090553488307e+01 -1.838010578364812275e+01 -1.846110049446571466e+01
-1.861114319625530555e+01 -1.667833232024783996e+01 -1.853804546974242839e+01
-1.861114319625530555e+01 -1.868058603644253779e+01 -1.868058603644253779e+01
-1.868058603644253779e+01 -1.868058603644253779e+01 -1.861114319625530555e+01
-1.853804546974242839e+01 -1.861114319625530555e+01 -1.853804546974242839e+01
-1.868058603644253779e+01 -1.868058603644253779e+01 -1.667833232024783996e+01
-1.820510336138296381e+01 -1.667833232024783996e+01 -1.846110049446571466e+01
-1.631948179528846765e+01 -1.631948179528846765e+01 -1.631948179528846765e+01
-1.715208517307248925e+01 -1.650350770552404356e+01 -1.548128918014867317e+01
0.000000000000000000e+00 0.000000000000000000e+00 -1.524346229489334092e+01
-1.779633779529987692e+01 0.000000000000000000e+00 -1.205571363083562630e+01
0.000000000000000000e+00 0.000000000000000000e+00 0.000000000000000000e+00
0.000000000000000000e+00 0.000000000000000000e+00 0.000000000000000000e+00
-1.801119486025813643e+01 -1.592186348508417737e+01 -1.868058603644253779e+01
-1.768035557399987212e+01 -1.768035557399987212e+01 -1.768035557399987212e+01
-1.768035557399987212e+01 -1.768035557399987212e+01 -1.667833232024783996e+01
-1.768035557399987212e+01 -1.924951721577765795e+01 -1.768035557399987212e+01
-1.790652090553488307e+01 -1.779633779529987692e+01 -1.790652090553488307e+01
-1.801119486025813643e+01 -1.729448091441886248e+01 -1.811063511724522712e+01
-1.811063511724522712e+01 -1.779633779529987692e+01 -1.801119486025813643e+01
-1.801119486025813643e+01 -1.801119486025813643e+01 -1.790652090553488307e+01
-1.903010949501151217e+01 -1.903010949501151217e+01 -1.886876745299491631e+01
-1.897906262632790941e+01 -1.853804546974242839e+01 -1.897906262632790941e+01
-1.886876745299491631e+01 -1.861114319625530555e+01 -1.861114319625530555e+01
-1.846110049446571466e+01 -1.861114319625530555e+01 -1.861114319625530555e+01
-1.880922889788938690e+01 -1.868058603644253779e+01 -1.612577031082996726e+01
-1.846110049446571466e+01 -1.650350770552404356e+01 -1.853804546974242839e+01
-1.667833232024783996e+01 -1.667833232024783996e+01 -1.548128918014867317e+01
-1.667833232024783996e+01 -1.650350770552404356e+01 -1.283028155182915064e+01
-1.729448091441886248e+01 -1.952700866823538206e+01 -1.779633779529987692e+01
-1.755826902526302291e+01 -1.886876745299491631e+01 0.000000000000000000e+00
0.000000000000000000e+00 0.000000000000000000e+00 0.000000000000000000e+00
0.000000000000000000e+00 0.000000000000000000e+00 0.000000000000000000e+00
0.000000000000000000e+00 0.000000000000000000e+00 0.000000000000000000e+00
-1.790652090553488307e+01 -1.768035557399987212e+01 -1.779633779529987692e+01
-1.779633779529987692e+01 -1.868058603644253779e+01 -1.684441570423544476e+01
-1.768035557399987212e+01 -1.570722472114123924e+01 -1.790652090553488307e+01
-1.779633779529987692e+01 -1.790652090553488307e+01 -1.790652090553488307e+01
-1.779633779529987692e+01 -1.811063511724522712e+01 -1.811063511724522712e+01
-1.779633779529987692e+01 -1.838010578364812275e+01 -1.838010578364812275e+01
-1.742975686869791829e+01 -1.912467381924788867e+01 -1.916844012828549282e+01
-1.961474560408189305e+01 -1.961474560408189305e+01 -1.921001812187121871e+01
-1.957312532308242936e+01 -1.903010949501151217e+01 -1.928704135498877292e+01
-1.853804546974242839e+01 -1.921001812187121871e+01 -1.921001812187121871e+01
-1.886876745299491631e+01 -1.853804546974242839e+01 -1.838010578364812275e+01
-1.846110049446571466e+01 -1.846110049446571466e+01 -1.846110049446571466e+01
-1.829484819331381473e+01 -1.846110049446571466e+01 -1.846110049446571466e+01
-1.846110049446571466e+01 -1.283028155182915064e+01 -1.684441570423544476e+01
-1.684441570423544476e+01 -9.192798246747257096e+00 -1.667833232024783996e+01
-1.650350770552404356e+01 -1.592186348508417737e+01 -1.548128918014867317e+01
-1.684441570423544476e+01 0.000000000000000000e+00 0.000000000000000000e+00
-1.352932910052580695e+01 0.000000000000000000e+00 0.000000000000000000e+00
0.000000000000000000e+00 0.000000000000000000e+00 0.000000000000000000e+00
-1.548128918014867317e+01 0.000000000000000000e+00 0.000000000000000000e+00
-1.768035557399987212e+01 -1.801119486025813643e+01 -1.667833232024783996e+01
-1.768035557399987212e+01 -1.779633779529987692e+01 -1.779633779529987692e+01
-1.790652090553488307e+01 -1.548128918014867317e+01 -1.779633779529987692e+01
-1.811063511724522712e+01 -1.779633779529987692e+01 -1.801119486025813643e+01
-1.779633779529987692e+01 -1.820510336138296381e+01 -1.820510336138296381e+01
-1.829484819331381473e+01 -1.820510336138296381e+01 -1.820510336138296381e+01
-1.921001812187121871e+01 -1.921001812187121871e+01 -1.897906262632790941e+01
-1.892532908034516836e+01 -1.947590988170125570e+01 -1.947590988170125570e+01
-1.941929072764682473e+01 -1.959446905692830754e+01 -1.976933396215985539e+01
-1.928704135498877292e+01 -1.886876745299491631e+01 -1.886876745299491631e+01
-1.874655673462040895e+01 -1.846110049446571466e+01 -1.846110049446571466e+01
-1.853804546974242839e+01 -1.838010578364812275e+01 -1.846110049446571466e+01
-1.801119486025813643e+01 -1.829484819331381473e+01 -1.838010578364812275e+01
-1.838010578364812275e+01 -1.811063511724522712e+01 -1.846110049446571466e+01
-1.820510336138296381e+01 -1.667833232024783996e+01 -1.283028155182915064e+01
-1.829484819331381473e+01 -1.650350770552404356e+01 -1.592186348508417737e+01
-1.880922889788938690e+01 -1.886876745299491631e+01 -1.874655673462040895e+01
0.000000000000000000e+00 0.000000000000000000e+00 0.000000000000000000e+00
0.000000000000000000e+00 0.000000000000000000e+00 0.000000000000000000e+00
-1.650350770552404356e+01 0.000000000000000000e+00 0.000000000000000000e+00
-1.790652090553488307e+01 -1.667833232024783996e+01 -1.779633779529987692e+01
-1.742975686869791829e+01 -1.779633779529987692e+01 -1.768035557399987212e+01
-1.700219491902367253e+01 -1.880922889788938690e+01 -1.779633779529987692e+01
-1.779633779529987692e+01 -1.715208517307248925e+01 -1.768035557399987212e+01
-1.820510336138296381e+01 -1.801119486025813643e+01 -1.811063511724522712e+01
-1.829484819331381473e+01 -1.820510336138296381e+01 -1.820510336138296381e+01
-1.874655673462040895e+01 -1.820510336138296381e+01 -1.868058603644253779e+01
-1.912467381924788867e+01 -1.916844012828549282e+01 -1.912467381924788867e+01
-1.846110049446571466e+01 -1.912467381924788867e+01 -1.912467381924788867e+01
-1.907860402026093638e+01 -1.897906262632790941e+01 -1.897906262632790941e+01
-1.861114319625530555e+01 -1.790652090553488307e+01 -1.868058603644253779e+01
-1.861114319625530555e+01 -1.853804546974242839e+01 -1.838010578364812275e+01
-1.838010578364812275e+01 -1.829484819331381473e+01 -1.838010578364812275e+01
-1.073417539680492894e+01 -1.846110049446571466e+01 -1.846110049446571466e+01
-1.820510336138296381e+01 -1.650350770552404356e+01 -1.416021951322453809e+01
-1.631948179528846765e+01 -1.742975686869791829e+01 -1.631948179528846765e+01
-1.820510336138296381e+01 -1.700219491902367253e+01 -1.880922889788938690e+01
0.000000000000000000e+00 0.000000000000000000e+00 0.000000000000000000e+00
0.000000000000000000e+00 0.000000000000000000e+00 0.000000000000000000e+00
-1.570722472114123924e+01 -1.472959811068514391e+01 -1.700219491902367253e+01
-1.715208517307248925e+01 -1.768035557399987212e+01 -1.874655673462040895e+01
-1.790652090553488307e+01 -1.801119486025813643e+01 -1.779633779529987692e+01
-1.790652090553488307e+01 -1.729448091441886248e+01 -1.779633779529987692e+01
-1.801119486025813643e+01 -1.779633779529987692e+01 -1.779633779529987692e+01
-1.820510336138296381e+01 -1.820510336138296381e+01 -1.801119486025813643e+01
-1.820510336138296381e+01 -1.829484819331381473e+01 -1.829484819331381473e+01
-1.801119486025813643e+01 -1.838010578364812275e+01 -1.868058603644253779e+01
-1.880922889788938690e+01 -1.829484819331381473e+01 -1.820510336138296381e+01
-1.801119486025813643e+01 -1.838010578364812275e+01 -1.820510336138296381e+01
-1.811063511724522712e+01 -1.838010578364812275e+01 -1.801119486025813643e+01
-1.838010578364812275e+01 -1.820510336138296381e+01 -1.829484819331381473e+01
-1.846110049446571466e+01 -1.846110049446571466e+01 -1.838010578364812275e+01
-1.838010578364812275e+01 -1.829484819331381473e+01 -1.829484819331381473e+01
-1.829484819331381473e+01 -1.838010578364812275e+01 -1.838010578364812275e+01
-1.073417539680492894e+01 -1.838010578364812275e+01 -1.868058603644253779e+01
-1.853804546974242839e+01 -1.073417539680492894e+01 -1.801119486025813643e+01
-1.119746662696468320e+01 -1.073417539680493071e+01 0.000000000000000000e+00
0.000000000000000000e+00 0.000000000000000000e+00 0.000000000000000000e+00
0.000000000000000000e+00 0.000000000000000000e+00 0.000000000000000000e+00
-1.838010578364812275e+01 0.000000000000000000e+00 0.000000000000000000e+00
-1.570722472114123924e+01 -1.892532908034516836e+01 0.000000000000000000e+00
-1.684441570423544476e+01 -1.790652090553488307e+01 -1.790652090553488307e+01
-1.801119486025813643e+01 -1.700219491902367253e+01 -1.790652090553488307e+01
-1.790652090553488307e+01 -1.715208517307248925e+01 -1.742975686869791829e+01
-1.790652090553488307e+01 -1.755826902526302291e+01 -1.820510336138296381e+01
-1.820510336138296381e+01 -1.829484819331381473e+01 -1.829484819331381473e+01
-1.829484819331381473e+01 -1.829484819331381473e+01 -1.829484819331381473e+01
-1.829484819331381473e+01 -1.838010578364812275e+01 -1.829484819331381473e+01
-1.820510336138296381e+01 -1.846110049446571466e+01 -1.838010578364812275e+01
-1.811063511724522712e+01 -1.846110049446571466e+01 -1.829484819331381473e+01
-1.829484819331381473e+01 -1.846110049446571466e+01 -1.846110049446571466e+01
-1.846110049446571466e+01 -1.829484819331381473e+01 -1.838010578364812275e+01
-1.838010578364812275e+01 -1.853804546974242839e+01 -1.779633779529987692e+01
-1.820510336138296381e+01 -1.024650041768939879e+01 -1.073417539680492894e+01
-1.801119486025813643e+01 -1.570722472114123924e+01 -1.801119486025813643e+01
-1.650350770552404356e+01 -1.874655673462040895e+01 -1.829484819331381473e+01
-1.524346229489334092e+01 0.000000000000000000e+00 0.000000000000000000e+00
0.000000000000000000e+00 0.000000000000000000e+00 0.000000000000000000e+00
0.000000000000000000e+00 0.000000000000000000e+00 0.000000000000000000e+00
-1.952700866823538206e+01 -1.163759329561644940e+01 -1.874655673462040895e+01
-1.886876745299491631e+01 -1.755826902526302291e+01 -1.838010578364812275e+01
-1.755826902526302291e+01 -1.907860402026093638e+01 -1.892532908034516836e+01
-1.801119486025813643e+01 -1.811063511724522712e+01 -1.729448091441886248e+01
-1.729448091441886248e+01 -1.715208517307248925e+01 -1.715208517307248925e+01
-1.811063511724522712e+01 -1.811063511724522712e+01 -1.768035557399987212e+01
-1.715208517307248925e+01 -1.768035557399987212e+01 -1.755826902526302291e+01
-1.779633779529987692e+01 -1.801119486025813643e+01 -1.790652090553488307e+01
-1.829484819331381473e+01 -1.838010578364812275e+01 -1.838010578364812275e+01
-1.820510336138296381e+01 -1.820510336138296381e+01 -1.838010578364812275e+01
-1.820510336138296381e+01 -1.820510336138296381e+01 -1.811063511724522712e+01
-1.755826902526302291e+01 -1.846110049446571466e+01 -1.811063511724522712e+01
-1.445220853756331003e+01 -1.779633779529987692e+01 -1.779633779529987692e+01
-1.820510336138296381e+01 -1.861114319625530555e+01 -1.524346229489334092e+01
-1.570722472114123924e+01 -1.352932910052580695e+01 -1.024650041768939879e+01
-1.846110049446571466e+01 -1.801119486025813643e+01 -1.024650041768939879e+01
-1.499311820515088556e+01 -1.729448091441886248e+01 0.000000000000000000e+00
-1.779633779529987692e+01 -1.650350770552404356e+01 -1.700219491902367253e+01
-1.612577031082996726e+01 0.000000000000000000e+00 0.000000000000000000e+00
0.000000000000000000e+00 0.000000000000000000e+00 0.000000000000000000e+00
-1.892532908034516836e+01 -1.548128918014867317e+01 -1.820510336138296381e+01
-1.790652090553488307e+01 0.000000000000000000e+00 0.000000000000000000e+00
-1.768035557399987212e+01 -1.650350770552404356e+01 0.000000000000000000e+00
-1.838010578364812275e+01 -1.880922889788938690e+01 -1.801119486025813643e+01
-1.742975686869791829e+01 -1.801119486025813643e+01 -1.790652090553488307e+01
-1.811063511724522712e+01 -1.790652090553488307e+01 -1.729448091441886248e+01
-1.811063511724522712e+01 -1.684441570423544476e+01 -1.811063511724522712e+01
-1.742975686869791829e+01 -1.801119486025813643e+01 -1.811063511724522712e+01
-1.742975686869791829e+01 -1.768035557399987212e+01 -1.790652090553488307e+01
-1.742975686869791829e+01 -1.729448091441886248e+01 -1.768035557399987212e+01
-1.729448091441886248e+01 -1.853804546974242839e+01 -1.853804546974242839e+01
-1.742975686869791829e+01 -1.742975686869791829e+01 -1.820510336138296381e+01
-1.742975686869791829e+01 -1.755826902526302291e+01 -1.868058603644253779e+01
-1.024650041768939879e+01 -1.755826902526302291e+01 -9.192798246747258872e+00
-1.790652090553488307e+01 -1.024650041768939879e+01 -1.073417539680492894e+01
-1.612577031082996726e+01 0.000000000000000000e+00 0.000000000000000000e+00
-1.829484819331381473e+01 -1.650350770552404356e+01 -1.715208517307248925e+01
-1.886876745299491631e+01 0.000000000000000000e+00 0.000000000000000000e+00
-1.631948179528846765e+01 0.000000000000000000e+00 0.000000000000000000e+00
0.000000000000000000e+00 0.000000000000000000e+00 0.000000000000000000e+00
-1.445220853756331003e+01 -1.742975686869791829e+01 -1.742975686869791829e+01
-1.921001812187121871e+01 -1.874655673462040895e+01 0.000000000000000000e+00
-1.631948179528846765e+01 -1.715208517307248925e+01 -1.524346229489334092e+01
-1.445220853756331003e+01 -1.631948179528846765e+01 -1.472959811068514391e+01
-1.667833232024783996e+01 -1.829484819331381473e+01 -1.907860402026093638e+01
-1.790652090553488307e+01 -1.790652090553488307e+01 -1.742975686869791829e+01
-1.820510336138296381e+01 -1.768035557399987212e+01 -1.768035557399987212e+01
-1.829484819331381473e+01 -1.755826902526302291e+01 -1.820510336138296381e+01
-1.700219491902367253e+01 -1.838010578364812275e+01 -1.846110049446571466e+01
-1.820510336138296381e+01 -1.742975686869791829e+01 -1.779633779529987692e+01
-1.779633779529987692e+01 -1.853804546974242839e+01 -1.846110049446571466e+01
-1.868058603644253779e+01 -1.811063511724522712e+01 -1.861114319625530555e+01
-1.861114319625530555e+01 -8.025261215232418976e+00 -1.024650041768939879e+01
-1.592186348508417737e+01 -1.838010578364812275e+01 -9.192798246747257096e+00
-1.790652090553488307e+01 -9.192798246747257096e+00 -1.524346229489334092e+01
-1.570722472114123924e+01 -1.880922889788938690e+01 -1.811063511724522712e+01
0.000000000000000000e+00 -1.024650041768940056e+01 0.000000000000000000e+00
-1.838010578364812275e+01 -1.385286264549951518e+01 -1.768035557399987212e+01
-1.524346229489334092e+01 0.000000000000000000e+00 0.000000000000000000e+00
0.000000000000000000e+00 0.000000000000000000e+00 0.000000000000000000e+00
-1.868058603644253779e+01 0.000000000000000000e+00 0.000000000000000000e+00
-1.631948179528846765e+01 -1.667833232024783996e+01 0.000000000000000000e+00
-1.768035557399987212e+01 -1.924951721577765795e+01 -1.921001812187121871e+01
-1.941929072764682473e+01 -1.768035557399987212e+01 0.000000000000000000e+00
-1.667833232024783996e+01 -1.897906262632790941e+01 0.000000000000000000e+00
-1.846110049446571466e+01 -1.729448091441886248e+01 -1.838010578364812275e+01
-1.801119486025813643e+01 -1.790652090553488307e+01 -1.715208517307248925e+01
-1.742975686869791829e+01 -1.846110049446571466e+01 -1.846110049446571466e+01
-1.779633779529987692e+01 -1.846110049446571466e+01 -1.790652090553488307e+01
-1.868058603644253779e+01 -1.768035557399987212e+01 -1.846110049446571466e+01
-1.768035557399987212e+01 -1.846110049446571466e+01 -8.025261215232418976e+00
-8.025261215232418976e+00 -9.192798246747258872e+00 -1.073417539680493071e+01
-1.861114319625530555e+01 -1.073417539680493071e+01 -9.733158334409894863e+00
-9.733158334409894863e+00 -1.779633779529987692e+01 -9.192798246747257096e+00
-1.570722472114123924e+01 -1.631948179528846765e+01 -1.119746662696468142e+01
-1.283028155182915064e+01 -1.729448091441886248e+01 -1.779633779529987692e+01
0.000000000000000000e+00 -1.073417539680493071e+01 -1.650350770552404356e+01
-1.874655673462040895e+01 -1.897906262632790941e+01 -1.779633779529987692e+01
0.000000000000000000e+00 0.000000000000000000e+00 0.000000000000000000e+00
0.000000000000000000e+00 0.000000000000000000e+00 0.000000000000000000e+00
-1.700219491902367253e+01 0.000000000000000000e+00 0.000000000000000000e+00
-1.684441570423544476e+01 -1.650350770552404356e+01 -1.921001812187121871e+01
-1.445220853756331003e+01 -1.631948179528846765e+01 -1.897906262632790941e+01
-1.861114319625530555e+01 0.000000000000000000e+00 -1.755826902526302291e+01
-1.801119486025813643e+01 -1.861114319625530555e+01 -1.631948179528846765e+01
-1.684441570423544476e+01 -1.868058603644253779e+01 -1.318876747423769302e+01
-1.846110049446571466e+01 -1.846110049446571466e+01 -1.755826902526302291e+01
-1.846110049446571466e+01 -1.768035557399987212e+01 -1.811063511724522712e+01
-1.790652090553488307e+01 -1.790652090553488307e+01 -1.790652090553488307e+01
-1.838010578364812275e+01 -1.779633779529987692e+01 -1.861114319625530555e+01
-1.811063511724522712e+01 -1.853804546974242839e+01 -1.205571363083562630e+01
-1.119746662696468320e+01 -1.163759329561644940e+01 -1.119746662696468320e+01
-1.119746662696468320e+01 -1.729448091441886248e+01 -1.650350770552404356e+01
-1.755826902526302291e+01 -6.731591374218746537e+00 -1.820510336138296381e+01
-1.742975686869791829e+01 -1.684441570423544476e+01 -1.829484819331381473e+01
-1.684441570423544476e+01 0.000000000000000000e+00 -1.592186348508417737e+01
-1.779633779529987692e+01 -1.548128918014867317e+01 0.000000000000000000e+00
0.000000000000000000e+00 -1.700219491902367253e+01 -1.472959811068514391e+01
0.000000000000000000e+00 0.000000000000000000e+00 0.000000000000000000e+00
0.000000000000000000e+00 0.000000000000000000e+00 0.000000000000000000e+00
-1.880922889788938690e+01 -1.499311820515088556e+01 -1.700219491902367253e+01
-1.245292794929384428e+01 -1.874655673462040895e+01 0.000000000000000000e+00
-1.684441570423544476e+01 -1.352932910052580695e+01 -1.245292794929384428e+01
-1.916844012828549282e+01 0.000000000000000000e+00 0.000000000000000000e+00
-1.570722472114123924e+01 -1.073417539680493071e+01 0.000000000000000000e+00
-1.352932910052580695e+01 -1.667833232024783996e+01 -1.897906262632790941e+01
-1.650350770552404356e+01 -1.729448091441886248e+01 0.000000000000000000e+00
-1.829484819331381473e+01 -1.779633779529987692e+01 -1.755826902526302291e+01
-1.650350770552404356e+01 -1.779633779529987692e+01 -1.790652090553488307e+01
-1.524346229489334092e+01 -1.570722472114123924e+01 -1.499311820515088556e+01
-1.205571363083562630e+01 -1.318876747423769302e+01 -1.119746662696468320e+01
-1.119746662696468320e+01 -1.119746662696468320e+01 -1.163759329561644940e+01
-1.684441570423544476e+01 -1.684441570423544476e+01 -1.700219491902367253e+01
-1.700219491902367253e+01 -1.846110049446571466e+01 -1.548128918014867317e+01
-1.283028155182915064e+01 0.000000000000000000e+00 -1.205571363083562630e+01
-1.385286264549951518e+01 -1.715208517307248925e+01 0.000000000000000000e+00
0.000000000000000000e+00 -1.570722472114123924e+01 -1.352932910052580695e+01
-1.768035557399987212e+01 0.000000000000000000e+00 0.000000000000000000e+00
0.000000000000000000e+00 0.000000000000000000e+00 0.000000000000000000e+00
0.000000000000000000e+00 0.000000000000000000e+00 0.000000000000000000e+00
-1.245292794929384428e+01 0.000000000000000000e+00 0.000000000000000000e+00
-1.829484819331381473e+01 -1.715208517307248925e+01 -1.846110049446571466e+01
0.000000000000000000e+00 0.000000000000000000e+00 0.000000000000000000e+00
0.000000000000000000e+00 0.000000000000000000e+00 0.000000000000000000e+00
-1.548128918014867317e+01 -1.592186348508417737e+01 -1.499311820515088556e+01
0.000000000000000000e+00 0.000000000000000000e+00 0.000000000000000000e+00
-1.892532908034516836e+01 -1.163759329561644940e+01 0.000000000000000000e+00
-1.874655673462040895e+01 -1.811063511724522712e+01 -1.880922889788938690e+01
-1.416021951322453809e+01 -1.416021951322453809e+01 -1.570722472114123924e+01
-1.499311820515088556e+01 -1.416021951322453809e+01 -1.472959811068514391e+01
-1.205571363083562630e+01 -1.163759329561644940e+01 -1.163759329561644940e+01
-1.886876745299491631e+01 -1.524346229489334092e+01 -1.755826902526302291e+01
-1.700219491902367253e+01 -1.820510336138296381e+01 -1.700219491902367253e+01
-1.779633779529987692e+01 -1.861114319625530555e+01 -1.119746662696468320e+01
0.000000000000000000e+00 0.000000000000000000e+00 0.000000000000000000e+00
-1.811063511724522712e+01 -1.570722472114123924e+01 -1.755826902526302291e+01
-1.742975686869791829e+01 0.000000000000000000e+00 0.000000000000000000e+00
-7.395011805507811786e+00 0.000000000000000000e+00 -1.024650041768940056e+01
0.000000000000000000e+00 0.000000000000000000e+00 0.000000000000000000e+00
0.000000000000000000e+00 0.000000000000000000e+00 0.000000000000000000e+00
-1.472959811068514391e+01 0.000000000000000000e+00 0.000000000000000000e+00
0.000000000000000000e+00 0.000000000000000000e+00 0.000000000000000000e+00
-1.684441570423544476e+01 -1.892532908034516836e+01 0.000000000000000000e+00
-1.163759329561644940e+01 0.000000000000000000e+00 -1.472959811068514391e+01
0.000000000000000000e+00 -1.385286264549951518e+01 0.000000000000000000e+00
-1.205571363083562630e+01 -1.612577031082996726e+01 0.000000000000000000e+00
0.000000000000000000e+00 -1.742975686869791829e+01 0.000000000000000000e+00
-1.592186348508417737e+01 0.000000000000000000e+00 0.000000000000000000e+00
-1.667833232024783996e+01 -1.524346229489334092e+01 -1.499311820515088556e+01
-1.829484819331381473e+01 0.000000000000000000e+00 0.000000000000000000e+00
-1.352932910052580695e+01 -1.650350770552404356e+01 0.000000000000000000e+00
0.000000000000000000e+00 0.000000000000000000e+00 0.000000000000000000e+00
0.000000000000000000e+00 0.000000000000000000e+00 0.000000000000000000e+00
-1.838010578364812275e+01 -1.283028155182915064e+01 0.000000000000000000e+00
-1.742975686869791829e+01 0.000000000000000000e+00 0.000000000000000000e+00
-1.416021951322453809e+01 0.000000000000000000e+00 0.000000000000000000e+00
-1.385286264549951518e+01 -1.684441570423544476e+01 -1.700219491902367253e+01
0.000000000000000000e+00 -1.684441570423544476e+01 -1.416021951322453809e+01
-1.283028155182915064e+01 0.000000000000000000e+00 0.000000000000000000e+00
0.000000000000000000e+00 0.000000000000000000e+00 0.000000000000000000e+00
0.000000000000000000e+00 0.000000000000000000e+00 0.000000000000000000e+00
0.000000000000000000e+00 0.000000000000000000e+00 0.000000000000000000e+00
0.000000000000000000e+00 0.000000000000000000e+00 0.000000000000000000e+00
0.000000000000000000e+00 0.000000000000000000e+00 0.000000000000000000e+00
0.000000000000000000e+00 0.000000000000000000e+00 0.000000000000000000e+00
0.000000000000000000e+00 0.000000000000000000e+00 0.000000000000000000e+00
0.000000000000000000e+00 0.000000000000000000e+00 0.000000000000000000e+00
0.000000000000000000e+00 0.000000000000000000e+00 0.000000000000000000e+00
0.000000000000000000e+00 0.000000000000000000e+00 0.000000000000000000e+00
0.000000000000000000e+00 0.000000000000000000e+00 0.000000000000000000e+00
0.000000000000000000e+00 0.000000000000000000e+00 0.000000000000000000e+00
0.000000000000000000e+00 0.000000000000000000e+00 0.000000000000000000e+00
0.000000000000000000e+00 0.000000000000000000e+00 0.000000000000000000e+00
0.000000000000000000e+00 0.000000000000000000e+00 0.000000000000000000e+00
0.000000000000000000e+00 0.000000000000000000e+00 0.000000000000000000e+00
0.000000000000000000e+00 0.000000000000000000e+00 0.000000000000000000e+00
0.000000000000000000e+00 0.000000000000000000e+00 0.000000000000000000e+00
0.000000000000000000e+00 0.000000000000000000e+00 0.000000000000000000e+00
0.000000000000000000e+00 0.000000000000000000e+00 0.000000000000000000e+00
