0.000000000000000000e+00 0.000000000000000000e+00 0.000000000000000000e+00
0.000000000000000000e+00 0.000000000000000000e+00 0.000000000000000000e+00
-2.000000000000000000e+00 0.000000000000000000e+00 0.000000000000000000e+00
-4.000000000000000000e+00 0.000000000000000000e+00 0.000000000000000000e+00
0.000000000000000000e+00 1.330943381997393822e+28 0.000000000000000000e+00
-1.086149552767633725e+36 -6.059383628320858931e+19 -6.820076349892392387e+21
-4.000000000000000000e+00 -4.818566453017336832e+18 5.010648885007744533e+38
-4.000000000000000000e+00 -6.324972428748529149e+37 -2.060218688178803143e+38
-6.249621023154626422e+37 0.000000000000000000e+00 -4.042049985441220055e+38
-2.000000000000000000e+00 -2.000000000000000000e+00 -2.000000000000000000e+00
3.445494516511887465e+39 -2.000000000000000000e+00 -2.000000000000000000e+00
2.347362333946833266e+38 -2.000000000000000000e+00 -2.000000000000000000e+00
-1.219068489000846747e+29 -4.953709782972125549e+36 -2.510436344606336505e+34
-4.000000000000000000e+00 0.000000000000000000e+00 8.212155566260296006e+38
0.000000000000000000e+00 0.000000000000000000e+00 0.000000000000000000e+00
-4.000000000000000000e+00 0.000000000000000000e+00 0.000000000000000000e+00
0.000000000000000000e+00 0.000000000000000000e+00 0.000000000000000000e+00
-2.000000000000000000e+00 -4.000000000000000000e+00 0.000000000000000000e+00
0.000000000000000000e+00 0.000000000000000000e+00 1.203953449767614000e+15
0.000000000000000000e+00 0.000000000000000000e+00 0.000000000000000000e+00
0.000000000000000000e+00 0.000000000000000000e+00 0.000000000000000000e+00
0.000000000000000000e+00 0.000000000000000000e+00 -2.000000000000000000e+00
-2.988188360050470489e+37 -2.975518637187154874e+29 -1.450765900206080036e+34
0.000000000000000000e+00 -1.472590673278396185e+23 0.000000000000000000e+00
-1.290151779892037280e+27 3.441501483600000000e+11 0.000000000000000000e+00
3.099898569419190282e+38 -1.796403540710375945e+38 -3.196176282495811347e+34
-3.099898569419190282e+38 -2.000000000000000000e+00 -7.271369646941877732e+37
-5.544420695279581111e+38 -3.760384326162889320e+39 7.760640210534009940e+39
-2.000000000000000000e+00 -2.000000000000000000e+00 0.000000000000000000e+00
-2.000000000000000000e+00 -4.000000000000000000e+00 -3.304281662661246943e+39
-2.060218688178803143e+38 -2.347362333946833266e+38 2.449517060528151650e+39
-2.000000000000000000e+00 -2.000000000000000000e+00 5.804429828172254922e+39
1.085061790208642700e+39 -2.000000000000000000e+00 -4.000000000000000000e+00
2.214780827133468173e+39 -6.050328766248131672e+38 -5.577821388682963391e+37
8.902955048307794617e+32 9.508130148954532085e+32 0.000000000000000000e+00
-6.341742140437663074e+38 0.000000000000000000e+00 -4.436177857095944651e+24
0.000000000000000000e+00 0.000000000000000000e+00 0.000000000000000000e+00
-2.000000000000000000e+00 1.130274429254492776e+37 0.000000000000000000e+00
-2.000000000000000000e+00 -4.000000000000000000e+00 -2.000000000000000000e+00
0.000000000000000000e+00 0.000000000000000000e+00 0.000000000000000000e+00
0.000000000000000000e+00 0.000000000000000000e+00 0.000000000000000000e+00
-2.000000000000000000e+00 0.000000000000000000e+00 0.000000000000000000e+00
-2.000000000000000000e+00 0.000000000000000000e+00 0.000000000000000000e+00
-4.000000000000000000e+00 6.065453185010096092e+22 0.000000000000000000e+00
0.000000000000000000e+00 -3.195907439218387553e+34 -1.343795332563326987e+28
4.149338208785502988e+36 -2.000000000000000000e+00 -4.000000000000000000e+00
-6.894996521658311795e+38 -4.000000000000000000e+00 -4.482668948816910573e+38
-2.000000000000000000e+00 2.073636752410117524e+39 -2.000000000000000000e+00
-2.000000000000000000e+00 -1.838900519015434348e+39 -2.000000000000000000e+00
0.000000000000000000e+00 -2.000000000000000000e+00 -2.000000000000000000e+00
4.918155121874419136e+38 -2.000000000000000000e+00 -2.000000000000000000e+00
-2.000000000000000000e+00 5.554497125395567624e+39 -2.000000000000000000e+00
1.089599328469034725e+38 -3.445494516511887465e+39 -2.556476268058913201e+38
-2.000000000000000000e+00 -2.000000000000000000e+00 7.826507934057155482e+39
-7.168473441325083065e+38 1.100957545730847000e+38 2.758250567391718076e+38
-2.000000000000000000e+00 -5.431485516911138843e+24 -4.000000000000000000e+00
-4.000000000000000000e+00 0.000000000000000000e+00 -3.839699509204782730e+24
-7.400390095971403201e+30 -1.000000000000000000e+01 0.000000000000000000e+00
-4.000000000000000000e+00 0.000000000000000000e+00 0.000000000000000000e+00
0.000000000000000000e+00 0.000000000000000000e+00 0.000000000000000000e+00
0.000000000000000000e+00 0.000000000000000000e+00 0.000000000000000000e+00
-9.451981220632705600e+16 0.000000000000000000e+00 0.000000000000000000e+00
-4.000000000000000000e+00 -2.294296000000000000e+06 9.413780000000000000e+05
-4.388562878739339903e+26 -3.441501483620000000e+11 -4.388494326940546752e+26
-8.292161335752800559e+38 7.548286496164233320e+38 -1.922795056687162471e+38
-4.000000000000000000e+00 3.760384326162889320e+39 -1.548462406265943992e+38
-4.000000000000000000e+00 5.832715478174838944e+39 -4.000000000000000000e+00
-4.000000000000000000e+00 5.832715478174838944e+39 -4.386539989299652479e+39
-2.000000000000000000e+00 -2.000000000000000000e+00 -2.000000000000000000e+00
2.073636752410117524e+39 -2.000000000000000000e+00 -2.000000000000000000e+00
-2.000000000000000000e+00 -2.000000000000000000e+00 2.154916264707647873e+39
-2.000000000000000000e+00 -2.000000000000000000e+00 -4.000000000000000000e+00
-4.000000000000000000e+00 0.000000000000000000e+00 -1.089599328469034725e+38
-7.826507934057155482e+39 1.231618385228566712e+39 -1.663100752520205959e+39
-6.000000000000000000e+00 -1.221391324307081675e+39 9.849447005439894756e+38
-1.009938644604457765e+36 3.918686665919604957e+37 1.098110582768702463e+38
-4.635113850411860591e+30 0.000000000000000000e+00 0.000000000000000000e+00
2.193521109836208293e+38 -4.000000000000000000e+00 -1.806187358000000000e+10
0.000000000000000000e+00 0.000000000000000000e+00 1.712225781271506000e+15
0.000000000000000000e+00 0.000000000000000000e+00 0.000000000000000000e+00
0.000000000000000000e+00 0.000000000000000000e+00 0.000000000000000000e+00
-1.200000000000000000e+01 0.000000000000000000e+00 2.703900836983395200e+17
2.307320520707870000e+15 -1.071307547025345741e+20 0.000000000000000000e+00
-2.000000000000000000e+00 -4.000000000000000000e+00 -6.142156526597220442e+37
-7.930252977955783317e+37 -7.226292203589988669e+38 8.306685647847291361e+39
-8.000000000000000000e+00 -4.000000000000000000e+00 0.000000000000000000e+00
0.000000000000000000e+00 -2.000000000000000000e+00 -3.888862599497444893e+39
0.000000000000000000e+00 -7.923678989712438076e+39 -2.000000000000000000e+00
2.842731460947012416e+39 -2.000000000000000000e+00 -9.216590484918335337e+38
-2.000000000000000000e+00 -2.000000000000000000e+00 5.194794514242821577e+38
3.535433835645980719e+39 -2.000000000000000000e+00 -2.000000000000000000e+00
-2.000000000000000000e+00 0.000000000000000000e+00 -3.467694275890856588e+39
0.000000000000000000e+00 -4.000000000000000000e+00 -2.154916264707647873e+39
-6.000000000000000000e+00 -4.000000000000000000e+00 -2.000000000000000000e+00
5.482591770946098433e+38 -3.811932262919202661e+39 -1.348116143675745647e+39
-5.582481494017180542e+38 -1.484820851309586986e+38 -1.510417275727637818e+39
-2.054258885511642783e+38 0.000000000000000000e+00 -5.413163366858419087e+27
0.000000000000000000e+00 0.000000000000000000e+00 -2.000000000000000000e+00
-4.000000000000000000e+00 0.000000000000000000e+00 0.000000000000000000e+00
0.000000000000000000e+00 0.000000000000000000e+00 0.000000000000000000e+00
0.000000000000000000e+00 0.000000000000000000e+00 0.000000000000000000e+00
-4.000000000000000000e+00 0.000000000000000000e+00 0.000000000000000000e+00
-2.000000000000000000e+00 -2.000000000000000000e+00 -2.583803323463236923e+27
-5.029620792313132171e+34 6.444992902872415825e+29 -1.170848012524614587e+36
-7.346135164920821972e+38 -2.000000000000000000e+00 -1.044603373434001225e+39
-4.000000000000000000e+00 -2.000000000000000000e+00 1.224118735781912236e+38
1.070653711250864119e+40 -2.000000000000000000e+00 -2.000000000000000000e+00
-4.000000000000000000e+00 -2.000000000000000000e+00 -2.000000000000000000e+00
0.000000000000000000e+00 -2.000000000000000000e+00 -2.000000000000000000e+00
-2.000000000000000000e+00 -2.000000000000000000e+00 -2.000000000000000000e+00
6.773955975512382871e+37 -2.000000000000000000e+00 -2.000000000000000000e+00
-4.000000000000000000e+00 -2.000000000000000000e+00 -2.000000000000000000e+00
-2.000000000000000000e+00 -2.000000000000000000e+00 -4.000000000000000000e+00
-3.152977850421347872e+39 -1.610660565844842519e+39 3.385734327133579767e+39
-3.385734327133579767e+39 -2.000000000000000000e+00 -2.000000000000000000e+00
-9.333445988152506564e+37 -4.470028337433634442e+38 -2.000000000000000000e+00
-9.333445988152506564e+37 -5.150076795164263811e+37 -8.837487590587368155e+36
-4.000000000000000000e+00 0.000000000000000000e+00 7.534362387246392321e+33
0.000000000000000000e+00 0.000000000000000000e+00 5.406062593577714000e+15
0.000000000000000000e+00 0.000000000000000000e+00 0.000000000000000000e+00
0.000000000000000000e+00 0.000000000000000000e+00 0.000000000000000000e+00
1.456850005165800000e+14 0.000000000000000000e+00 -6.267945881350367635e+36
-2.583803317599418267e+27 -6.000000000000000000e+00 0.000000000000000000e+00
-2.000000000000000000e+00 -4.000000000000000000e+00 -2.000000000000000000e+00
0.000000000000000000e+00 -8.398348733717894765e+37 -4.355564785053892359e+37
-9.752428593910155731e+38 -2.000000000000000000e+00 0.000000000000000000e+00
-2.000000000000000000e+00 -2.000000000000000000e+00 -2.000000000000000000e+00
-2.000000000000000000e+00 -2.000000000000000000e+00 -2.000000000000000000e+00
-2.000000000000000000e+00 -2.000000000000000000e+00 -2.000000000000000000e+00
-2.000000000000000000e+00 -2.000000000000000000e+00 -2.000000000000000000e+00
-3.152977850421347872e+39 -2.000000000000000000e+00 -2.000000000000000000e+00
-2.000000000000000000e+00 -4.000000000000000000e+00 -2.000000000000000000e+00
-4.000000000000000000e+00 0.000000000000000000e+00 -2.000000000000000000e+00
-4.000000000000000000e+00 1.656957390711903203e+39 -2.000000000000000000e+00
-4.000000000000000000e+00 0.000000000000000000e+00 -2.000000000000000000e+00
1.546490199927216283e+39 -5.838781899116702698e+37 -6.000000000000000000e+00
-1.880375240227079123e+38 -8.152040836514789845e+38 -9.333445988152506564e+37
-9.352280888179877449e+25 -4.000000000000000000e+00 -4.000000000000000000e+00
4.240789323948392929e+32 0.000000000000000000e+00 0.000000000000000000e+00
0.000000000000000000e+00 0.000000000000000000e+00 0.000000000000000000e+00
0.000000000000000000e+00 0.000000000000000000e+00 0.000000000000000000e+00
9.739634168870836000e+15 0.000000000000000000e+00 0.000000000000000000e+00
2.000000000000000000e+00 0.000000000000000000e+00 -6.515246203272848000e+16
-4.000000000000000000e+00 -1.902953897056319497e+36 9.235009104937434616e+38
8.398348733717894765e+37 -2.000000000000000000e+00 -5.261558320992116892e+37
2.019846232825016496e+39 -2.000000000000000000e+00 -2.000000000000000000e+00
0.000000000000000000e+00 -2.000000000000000000e+00 -2.000000000000000000e+00
-2.791170005129270053e+39 -2.000000000000000000e+00 -2.000000000000000000e+00
-2.465328111317984236e+39 -2.000000000000000000e+00 3.386987159809818374e+39
9.216590484918335337e+38 -2.000000000000000000e+00 0.000000000000000000e+00
6.200756364842407144e+38 -2.000000000000000000e+00 -2.000000000000000000e+00
3.858646591453325973e+39 -2.000000000000000000e+00 -2.000000000000000000e+00
-2.000000000000000000e+00 -2.000000000000000000e+00 -2.000000000000000000e+00
3.062716259226477311e+39 -8.858280016572866675e+39 -5.482591770946098433e+38
-1.616912784658062056e+38 3.385734327133579767e+39 -2.000000000000000000e+00
-4.000000000000000000e+00 -1.165203494571655329e+38 -6.886368718344300083e+38
-3.782925989352660397e+38 -2.546545969393485725e+38 -4.676081922446096753e+37
-2.489370599728917001e+30 0.000000000000000000e+00 -4.000000000000000000e+00
5.563257269868654640e+27 -4.000000000000000000e+00 9.641220000000000000e+05
0.000000000000000000e+00 0.000000000000000000e+00 0.000000000000000000e+00
0.000000000000000000e+00 0.000000000000000000e+00 0.000000000000000000e+00
0.000000000000000000e+00 -6.200000000000000000e+01 0.000000000000000000e+00
-7.635663661318519811e+26 -4.000000000000000000e+00 0.000000000000000000e+00
-1.240671519256833841e+35 0.000000000000000000e+00 -1.170848012524614587e+36
-2.619588512733341912e+39 -1.377582675637404620e+38 -2.900524178747077981e+39
-5.349337368272270861e+39 8.523238677652850538e+38 -2.000000000000000000e+00
-2.000000000000000000e+00 -2.000000000000000000e+00 1.004995774382676082e+40
-4.000000000000000000e+00 3.466852521426344929e+39 -2.000000000000000000e+00
-4.000000000000000000e+00 -2.000000000000000000e+00 -4.000000000000000000e+00
0.000000000000000000e+00 -2.000000000000000000e+00 -2.000000000000000000e+00
-2.000000000000000000e+00 -2.000000000000000000e+00 -2.000000000000000000e+00
-2.000000000000000000e+00 -2.000000000000000000e+00 -2.000000000000000000e+00
-1.554518743655932199e+39 0.000000000000000000e+00 -2.000000000000000000e+00
-6.200756364842407144e+38 2.901024980760671407e+39 0.000000000000000000e+00
-5.482591770946098433e+38 6.715785356652075810e+38 -2.000000000000000000e+00
-9.575392305383691775e+38 2.523090648314958385e+39 -2.000000000000000000e+00
7.985951330458722604e+38 -8.551510800416876705e+37 0.000000000000000000e+00
-1.274569805445640192e+18 0.000000000000000000e+00 0.000000000000000000e+00
-2.000000000000000000e+00 -4.000000000000000000e+00 0.000000000000000000e+00
0.000000000000000000e+00 0.000000000000000000e+00 0.000000000000000000e+00
0.000000000000000000e+00 0.000000000000000000e+00 0.000000000000000000e+00
-2.000000000000000000e+00 0.000000000000000000e+00 0.000000000000000000e+00
-7.290214966135791294e+38 -4.000000000000000000e+00 -7.612688933636151760e+31
-2.148415196186174742e+32 2.504520608805630000e+15 6.143355712944099398e+36
5.119363666837786346e+39 2.900524178747077981e+39 -8.502507120390030680e+38
2.900524178747077981e+39 4.671847284333446344e+39 -3.922373132804127071e+39
8.523238677652850538e+38 -3.868938020054375323e+38 0.000000000000000000e+00
-6.154216280987574790e+39 -2.000000000000000000e+00 -2.000000000000000000e+00
-4.000000000000000000e+00 -2.000000000000000000e+00 -2.000000000000000000e+00
-4.000000000000000000e+00 4.892720931407474671e+38 -2.000000000000000000e+00
1.926376397687599622e+39 -2.000000000000000000e+00 -2.000000000000000000e+00
-2.000000000000000000e+00 -2.000000000000000000e+00 2.901024980760671407e+39
-9.543083174997479753e+38 2.842731460947012416e+39 0.000000000000000000e+00
1.372813235360569039e+39 -2.000000000000000000e+00 -2.000000000000000000e+00
-4.000000000000000000e+00 -2.199180421312956094e+39 -1.049960313153463789e+38
-2.706084069433576883e+39 -4.000000000000000000e+00 -2.000000000000000000e+00
1.261854945157282742e+38 7.002165702602580260e+38 -2.000000000000000000e+00
-1.926378041372274000e+15 -4.000000000000000000e+00 -4.000000000000000000e+00
0.000000000000000000e+00 0.000000000000000000e+00 1.820538345044072154e+37
0.000000000000000000e+00 0.000000000000000000e+00 0.000000000000000000e+00
0.000000000000000000e+00 0.000000000000000000e+00 0.000000000000000000e+00
-4.000000000000000000e+00 0.000000000000000000e+00 0.000000000000000000e+00
-4.036746583365337743e+20 0.000000000000000000e+00 0.000000000000000000e+00
0.000000000000000000e+00 8.099716347701780000e+14 3.441501483580000000e+11
-9.724182974012736924e+37 1.901847552893261332e+36 -1.111965036080796780e+39
-2.372135370496173140e+39 9.027722299459921006e+38 0.000000000000000000e+00
-5.604987062417893128e+39 -4.000000000000000000e+00 7.364595776334021138e+39
-4.000000000000000000e+00 -2.320488214452330875e+39 1.448358160502905808e+38
5.229751791349054887e+38 -4.000000000000000000e+00 -2.000000000000000000e+00
-2.000000000000000000e+00 -2.901024980760671407e+39 -2.000000000000000000e+00
6.154216280987574790e+39 -2.000000000000000000e+00 -2.000000000000000000e+00
0.000000000000000000e+00 -2.000000000000000000e+00 -2.000000000000000000e+00
5.837872219827540034e+39 2.842731460947012416e+39 -2.000000000000000000e+00
-3.120711205173477081e+39 -4.000000000000000000e+00 9.541620063161846741e+37
-5.053786170256944000e+38 -4.000000000000000000e+00 -2.353351928570128744e+38
-4.617226564287373014e+38 -2.000000000000000000e+00 -4.000000000000000000e+00
-2.894930897616810756e+37 -5.224378180335856026e+19 8.965896123709356462e+37
-4.000000000000000000e+00 0.000000000000000000e+00 -4.469446908560000000e+11
-9.010220715208314880e+17 4.000000000000000000e+00 -4.000000000000000000e+00
0.000000000000000000e+00 0.000000000000000000e+00 0.000000000000000000e+00
0.000000000000000000e+00 0.000000000000000000e+00 0.000000000000000000e+00
3.800000000000000000e+02 0.000000000000000000e+00 0.000000000000000000e+00
0.000000000000000000e+00 0.000000000000000000e+00 -8.338914088928423914e+32
0.000000000000000000e+00 -1.885409378912500736e+18 0.000000000000000000e+00
-1.125899906842624000e+16 2.353501466067170324e+37 -3.445188168283821860e+22
-1.330137450659291291e+37 -4.000000000000000000e+00 9.027722299459921006e+38
-6.000000000000000000e+00 2.520237162723403630e+39 -2.000000000000000000e+00
-2.755688362696787400e+39 -2.000000000000000000e+00 0.000000000000000000e+00
-4.000000000000000000e+00 2.755688362696787400e+39 -2.837556979243282798e+38
-4.000000000000000000e+00 1.892068906380148006e+39 -2.000000000000000000e+00
-2.000000000000000000e+00 1.892068906380148006e+39 -2.000000000000000000e+00
-6.048933712533584205e+39 1.892068906380148006e+39 0.000000000000000000e+00
3.542570731737965161e+37 -2.000000000000000000e+00 -2.000000000000000000e+00
-2.062744212570465795e+38 1.892068906380148006e+39 -9.908380290009052898e+37
3.051797285540618523e+38 -1.907335966574848212e+38 -2.000000000000000000e+00
2.765288846222488331e+36 -5.678551082817421663e+37 -8.365104809276962175e+37
2.193521109836208293e+38 -5.224223804576477184e+19 -6.891510466988760000e+14
-2.000000000000000000e+00 -4.000000000000000000e+00 0.000000000000000000e+00
0.000000000000000000e+00 0.000000000000000000e+00 -6.166566800000000000e+07
0.000000000000000000e+00 0.000000000000000000e+00 0.000000000000000000e+00
0.000000000000000000e+00 0.000000000000000000e+00 0.000000000000000000e+00
5.285737321353063301e+20 0.000000000000000000e+00 0.000000000000000000e+00
-4.000000000000000000e+00 0.000000000000000000e+00 0.000000000000000000e+00
-4.000000000000000000e+00 1.522313787933300648e+39 0.000000000000000000e+00
-1.406000000000000000e+03 0.000000000000000000e+00 -6.904613396579016520e+32
-7.303093657569670588e+26 -5.100410978553853772e+37 -3.299215980799061088e+27
-2.680052612873434931e+39 0.000000000000000000e+00 -8.000000000000000000e+00
-2.000000000000000000e+00 -4.000000000000000000e+00 2.680052612873434931e+39
-2.125008969970065141e+38 -1.232758981184392070e+39 -2.000000000000000000e+00
-4.221422811157841013e+39 -2.000000000000000000e+00 -1.232758981184392070e+39
2.000000000000000000e+00 -2.000000000000000000e+00 -2.000000000000000000e+00
0.000000000000000000e+00 -2.000000000000000000e+00 -2.000000000000000000e+00
1.197333273867012418e+39 -1.494425074340861819e+39 -2.000000000000000000e+00
2.802849206303957497e+39 0.000000000000000000e+00 -2.000000000000000000e+00
-2.767188852134186153e+37 1.440089536718674182e+38 -8.569327377582313976e+37
2.000000000000000000e+00 2.062176898608949228e+36 2.235188114443930012e+37
-4.000000000000000000e+00 0.000000000000000000e+00 3.407690314346067395e+20
-1.690860387210525400e+16 0.000000000000000000e+00 -2.281524020236574007e+36
0.000000000000000000e+00 4.600000000000000000e+01 0.000000000000000000e+00
0.000000000000000000e+00 0.000000000000000000e+00 0.000000000000000000e+00
0.000000000000000000e+00 0.000000000000000000e+00 0.000000000000000000e+00
0.000000000000000000e+00 0.000000000000000000e+00 -1.184299481253665870e+32
0.000000000000000000e+00 0.000000000000000000e+00 0.000000000000000000e+00
-2.305626997419600000e+13 -4.000000000000000000e+00 0.000000000000000000e+00
2.000000000000000000e+00 -4.000000000000000000e+00 -4.000000000000000000e+00
-4.000000000000000000e+00 9.175478579097544704e+18 -1.151621261549133081e+35
-9.177018632586655744e+18 4.648352506420127223e+37 -4.000000000000000000e+00
-7.728750025081269277e+29 1.507041080064333014e+38 -2.000000000000000000e+00
8.857942836285072974e+38 0.000000000000000000e+00 0.000000000000000000e+00
4.538451547134192683e+37 -2.211865360588795950e+37 -2.000000000000000000e+00
-4.000000000000000000e+00 0.000000000000000000e+00 0.000000000000000000e+00
-4.000000000000000000e+00 1.031571473342975822e+39 -2.000000000000000000e+00
1.593727549341481169e+38 -7.174381346184614459e+37 -2.000000000000000000e+00
-1.376597006773057996e+38 -4.000000000000000000e+00 1.416662406215414274e+38
-1.484884054721722000e+15 -3.570317614570213430e+36 -4.000000000000000000e+00
0.000000000000000000e+00 -4.000000000000000000e+00 0.000000000000000000e+00
0.000000000000000000e+00 0.000000000000000000e+00 0.000000000000000000e+00
-1.301814236390397837e+21 0.000000000000000000e+00 0.000000000000000000e+00
0.000000000000000000e+00 0.000000000000000000e+00 2.100425302396744925e+24
0.000000000000000000e+00 0.000000000000000000e+00 0.000000000000000000e+00
0.000000000000000000e+00 0.000000000000000000e+00 0.000000000000000000e+00
-3.135438623478596921e+22 -4.000000000000000000e+00 0.000000000000000000e+00
-4.000000000000000000e+00 -8.125253117669981658e+31 -4.000000000000000000e+00
1.612077709347113929e+34 0.000000000000000000e+00 -4.075105144457596378e+30
-1.004281976662616824e+37 0.000000000000000000e+00 -1.124000000000000000e+03
-2.000000000000000000e+00 -4.000000000000000000e+00 0.000000000000000000e+00
0.000000000000000000e+00 0.000000000000000000e+00 -4.000000000000000000e+00
5.712356824152840068e+26 -2.000000000000000000e+00 -4.762648679320747959e+23
-8.751978219992686980e+36 8.751978219992686980e+36 -5.712356824152840068e+26
-5.712356824152840068e+26 1.998941466644740594e+38 -2.000000000000000000e+00
-2.000000000000000000e+00 -2.000000000000000000e+00 -2.000000000000000000e+00
0.000000000000000000e+00 -2.000000000000000000e+00 -2.000000000000000000e+00
-1.131663134927318085e+35 -1.043130278160970546e+30 8.751978220563923319e+36
3.732824344108312328e+35 -4.042882000000000000e+06 -2.729171573121715994e+27
2.329910915254643904e+23 -4.000000000000000000e+00 7.567780000000000000e+05
-6.520173147598506219e+33 -4.000000000000000000e+00 -1.479137611239008000e+15
0.000000000000000000e+00 0.000000000000000000e+00 0.000000000000000000e+00
-4.000000000000000000e+00 -2.000000000000000000e+00 0.000000000000000000e+00
-3.152896394326238681e+28 -2.736406860293071849e+32 -4.000000000000000000e+00
0.000000000000000000e+00 0.000000000000000000e+00 0.000000000000000000e+00
0.000000000000000000e+00 0.000000000000000000e+00 0.000000000000000000e+00
-4.000000000000000000e+00 0.000000000000000000e+00 -2.000000000000000000e+00
0.000000000000000000e+00 0.000000000000000000e+00 0.000000000000000000e+00
1.593803985942383676e+34 3.222055161314918846e+22 0.000000000000000000e+00
-2.000000000000000000e+00 -2.000000000000000000e+00 -3.163019657971041720e+38
-2.935809092245115018e+32 -3.848792320282777109e+38 0.000000000000000000e+00
0.000000000000000000e+00 -3.400000000000000000e+01 7.718654271709128000e+15
-2.000000000000000000e+00 -4.000000000000000000e+00 -2.000000000000000000e+00
-5.351944409172637145e+32 -9.227249422035141885e+34 -4.000000000000000000e+00
-5.737052356893066240e+17 -2.000000000000000000e+00 -2.000000000000000000e+00
-9.543106468049188484e+28 0.000000000000000000e+00 -2.000000000000000000e+00
-2.000000000000000000e+00 -2.000000000000000000e+00 -2.000000000000000000e+00
0.000000000000000000e+00 -2.000000000000000000e+00 -2.000000000000000000e+00
-4.000000000000000000e+00 0.000000000000000000e+00 -2.035824140507125187e+20
-2.000000000000000000e+00 -2.253012669880000000e+11 -2.000000000000000000e+00
-7.311515694000000000e+10 -2.000000000000000000e+00 -2.000000000000000000e+00
-4.000000000000000000e+00 -4.000000000000000000e+00 -1.895015902000000000e+09
-4.000000000000000000e+00 2.466290270408660441e+36 -3.799381713945504000e+15
-1.763143479120885760e+18 0.000000000000000000e+00 -2.000000000000000000e+00
-2.000000000000000000e+00 -4.000000000000000000e+00 0.000000000000000000e+00
0.000000000000000000e+00 0.000000000000000000e+00 0.000000000000000000e+00
0.000000000000000000e+00 -4.000000000000000000e+00 0.000000000000000000e+00
1.039729405282240103e+26 1.384217043166720781e+27 5.893381370471397164e+37
-2.148405040496933376e+18 -3.079750733868187648e+19 0.000000000000000000e+00
-4.000000000000000000e+00 -2.292835725082842398e+30 0.000000000000000000e+00
-2.961262091114405348e+31 0.000000000000000000e+00 2.741051067330755180e+37
-1.081910461544117120e+17 4.095032797233498606e+38 0.000000000000000000e+00
-4.000000000000000000e+00 0.000000000000000000e+00 0.000000000000000000e+00
-2.000000000000000000e+00 2.656424564355789495e+37 0.000000000000000000e+00
-2.000000000000000000e+00 -4.000000000000000000e+00 0.000000000000000000e+00
4.633590558050953410e+27 -4.000000000000000000e+00 -2.561076763631149056e+19
-7.380000000000000000e+02 7.586611040565289571e+23 2.741051067330756597e+37
2.750633089738488320e+24 0.000000000000000000e+00 0.000000000000000000e+00
-4.000000000000000000e+00 1.948007006265676008e+39 0.000000000000000000e+00
-4.000000000000000000e+00 -4.000000000000000000e+00 -4.000000000000000000e+00
-4.000000000000000000e+00 0.000000000000000000e+00 0.000000000000000000e+00
1.815768677246200000e+13 0.000000000000000000e+00 0.000000000000000000e+00
-4.000000000000000000e+00 0.000000000000000000e+00 5.798425609772318720e+20
-4.000000000000000000e+00 -4.000000000000000000e+00 -4.000000000000000000e+00
0.000000000000000000e+00 0.000000000000000000e+00 0.000000000000000000e+00
0.000000000000000000e+00 0.000000000000000000e+00 0.000000000000000000e+00
0.000000000000000000e+00 0.000000000000000000e+00 0.000000000000000000e+00
0.000000000000000000e+00 0.000000000000000000e+00 0.000000000000000000e+00
0.000000000000000000e+00 -1.154216743505457120e+17 0.000000000000000000e+00
-1.969074160694000000e+12 -4.000000000000000000e+00 0.000000000000000000e+00
-4.000000000000000000e+00 0.000000000000000000e+00 -5.376871967637500000e+14
0.000000000000000000e+00 2.034299732935174437e+35 -4.000000000000000000e+00
-1.086903230366107537e+32 -4.000000000000000000e+00 0.000000000000000000e+00
-4.000000000000000000e+00 0.000000000000000000e+00 0.000000000000000000e+00
-1.337259972268792807e+27 -2.000000000000000000e+00 -2.000000000000000000e+00
-2.000000000000000000e+00 -4.000000000000000000e+00 0.000000000000000000e+00
-2.572783183080084917e+36 2.547369430030117895e+34 1.056936261718952275e+31
2.281524020236574007e+36 -4.000000000000000000e+00 0.000000000000000000e+00
0.000000000000000000e+00 0.000000000000000000e+00 0.000000000000000000e+00
-3.694028300173263560e+26 1.040356214397354553e+24 -2.000000000000000000e+00
2.181337377190828166e+32 0.000000000000000000e+00 0.000000000000000000e+00
-2.000000000000000000e+00 3.291544942564437231e+36 -4.000000000000000000e+00
2.061788476702578006e+36 -1.041745385213736199e+26 0.000000000000000000e+00
0.000000000000000000e+00 0.000000000000000000e+00 5.850121800000000000e+08
0.000000000000000000e+00 0.000000000000000000e+00 0.000000000000000000e+00
0.000000000000000000e+00 0.000000000000000000e+00 0.000000000000000000e+00
-2.000000000000000000e+00 -2.000000000000000000e+00 0.000000000000000000e+00
1.930417112617582080e+18 4.653623690255177613e+21 0.000000000000000000e+00
2.175114680000000000e+08 0.000000000000000000e+00 8.564450155041843395e+30
0.000000000000000000e+00 -4.000000000000000000e+00 5.385403726020919951e+20
-4.000000000000000000e+00 0.000000000000000000e+00 -4.000000000000000000e+00
0.000000000000000000e+00 9.220327534617139200e+17 0.000000000000000000e+00
0.000000000000000000e+00 0.000000000000000000e+00 8.594581773359060307e+36
-4.000000000000000000e+00 0.000000000000000000e+00 0.000000000000000000e+00
0.000000000000000000e+00 0.000000000000000000e+00 0.000000000000000000e+00
-4.000000000000000000e+00 0.000000000000000000e+00 0.000000000000000000e+00
-4.000000000000000000e+00 0.000000000000000000e+00 0.000000000000000000e+00
-4.000000000000000000e+00 -1.496748966995856896e+18 -2.000000000000000000e+00
0.000000000000000000e+00 0.000000000000000000e+00 0.000000000000000000e+00
0.000000000000000000e+00 0.000000000000000000e+00 0.000000000000000000e+00
-4.000000000000000000e+00 0.000000000000000000e+00 0.000000000000000000e+00
-4.000000000000000000e+00 -6.491617457708591166e+22 0.000000000000000000e+00
3.168009291867310465e+33 0.000000000000000000e+00 0.000000000000000000e+00
-4.000000000000000000e+00 0.000000000000000000e+00 0.000000000000000000e+00
0.000000000000000000e+00 0.000000000000000000e+00 0.000000000000000000e+00
0.000000000000000000e+00 0.000000000000000000e+00 0.000000000000000000e+00
0.000000000000000000e+00 0.000000000000000000e+00 0.000000000000000000e+00
0.000000000000000000e+00 0.000000000000000000e+00 0.000000000000000000e+00
0.000000000000000000e+00 0.000000000000000000e+00 0.000000000000000000e+00
0.000000000000000000e+00 0.000000000000000000e+00 0.000000000000000000e+00
0.000000000000000000e+00 0.000000000000000000e+00 0.000000000000000000e+00
0.000000000000000000e+00 0.000000000000000000e+00 0.000000000000000000e+00
0.000000000000000000e+00 0.000000000000000000e+00 0.000000000000000000e+00
0.000000000000000000e+00 0.000000000000000000e+00 0.000000000000000000e+00
0.000000000000000000e+00 0.000000000000000000e+00 0.000000000000000000e+00
0.000000000000000000e+00 0.000000000000000000e+00 0.000000000000000000e+00
0.000000000000000000e+00 0.000000000000000000e+00 0.000000000000000000e+00
0.000000000000000000e+00 0.000000000000000000e+00 0.000000000000000000e+00
0.000000000000000000e+00 0.000000000000000000e+00 0.000000000000000000e+00
0.000000000000000000e+00 0.000000000000000000e+00 0.000000000000000000e+00
0.000000000000000000e+00 0.000000000000000000e+00 0.000000000000000000e+00
0.000000000000000000e+00 0.000000000000000000e+00 0.000000000000000000e+00
0.000000000000000000e+00 0.000000000000000000e+00 0.000000000000000000e+00
0.000000000000000000e+00 0.000000000000000000e+00 0.000000000000000000e+00
0.000000000000000000e+00 0.000000000000000000e+00 0.000000000000000000e+00
