0.000000000000000000e+00 0.000000000000000000e+00 0.000000000000000000e+00
0.000000000000000000e+00 0.000000000000000000e+00 0.000000000000000000e+00
-3.975746388093754469e+00 0.000000000000000000e+00 0.000000000000000000e+00
-1.607086363651616878e+01 -1.595769660332470607e+01 -1.534268041171960739e+01
-1.885888869644263366e+01 -1.884799451401576320e+01 -1.882615288299584577e+01
-1.881892585109524774e+01 -1.882678130562408114e+01 -1.883274046540096691e+01
-1.881782787849616412e+01 -1.879716184094162656e+01 -1.880604391190491853e+01
-1.888866857141167444e+01 -1.887895006702220613e+01 -1.888429332696294694e+01
-1.887070820995465681e+01 -1.888748558860304883e+01 -1.887563033203002760e+01
-1.884165915309266026e+01 -1.884456906508301799e+01 -1.881717005309491597e+01
-1.895505154258919944e+01 -1.895161727859807499e+01 -1.895381545495673237e+01
-1.891280380365801506e+01 -1.891716753065825074e+01 -1.891241908968977370e+01
-1.872785362085755878e+01 -1.871481479439333029e+01 -1.871006861663762422e+01
-3.302778533867050115e+00 0.000000000000000000e+00 0.000000000000000000e+00
-3.126367654483045211e+00 0.000000000000000000e+00 0.000000000000000000e+00
0.000000000000000000e+00 0.000000000000000000e+00 0.000000000000000000e+00
0.000000000000000000e+00 0.000000000000000000e+00 0.000000000000000000e+00
-6.879666060610167833e+00 0.000000000000000000e+00 0.000000000000000000e+00
0.000000000000000000e+00 -3.776855820089436211e+00 -3.927775428207357589e+00
0.000000000000000000e+00 0.000000000000000000e+00 0.000000000000000000e+00
0.000000000000000000e+00 0.000000000000000000e+00 0.000000000000000000e+00
-3.889496499689750308e+00 -3.972840947447012994e+00 0.000000000000000000e+00
-3.398996505549794822e+00 -3.933156496767773014e+00 0.000000000000000000e+00
-1.709304599938487712e+01 -1.842826247120965988e+01 -1.857897457887739989e+01
-1.899394992173428776e+01 -1.886880537503846611e+01 -1.887723253144014635e+01
-1.888102106717294504e+01 -1.886121941757903642e+01 -1.885770188264097769e+01
-1.898446220592677491e+01 -1.898025088136191130e+01 -1.898038710502795112e+01
-1.895717999954074884e+01 -1.896188755899817835e+01 -1.893818287158255487e+01
-1.901916247273399208e+01 -1.901974561214406023e+01 -1.901206366898540168e+01
-1.902662507578068585e+01 -1.902660207057843422e+01 -1.902412547874643423e+01
-1.897530398991824185e+01 -1.897785693882606850e+01 -1.898389510352791376e+01
-1.888870551523869423e+01 -1.888764953771761057e+01 -1.887379828642802337e+01
-1.884680548579071413e+01 -1.883195175336489413e+01 -1.884111281160944174e+01
-1.876403195230949095e+01 -1.874950722984032225e+01 -1.874769882815333233e+01
-3.881423756231998201e+00 -3.914101234069259139e+00 -3.523500139439170287e+00
-3.884802269012558540e+00 -3.957287179948469014e+00 0.000000000000000000e+00
0.000000000000000000e+00 0.000000000000000000e+00 0.000000000000000000e+00
-3.948481894608921294e+00 -3.963484087602196393e+00 -3.978967172786411322e+00
-6.880830483833516809e+00 -3.906985289330127564e+00 -3.932749538545350365e+00
-3.944069462604576248e+00 0.000000000000000000e+00 -3.075134789590806328e+00
0.000000000000000000e+00 0.000000000000000000e+00 0.000000000000000000e+00
0.000000000000000000e+00 0.000000000000000000e+00 0.000000000000000000e+00
-1.453857281405447921e+01 -1.457212140099370501e+01 -1.489503034222510358e+01
-1.817394588105087294e+01 -1.870152735056953475e+01 -1.849195519331349402e+01
-1.898009364105084984e+01 -1.898646266917301872e+01 -1.898423053809835181e+01
-1.909555907627551008e+01 -1.907216610063505158e+01 -1.906169571822838193e+01
-1.911993252360925055e+01 -1.908832248224407380e+01 -1.910656278265398811e+01
-1.915629809608828538e+01 -1.915663692379128236e+01 -1.915224708743582127e+01
-1.912086946177677405e+01 -1.909761913473920103e+01 -1.911283916429576735e+01
-1.903322449109202097e+01 -1.903758686380757581e+01 -1.903882727653533991e+01
-1.913785486458455765e+01 -1.893368026021009953e+01 -1.898190907914181835e+01
-1.891980106496141545e+01 -1.891168980634427754e+01 -1.887516627721902651e+01
-1.884043920392066696e+01 -1.880284201906936303e+01 -1.878180713908807675e+01
-1.869978102247892693e+01 -1.869820435463006447e+01 -1.869308496161873734e+01
-1.862103347225598426e+01 -1.861694958773523112e+01 -1.860934358992170701e+01
-7.099865992202627041e+00 -6.553919097955583695e+00 -3.483001390139018216e+00
-3.942630664226636217e+00 -6.556120253135741649e+00 -3.925993353702096567e+00
-7.032151818711446012e+00 -3.949980703643002133e+00 -3.686171611905130874e+00
-5.721950429103731750e+00 -6.900846187262676068e+00 -3.670387486975273283e+00
0.000000000000000000e+00 0.000000000000000000e+00 0.000000000000000000e+00
0.000000000000000000e+00 0.000000000000000000e+00 0.000000000000000000e+00
-3.855106971262623805e+00 -6.736672060403870788e+00 0.000000000000000000e+00
-1.783857769728899001e+01 -1.788044784078878635e+01 -1.811008414222321505e+01
-1.895125659937746221e+01 -1.863298853881101991e+01 -1.894331798927325750e+01
-1.912918037758456080e+01 -1.922692714196642427e+01 -1.912359501423032881e+01
-1.918282992833967882e+01 -1.918735841021740285e+01 -1.915941560865863735e+01
-1.923889662084352281e+01 -1.923513509083044681e+01 -1.923702125145123532e+01
-1.922062340460763252e+01 -1.924997395803307398e+01 -1.924652027727989889e+01
-1.922600945875625555e+01 -1.922101191330787273e+01 -1.921035541200345520e+01
-1.920763657067536911e+01 -1.920725887657872022e+01 -1.919523192548813739e+01
-1.916643012722370187e+01 -1.913632375997367419e+01 -1.913344711469870063e+01
-1.908368018865591509e+01 -1.912156159522150034e+01 -1.907436478297228888e+01
-1.902725124313866090e+01 -1.897049533304765845e+01 -1.886459574970569264e+01
-1.874031717980634326e+01 -1.867792847418263946e+01 -1.873650295283199085e+01
-1.858529676429106914e+01 -1.859183828547507034e+01 -1.855777370857958886e+01
-1.840621940485057806e+01 -1.839500385277586858e+01 -1.839747709188041114e+01
-3.931387009945066957e+00 -3.579019125070765028e+00 -3.975859493262128730e+00
-7.095782557918919764e+00 -5.379596038503338562e+00 -7.141470023704831860e+00
-3.897403240355096443e+00 -3.939649107663832694e+00 -3.820466094755661235e+00
0.000000000000000000e+00 0.000000000000000000e+00 0.000000000000000000e+00
0.000000000000000000e+00 0.000000000000000000e+00 0.000000000000000000e+00
-3.863212754552041162e+00 0.000000000000000000e+00 0.000000000000000000e+00
-1.796341850627689851e+01 -1.847702898097341873e+01 -1.849100445124536662e+01
-1.908586412798184639e+01 -1.905178409707806608e+01 -1.906074181558020797e+01
-1.919860368264518158e+01 -1.917190479044343121e+01 -1.924290358694414138e+01
-1.932830256082889520e+01 -1.932368262008972692e+01 -1.930877311764508519e+01
-1.927507522165400644e+01 -1.931340891639138846e+01 -1.932371108658027836e+01
-1.941180682796769830e+01 -1.939821652553866116e+01 -1.939108982508991019e+01
-1.946985127293599405e+01 -1.950523672747595683e+01 -1.950438310358111238e+01
-1.953568680103139243e+01 -1.952416922520580300e+01 -1.953256159847759577e+01
-1.950534182699325569e+01 -1.947154575529427234e+01 -1.949590873566480909e+01
-1.944269482980111619e+01 -1.941163904056011447e+01 -1.941513119535805387e+01
-1.933355428117576125e+01 -1.934268519539303810e+01 -1.931847339299367050e+01
-1.898176090894362034e+01 -1.902966841517177343e+01 -1.880267667905416218e+01
-1.865607282570752545e+01 -1.868250407368023147e+01 -1.869944007768954108e+01
-1.840468339655412677e+01 -1.837358456626020242e+01 -1.839156521964348201e+01
-1.808828257411012785e+01 -1.809518752181288548e+01 -1.813617526250078882e+01
0.000000000000000000e+00 0.000000000000000000e+00 -3.928038471041912949e+00
-3.731853615692592996e+00 -3.881751868608270151e+00 0.000000000000000000e+00
-3.972242131099868345e+00 -3.661407012407519090e+00 0.000000000000000000e+00
0.000000000000000000e+00 0.000000000000000000e+00 0.000000000000000000e+00
-3.926378867314229026e+00 0.000000000000000000e+00 -6.759568224426944383e+00
-1.823057970942825179e+01 -1.851737304755076252e+01 -1.862830105238652223e+01
-1.913596425188652717e+01 -1.915802164559827858e+01 -1.914221059776297196e+01
-1.928586278135518128e+01 -1.932834932184714205e+01 -1.934211494862910996e+01
-1.935914424256849387e+01 -1.941574618987652912e+01 -1.937424234189478867e+01
-1.939265023158658252e+01 -1.944751259794699294e+01 -1.945745767105350055e+01
-1.958431378312487681e+01 -1.957493724751243391e+01 -1.957645376774638990e+01
-1.962716001594863613e+01 -1.959453387453708118e+01 -1.962469199030910261e+01
-1.962922540361574519e+01 -1.962938430150111557e+01 -1.963109185881745233e+01
-1.967773070653089462e+01 -1.968468371454603272e+01 -1.963717832132507013e+01
-1.964196438435952174e+01 -1.957819999430716607e+01 -1.963604095745565203e+01
-1.951400069696443751e+01 -1.951857358143698207e+01 -1.950777710721752811e+01
-1.927121493821339371e+01 -1.922677285518906487e+01 -1.927111600968618532e+01
-1.894017169706210524e+01 -1.883443171865362942e+01 -1.852816642604357966e+01
-1.841012388164731206e+01 -1.838664039913267345e+01 -1.840388723606483623e+01
-1.832518852037543411e+01 -1.831408389396596093e+01 -1.831923609887690318e+01
-8.253743267865266020e+00 -9.970179239665336368e+00 -7.232378751280183593e+00
-3.768718860130253923e+00 0.000000000000000000e+00 0.000000000000000000e+00
0.000000000000000000e+00 0.000000000000000000e+00 0.000000000000000000e+00
0.000000000000000000e+00 0.000000000000000000e+00 0.000000000000000000e+00
0.000000000000000000e+00 -3.923880619127592784e+00 -6.354330055408070166e+00
-1.844733205510210539e+01 -1.873716696918825875e+01 -1.858222567036544248e+01
-1.915659429744772879e+01 -1.916136168479425450e+01 -1.918871591864324344e+01
-1.935897732476862387e+01 -1.936565101071140305e+01 -1.936389337600692073e+01
-1.941519273363180531e+01 -1.943416937147373602e+01 -1.944764852843801961e+01
-1.951168350346796032e+01 -1.949104458446164401e+01 -1.952830871624617259e+01
-1.961104404539757340e+01 -1.962293624685633020e+01 -1.962551609160103894e+01
-1.966550326964059536e+01 -1.968610515341131872e+01 -1.971995009423221035e+01
-1.989997296469807608e+01 -1.986889667763016831e+01 -1.988448306057971493e+01
-1.988518356830418909e+01 -1.985775804615692763e+01 -1.982715340821365757e+01
-1.984130348769686236e+01 -1.982762388299829936e+01 -1.977409604023436174e+01
-1.970052642047537717e+01 -1.960330449215046400e+01 -1.951483327572053739e+01
-1.959065491983102447e+01 -1.951306721579857850e+01 -1.946912921172011224e+01
-1.913602301340699796e+01 -1.916267274690985900e+01 -1.899798733121239280e+01
-1.845645444792402046e+01 -1.837898753524228823e+01 -1.837497186538328364e+01
-1.826875919464274389e+01 -1.826552558293486683e+01 -1.825547281332943683e+01
-1.648407576220403215e+01 -1.646928996872561157e+01 -1.640450174667551053e+01
-3.936608641270107345e+00 -6.023638470757969543e+00 -3.962480938691374632e+00
0.000000000000000000e+00 0.000000000000000000e+00 0.000000000000000000e+00
0.000000000000000000e+00 0.000000000000000000e+00 0.000000000000000000e+00
-3.942341148120332761e+00 0.000000000000000000e+00 0.000000000000000000e+00
-1.856783205582768659e+01 -1.859161821527874991e+01 -1.863937594521529562e+01
-1.902168711926410083e+01 -1.915486327775544595e+01 -1.915519469657231966e+01
-1.928125809837704807e+01 -1.936649832918623915e+01 -1.938661783677927630e+01
-1.946366802573529853e+01 -1.947352208211791336e+01 -1.947329925326833688e+01
-1.954608671540629672e+01 -1.953159840963838434e+01 -1.955629331301992124e+01
-1.963608983852489231e+01 -1.963483276953573053e+01 -1.964349206351494814e+01
-1.969190911337373961e+01 -1.970600086018669472e+01 -1.970500322662075021e+01
-1.981951466106089299e+01 -1.988128751441636766e+01 -1.986597105226964999e+01
-1.983568082111167996e+01 -1.990180225834768279e+01 -1.989418631036514284e+01
-1.985941920788294723e+01 -1.985258893042557560e+01 -1.979107549540237088e+01
-1.975127541944134535e+01 -1.975900894526338902e+01 -1.969608363906424842e+01
-1.961775113116295088e+01 -1.961935714524629759e+01 -1.961578172798756370e+01
-1.925759432485007849e+01 -1.907881950909719393e+01 -1.911640942103960938e+01
-1.849181923241582481e+01 -1.842971134421140889e+01 -1.832971966533936481e+01
-1.818133112083886616e+01 -1.820106916022620069e+01 -1.817517571949717947e+01
-1.692435796292017258e+01 -1.670668370021946458e+01 -1.679543183805239437e+01
-3.897171749803446605e+00 -3.905416842395445176e+00 0.000000000000000000e+00
0.000000000000000000e+00 0.000000000000000000e+00 0.000000000000000000e+00
0.000000000000000000e+00 0.000000000000000000e+00 0.000000000000000000e+00
-3.917642588469192333e+00 -3.962009650278283779e+00 0.000000000000000000e+00
-1.838136629065630601e+01 -1.843597533740298644e+01 -1.843101567724344036e+01
-1.890589031909558670e+01 -1.892256408975032045e+01 -1.892642982254040263e+01
-1.936637590013476640e+01 -1.921117026680013495e+01 -1.936835792903395870e+01
-1.948896433849883181e+01 -1.951324935209562028e+01 -1.949761146673901990e+01
-1.959621858809687467e+01 -1.956570591752246813e+01 -1.956860137561466928e+01
-1.962550534234324218e+01 -1.962593220731855226e+01 -1.962660511949965070e+01
-1.970476935982848943e+01 -1.970493623892297919e+01 -1.971080657513751433e+01
-1.977102983372198963e+01 -1.980925911054797695e+01 -1.980891674344668019e+01
-1.982007441683347793e+01 -1.981009871962409719e+01 -1.982004054931903170e+01
-1.983107788159237472e+01 -1.983685943626745285e+01 -1.983678945638524738e+01
-1.976660172729307874e+01 -1.977085892428974745e+01 -1.975541613378069883e+01
-1.963692185823989789e+01 -1.963642013464806979e+01 -1.961350263157154217e+01
-1.936453513277124472e+01 -1.929447077001168509e+01 -1.934378489521022004e+01
-1.838880464086568267e+01 -1.855747321598954258e+01 -1.827874835134096188e+01
-1.813960334829627641e+01 -1.809832548072445491e+01 -1.811457621263644668e+01
-1.730138601896087280e+01 -1.718033545026258935e+01 -1.739123893592897474e+01
-3.830198089335481892e+00 -3.959680716525641131e+00 0.000000000000000000e+00
0.000000000000000000e+00 0.000000000000000000e+00 0.000000000000000000e+00
0.000000000000000000e+00 0.000000000000000000e+00 0.000000000000000000e+00
-3.851802715852162162e+00 -3.936236454933299100e+00 -3.881791833060530994e+00
-1.616252314774235188e+01 -1.621223318301967353e+01 -1.665423922736637508e+01
-1.862275424983855743e+01 -1.860981230684778609e+01 -1.868778672373845851e+01
-1.920883021139036018e+01 -1.898110766912474290e+01 -1.914379228500948571e+01
-1.945916125290042586e+01 -1.944761918536231349e+01 -1.945365231221030555e+01
-1.952072275897076636e+01 -1.952946212480029686e+01 -1.953665851463285463e+01
-1.961006516987956516e+01 -1.961704790702343359e+01 -1.961157819574962602e+01
-1.966958342683291860e+01 -1.966198761659381233e+01 -1.966403887920888138e+01
-1.970153773083625026e+01 -1.970297737266596982e+01 -1.969634936076266385e+01
-1.972026971365207260e+01 -1.973065259896914370e+01 -1.973152366862909091e+01
-1.972809239185079733e+01 -1.972745275349505434e+01 -1.972614989394920215e+01
-1.971529509479732667e+01 -1.971327221189682533e+01 -1.969486548757426192e+01
-1.962789152648599611e+01 -1.957219049816841405e+01 -1.959723823823368249e+01
-1.928277951307675764e+01 -1.925532840565646708e+01 -1.910260562133763074e+01
-1.841445661810191226e+01 -1.821668482294340663e+01 -1.827722831066823517e+01
-1.805990709813437789e+01 -1.807884581765693000e+01 -1.806798758461450305e+01
-1.675015750628088540e+01 -1.710942866271722451e+01 -1.661500222010096550e+01
-3.432575040505201347e+00 -3.971807754896657272e+00 -3.967681149242295646e+00
0.000000000000000000e+00 -3.329671087753105496e+00 0.000000000000000000e+00
0.000000000000000000e+00 0.000000000000000000e+00 0.000000000000000000e+00
-3.494385883755619204e+00 0.000000000000000000e+00 0.000000000000000000e+00
-6.065537460995097163e+00 -3.976964236468946812e+00 -7.038500399657817042e+00
-1.842435657061593801e+01 -1.841993986755837653e+01 -1.838096885001126424e+01
-1.875135098354462215e+01 -1.879492315212905496e+01 -1.881122401061953298e+01
-1.894039862627955273e+01 -1.932206851221676658e+01 -1.933155958532389818e+01
-1.947048790044507882e+01 -1.947686254513826043e+01 -1.948115908256065154e+01
-1.953101242184500208e+01 -1.954336075617823809e+01 -1.954961220638601560e+01
-1.956703931167840693e+01 -1.961068966658991997e+01 -1.961803339869008056e+01
-1.964690531139672203e+01 -1.963415158974079233e+01 -1.964866012176608479e+01
-1.967508525694334054e+01 -1.966925882669733738e+01 -1.967442849528658044e+01
-1.967374505313580002e+01 -1.968707878887570217e+01 -1.968707321937371901e+01
-1.964506837396192296e+01 -1.964591283307140657e+01 -1.964235197992728033e+01
-1.952786368469240230e+01 -1.952574942446983286e+01 -1.952680756687752606e+01
-1.863728419321434515e+01 -1.895318888860618500e+01 -1.897320021714838489e+01
-1.827758924566105492e+01 -1.829740694826710623e+01 -1.815720387615158771e+01
-1.782300799447546069e+01 -1.772739738635154794e+01 -1.775003794909367727e+01
-1.600427043760955570e+01 -1.593489338870225858e+01 -1.585446771642383368e+01
0.000000000000000000e+00 0.000000000000000000e+00 0.000000000000000000e+00
0.000000000000000000e+00 0.000000000000000000e+00 0.000000000000000000e+00
0.000000000000000000e+00 0.000000000000000000e+00 0.000000000000000000e+00
-3.831985341215417673e+00 -3.754031242734377827e+00 0.000000000000000000e+00
-3.925294694933044504e+00 -3.959552342138858538e+00 0.000000000000000000e+00
-1.609538397269906085e+01 -1.612519559313085082e+01 -1.572335006544341240e+01
-1.865351261120429527e+01 -1.816197285462750344e+01 -1.861903136545744886e+01
-1.892882581000099762e+01 -1.896377009421764726e+01 -1.899275877478519448e+01
-1.909880370464511046e+01 -1.939631262594344818e+01 -1.940355627674454553e+01
-1.947732863734954023e+01 -1.947523970761703538e+01 -1.946967193946490582e+01
-1.955575314027118594e+01 -1.956052961034204429e+01 -1.954696344524052520e+01
-1.959065795642659680e+01 -1.957493032549069056e+01 -1.957282493177080340e+01
-1.959229366908217074e+01 -1.959484860024682362e+01 -1.959636545991770973e+01
-1.960742039506284584e+01 -1.960463576862279567e+01 -1.960368862524887490e+01
-1.954662704644001892e+01 -1.955135693791745766e+01 -1.953556856334451908e+01
-1.932619590413981214e+01 -1.920706735695375755e+01 -1.933679544772215664e+01
-1.873104661519120029e+01 -1.849377583589745555e+01 -1.841237842772645550e+01
-1.797063577657192823e+01 -1.785115916807264114e+01 -1.790647395241592932e+01
-1.750299127169232705e+01 -1.757076338993144660e+01 -1.755031795651894200e+01
-8.914807860735431078e+00 -1.056068266293802971e+01 -1.023129031820912616e+01
-3.941831132088465139e+00 0.000000000000000000e+00 -3.928511328706443706e+00
0.000000000000000000e+00 0.000000000000000000e+00 0.000000000000000000e+00
0.000000000000000000e+00 0.000000000000000000e+00 0.000000000000000000e+00
-7.044077453128499755e+00 -3.807090600122288837e+00 0.000000000000000000e+00
0.000000000000000000e+00 0.000000000000000000e+00 0.000000000000000000e+00
0.000000000000000000e+00 -3.886181962692936143e+00 0.000000000000000000e+00
-1.821992405246098556e+01 -1.813779797139696726e+01 -1.820681708053842129e+01
-1.845107113396821319e+01 -1.852001231103383461e+01 -1.864094638259327752e+01
-1.890257994398639951e+01 -1.889604073893199399e+01 -1.907310858431042888e+01
-1.931176976167651560e+01 -1.905809621859224734e+01 -1.933566655219431851e+01
-1.939078268495932988e+01 -1.931242724652635445e+01 -1.939521223027873376e+01
-1.941514890627809109e+01 -1.944033390111766835e+01 -1.941296077135223186e+01
-1.941427114500785578e+01 -1.941500032598144898e+01 -1.941399712669207744e+01
-1.939638413272282946e+01 -1.947580530073074812e+01 -1.939700944010064632e+01
-1.930017567778644150e+01 -1.929645727664034993e+01 -1.909167609771853336e+01
-1.901836551520193552e+01 -1.880329009938954954e+01 -1.892542512038275149e+01
-1.831126018826338608e+01 -1.827890936301528413e+01 -1.818113741655654891e+01
-1.767652274068171181e+01 -1.764436739810980370e+01 -1.771617830495844004e+01
-1.569413481286244583e+01 -1.607475974230655780e+01 -1.649805917517369380e+01
-7.073126146992851915e+00 -3.905542641186913855e+00 -3.955601202308825393e+00
-3.732832070261564272e+00 -3.573118157642713566e+00 0.000000000000000000e+00
0.000000000000000000e+00 0.000000000000000000e+00 0.000000000000000000e+00
0.000000000000000000e+00 0.000000000000000000e+00 0.000000000000000000e+00
0.000000000000000000e+00 0.000000000000000000e+00 0.000000000000000000e+00
-7.092549017586720517e+00 -6.942134514891282748e+00 -3.940253231934198741e+00
-6.654409761876301843e+00 0.000000000000000000e+00 0.000000000000000000e+00
-3.660295190937183474e+00 -3.933322711828793672e+00 0.000000000000000000e+00
-1.867687263782272211e+01 -1.844255985981081025e+01 -1.844367709789098342e+01
-1.861322834839495499e+01 -1.870462329714097294e+01 -1.867846674178260713e+01
-1.883595985450109112e+01 -1.894107209330747210e+01 -1.887834783952256146e+01
-1.924264335258177283e+01 -1.916910471223828338e+01 -1.913862214635534187e+01
-1.923418897475817602e+01 -1.927307756751612544e+01 -1.927959372137744154e+01
-1.928326044970251019e+01 -1.938931681402232599e+01 -1.927909250352688986e+01
-1.925408878280777003e+01 -1.919324597796864396e+01 -1.919114696615544702e+01
-1.900852223768030314e+01 -1.896855572165764414e+01 -1.895633144011711479e+01
-1.844896489704053621e+01 -1.839768424614624820e+01 -1.828036733820107074e+01
-1.806079865098315196e+01 -1.788882353280542503e+01 -1.797840186303994869e+01
-1.795582435906601404e+01 -1.688374377279361482e+01 -1.669676238363347665e+01
-5.142642907940285113e+00 -8.249349476690571947e+00 -7.721611601569954964e+00
-3.875982564214319304e+00 -7.064885793425633054e+00 -3.934906527870841053e+00
-3.928140315418066741e+00 -3.853352438433923055e+00 -3.973261780014543554e+00
-3.976304727707815179e+00 0.000000000000000000e+00 0.000000000000000000e+00
0.000000000000000000e+00 0.000000000000000000e+00 0.000000000000000000e+00
-7.131768347071065328e+00 -3.953965289992611432e+00 -3.986243153714478016e+00
-3.956394600641292669e+00 0.000000000000000000e+00 -3.945604430973395083e+00
-3.954130021302013187e+00 -3.854441280612610488e+00 -5.735872848403209545e+00
-7.087569735050999853e+00 -6.716515644906926319e+00 -3.962423815123041759e+00
-7.081319167378943291e+00 -6.705395134980665972e+00 -7.124661814396702653e+00
-1.849259352772338261e+01 -1.845500378918923445e+01 -1.849717023664424076e+01
-1.863923172662497407e+01 -1.869332579315822329e+01 -1.869991688641564664e+01
-1.882230010182129831e+01 -1.887920096005730031e+01 -1.886818817376042645e+01
-1.896636520904335299e+01 -1.896304885090959047e+01 -1.891650366877265910e+01
-1.896488366410125792e+01 -1.897549801483622289e+01 -1.896662454458961022e+01
-1.896108649504465760e+01 -1.895341152902476622e+01 -1.897362768207422690e+01
-1.871490913163962588e+01 -1.866423448049715006e+01 -1.850045087373409558e+01
-1.813586082400432886e+01 -1.821332287878904310e+01 -1.792445465497026191e+01
-1.717813231520791817e+01 -1.682800635972881764e+01 -1.707999630192760776e+01
-1.407214279322822570e+01 -1.386954836580186701e+01 -1.347584718213251342e+01
-3.189248606149986287e+00 -3.926523782803444718e+00 -6.912119541797435929e+00
0.000000000000000000e+00 0.000000000000000000e+00 -3.885718429128998341e+00
0.000000000000000000e+00 0.000000000000000000e+00 -9.307936368839982322e+00
0.000000000000000000e+00 0.000000000000000000e+00 0.000000000000000000e+00
0.000000000000000000e+00 0.000000000000000000e+00 0.000000000000000000e+00
-3.442974440258565139e+00 0.000000000000000000e+00 0.000000000000000000e+00
-6.132048028359676550e+00 -6.919671645134015669e+00 -7.117597090123336301e+00
-3.961803883941537929e+00 -3.905751593737996963e+00 -3.363748382532661285e+00
-7.085120026283734163e+00 -3.968233270082678565e+00 -3.155995402203199074e+00
-3.875726696621293321e+00 -6.618094562498750832e+00 -3.910133448200211248e+00
-3.488689984475133343e+00 -3.932445223033980142e+00 -2.916019067916755692e+00
-1.856000416812151954e+01 -1.860190690370366084e+01 -1.857365660245775985e+01
-1.869619636307842470e+01 -1.872368065537040493e+01 -1.872707192592050518e+01
-1.880613767374785894e+01 -1.883412792335640518e+01 -1.882193750232003637e+01
-1.890376767745592446e+01 -1.892116361520272605e+01 -1.889319106312397523e+01
-1.862825878250006539e+01 -1.862366809348399954e+01 -1.851565008316075378e+01
-1.841359738861622120e+01 -1.842323983778321761e+01 -1.790559012266253447e+01
-1.727018764080257185e+01 -1.737726476679781129e+01 -1.695184932072259798e+01
-1.517411013505122419e+01 -1.556907266034022186e+01 -1.412300699262388548e+01
-4.727794700786230209e+00 -5.179811477796894437e+00 -8.681343090478792490e+00
-6.917139679828749443e+00 -3.885766684089537737e+00 -6.993204479713959643e+00
-3.954649318362049470e+00 -3.964732089075211352e+00 -3.961199520218642967e+00
-3.818105613195176495e+00 -3.916869625695400092e+00 -3.816511098352822540e+00
0.000000000000000000e+00 0.000000000000000000e+00 0.000000000000000000e+00
0.000000000000000000e+00 0.000000000000000000e+00 0.000000000000000000e+00
-3.697314081168503019e+00 -9.535765629310596125e+00 -3.938765683730270695e+00
-6.209335123405020695e+00 -3.889160645395117744e+00 -3.899853948327463460e+00
-6.773826373975743387e+00 -7.034739256413408803e+00 -7.104012602721596181e+00
-3.876898389686703084e+00 0.000000000000000000e+00 0.000000000000000000e+00
-3.905103167685520571e+00 -3.967099311513710980e+00 -6.816754729873067298e+00
0.000000000000000000e+00 0.000000000000000000e+00 -2.835863850155062593e+00
-3.973213573220710781e+00 -3.893710048339181107e+00 0.000000000000000000e+00
-1.832967995430651698e+01 -1.835540036983836387e+01 -1.840132847846883024e+01
-1.866327743813951656e+01 -1.869453224474514030e+01 -1.865561273031796929e+01
-1.869121453773015062e+01 -1.869237215590300849e+01 -1.869153678680806507e+01
-1.834189095866886987e+01 -1.832447764299218917e+01 -1.815334716976077445e+01
-1.700563869156379226e+01 -1.703380075150090178e+01 -1.672099228119358116e+01
-1.608982895632323462e+01 -1.623526839679941247e+01 -1.609113763747882331e+01
-1.087558571204240820e+01 -1.000865914810644597e+01 -1.157740346378749408e+01
-2.087531327046228569e+00 -3.886058061203505165e+00 -5.241908882077437326e+00
-3.910581716288571652e+00 0.000000000000000000e+00 -3.579043762664087414e+00
-3.973069760186902055e+00 -6.369317019915696321e+00 -7.131205333129269519e+00
-3.921336025094461775e+00 -3.970690881816654194e+00 0.000000000000000000e+00
-3.583178962377449928e+00 0.000000000000000000e+00 -3.705314711292399643e+00
0.000000000000000000e+00 0.000000000000000000e+00 0.000000000000000000e+00
0.000000000000000000e+00 0.000000000000000000e+00 0.000000000000000000e+00
-3.972554377085537602e+00 -3.954554749992968965e+00 0.000000000000000000e+00
0.000000000000000000e+00 0.000000000000000000e+00 -3.908641544251448163e+00
-6.997552933052940460e+00 -3.935339640125627980e+00 -3.854089559438253598e+00
-3.605746844664468487e+00 -3.853462651425354046e+00 0.000000000000000000e+00
-3.925231691502615750e+00 -3.925653867127938845e+00 -3.965297957416726415e+00
0.000000000000000000e+00 0.000000000000000000e+00 0.000000000000000000e+00
-6.816097587762682153e+00 -3.936310225579574773e+00 -6.982277850103547401e+00
-1.756814313483179646e+01 -1.735399295268718589e+01 -1.733376634060722310e+01
-1.757725485866725990e+01 -1.764122803883934409e+01 -1.756607001130551282e+01
-1.741156477898950783e+01 -1.735892167202667480e+01 -1.736602220362570748e+01
-1.627835901794263762e+01 -1.633490245552244602e+01 -1.599491089647795050e+01
-1.538998475685608724e+01 -1.526972760952511088e+01 -1.529687800001958919e+01
-8.959140472731041527e+00 -7.090164054957798889e+00 -6.849338375838734727e+00
-3.926586427805102808e+00 -3.600000000000000422e-01 -4.138962987213161249e+00
-3.962685812356527393e+00 -9.545357418999634191e+00 0.000000000000000000e+00
-3.953215968831434779e+00 0.000000000000000000e+00 -3.889111462221917392e+00
0.000000000000000000e+00 0.000000000000000000e+00 0.000000000000000000e+00
0.000000000000000000e+00 0.000000000000000000e+00 0.000000000000000000e+00
0.000000000000000000e+00 0.000000000000000000e+00 0.000000000000000000e+00
0.000000000000000000e+00 0.000000000000000000e+00 0.000000000000000000e+00
-3.891930909616934997e+00 0.000000000000000000e+00 -3.948666502071525919e+00
-3.938704700237511958e+00 0.000000000000000000e+00 0.000000000000000000e+00
-3.771606719443872269e+00 -7.149286216581327125e+00 -3.688625674050102887e+00
-3.923555594104402910e+00 0.000000000000000000e+00 0.000000000000000000e+00
-3.930989894645300353e+00 -3.131722139132035121e+00 -3.352448071616260350e+00
-6.992091174423258337e+00 -3.966860223747840308e+00 0.000000000000000000e+00
-3.866947386937476416e+00 -3.951450743390710230e+00 0.000000000000000000e+00
-3.972466541353895764e+00 0.000000000000000000e+00 0.000000000000000000e+00
0.000000000000000000e+00 0.000000000000000000e+00 0.000000000000000000e+00
0.000000000000000000e+00 -3.761496255253067744e+00 0.000000000000000000e+00
-7.046657739285675071e+00 -3.963982988165473564e+00 -3.950409570721365782e+00
-6.455624337676008295e+00 -3.929748966546578348e+00 0.000000000000000000e+00
-3.919835453252987101e+00 -3.952124951898142946e+00 0.000000000000000000e+00
-3.663950337829112502e+00 0.000000000000000000e+00 0.000000000000000000e+00
0.000000000000000000e+00 0.000000000000000000e+00 -3.943642783123316065e+00
-3.249717603460720916e+00 -3.890913230200025552e+00 -3.963120703960203883e+00
-3.830952087906680958e+00 -3.922061224724984640e+00 -3.950845797933943526e+00
0.000000000000000000e+00 0.000000000000000000e+00 0.000000000000000000e+00
0.000000000000000000e+00 0.000000000000000000e+00 0.000000000000000000e+00
0.000000000000000000e+00 0.000000000000000000e+00 0.000000000000000000e+00
0.000000000000000000e+00 0.000000000000000000e+00 0.000000000000000000e+00
0.000000000000000000e+00 0.000000000000000000e+00 0.000000000000000000e+00
0.000000000000000000e+00 0.000000000000000000e+00 0.000000000000000000e+00
0.000000000000000000e+00 0.000000000000000000e+00 0.000000000000000000e+00
0.000000000000000000e+00 0.000000000000000000e+00 0.000000000000000000e+00
0.000000000000000000e+00 0.000000000000000000e+00 0.000000000000000000e+00
0.000000000000000000e+00 0.000000000000000000e+00 0.000000000000000000e+00
0.000000000000000000e+00 0.000000000000000000e+00 0.000000000000000000e+00
0.000000000000000000e+00 0.000000000000000000e+00 0.000000000000000000e+00
0.000000000000000000e+00 0.000000000000000000e+00 0.000000000000000000e+00
0.000000000000000000e+00 0.000000000000000000e+00 0.000000000000000000e+00
0.000000000000000000e+00 0.000000000000000000e+00 0.000000000000000000e+00
0.000000000000000000e+00 0.000000000000000000e+00 0.000000000000000000e+00
0.000000000000000000e+00 0.000000000000000000e+00 0.000000000000000000e+00
0.000000000000000000e+00 0.000000000000000000e+00 0.000000000000000000e+00
0.000000000000000000e+00 0.000000000000000000e+00 0.000000000000000000e+00
0.000000000000000000e+00 0.000000000000000000e+00 0.000000000000000000e+00
0.000000000000000000e+00 0.000000000000000000e+00 0.000000000000000000e+00
