0.000000000000000000e+00 0.000000000000000000e+00 0.000000000000000000e+00
-4.997410463727138819e+00 0.000000000000000000e+00 0.000000000000000000e+00
-4.755182115821211752e+00 0.000000000000000000e+00 0.000000000000000000e+00
-6.246986465471010774e+00 -6.241297965259509972e+00 -6.163557775991890253e+00
-6.654956753763001664e+00 -6.665885163524761126e+00 -6.665890843768935703e+00
-6.658036612432714385e+00 -6.656470980848654406e+00 -6.658933390935482421e+00
-6.658422968146930465e+00 -6.656427308118368025e+00 -6.660945058812073327e+00
-6.665958209341102503e+00 -6.660379081707326065e+00 -6.659319019713240806e+00
-6.659452636281230298e+00 -6.661509501511410747e+00 -6.657677288074545174e+00
-6.659815076679139523e+00 -6.658990433801220021e+00 -6.660283439738886813e+00
-6.659748623730415318e+00 -6.659996752587717950e+00 -6.656917815014569584e+00
-6.652392462693059727e+00 -6.657700032267117152e+00 -6.658031415060066571e+00
-6.647981595197082427e+00 -6.658004322182168089e+00 -6.647820174929487180e+00
0.000000000000000000e+00 0.000000000000000000e+00 0.000000000000000000e+00
-4.998358260111326778e+00 -4.992115760165113159e+00 0.000000000000000000e+00
0.000000000000000000e+00 -4.565893104769854105e+00 0.000000000000000000e+00
0.000000000000000000e+00 0.000000000000000000e+00 0.000000000000000000e+00
0.000000000000000000e+00 0.000000000000000000e+00 -4.986602543733265946e+00
0.000000000000000000e+00 0.000000000000000000e+00 0.000000000000000000e+00
0.000000000000000000e+00 0.000000000000000000e+00 0.000000000000000000e+00
0.000000000000000000e+00 0.000000000000000000e+00 0.000000000000000000e+00
-4.989750507831881343e+00 -6.490813930910022123e+00 -4.999576364659794159e+00
-4.997590844218924744e+00 -6.561005444270813669e+00 0.000000000000000000e+00
-6.661472254095092360e+00 -6.643246697197261241e+00 -6.661865437721448124e+00
-6.659845479117032951e+00 -6.651147650789069665e+00 -6.653314797137729997e+00
-6.656188482165099174e+00 -6.658417687735063595e+00 -6.657633465332156497e+00
-6.657107014970752523e+00 -6.658198310132712017e+00 -6.658424834229259126e+00
-6.658080783859455565e+00 -6.652149860066169040e+00 -6.658352402637458312e+00
-6.625648317803337406e+00 -6.662644739218803736e+00 -6.663340504866630098e+00
-6.656982363498938682e+00 -6.628227345780236313e+00 -6.618000633968621038e+00
-6.649272580341315297e+00 -6.650177204812156795e+00 -6.641185825916352314e+00
-6.655315022826552962e+00 -6.655173304117180777e+00 -6.647370858749471978e+00
-6.653747047525096825e+00 -6.654461275164559098e+00 -6.642260928431897860e+00
-6.651529190822115467e+00 -6.649924158845673006e+00 -6.637782421305145952e+00
-4.997716642524082431e+00 0.000000000000000000e+00 -4.968015699186329570e+00
-4.860097135638881127e+00 -4.999929986116868008e+00 -6.225419499677040669e+00
-4.921946183660068641e+00 -4.998395127450489639e+00 0.000000000000000000e+00
0.000000000000000000e+00 -4.979210070882095884e+00 0.000000000000000000e+00
-4.935407945994484180e+00 -4.996397523414796815e+00 0.000000000000000000e+00
0.000000000000000000e+00 0.000000000000000000e+00 0.000000000000000000e+00
0.000000000000000000e+00 0.000000000000000000e+00 0.000000000000000000e+00
0.000000000000000000e+00 0.000000000000000000e+00 0.000000000000000000e+00
-1.998843430640329544e+00 -6.238630914017107010e+00 -6.243080391843492727e+00
-6.649218236822017403e+00 -6.666081649258552844e+00 -6.656472964404095194e+00
-6.658414721153176785e+00 -6.655920915146736228e+00 -6.658898957481373060e+00
-6.655330144552959126e+00 -6.655471892813130452e+00 -6.656668764519752202e+00
-6.654852898839644482e+00 -6.655673403129961585e+00 -6.656026222550383231e+00
-6.655597902810590050e+00 -6.656729209584796081e+00 -6.658183366125162372e+00
-6.658439096061325557e+00 -6.657733042078479713e+00 -6.658341379990083908e+00
-6.658030453057097731e+00 -6.657279260297717549e+00 -6.657731652351628782e+00
-6.657464082137092731e+00 -6.657172370014340146e+00 -6.656709402747387649e+00
-6.656313670966800267e+00 -6.656807064952172226e+00 -6.655529149736381989e+00
-6.638210650885037367e+00 -6.649965874562468571e+00 -6.656766782058761045e+00
-6.637526176367901876e+00 -6.649374010433866999e+00 -6.649221881179288474e+00
-6.628088720106735110e+00 -6.639263065230179173e+00 -6.646989888154046788e+00
-6.240734298357251575e+00 -6.247269350233148444e+00 -6.517111952361267058e+00
-4.994834039433674100e+00 -4.991322265068178332e+00 -6.208870191453008225e+00
-4.999548231281412569e+00 0.000000000000000000e+00 -4.996309919720994586e+00
-4.902372863980743567e+00 -4.994645681053167863e+00 -4.994696813466021013e+00
0.000000000000000000e+00 0.000000000000000000e+00 0.000000000000000000e+00
0.000000000000000000e+00 0.000000000000000000e+00 0.000000000000000000e+00
-4.996254367107052730e+00 -4.929092865085770825e+00 0.000000000000000000e+00
-6.460683330791316514e+00 -6.660659409385871754e+00 -6.656451444301847431e+00
-6.654221548100572647e+00 -6.654122440450106701e+00 -6.654430014827092066e+00
-6.656809200540497073e+00 -6.655490416455362102e+00 -6.654458278816938410e+00
-6.656787109009137282e+00 -6.654588664637348217e+00 -6.656141910322274313e+00
-6.659555145633059503e+00 -6.657601136892087546e+00 -6.657794090307400658e+00
-6.660625061582044815e+00 -6.660819084988233385e+00 -6.659045937414149741e+00
-6.659936157655617528e+00 -6.659939334278935696e+00 -6.659267827912019655e+00
-6.661026360754913611e+00 -6.660628466077219478e+00 -6.658659169690821500e+00
-6.659192906902546838e+00 -6.658787679207242682e+00 -6.657126644817112471e+00
-6.657532849191086122e+00 -6.656416150068556803e+00 -6.657606942725341703e+00
-6.656124943316984677e+00 -6.656360782129948639e+00 -6.644356735741752118e+00
-6.644445726575009203e+00 -6.653144330962889264e+00 -6.654438946715988124e+00
-6.618390188567896182e+00 -6.638752057925896288e+00 -6.628135729682055555e+00
-6.644089459225911654e+00 -6.628195390118096775e+00 -6.614723690908260956e+00
-4.991737906823722426e+00 -4.090555410024419025e+00 0.000000000000000000e+00
0.000000000000000000e+00 -7.500000000000000000e-01 0.000000000000000000e+00
-4.994290483197925568e+00 -6.249855032557810830e+00 -4.999976535416378987e+00
0.000000000000000000e+00 0.000000000000000000e+00 0.000000000000000000e+00
0.000000000000000000e+00 0.000000000000000000e+00 0.000000000000000000e+00
-4.999108748810640712e+00 -4.999616632728970167e+00 0.000000000000000000e+00
-6.647909859411266886e+00 -6.657763990295272549e+00 -6.665714413989877407e+00
-6.653603467023051721e+00 -6.656832724964787396e+00 -6.655171485446049751e+00
-6.655888816566374544e+00 -6.656634043311292714e+00 -6.657152199550610661e+00
-6.658281934181387030e+00 -6.658845802326172958e+00 -6.657921024194514814e+00
-6.661186877949445417e+00 -6.661382095058961283e+00 -6.659167645247304534e+00
-6.661304639986008524e+00 -6.661328680158819182e+00 -6.661322301541427571e+00
-6.661109573710847442e+00 -6.662405763639801748e+00 -6.664433532185208620e+00
-6.663489846052486065e+00 -6.665231170954423412e+00 -6.661086442746522174e+00
-6.659427067274785728e+00 -6.659876042203126012e+00 -6.657562705075921627e+00
-6.657496103091704143e+00 -6.665427352695411756e+00 -6.655611183708437295e+00
-6.664208935275745205e+00 -6.656130158570324973e+00 -6.657072562345122790e+00
-6.657535658852861360e+00 -6.656598386419068980e+00 -6.628263700135011760e+00
-6.658663648045192396e+00 -6.659274220178374115e+00 -6.630286465988576516e+00
-6.617625776985737396e+00 -6.606538039108529325e+00 -6.614939169929203722e+00
-6.641401582802026304e+00 -6.654749171870136593e+00 -6.592240705249619026e+00
-4.973473187271092222e+00 -4.986255916976192637e+00 0.000000000000000000e+00
-4.999478628037372197e+00 -4.979903318388566369e+00 -4.999688781158329931e+00
-4.987153541097311127e+00 0.000000000000000000e+00 0.000000000000000000e+00
0.000000000000000000e+00 0.000000000000000000e+00 0.000000000000000000e+00
0.000000000000000000e+00 0.000000000000000000e+00 0.000000000000000000e+00
-6.651269894262986426e+00 -6.649168858897377632e+00 -6.662109215416505137e+00
-6.656140304950004527e+00 -6.654588070767813335e+00 -6.657829325445764113e+00
-6.657879277520537542e+00 -6.657199787338389463e+00 -6.657777835944974854e+00
-6.661147098957618695e+00 -6.666458029824197773e+00 -6.661090214617038541e+00
-6.660526088825254654e+00 -6.659233332338693856e+00 -6.659529847677203129e+00
-6.663327786607798231e+00 -6.661182354155773311e+00 -6.665259242197316247e+00
-6.663154174517429418e+00 -6.664871752717036912e+00 -6.664805608832394590e+00
-6.661621723033057663e+00 -6.666173854639017904e+00 -6.666130159954005485e+00
-6.666293229175511925e+00 -6.665284218558557683e+00 -6.666266110017465607e+00
-6.666221861125912973e+00 -6.666206797701253350e+00 -6.658280299958489579e+00
-6.660327148387093388e+00 -6.662956705312726768e+00 -6.660526101466524906e+00
-6.664191468822947328e+00 -6.664633391445638821e+00 -6.650647045413423442e+00
-6.663801159876787672e+00 -6.663294560300571767e+00 -6.611951984271198235e+00
-6.620975902662503465e+00 -6.601142199183422932e+00 -6.640067084464441827e+00
-6.604662058367614108e+00 -6.609839591690485960e+00 -6.601837104137931789e+00
-6.546589950149446224e+00 -4.982634605745687395e+00 0.000000000000000000e+00
-6.204584627098242322e+00 -4.991641873686533337e+00 -4.999662386161233485e+00
0.000000000000000000e+00 0.000000000000000000e+00 0.000000000000000000e+00
0.000000000000000000e+00 0.000000000000000000e+00 0.000000000000000000e+00
-4.999970137383030533e+00 0.000000000000000000e+00 0.000000000000000000e+00
-6.621239793465079515e+00 -6.612657539499408266e+00 -6.653028560018243276e+00
-6.655489622213782042e+00 -6.658762227517025067e+00 -6.656963539019641551e+00
-6.658669820848863274e+00 -6.658850326537091746e+00 -6.660248303013119653e+00
-6.660000772288710458e+00 -6.663174442329328429e+00 -6.661633923397554113e+00
-6.659846672030449000e+00 -6.660727327615781235e+00 -6.665135474195389875e+00
-6.662361673622212876e+00 -6.663367436741856942e+00 -6.665575663714134791e+00
-6.662779363819291589e+00 -6.666220036197344712e+00 -6.663884655690782033e+00
-6.666650601535461185e+00 -6.666652068185079827e+00 -6.666652610908503362e+00
-6.666656185266880641e+00 -6.666656584329847313e+00 -6.666587414654758348e+00
-6.666583778600199572e+00 -6.666456107249337570e+00 -6.666582560250772005e+00
-6.666304232493363457e+00 -6.662017591301703234e+00 -6.661907789770151744e+00
-6.664544485748459479e+00 -6.663737309439114576e+00 -6.664666137042233984e+00
-6.665207999439891395e+00 -6.665527129529318806e+00 -6.654406017889961333e+00
-6.643164661287183748e+00 -6.651115789269292478e+00 -6.640386922740339593e+00
-6.640201533442771975e+00 -6.615865158182944405e+00 -6.632077961226845453e+00
-6.651461173186284270e+00 -6.635329517584302117e+00 -6.659808686002748779e+00
-6.228072695248279445e+00 -4.998562307222876200e+00 -4.999866492607166535e+00
0.000000000000000000e+00 0.000000000000000000e+00 0.000000000000000000e+00
0.000000000000000000e+00 0.000000000000000000e+00 0.000000000000000000e+00
0.000000000000000000e+00 0.000000000000000000e+00 0.000000000000000000e+00
-6.660649998649726733e+00 -6.592541272063018098e+00 -6.598898661849327496e+00
-6.655930913255995840e+00 -6.656694240807826901e+00 -6.659300148884383042e+00
-6.660353879334406813e+00 -6.663009008409678913e+00 -6.659445454191713409e+00
-6.661367785240221551e+00 -6.661683713890782066e+00 -6.661423305680442830e+00
-6.666578405968676790e+00 -6.660509234290922898e+00 -6.661195885437421360e+00
-6.662917358071156926e+00 -6.662487325459810705e+00 -6.665969285052162796e+00
-6.663589499475112810e+00 -6.662852931719618788e+00 -6.664410171143646977e+00
-6.666623042838594415e+00 -6.666646964744863624e+00 -6.666645123912628534e+00
-6.666639076380554307e+00 -6.666663902804423891e+00 -6.666663928391404426e+00
-6.666603476045329657e+00 -6.666469905532489193e+00 -6.666289276133062103e+00
-6.666316576018741280e+00 -6.666335525326454459e+00 -6.666260552779579740e+00
-6.665840260988486143e+00 -6.666020338103130882e+00 -6.665717990591431885e+00
-6.665969830145279218e+00 -6.663781490404819152e+00 -6.656657734724267250e+00
-6.661721589240067409e+00 -6.654465873232918049e+00 -6.654803440585739693e+00
-6.623736426012819756e+00 -6.617046748154429281e+00 -6.624067333279431757e+00
-6.653629331247620904e+00 -6.568201842178028826e+00 -6.639596065710208883e+00
-4.987389574393069402e+00 -4.994542740847482953e+00 -4.996068936665012394e+00
0.000000000000000000e+00 0.000000000000000000e+00 0.000000000000000000e+00
0.000000000000000000e+00 0.000000000000000000e+00 0.000000000000000000e+00
-6.249824308450628862e+00 -6.249934449855068408e+00 -6.556108270197553267e+00
-6.652136063621736817e+00 -6.575092096816119280e+00 -6.653911324488209544e+00
-6.656241780119051654e+00 -6.656102869036801373e+00 -6.663245620933858859e+00
-6.660594297854124157e+00 -6.660492347303486937e+00 -6.660234415570198685e+00
-6.661531331315377003e+00 -6.661879953916513664e+00 -6.661908027106593799e+00
-6.662399298248966595e+00 -6.662690729499685993e+00 -6.660901515875433887e+00
-6.661703555880159833e+00 -6.663996824627139937e+00 -6.665329612008116023e+00
-6.662327901089945215e+00 -6.664504680132523617e+00 -6.664492636049987873e+00
-6.664011856507686460e+00 -6.666362928273755983e+00 -6.666152931176501539e+00
-6.664431840081017633e+00 -6.665451275867631864e+00 -6.665444516918830331e+00
-6.666482457003722217e+00 -6.665224116453058123e+00 -6.666467223327329883e+00
-6.666014338345202184e+00 -6.666380734211919012e+00 -6.666359410307713063e+00
-6.666136943775605950e+00 -6.666195691441560101e+00 -6.665472126941932807e+00
-6.664236864573613417e+00 -6.664937894767876791e+00 -6.657618677874058477e+00
-6.663695115280704684e+00 -6.654766679544434460e+00 -6.654908267150676515e+00
-6.652990770556955091e+00 -6.636106533399763308e+00 -6.641253601824428365e+00
-6.633078205354749457e+00 -6.605976275249306973e+00 -6.634310831488853921e+00
-4.999775029081857447e+00 -4.999877347473031364e+00 -4.903337389848710259e+00
0.000000000000000000e+00 0.000000000000000000e+00 0.000000000000000000e+00
0.000000000000000000e+00 0.000000000000000000e+00 0.000000000000000000e+00
-4.669154146441089281e+00 -4.998204701797496874e+00 -4.999946171787681415e+00
-6.634757867261683373e+00 -6.650874932772032011e+00 -6.582809098432073291e+00
-6.660125043332620010e+00 -6.656998609049469273e+00 -6.658684945882644257e+00
-6.660917968736431050e+00 -6.660573372439314355e+00 -6.660513003080181349e+00
-6.661706573916585938e+00 -6.661658174441589253e+00 -6.661744109427596428e+00
-6.661922785435302252e+00 -6.662747094025133876e+00 -6.662663470065050220e+00
-6.663477208511830341e+00 -6.662882710967043209e+00 -6.663466744135712716e+00
-6.663538913747386161e+00 -6.664335470581735699e+00 -6.665438581365513038e+00
-6.665069109155644433e+00 -6.664084954551624307e+00 -6.665982389139754716e+00
-6.664057526682762855e+00 -6.665364432753597690e+00 -6.666189755306316300e+00
-6.665365341358024942e+00 -6.665403631634971404e+00 -6.666170327044024013e+00
-6.665554020147393288e+00 -6.666088659600595712e+00 -6.666078163985633687e+00
-6.665451926219111201e+00 -6.665002504311942744e+00 -6.666147920707032881e+00
-6.663003909096293143e+00 -6.666010644123840478e+00 -6.664966755808393373e+00
-6.662768259700814433e+00 -6.641419017372207634e+00 -6.663783384486539063e+00
-6.617936557269040065e+00 -6.644637346895283514e+00 -6.644917322694177564e+00
-6.648980090971684298e+00 -6.649996834429005688e+00 -6.625601757009233594e+00
-6.558241160242931578e+00 -6.246147896534485433e+00 -6.247143498334269296e+00
0.000000000000000000e+00 0.000000000000000000e+00 0.000000000000000000e+00
0.000000000000000000e+00 0.000000000000000000e+00 0.000000000000000000e+00
0.000000000000000000e+00 0.000000000000000000e+00 0.000000000000000000e+00
-4.987573748107536176e+00 -4.999106073571288000e+00 0.000000000000000000e+00
-6.657365464079363804e+00 -6.660552073307783871e+00 -6.661026003378652582e+00
-6.658560279815756822e+00 -6.657494759524276162e+00 -6.662942831871470517e+00
-6.649721204224400495e+00 -6.661319557356678800e+00 -6.661282966898032676e+00
-6.662691304624025257e+00 -6.662630116159245830e+00 -6.662492472856392567e+00
-6.662762942196826188e+00 -6.663326663817143114e+00 -6.663309680939303092e+00
-6.663832995323001995e+00 -6.663206481349214449e+00 -6.663912454549969056e+00
-6.663919043569724643e+00 -6.665771358955671744e+00 -6.665733407246001718e+00
-6.664422860505388790e+00 -6.666020058109461743e+00 -6.665780055825727857e+00
-6.665842486582919335e+00 -6.665288092319030078e+00 -6.665778761703565536e+00
-6.666036735509953459e+00 -6.665427571220364555e+00 -6.666057127955736128e+00
-6.666030594917033980e+00 -6.665538548562547128e+00 -6.665688037206749073e+00
-6.665536098124650088e+00 -6.660926983864328577e+00 -6.665668873694705177e+00
-6.660884997175346101e+00 -6.655771201052216313e+00 -6.622442016483152116e+00
-6.619487301208645036e+00 -6.648926848337707085e+00 -6.601538408581316908e+00
-6.634258543673575481e+00 -6.635931102993866126e+00 -6.634416398175449814e+00
-6.556254636989992335e+00 -4.996853828875035042e+00 -6.201315723177356354e+00
0.000000000000000000e+00 0.000000000000000000e+00 0.000000000000000000e+00
0.000000000000000000e+00 0.000000000000000000e+00 0.000000000000000000e+00
-6.233645560218969095e+00 -6.248862169032928904e+00 -6.249940523826356120e+00
-4.586316818231292558e+00 -4.999669828733559029e+00 -4.999839487475455257e+00
-6.623334154394598272e+00 -6.624456150468232885e+00 -6.614835724882849100e+00
-6.657678599467669933e+00 -6.657218124040601204e+00 -6.657651826772883474e+00
-6.664790739293684041e+00 -6.652450949848743633e+00 -6.664808385111816058e+00
-6.661687033140914593e+00 -6.656625228132871719e+00 -6.664415736919155009e+00
-6.661338453606461485e+00 -6.662825481964310015e+00 -6.661484294393804184e+00
-6.663058059923889331e+00 -6.665323198126460014e+00 -6.665323784375043026e+00
-6.664407270374086423e+00 -6.664175472391610455e+00 -6.662782410006440337e+00
-6.664358637375160654e+00 -6.665747898785376435e+00 -6.665807013436834794e+00
-6.664760761838724790e+00 -6.665902970020340490e+00 -6.665838504568123213e+00
-6.665941105152244361e+00 -6.664956522437761599e+00 -6.665459616155816391e+00
-6.665902883036787685e+00 -6.665442760153491797e+00 -6.664881339392794146e+00
-6.637915840751728247e+00 -6.665127535218019261e+00 -6.633933572115906507e+00
-6.654615639694910101e+00 -6.358891882749169611e+00 -6.641654957576553997e+00
-6.649518294972694754e+00 -6.648254438213575312e+00 -6.613852736515948294e+00
-4.999760014548462195e+00 -6.057058348052236418e+00 0.000000000000000000e+00
0.000000000000000000e+00 -4.999707906126722889e+00 0.000000000000000000e+00
0.000000000000000000e+00 0.000000000000000000e+00 -4.988180187154648948e+00
0.000000000000000000e+00 0.000000000000000000e+00 0.000000000000000000e+00
0.000000000000000000e+00 0.000000000000000000e+00 -4.999498603545394104e+00
0.000000000000000000e+00 -4.996135678822593462e+00 0.000000000000000000e+00
-4.990828720980912792e+00 -6.226278375464779913e+00 -4.999529507447063814e+00
-6.630174904449804174e+00 -6.655343380226169003e+00 -6.639628258034388608e+00
-6.660514250389580226e+00 -6.657730567715014480e+00 -6.660009596135552989e+00
-6.661804046944650892e+00 -6.662287757903330387e+00 -6.661863656932681010e+00
-6.661582883219438145e+00 -6.661415948512107832e+00 -6.664502703567005248e+00
-6.662262481197543273e+00 -6.665356251099847640e+00 -6.661921993185903723e+00
-6.662069815768474790e+00 -6.665581981493867048e+00 -6.664483259918210223e+00
-6.663346729943921076e+00 -6.665309197169502653e+00 -6.665038708052631655e+00
-6.664143865425756985e+00 -6.665683522867677624e+00 -6.665584009642460117e+00
-6.665866959360108979e+00 -6.665739002242134781e+00 -6.665219987934760226e+00
-6.664748884110230698e+00 -6.647453818898956257e+00 -6.665758105434991698e+00
-6.636722774974054495e+00 -6.647746608910445332e+00 -6.638838338831023478e+00
-6.603433174432780106e+00 -6.610513800319405497e+00 -6.366246980182546977e+00
-6.625961413240000653e+00 -6.644363623191972934e+00 -6.394378553784066277e+00
0.000000000000000000e+00 0.000000000000000000e+00 -6.233390998146975726e+00
-4.999911881409779824e+00 -6.249827599276294166e+00 -4.999954425771953481e+00
0.000000000000000000e+00 0.000000000000000000e+00 0.000000000000000000e+00
0.000000000000000000e+00 0.000000000000000000e+00 0.000000000000000000e+00
0.000000000000000000e+00 0.000000000000000000e+00 0.000000000000000000e+00
-6.248524688419797357e+00 -6.222169914985611783e+00 -4.999995940432106600e+00
0.000000000000000000e+00 0.000000000000000000e+00 -6.249039949989201759e+00
-4.998304684061257497e+00 0.000000000000000000e+00 -4.999925491143860867e+00
-6.662492031884817756e+00 -6.659633546055273357e+00 -6.656550565293140487e+00
-6.658422029508577644e+00 -6.661843522778343463e+00 -6.660677154794286459e+00
-6.661823714144468056e+00 -6.663060716244627812e+00 -6.660638300010493396e+00
-6.665455939485246617e+00 -6.661590314132986634e+00 -6.663695164310233565e+00
-6.662606984084204598e+00 -6.665823433552795940e+00 -6.665607521284112380e+00
-6.665832158902378346e+00 -6.665168198720831327e+00 -6.664767761228082676e+00
-6.664662637389905164e+00 -6.666004691519277436e+00 -6.666067868496016402e+00
-6.663871660946470321e+00 -6.662480390041104705e+00 -6.658906830180859160e+00
-6.655892472167135310e+00 -6.563473033900280917e+00 -6.653656315059300219e+00
-6.665129458692654829e+00 -6.664770471127587470e+00 -6.562865565724447237e+00
-6.629229373313636486e+00 -6.470996122215659341e+00 -6.516416699266709855e+00
-6.224926357242505759e+00 -6.229177036167778958e+00 0.000000000000000000e+00
-6.248223969012099310e+00 -6.249933428973745819e+00 -6.249959773657790763e+00
-6.562374245810866036e+00 -4.999855889480301130e+00 -6.069402264562560489e+00
0.000000000000000000e+00 0.000000000000000000e+00 0.000000000000000000e+00
0.000000000000000000e+00 0.000000000000000000e+00 0.000000000000000000e+00
-4.961043950821187209e+00 -4.994424921031938247e+00 -4.995261136797653378e+00
-4.997607083298685637e+00 -4.992197330245989662e+00 0.000000000000000000e+00
-4.992350058624125175e+00 -4.995454477284726025e+00 -6.246871733902904289e+00
-6.246760546526724411e+00 -6.231083145462745776e+00 -4.988853271584985372e+00
-6.237705022678360578e+00 -6.080304724543152517e+00 -4.999761401221105572e+00
-6.660493373845716825e+00 -6.662503311730121780e+00 -6.660967698110338731e+00
-6.662277400425876017e+00 -6.661847667984833521e+00 -6.663062987700683060e+00
-6.665793889678791828e+00 -6.661302306672148177e+00 -6.665088542774421754e+00
-6.662767720863756793e+00 -6.665877258211336809e+00 -6.665886798594192086e+00
-6.664525869117428059e+00 -6.665904309923300630e+00 -6.665901446432555666e+00
-6.665086593670399573e+00 -6.665647860162772886e+00 -6.665736763059681103e+00
-6.665714721843886359e+00 -6.660916748333428394e+00 -6.562437873563364832e+00
-6.648335012422895929e+00 -6.621054686103035714e+00 -6.550548852410530642e+00
-6.628260625416968921e+00 -6.613776914432653697e+00 -6.657862233811378871e+00
-6.147407096684618821e+00 -6.138676840892377307e+00 -5.442537140340308000e+00
-6.245029573387975041e+00 -4.992900354861000700e+00 0.000000000000000000e+00
-6.245690108722255829e+00 -4.999622116336914779e+00 0.000000000000000000e+00
-4.998198428489553535e+00 -4.985786916083363884e+00 -6.249972874094925857e+00
-4.998452035897649637e+00 0.000000000000000000e+00 0.000000000000000000e+00
0.000000000000000000e+00 0.000000000000000000e+00 0.000000000000000000e+00
-4.909063243548633437e+00 -4.999041885328251666e+00 0.000000000000000000e+00
-4.988833989594368745e+00 0.000000000000000000e+00 0.000000000000000000e+00
-4.975711003020418133e+00 -6.548806323590588008e+00 0.000000000000000000e+00
-4.964943399020407711e+00 -4.991200005492482106e+00 -4.996065467268373084e+00
-4.971703284574948256e+00 0.000000000000000000e+00 0.000000000000000000e+00
-4.999989403760016771e+00 -4.994352712448522524e+00 0.000000000000000000e+00
-6.661860463360017803e+00 -6.661705356324373994e+00 -6.662457209036329431e+00
-6.662204476302725276e+00 -6.664825239719822214e+00 -6.665565201092883640e+00
-6.664859007092388765e+00 -6.662411576440106842e+00 -6.665631342432196682e+00
-6.665573998866479499e+00 -6.665690151747068803e+00 -6.665704625885979340e+00
-6.586391312280483135e+00 -6.665135115077521988e+00 -6.664030602091822075e+00
-6.665172154489775735e+00 -6.661609481951911604e+00 -6.628234092481392281e+00
-6.595396690164501585e+00 -6.535115040633490580e+00 -6.453575372740163019e+00
-6.457229535269730647e+00 -5.013662036411426826e+00 -4.390708463517087878e+00
-4.999919022958096981e+00 -6.232608690398445006e+00 -6.088895210041050277e+00
-4.996117889346221475e+00 -4.997619674303116710e+00 -5.808870806719097502e+00
-6.629468778520669403e+00 0.000000000000000000e+00 0.000000000000000000e+00
0.000000000000000000e+00 -4.944574155146972849e+00 0.000000000000000000e+00
0.000000000000000000e+00 0.000000000000000000e+00 0.000000000000000000e+00
0.000000000000000000e+00 0.000000000000000000e+00 0.000000000000000000e+00
-6.203546355497725706e+00 -6.200345240318460682e+00 -4.999911822146284379e+00
-4.999860432431488810e+00 -4.999857582148370838e+00 0.000000000000000000e+00
-4.873570673603374814e+00 -4.999931833367069700e+00 -6.227516874650938838e+00
-4.998301502669556307e+00 -4.999443371122151092e+00 -4.999894443116736475e+00
-4.998014175527654146e+00 -6.232065126371320929e+00 -4.999844310763745803e+00
-4.935379911313220624e+00 -4.999683045484072608e+00 -4.999276920158187920e+00
-6.243267865577902143e+00 -4.997197408480118952e+00 -4.999816345216911095e+00
-6.655778042229122171e+00 -6.659485610907110775e+00 -6.662665477125649716e+00
-6.663807571406669794e+00 -6.665403090967759070e+00 -6.665421912443448171e+00
-6.664693900300983742e+00 -6.665377397448313701e+00 -6.665395403791002593e+00
-6.664841066094647104e+00 -6.610543795214089968e+00 -6.579434826994521757e+00
-6.612555565830996684e+00 -6.500189706987634430e+00 -6.524569974021946273e+00
-6.445566595291064793e+00 -6.333159106261972759e+00 -6.446776711333836118e+00
-5.295807515566226087e+00 -6.033192655923226511e+00 -5.858140511657358829e+00
-6.219277300301342848e+00 -4.999399147506954577e+00 -4.996624941002991704e+00
-4.999694207983128358e+00 -4.999308387466110837e+00 -4.999722312217067532e+00
-6.246644872505790147e+00 -6.560558093938594126e+00 -6.249932272520494436e+00
-4.998751721193631425e+00 -6.241944312620098856e+00 0.000000000000000000e+00
0.000000000000000000e+00 0.000000000000000000e+00 0.000000000000000000e+00
0.000000000000000000e+00 0.000000000000000000e+00 0.000000000000000000e+00
-4.993572392860114562e+00 -4.999986728861146368e+00 0.000000000000000000e+00
-6.219703955760723879e+00 -6.235194467800550200e+00 -4.998444087295272453e+00
-6.244309758058935955e+00 -4.999925898752054287e+00 -6.215711655938752855e+00
0.000000000000000000e+00 0.000000000000000000e+00 0.000000000000000000e+00
-4.999958251427467637e+00 0.000000000000000000e+00 -4.750597611157641786e+00
-4.980506909466924981e+00 -4.982008090209639306e+00 0.000000000000000000e+00
-4.999759517565689038e+00 0.000000000000000000e+00 -4.758058113304569403e+00
-6.213256068134755949e+00 -4.986634135988074590e+00 -4.969417870856434050e+00
-6.650158066998612227e+00 -6.656556376851929357e+00 -6.656891850500645802e+00
-6.645907740824333665e+00 -6.646858804041054114e+00 -6.651442393320166957e+00
-6.657022933677584575e+00 -6.657888351686938933e+00 -6.664046778995968090e+00
-6.661732524580507686e+00 -6.509543086893782693e+00 -6.505854756187550159e+00
-6.363530681362057351e+00 -6.446048988292927717e+00 -6.276631115364256885e+00
-6.561341562302123620e+00 -6.337840452567685467e+00 -6.573977035258975476e+00
-6.247662820588683275e+00 -4.999213711829702866e+00 -4.998549474929308012e+00
-4.997057157407120975e+00 -4.997631624245199689e+00 -4.999663364314908875e+00
0.000000000000000000e+00 0.000000000000000000e+00 0.000000000000000000e+00
0.000000000000000000e+00 0.000000000000000000e+00 0.000000000000000000e+00
0.000000000000000000e+00 0.000000000000000000e+00 0.000000000000000000e+00
0.000000000000000000e+00 0.000000000000000000e+00 0.000000000000000000e+00
-4.999585959798329426e+00 0.000000000000000000e+00 0.000000000000000000e+00
0.000000000000000000e+00 0.000000000000000000e+00 0.000000000000000000e+00
-4.999854673371104674e+00 0.000000000000000000e+00 -4.996219002261223174e+00
0.000000000000000000e+00 0.000000000000000000e+00 0.000000000000000000e+00
0.000000000000000000e+00 0.000000000000000000e+00 0.000000000000000000e+00
-6.218014212253820006e+00 0.000000000000000000e+00 0.000000000000000000e+00
-4.846156934026701890e+00 0.000000000000000000e+00 -4.969019688479370700e+00
-6.230408831849445050e+00 0.000000000000000000e+00 0.000000000000000000e+00
0.000000000000000000e+00 0.000000000000000000e+00 -4.984242126722401522e+00
-6.247197519333477445e+00 0.000000000000000000e+00 0.000000000000000000e+00
-6.249926263537981974e+00 -4.999992531144611618e+00 0.000000000000000000e+00
-4.882363581891846493e+00 -4.881612353206936206e+00 -4.994049088282336513e+00
0.000000000000000000e+00 0.000000000000000000e+00 0.000000000000000000e+00
-6.248424426003747811e+00 -4.837803020923897357e+00 0.000000000000000000e+00
-6.232578825914482756e+00 -4.998230585572824403e+00 -4.976221554397803004e+00
-4.985665116545851205e+00 0.000000000000000000e+00 0.000000000000000000e+00
0.000000000000000000e+00 0.000000000000000000e+00 0.000000000000000000e+00
0.000000000000000000e+00 0.000000000000000000e+00 -4.851383042269517887e+00
0.000000000000000000e+00 0.000000000000000000e+00 0.000000000000000000e+00
0.000000000000000000e+00 0.000000000000000000e+00 0.000000000000000000e+00
0.000000000000000000e+00 0.000000000000000000e+00 0.000000000000000000e+00
0.000000000000000000e+00 0.000000000000000000e+00 0.000000000000000000e+00
0.000000000000000000e+00 0.000000000000000000e+00 0.000000000000000000e+00
0.000000000000000000e+00 0.000000000000000000e+00 0.000000000000000000e+00
0.000000000000000000e+00 0.000000000000000000e+00 0.000000000000000000e+00
0.000000000000000000e+00 0.000000000000000000e+00 0.000000000000000000e+00
0.000000000000000000e+00 0.000000000000000000e+00 0.000000000000000000e+00
0.000000000000000000e+00 0.000000000000000000e+00 0.000000000000000000e+00
0.000000000000000000e+00 0.000000000000000000e+00 0.000000000000000000e+00
0.000000000000000000e+00 0.000000000000000000e+00 0.000000000000000000e+00
0.000000000000000000e+00 0.000000000000000000e+00 0.000000000000000000e+00
0.000000000000000000e+00 0.000000000000000000e+00 0.000000000000000000e+00
0.000000000000000000e+00 0.000000000000000000e+00 0.000000000000000000e+00
0.000000000000000000e+00 0.000000000000000000e+00 0.000000000000000000e+00
0.000000000000000000e+00 0.000000000000000000e+00 0.000000000000000000e+00
0.000000000000000000e+00 0.000000000000000000e+00 0.000000000000000000e+00
0.000000000000000000e+00 0.000000000000000000e+00 0.000000000000000000e+00
0.000000000000000000e+00 0.000000000000000000e+00 0.000000000000000000e+00
0.000000000000000000e+00 0.000000000000000000e+00 0.000000000000000000e+00
