0.000000000000000000e+00 0.000000000000000000e+00 0.000000000000000000e+00
-1.999999761581420898e+00 -1.999999999999886313e+00 0.000000000000000000e+00
-1.999999999941792339e+00 0.000000000000000000e+00 0.000000000000000000e+00
-1.999999999999985789e+00 -1.999999761581420898e+00 0.000000000000000000e+00
-1.999999992549419403e+00 -1.999999880790710449e+00 -1.999999996274709702e+00
-1.999999999883584678e+00 -1.999999992549419403e+00 -1.999999999068677425e+00
-1.999999999999772626e+00 -1.999999940395355225e+00 -1.999999999534338713e+00
-1.999999996274709702e+00 -1.999999998137354851e+00 -1.999999999970896170e+00
-1.999999999534338713e+00 -1.999999998137354851e+00 -1.999999999941792339e+00
-1.999999999068677425e+00 -1.999999999068677425e+00 -1.999999998137354851e+00
-1.999999999534338713e+00 -1.999999999534338713e+00 -1.999999999941792339e+00
-1.999999999999971578e+00 -1.999999999999985789e+00 -1.999999999941792339e+00
-1.999999999998181011e+00 -1.999999999999090505e+00 -1.999999985098838806e+00
0.000000000000000000e+00 0.000000000000000000e+00 -1.999999999999985789e+00
0.000000000000000000e+00 0.000000000000000000e+00 0.000000000000000000e+00
-1.999999999999090505e+00 0.000000000000000000e+00 0.000000000000000000e+00
-1.999999999941792339e+00 -1.999999999999090505e+00 -1.999998092651367188e+00
0.000000000000000000e+00 0.000000000000000000e+00 0.000000000000000000e+00
-1.999999999992724042e+00 -1.999999999999545253e+00 0.000000000000000000e+00
0.000000000000000000e+00 0.000000000000000000e+00 0.000000000000000000e+00
0.000000000000000000e+00 0.000000000000000000e+00 0.000000000000000000e+00
-1.999998092651367188e+00 -1.999999999883584678e+00 -1.999999999999996447e+00
-1.999999999883584678e+00 -1.999877929687500000e+00 -1.999999996274709702e+00
-1.999999999999998224e+00 -2.000000000000000000e+00 -1.999999999999090505e+00
-1.999999992549419403e+00 -1.999999999068677425e+00 -1.999999999970896170e+00
-1.999999970197677612e+00 -1.999999998137354851e+00 -1.999999999534338713e+00
-1.999999998137354851e+00 -1.999999998137354851e+00 -1.999999999767169356e+00
-1.999999996274709702e+00 -1.999999999985448085e+00 -1.999999999767169356e+00
-1.999999999534338713e+00 -1.999999996274709702e+00 -1.999999999985448085e+00
-1.999999999068677425e+00 -1.999999970197677612e+00 -1.999999998137354851e+00
-1.999999999068677425e+00 -1.999999999068677425e+00 -1.999999999534338713e+00
-1.999999999996362021e+00 -2.000000000000000000e+00 -1.999999999767169356e+00
-1.999999999999545253e+00 -1.999999999999999556e+00 -1.999999999999943157e+00
-1.999999999999999112e+00 -1.999999999999999778e+00 -1.999999999999998224e+00
-1.999999998137354851e+00 -1.999999999970896170e+00 -2.000000000000000000e+00
-1.999999999767169356e+00 -2.000000000000000000e+00 -2.000000000000000000e+00
-1.999999999999545253e+00 0.000000000000000000e+00 0.000000000000000000e+00
-1.999999999534338713e+00 0.000000000000000000e+00 0.000000000000000000e+00
-2.000000000000000000e+00 0.000000000000000000e+00 0.000000000000000000e+00
0.000000000000000000e+00 0.000000000000000000e+00 0.000000000000000000e+00
0.000000000000000000e+00 0.000000000000000000e+00 0.000000000000000000e+00
-1.999999999999943157e+00 -1.999999999998181011e+00 -1.999999999999996447e+00
-1.999999970197677612e+00 -1.999999999068677425e+00 -1.999999999998181011e+00
-1.999999996274709702e+00 -1.999999999999998224e+00 -2.000000000000000000e+00
-1.999999998137354851e+00 -1.999999999068677425e+00 -1.999999992549419403e+00
-1.999999996274709702e+00 -1.999999985098838806e+00 -1.999999996274709702e+00
-1.999999999996362021e+00 -1.999999999996362021e+00 -1.999999999534338713e+00
-1.999999999068677425e+00 -2.000000000000000000e+00 -1.999999999999999556e+00
-1.999999996274709702e+00 -2.000000000000000000e+00 -2.000000000000000000e+00
-2.000000000000000000e+00 -2.000000000000000000e+00 -2.000000000000000000e+00
-1.999999999999999778e+00 -2.000000000000000000e+00 -2.000000000000000000e+00
-2.000000000000000000e+00 -2.000000000000000000e+00 -2.000000000000000000e+00
-2.000000000000000000e+00 -2.000000000000000000e+00 -1.999999999999999556e+00
-1.999999999999999556e+00 -2.000000000000000000e+00 -1.999999999999999778e+00
-2.000000000000000000e+00 -2.000000000000000000e+00 -1.999999999970896170e+00
-1.999999880790710449e+00 -1.999999999996362021e+00 -1.999999992549419403e+00
-1.999999880790710449e+00 -1.999999999999090505e+00 -1.999999999970896170e+00
-1.999999998137354851e+00 -1.999999999996362021e+00 -1.999999999999971578e+00
-1.999999999996362021e+00 -1.999023437500000000e+00 -1.999999998137354851e+00
0.000000000000000000e+00 0.000000000000000000e+00 0.000000000000000000e+00
0.000000000000000000e+00 0.000000000000000000e+00 0.000000000000000000e+00
-1.999999999883584678e+00 -1.999999999534338713e+00 -1.999999999998181011e+00
-1.999999999999992895e+00 -1.999999999999772626e+00 -1.999999999985448085e+00
-1.999999970197677612e+00 -1.999999999992724042e+00 -1.999999999534338713e+00
-1.999999999992724042e+00 -1.999999999883584678e+00 -1.999999999883584678e+00
-1.999999996274709702e+00 -1.999999999996362021e+00 -1.999999999985448085e+00
-1.999999999534338713e+00 -1.999999999985448085e+00 -1.999999998137354851e+00
-2.000000000000000000e+00 -2.000000000000000000e+00 -2.000000000000000000e+00
-1.999999998137354851e+00 -2.000000000000000000e+00 -2.000000000000000000e+00
-2.000000000000000000e+00 -2.000000000000000000e+00 -2.000000000000000000e+00
-2.000000000000000000e+00 -2.000000000000000000e+00 -2.000000000000000000e+00
-2.000000000000000000e+00 -2.000000000000000000e+00 -2.000000000000000000e+00
-1.999999999999999556e+00 -2.000000000000000000e+00 -2.000000000000000000e+00
-1.999999999999999556e+00 -2.000000000000000000e+00 -2.000000000000000000e+00
-1.999999999999998224e+00 -2.000000000000000000e+00 -1.999999999999992895e+00
-1.999999999999998224e+00 -1.999999999999999112e+00 -1.999999999999999778e+00
-1.999999999996362021e+00 -1.999999999998181011e+00 -1.999999761581420898e+00
-1.999999999970896170e+00 0.000000000000000000e+00 0.000000000000000000e+00
-1.999999996274709702e+00 -1.999999999767169356e+00 -1.999999880790710449e+00
0.000000000000000000e+00 0.000000000000000000e+00 0.000000000000000000e+00
0.000000000000000000e+00 0.000000000000000000e+00 0.000000000000000000e+00
-1.999999999534338713e+00 -1.999999999985448085e+00 -1.999999999992724042e+00
-2.000000000000000000e+00 -1.999999999534338713e+00 -1.999999999767169356e+00
-1.999999999767169356e+00 -1.999999999767169356e+00 -1.999999999941792339e+00
-1.999999999941792339e+00 -1.999999999970896170e+00 -1.999999999985448085e+00
-1.999999999992724042e+00 -1.999999999068677425e+00 -1.999999999985448085e+00
-1.999999999999886313e+00 -1.999999999941792339e+00 -1.999999999999943157e+00
-1.999999999985448085e+00 -2.000000000000000000e+00 -2.000000000000000000e+00
-2.000000000000000000e+00 -2.000000000000000000e+00 -2.000000000000000000e+00
-1.999999999999999556e+00 -2.000000000000000000e+00 -2.000000000000000000e+00
-2.000000000000000000e+00 -2.000000000000000000e+00 -2.000000000000000000e+00
-1.999999999999998224e+00 -2.000000000000000000e+00 -2.000000000000000000e+00
-2.000000000000000000e+00 -2.000000000000000000e+00 -2.000000000000000000e+00
-2.000000000000000000e+00 -2.000000000000000000e+00 -1.999999999999999112e+00
-2.000000000000000000e+00 -1.999999999999998224e+00 -1.999999999999999778e+00
-1.999999999999996447e+00 -1.999999999999999556e+00 -1.999999999999999778e+00
-1.999999999999996447e+00 -1.999999999999998224e+00 -1.999999999999999556e+00
-1.999999998137354851e+00 -1.999999999999545253e+00 -1.999999999999943157e+00
-1.999999998137354851e+00 -1.999999999068677425e+00 -1.999999999767169356e+00
0.000000000000000000e+00 0.000000000000000000e+00 0.000000000000000000e+00
0.000000000000000000e+00 0.000000000000000000e+00 0.000000000000000000e+00
0.000000000000000000e+00 -1.999999999999971578e+00 0.000000000000000000e+00
-1.999999999992724042e+00 -1.999999996274709702e+00 -1.999999998137354851e+00
-2.000000000000000000e+00 -1.999999999999999778e+00 -1.999999999985448085e+00
-1.999999999985448085e+00 -1.999999999985448085e+00 -1.999999999941792339e+00
-1.999999999985448085e+00 -1.999999999985448085e+00 -1.999999999883584678e+00
-2.000000000000000000e+00 -2.000000000000000000e+00 -1.999999999999998224e+00
-2.000000000000000000e+00 -2.000000000000000000e+00 -2.000000000000000000e+00
-2.000000000000000000e+00 -2.000000000000000000e+00 -2.000000000000000000e+00
-1.999999999999999112e+00 -2.000000000000000000e+00 -2.000000000000000000e+00
-2.000000000000000000e+00 -1.999999999999999112e+00 -1.999999999999999556e+00
-1.999999999999999556e+00 -1.999999999999999556e+00 -1.999999999999999556e+00
-2.000000000000000000e+00 -1.999999999999999778e+00 -1.999999999999996447e+00
-1.999999999999999778e+00 -1.999999999999999556e+00 -1.999999999999999778e+00
-1.999999999999999556e+00 -1.999999999999999778e+00 -1.999999999999999778e+00
-1.999999999999999556e+00 -1.999999999999999778e+00 -1.999999999999999112e+00
-1.999999999999998224e+00 -1.999999999999999556e+00 -1.999999999999999556e+00
-1.999984741210937500e+00 -1.999999999068677425e+00 -1.999999999534338713e+00
-1.999999998137354851e+00 0.000000000000000000e+00 0.000000000000000000e+00
0.000000000000000000e+00 0.000000000000000000e+00 0.000000000000000000e+00
0.000000000000000000e+00 0.000000000000000000e+00 0.000000000000000000e+00
-1.999999999941792339e+00 0.000000000000000000e+00 0.000000000000000000e+00
-1.999999998137354851e+00 -1.999999999068677425e+00 -1.999999998137354851e+00
-1.999999999883584678e+00 -1.999999999941792339e+00 -1.999999999767169356e+00
-1.999999999970896170e+00 -1.999999999985448085e+00 -1.999999999985448085e+00
-1.999999999992724042e+00 -1.999999999996362021e+00 -1.999999999970896170e+00
-1.999999999999886313e+00 -1.999999999999998224e+00 -2.000000000000000000e+00
-2.000000000000000000e+00 -2.000000000000000000e+00 -2.000000000000000000e+00
-2.000000000000000000e+00 -2.000000000000000000e+00 -2.000000000000000000e+00
-2.000000000000000000e+00 -2.000000000000000000e+00 -2.000000000000000000e+00
-2.000000000000000000e+00 -1.999999999999999556e+00 -1.999999999999943157e+00
-2.000000000000000000e+00 -2.000000000000000000e+00 -1.999999999999996447e+00
-1.999999999999999556e+00 -1.999999999999999556e+00 -1.999999999999999556e+00
-1.999999999999999556e+00 -1.999999999999999556e+00 -1.999999999999999112e+00
-1.999999999999999778e+00 -1.999999999999992895e+00 -1.999999999999999556e+00
-1.999999999999999112e+00 -1.999999999999999556e+00 -1.999999999999999556e+00
-1.999999999999999556e+00 -1.999999999999999556e+00 -1.999999999999999556e+00
-1.999999985098838806e+00 -1.999999999999772626e+00 -1.999969482421875000e+00
-1.999999999883584678e+00 -1.999999999996362021e+00 -1.999999999970896170e+00
0.000000000000000000e+00 0.000000000000000000e+00 0.000000000000000000e+00
0.000000000000000000e+00 0.000000000000000000e+00 0.000000000000000000e+00
-1.999999999767169356e+00 -1.999999523162841797e+00 0.000000000000000000e+00
-1.999999996274709702e+00 -1.999999998137354851e+00 -2.000000000000000000e+00
-1.999999999767169356e+00 -1.999999999970896170e+00 -1.999999999985448085e+00
-1.999999999992724042e+00 -1.999999999992724042e+00 -1.999999999992724042e+00
-1.999999999996362021e+00 -1.999999999985448085e+00 -1.999999999992724042e+00
-1.999999999999971578e+00 -1.999999999999992895e+00 -1.999999999999985789e+00
-1.999999999999996447e+00 -1.999999999999999112e+00 -1.999999999999999112e+00
-2.000000000000000000e+00 -1.999999999999772626e+00 -2.000000000000000000e+00
-1.999999999999545253e+00 -2.000000000000000000e+00 -2.000000000000000000e+00
-1.999999999999971578e+00 -2.000000000000000000e+00 -1.999999999999772626e+00
-1.999999999999999112e+00 -1.999999999992724042e+00 -1.999999999999998224e+00
-1.999999999999985789e+00 -1.999999999999996447e+00 -1.999999999999996447e+00
-1.999999999999999778e+00 -1.999999999999996447e+00 -1.999999999999999556e+00
-1.999999999999996447e+00 -1.999999999999999556e+00 -1.999999999999992895e+00
-1.999999999999999556e+00 -1.999999999999999112e+00 -1.999999999999999112e+00
-1.999999999999999556e+00 -1.999999999999998224e+00 -1.999999999999999112e+00
-1.999999999767169356e+00 -1.999999970197677612e+00 -1.996093750000000000e+00
-1.999999999999999778e+00 -1.999999999999545253e+00 -1.998046875000000000e+00
0.000000000000000000e+00 0.000000000000000000e+00 0.000000000000000000e+00
0.000000000000000000e+00 0.000000000000000000e+00 0.000000000000000000e+00
-1.999999999941792339e+00 -1.999999999998181011e+00 0.000000000000000000e+00
-1.999999998137354851e+00 -1.999999996274709702e+00 -1.999999992549419403e+00
-1.999999999767169356e+00 -1.999999999985448085e+00 -1.999999999985448085e+00
-1.999999999996362021e+00 -1.999999999992724042e+00 -1.999999999992724042e+00
-1.999999999992724042e+00 -1.999999999992724042e+00 -1.999999999996362021e+00
-1.999999999992724042e+00 -1.999999999999943157e+00 -1.999999999999886313e+00
-1.999999999999999112e+00 -1.999999999999943157e+00 -1.999999999999999112e+00
-1.999999999999999112e+00 -1.999999999999996447e+00 -2.000000000000000000e+00
-1.999999999999943157e+00 -1.999999999999996447e+00 -1.999999999999996447e+00
-1.999999999999943157e+00 -1.999999999999996447e+00 -1.999999999999999778e+00
-1.999999999999999112e+00 -1.999999999999992895e+00 -1.999999999999992895e+00
-1.999999999999886313e+00 -1.999999999999998224e+00 -1.999999999999998224e+00
-1.999999999999999556e+00 -1.999999999999999556e+00 -1.999999999999992895e+00
-1.999999999999998224e+00 -1.999999999999998224e+00 -1.999999999999992895e+00
-1.999999999999999112e+00 -1.999999999999999112e+00 -1.999999999999992895e+00
-1.999999999999999112e+00 -1.999999999999999112e+00 -1.999999999999998224e+00
-1.999999999534338713e+00 -1.999999999996362021e+00 -1.999969482421875000e+00
-1.999999999999996447e+00 -1.999999999998181011e+00 -1.999999999999992895e+00
-1.999999880790710449e+00 0.000000000000000000e+00 0.000000000000000000e+00
0.000000000000000000e+00 0.000000000000000000e+00 0.000000000000000000e+00
0.000000000000000000e+00 0.000000000000000000e+00 0.000000000000000000e+00
-1.999511718750000000e+00 -1.998046875000000000e+00 -1.999999999999998224e+00
-1.999999992549419403e+00 -1.999999999985448085e+00 -1.999999999941792339e+00
-1.999999999996362021e+00 -1.999999999970896170e+00 -1.999999999992724042e+00
-1.999999999996362021e+00 -1.999999999998181011e+00 -1.999999999998181011e+00
-1.999999999996362021e+00 -1.999999999999943157e+00 -1.999999999999772626e+00
-1.999999999992724042e+00 -1.999999999999996447e+00 -1.999999999999985789e+00
-1.999999999999992895e+00 -1.999999999999992895e+00 -1.999999999999992895e+00
-1.999999999999992895e+00 -1.999999999999992895e+00 -1.999999999999971578e+00
-1.999999999999943157e+00 -1.999999999999996447e+00 -1.999999999999996447e+00
-1.999999999999992895e+00 -1.999999999999996447e+00 -1.999999999999996447e+00
-1.999999999999886313e+00 -1.999999999999992895e+00 -1.999999999999996447e+00
-1.999999999999998224e+00 -1.999999999999998224e+00 -1.999999999999971578e+00
-1.999999999999998224e+00 -1.999999999999996447e+00 -1.999999999999992895e+00
-1.999999999999943157e+00 -1.999999999999998224e+00 -1.999999999999998224e+00
-1.999999999999998224e+00 -1.999999999999998224e+00 -1.999999999999996447e+00
-1.999999999970896170e+00 -1.999999880790710449e+00 -1.999996185302734375e+00
0.000000000000000000e+00 -1.999999985098838806e+00 0.000000000000000000e+00
0.000000000000000000e+00 0.000000000000000000e+00 0.000000000000000000e+00
0.000000000000000000e+00 0.000000000000000000e+00 0.000000000000000000e+00
-1.999999992549419403e+00 0.000000000000000000e+00 0.000000000000000000e+00
-1.999969482421875000e+00 -1.999999999999996447e+00 -1.999999999999998224e+00
-1.999999999767169356e+00 -1.999999999941792339e+00 -1.999999999883584678e+00
-1.999999999992724042e+00 -1.999999999985448085e+00 -1.999999999992724042e+00
-1.999999999999090505e+00 -1.999999999999090505e+00 -1.999999999970896170e+00
-1.999999999998181011e+00 -1.999999999998181011e+00 -1.999999999999090505e+00
-1.999999999999545253e+00 -1.999999999999886313e+00 -1.999999999999772626e+00
-1.999999999999985789e+00 -1.999999999985448085e+00 -1.999999999999992895e+00
-1.999999999999985789e+00 -1.999999999999992895e+00 -1.999999999999992895e+00
-1.999999999999985789e+00 -1.999999999999985789e+00 -1.999999999999772626e+00
-1.999999999999943157e+00 -1.999999999999971578e+00 -1.999999999999971578e+00
-1.999999999999998224e+00 -1.999999999999985789e+00 -1.999999999999996447e+00
-1.999999999999992895e+00 -1.999999999999985789e+00 -1.999999999999971578e+00
-1.999999999999996447e+00 -1.999999999999996447e+00 -1.999999999999971578e+00
-1.999999999999996447e+00 -1.999999999999971578e+00 -1.999999999999996447e+00
-1.999999999999943157e+00 -1.999999999999992895e+00 -1.999999999999985789e+00
-1.999996185302734375e+00 -2.000000000000000000e+00 -1.999999999999999112e+00
-1.999999999970896170e+00 -1.999999999999943157e+00 -1.999999999999996447e+00
0.000000000000000000e+00 0.000000000000000000e+00 0.000000000000000000e+00
0.000000000000000000e+00 0.000000000000000000e+00 0.000000000000000000e+00
0.000000000000000000e+00 0.000000000000000000e+00 0.000000000000000000e+00
-1.999999999999943157e+00 -2.000000000000000000e+00 -1.999999999999772626e+00
-1.999999970197677612e+00 -1.999999999068677425e+00 -1.999998092651367188e+00
-1.999999999767169356e+00 -1.999999999992724042e+00 -1.999999999999545253e+00
-1.999999999998181011e+00 -1.999999999999090505e+00 -1.999999999996362021e+00
-1.999999999999545253e+00 -1.999999999992724042e+00 -1.999999999999090505e+00
-1.999999999998181011e+00 -1.999999999999090505e+00 -1.999999999999090505e+00
-1.999999999998181011e+00 -1.999999999999943157e+00 -1.999999999999772626e+00
-1.999999999999772626e+00 -1.999999999999545253e+00 -1.999999999999090505e+00
-1.999999999992724042e+00 -1.999999999999985789e+00 -1.999999999999772626e+00
-1.999999999999971578e+00 -1.999999999999772626e+00 -1.999999999999943157e+00
-1.999999999999772626e+00 -1.999999999999971578e+00 -1.999999999999971578e+00
-1.999999999999772626e+00 -1.999999999999985789e+00 -1.999999999999971578e+00
-1.999999999999985789e+00 -1.999999999999971578e+00 -1.999999999999992895e+00
-1.999999999999992895e+00 -1.999999999999943157e+00 -1.999999999999992895e+00
-1.999999999999999556e+00 -1.999999999999886313e+00 -1.999999999999545253e+00
-1.999999999999999112e+00 -1.999999999999998224e+00 -1.999999999999999556e+00
-1.992187500000000000e+00 -1.999999999534338713e+00 0.000000000000000000e+00
0.000000000000000000e+00 0.000000000000000000e+00 0.000000000000000000e+00
0.000000000000000000e+00 0.000000000000000000e+00 0.000000000000000000e+00
-1.999996185302734375e+00 -1.999999999068677425e+00 0.000000000000000000e+00
-1.999999999999772626e+00 -1.999999992549419403e+00 -1.999999970197677612e+00
-1.999999999999545253e+00 -1.999999999999999112e+00 0.000000000000000000e+00
-2.000000000000000000e+00 -1.999999523162841797e+00 -1.999999999999999556e+00
-1.999999999985448085e+00 -1.999999999996362021e+00 -1.999999999992724042e+00
-1.999999999999090505e+00 -1.999999999999090505e+00 -1.999999999999545253e+00
-1.999999999999090505e+00 -1.999999999999772626e+00 -1.999999999999772626e+00
-1.999999999999772626e+00 -1.999999999999090505e+00 -1.999999999999545253e+00
-1.999999999999545253e+00 -1.999999999999545253e+00 -1.999999999999772626e+00
-1.999999999999943157e+00 -1.999999999999545253e+00 -1.999999999999886313e+00
-1.999999999999772626e+00 -1.999999999999971578e+00 -1.999999999999943157e+00
-1.999999999999985789e+00 -1.999999999999985789e+00 -1.999999999999985789e+00
-1.999999999999971578e+00 -1.999999999999985789e+00 -1.999999999999971578e+00
-1.999999999999985789e+00 -1.999999999999985789e+00 -1.999999999999971578e+00
-1.999999999999943157e+00 -1.999999999996362021e+00 -1.999999999999772626e+00
-1.999996185302734375e+00 -1.999992370605468750e+00 -1.999755859375000000e+00
-1.999999999996362021e+00 -1.999999999999971578e+00 0.000000000000000000e+00
-1.999999998137354851e+00 -1.999999998137354851e+00 -1.999999999999943157e+00
0.000000000000000000e+00 0.000000000000000000e+00 0.000000000000000000e+00
0.000000000000000000e+00 0.000000000000000000e+00 0.000000000000000000e+00
0.000000000000000000e+00 0.000000000000000000e+00 0.000000000000000000e+00
-1.999999999985448085e+00 0.000000000000000000e+00 0.000000000000000000e+00
-1.999999999999971578e+00 -1.999999999996362021e+00 0.000000000000000000e+00
-1.999999999999772626e+00 0.000000000000000000e+00 0.000000000000000000e+00
-1.999999999999545253e+00 -1.999999999999090505e+00 -1.999999999883584678e+00
-1.999999999999090505e+00 -1.999999999992724042e+00 -1.999999999998181011e+00
-1.999999999998181011e+00 -1.999999999998181011e+00 -1.999999999996362021e+00
-1.999999999999545253e+00 -1.999999999999886313e+00 -1.999999999999772626e+00
-1.999999999999772626e+00 -1.999999999999943157e+00 -1.999999999999943157e+00
-1.999999999999886313e+00 -1.999999999999772626e+00 -1.999999999999971578e+00
-1.999999999999545253e+00 -1.999999999999985789e+00 -1.999999999999985789e+00
-1.999999999999985789e+00 -1.999999999999886313e+00 -1.999999999999985789e+00
-1.999999999999886313e+00 -1.999999999999943157e+00 -1.999999999999090505e+00
-1.999999999999772626e+00 -1.999999880790710449e+00 -1.999999999999943157e+00
-1.999999999534338713e+00 -1.999999998137354851e+00 -1.999999999998181011e+00
-1.999999999999971578e+00 -1.999999992549419403e+00 -1.999999999883584678e+00
0.000000000000000000e+00 -1.999877929687500000e+00 0.000000000000000000e+00
0.000000000000000000e+00 0.000000000000000000e+00 0.000000000000000000e+00
0.000000000000000000e+00 0.000000000000000000e+00 0.000000000000000000e+00
0.000000000000000000e+00 0.000000000000000000e+00 0.000000000000000000e+00
-1.999992370605468750e+00 -1.999999999068677425e+00 -1.999999999999996447e+00
-1.999999999999090505e+00 -1.999999999999999556e+00 0.000000000000000000e+00
-1.999999999998181011e+00 0.000000000000000000e+00 0.000000000000000000e+00
-1.999999999999999112e+00 -1.999999999941792339e+00 -1.999999999999999112e+00
-1.999999761581420898e+00 -1.999999999767169356e+00 -1.999999999883584678e+00
-1.999999999941792339e+00 -1.999999992549419403e+00 -1.999999999999772626e+00
-1.999999999996362021e+00 -1.999999999996362021e+00 -1.999999999996362021e+00
-1.999999999996362021e+00 -1.999999999999090505e+00 -1.999999999999545253e+00
-1.999999999999090505e+00 -1.999999999999886313e+00 -1.999999999999545253e+00
-1.999999999999090505e+00 -1.999999999999943157e+00 -1.999999999999943157e+00
-1.999999999999943157e+00 -1.999999999999886313e+00 -1.999999999999886313e+00
-1.999999999999772626e+00 -1.999999999999886313e+00 -1.999999999999886313e+00
-1.999999999999886313e+00 -1.999999999999772626e+00 -1.999999999941792339e+00
-1.999999999941792339e+00 -1.999999999999090505e+00 -1.999999999534338713e+00
-1.999999999999090505e+00 0.000000000000000000e+00 0.000000000000000000e+00
0.000000000000000000e+00 -1.999999999767169356e+00 0.000000000000000000e+00
-1.999992370605468750e+00 -1.999999523162841797e+00 -1.999999999999943157e+00
-1.999999999992724042e+00 0.000000000000000000e+00 0.000000000000000000e+00
0.000000000000000000e+00 0.000000000000000000e+00 0.000000000000000000e+00
0.000000000000000000e+00 0.000000000000000000e+00 0.000000000000000000e+00
-1.999999999767169356e+00 0.000000000000000000e+00 0.000000000000000000e+00
-1.999999999999943157e+00 -1.999999999999545253e+00 -1.999999999883584678e+00
-1.999755859375000000e+00 -1.999999999534338713e+00 -2.000000000000000000e+00
-1.999999880790710449e+00 -1.999999523162841797e+00 -1.999999999998181011e+00
-1.999999999883584678e+00 -1.999999999999999556e+00 0.000000000000000000e+00
-1.999999996274709702e+00 -1.999999999941792339e+00 -1.999999999534338713e+00
-1.999999999996362021e+00 -1.999999999941792339e+00 -1.999023437500000000e+00
-1.999999999992724042e+00 -1.999999999999943157e+00 -1.999999999985448085e+00
-1.999999999996362021e+00 -1.999999999996362021e+00 -1.999999999998181011e+00
-1.999999999996362021e+00 -1.999999999534338713e+00 -1.999999999534338713e+00
-1.999999999767169356e+00 -1.999999999767169356e+00 -1.999999999534338713e+00
-1.999999999999943157e+00 -1.999999992549419403e+00 -1.999999999767169356e+00
-1.999999880790710449e+00 -1.999938964843750000e+00 -1.999998092651367188e+00
-1.999998092651367188e+00 -1.999999999999992895e+00 -1.999999999068677425e+00
0.000000000000000000e+00 0.000000000000000000e+00 0.000000000000000000e+00
-1.999999999999772626e+00 0.000000000000000000e+00 0.000000000000000000e+00
-1.999999999999996447e+00 -1.999998092651367188e+00 -1.999999999534338713e+00
0.000000000000000000e+00 0.000000000000000000e+00 0.000000000000000000e+00
0.000000000000000000e+00 0.000000000000000000e+00 0.000000000000000000e+00
0.000000000000000000e+00 0.000000000000000000e+00 0.000000000000000000e+00
0.000000000000000000e+00 0.000000000000000000e+00 0.000000000000000000e+00
-1.999999992549419403e+00 -1.999999992549419403e+00 -1.999999970197677612e+00
-1.999999999970896170e+00 -1.999999999999999556e+00 0.000000000000000000e+00
-1.999999999534338713e+00 -1.999999999999772626e+00 -1.999999999999999556e+00
-1.999999999999772626e+00 -1.999999999999090505e+00 0.000000000000000000e+00
-1.999999999996362021e+00 -1.999999999883584678e+00 -1.999999999999999556e+00
-1.999999996274709702e+00 0.000000000000000000e+00 -1.999992370605468750e+00
-1.999999046325683594e+00 -1.999999999996362021e+00 -1.999999999999943157e+00
-2.000000000000000000e+00 -1.999999999767169356e+00 -1.999999999998181011e+00
-1.999999999999999556e+00 -1.999999880790710449e+00 -1.999999970197677612e+00
-1.999984741210937500e+00 -1.999999999999985789e+00 -1.999999999999999778e+00
-1.999999880790710449e+00 -1.999999761581420898e+00 -1.999999999992724042e+00
-1.999511718750000000e+00 -1.999999940395355225e+00 -1.000000000000000000e+00
0.000000000000000000e+00 -1.999999940395355225e+00 0.000000000000000000e+00
-1.999999992549419403e+00 -1.999999999999971578e+00 -1.999999998137354851e+00
-1.999999999999996447e+00 -1.999999999534338713e+00 -1.999999999534338713e+00
-1.999999999985448085e+00 -1.999999999999886313e+00 0.000000000000000000e+00
-1.999999999999090505e+00 0.000000000000000000e+00 0.000000000000000000e+00
0.000000000000000000e+00 0.000000000000000000e+00 0.000000000000000000e+00
0.000000000000000000e+00 0.000000000000000000e+00 0.000000000000000000e+00
0.000000000000000000e+00 0.000000000000000000e+00 0.000000000000000000e+00
-1.999999999767169356e+00 -1.999999999068677425e+00 0.000000000000000000e+00
-1.999999999999985789e+00 -1.999999999999772626e+00 0.000000000000000000e+00
-1.999999999883584678e+00 -1.999999999767169356e+00 -1.999999998137354851e+00
-1.999999998137354851e+00 -1.999999999999996447e+00 -1.999999999999090505e+00
-1.999999999992724042e+00 -1.999999999998181011e+00 -1.999999999970896170e+00
-1.999999999999971578e+00 -1.999999999998181011e+00 -1.999999999999985789e+00
-1.999999999985448085e+00 -1.999999999999971578e+00 0.000000000000000000e+00
-1.999511718750000000e+00 -1.999511718750000000e+00 -1.999877929687500000e+00
-1.999999999999992895e+00 -1.999984741210937500e+00 -1.999984741210937500e+00
-1.937500000000000000e+00 -1.998046875000000000e+00 -1.937500000000000000e+00
-1.999999999998181011e+00 -1.999999880790710449e+00 -1.999999880790710449e+00
-1.000000000000000000e+00 -1.000000000000000000e+00 -1.999999999068677425e+00
0.000000000000000000e+00 0.000000000000000000e+00 0.000000000000000000e+00
-1.999999970197677612e+00 -1.999999046325683594e+00 -1.999999999985448085e+00
0.000000000000000000e+00 0.000000000000000000e+00 0.000000000000000000e+00
-1.999999999998181011e+00 -1.999999999941792339e+00 0.000000000000000000e+00
-1.999999999992724042e+00 -1.999999999999992895e+00 0.000000000000000000e+00
-1.999999046325683594e+00 0.000000000000000000e+00 0.000000000000000000e+00
0.000000000000000000e+00 0.000000000000000000e+00 0.000000000000000000e+00
-1.999999999999971578e+00 0.000000000000000000e+00 0.000000000000000000e+00
-1.999999940395355225e+00 -1.999999999999971578e+00 -1.999999940395355225e+00
-1.999999761581420898e+00 -1.999999999996362021e+00 -1.999999999999999778e+00
-1.999999940395355225e+00 -1.999999996274709702e+00 0.000000000000000000e+00
0.000000000000000000e+00 0.000000000000000000e+00 -1.999992370605468750e+00
-1.999999970197677612e+00 0.000000000000000000e+00 0.000000000000000000e+00
-1.999999999985448085e+00 -1.999999999985448085e+00 -1.999999999998181011e+00
-1.999999999992724042e+00 0.000000000000000000e+00 0.000000000000000000e+00
-1.999999999985448085e+00 -1.999999761581420898e+00 -1.999999999999772626e+00
-1.999996185302734375e+00 -1.999999880790710449e+00 -1.999999999999985789e+00
-1.999999970197677612e+00 -1.999999880790710449e+00 -1.999999999883584678e+00
-1.999999999999992895e+00 0.000000000000000000e+00 -1.999999046325683594e+00
-1.999999999999985789e+00 0.000000000000000000e+00 -1.999999999996362021e+00
-1.999999970197677612e+00 -1.999999999998181011e+00 0.000000000000000000e+00
0.000000000000000000e+00 -1.999999940395355225e+00 0.000000000000000000e+00
-1.999999999941792339e+00 -1.999999999996362021e+00 0.000000000000000000e+00
0.000000000000000000e+00 0.000000000000000000e+00 0.000000000000000000e+00
-1.999999999534338713e+00 -1.999999999999886313e+00 0.000000000000000000e+00
0.000000000000000000e+00 0.000000000000000000e+00 0.000000000000000000e+00
0.000000000000000000e+00 0.000000000000000000e+00 0.000000000000000000e+00
0.000000000000000000e+00 0.000000000000000000e+00 0.000000000000000000e+00
0.000000000000000000e+00 0.000000000000000000e+00 0.000000000000000000e+00
0.000000000000000000e+00 0.000000000000000000e+00 0.000000000000000000e+00
0.000000000000000000e+00 0.000000000000000000e+00 0.000000000000000000e+00
0.000000000000000000e+00 0.000000000000000000e+00 0.000000000000000000e+00
0.000000000000000000e+00 0.000000000000000000e+00 0.000000000000000000e+00
0.000000000000000000e+00 0.000000000000000000e+00 0.000000000000000000e+00
0.000000000000000000e+00 0.000000000000000000e+00 0.000000000000000000e+00
0.000000000000000000e+00 0.000000000000000000e+00 0.000000000000000000e+00
0.000000000000000000e+00 0.000000000000000000e+00 0.000000000000000000e+00
0.000000000000000000e+00 0.000000000000000000e+00 0.000000000000000000e+00
0.000000000000000000e+00 0.000000000000000000e+00 0.000000000000000000e+00
0.000000000000000000e+00 0.000000000000000000e+00 0.000000000000000000e+00
0.000000000000000000e+00 0.000000000000000000e+00 0.000000000000000000e+00
0.000000000000000000e+00 0.000000000000000000e+00 0.000000000000000000e+00
0.000000000000000000e+00 0.000000000000000000e+00 0.000000000000000000e+00
0.000000000000000000e+00 0.000000000000000000e+00 0.000000000000000000e+00
0.000000000000000000e+00 0.000000000000000000e+00 0.000000000000000000e+00
0.000000000000000000e+00 0.000000000000000000e+00 0.000000000000000000e+00
