0.000000000000000000e+00 0.000000000000000000e+00 0.000000000000000000e+00
-2.666666666666666075e-01 -2.666666666666666075e-01 -2.666666666621517190e-01
-4.266666666661696472e-01 -2.666666666639513905e-01 0.000000000000000000e+00
-1.274692656395323365e+00 -1.274691543998461851e+00 -1.274691849587162862e+00
-1.333333305948917191e+00 -1.333333306493033055e+00 -1.333333309719208826e+00
-1.333333309169706160e+00 -1.333333305307652594e+00 -1.333333308879963708e+00
-1.333333295525930051e+00 -1.333333297588937594e+00 -1.333333295764382198e+00
-1.333333271662444419e+00 -1.333333254113133970e+00 -1.333333254454031502e+00
-1.333333226320343012e+00 -1.333333125107124539e+00 -1.333333136780529005e+00
-1.333333154099121565e+00 -1.333333143077398475e+00 -1.333333107413285257e+00
-1.333333328377815707e+00 -1.333333328350824409e+00 -1.333333324532512298e+00
-1.333333321778427116e+00 -1.333333319232240299e+00 -1.333333319489009128e+00
-1.333332815026430973e+00 -1.333332692324777469e+00 -1.333332773500795820e+00
0.000000000000000000e+00 0.000000000000000000e+00 0.000000000000000000e+00
0.000000000000000000e+00 -2.666666666666663854e-01 0.000000000000000000e+00
0.000000000000000000e+00 0.000000000000000000e+00 0.000000000000000000e+00
-2.666666666462808588e-01 0.000000000000000000e+00 -4.799999999993386224e-01
-2.666666666666129837e-01 0.000000000000000000e+00 0.000000000000000000e+00
-2.666666666663188856e-01 -2.666666666666666075e-01 0.000000000000000000e+00
0.000000000000000000e+00 0.000000000000000000e+00 0.000000000000000000e+00
0.000000000000000000e+00 0.000000000000000000e+00 0.000000000000000000e+00
-2.666666666666666075e-01 -4.799999999999950973e-01 -2.666666666666663299e-01
-6.506666666505440677e-01 -6.473008170711195275e-01 -4.788666006800194053e-01
-1.332231284549152184e+00 -1.331811851174826922e+00 -1.332101484645582534e+00
-1.333333323896313649e+00 -1.333333325236772726e+00 -1.333333324642655082e+00
-1.333333323556951999e+00 -1.333333323615059962e+00 -1.333333324506704498e+00
-1.333333318688463276e+00 -1.333333317235408932e+00 -1.333333316374661681e+00
-1.333333297646043691e+00 -1.333333287719201898e+00 -1.333333301130422255e+00
-1.333333288912066594e+00 -1.333333293370323691e+00 -1.333333253551903352e+00
-1.333333021917747718e+00 -1.333333014563708119e+00 -1.333332987353926802e+00
-1.333332854178123750e+00 -1.333332442344842717e+00 -1.333332462529906115e+00
-1.333331574516022133e+00 -1.333331306283042306e+00 -1.333331194690891675e+00
-1.333333332935033422e+00 -1.333333332956189832e+00 -1.333333332923568149e+00
-1.333333330696265140e+00 -1.333333331221091544e+00 -1.333333331001395727e+00
-7.835233940524525265e-01 -6.495416601292411940e-01 -6.499567123834782967e-01
0.000000000000000000e+00 0.000000000000000000e+00 -2.666666666634459060e-01
-4.799999999999959854e-01 -2.666666666666651642e-01 -4.799999998700837933e-01
-4.799999997256741979e-01 -2.666666666666664409e-01 0.000000000000000000e+00
-2.666666666582395706e-01 -6.506666666666636178e-01 -2.666666666666612229e-01
-2.666666666666664964e-01 0.000000000000000000e+00 0.000000000000000000e+00
0.000000000000000000e+00 0.000000000000000000e+00 0.000000000000000000e+00
0.000000000000000000e+00 0.000000000000000000e+00 0.000000000000000000e+00
-1.227358516280478540e+00 -1.211991753906979108e+00 -1.210138608723251075e+00
-1.333060831333776619e+00 -1.332991546244452152e+00 -1.333263546062871674e+00
-1.333333331087049878e+00 -1.333333330888359258e+00 -1.333333330765742453e+00
-1.333333330247182147e+00 -1.333333330538060801e+00 -1.333333330187336907e+00
-1.333333329925938227e+00 -1.333333329569887482e+00 -1.333333328423312203e+00
-1.333333330687499041e+00 -1.333333326186180612e+00 -1.333333330285003893e+00
-1.333333327113907840e+00 -1.333333326045840872e+00 -1.333333327241384980e+00
-1.333333325572960693e+00 -1.333333327027404147e+00 -1.333333325310558592e+00
-1.333333309142964662e+00 -1.333333307218192099e+00 -1.333333309412864986e+00
-1.333333267794209354e+00 -1.333333279001875038e+00 -1.333333261823065774e+00
-1.333333106634184473e+00 -1.333333115637873378e+00 -1.333333141480197215e+00
-1.333333325391170776e+00 -1.333333324700223921e+00 -1.333333318089954700e+00
-1.333333311508847707e+00 -1.333333317988193212e+00 -1.333333261444576312e+00
-9.829913566182532092e-01 -1.108772737437070832e+00 -1.049153317884949921e+00
-2.666666666666659968e-01 0.000000000000000000e+00 -2.666666666666361873e-01
-2.666663773327614950e-01 -2.666660675817302262e-01 -2.666666666666666075e-01
-2.666666666666644980e-01 0.000000000000000000e+00 0.000000000000000000e+00
0.000000000000000000e+00 0.000000000000000000e+00 0.000000000000000000e+00
0.000000000000000000e+00 0.000000000000000000e+00 0.000000000000000000e+00
-2.666666666666666075e-01 0.000000000000000000e+00 0.000000000000000000e+00
-1.332618289407403678e+00 -1.329476813668108326e+00 -1.332769259422292629e+00
-1.333270076346917410e+00 -1.333313308538643049e+00 -1.333313493321370169e+00
-1.333333332916959657e+00 -1.333333332686384765e+00 -1.333333332793797732e+00
-1.333333332532726567e+00 -1.333333332442951713e+00 -1.333333332478147337e+00
-1.333333333030183754e+00 -1.333333332927468362e+00 -1.333333332719800701e+00
-1.333333332597211207e+00 -1.333333332669817795e+00 -1.333333332781102110e+00
-1.333333332647233860e+00 -1.333333332234510671e+00 -1.333333332666983395e+00
-1.333333331416326484e+00 -1.333333331382329678e+00 -1.333333331232403385e+00
-1.333333326480022674e+00 -1.333333326257763130e+00 -1.333333326450181655e+00
-1.333333323414138905e+00 -1.333333323997448305e+00 -1.333333324219038163e+00
-1.333333311081474903e+00 -1.333333309402751521e+00 -1.333333311392932208e+00
-1.333333283370194744e+00 -1.333333278873218175e+00 -1.333333282420670729e+00
-1.333333252267284497e+00 -1.333333204618255552e+00 -1.333333219748012999e+00
-1.333332925476029995e+00 -1.333332958270050828e+00 -1.333332830883759312e+00
-4.797550387610157729e-01 -4.799999884629368996e-01 -6.506666666650982034e-01
-2.666666665954037785e-01 -2.666666666666631658e-01 -2.666666666666666075e-01
-4.799971870592626977e-01 -2.666666666648016548e-01 -2.666666666666644980e-01
-2.666666666666386298e-01 0.000000000000000000e+00 0.000000000000000000e+00
0.000000000000000000e+00 0.000000000000000000e+00 0.000000000000000000e+00
-2.666666666666666075e-01 -2.666666666665295504e-01 0.000000000000000000e+00
-1.333046420024413425e+00 -1.333082548271936396e+00 -1.333146920581115946e+00
-1.333326723233737798e+00 -1.333330201535521287e+00 -1.333329841021702489e+00
-1.333333333202698201e+00 -1.333333333225719564e+00 -1.333333333181830671e+00
-1.333333333273149401e+00 -1.333333333271481402e+00 -1.333333333254253406e+00
-1.333333333247070041e+00 -1.333333333277995303e+00 -1.333333333264343112e+00
-1.333333333245809715e+00 -1.333333333211268013e+00 -1.333333333220625638e+00
-1.333333333327220149e+00 -1.333333333307370916e+00 -1.333333333228168271e+00
-1.333333333321353953e+00 -1.333333333318971192e+00 -1.333333333318555081e+00
-1.333333333299586476e+00 -1.333333333297008538e+00 -1.333333333302115786e+00
-1.333333332840601626e+00 -1.333333332936448290e+00 -1.333333332878858801e+00
-1.333333327543349212e+00 -1.333333328096423687e+00 -1.333333327240894928e+00
-1.333333322201109672e+00 -1.333333322538439614e+00 -1.333333320162608526e+00
-1.333333222386871242e+00 -1.333333208171383344e+00 -1.333333228629150380e+00
-1.333333061776054818e+00 -1.333333129947165574e+00 -1.333331581662096754e+00
-1.333327748712431315e+00 -1.333328165328583115e+00 -1.333329492493462887e+00
-4.799862302221660215e-01 -2.666666666342937253e-01 -2.666666666578409450e-01
-4.799999999999998712e-01 -2.666666666666666075e-01 0.000000000000000000e+00
0.000000000000000000e+00 0.000000000000000000e+00 0.000000000000000000e+00
0.000000000000000000e+00 0.000000000000000000e+00 0.000000000000000000e+00
-6.497712162635220778e-01 -4.797804089757766177e-01 -4.796542307341435940e-01
-1.333277780862548223e+00 -1.333300631204262565e+00 -1.333273290885729212e+00
-1.333332370915155440e+00 -1.333332711776413548e+00 -1.333332717926954070e+00
-1.333333333307234359e+00 -1.333333333322528125e+00 -1.333333333311338853e+00
-1.333333333321235159e+00 -1.333333333321529590e+00 -1.333333333317556324e+00
-1.333333333318208691e+00 -1.333333333320065872e+00 -1.333333333312578528e+00
-1.333333333312218150e+00 -1.333333333332380244e+00 -1.333333333327981096e+00
-1.333333333333298842e+00 -1.333333333333300619e+00 -1.333333333333266646e+00
-1.333333333333309056e+00 -1.333333333333318160e+00 -1.333333333333298842e+00
-1.333333333333329485e+00 -1.333333333333328818e+00 -1.333333333332773707e+00
-1.333333333332988646e+00 -1.333333333333272863e+00 -1.333333333325233294e+00
-1.333333333303258428e+00 -1.333333333305154245e+00 -1.333333333280053212e+00
-1.333333330662740623e+00 -1.333333330617987311e+00 -1.333333330785302140e+00
-1.333333327685463088e+00 -1.333333327267404611e+00 -1.333333326526090490e+00
-1.333333320308769832e+00 -1.333333320404143318e+00 -1.333333298048648530e+00
-1.333333158369523153e+00 -1.333332735059324481e+00 -1.333333066232217590e+00
-7.870877631112404016e-01 -7.870978020640784223e-01 -7.871915601188753664e-01
0.000000000000000000e+00 0.000000000000000000e+00 0.000000000000000000e+00
0.000000000000000000e+00 0.000000000000000000e+00 0.000000000000000000e+00
0.000000000000000000e+00 0.000000000000000000e+00 0.000000000000000000e+00
-7.923093815449970823e-01 -3.733210131002415721e-01 -4.798925823574963223e-01
-1.333314434385215463e+00 -1.333330775601851315e+00 -1.333327137678233409e+00
-1.333333141144478207e+00 -1.333333172559404867e+00 -1.333333134331956105e+00
-1.333333333329400183e+00 -1.333333333327409775e+00 -1.333333333328640791e+00
-1.333333333331780057e+00 -1.333333333330801285e+00 -1.333333333331175652e+00
-1.333333333330535053e+00 -1.333333333331489401e+00 -1.333333333331198078e+00
-1.333333333333262205e+00 -1.333333333333254878e+00 -1.333333333333284187e+00
-1.333333333333331705e+00 -1.333333333333331483e+00 -1.333333333333332593e+00
-1.333333333333332371e+00 -1.333333333333332593e+00 -1.333333333333324155e+00
-1.333333333333332593e+00 -1.333333333333332593e+00 -1.333333333333332593e+00
-1.333333333333332593e+00 -1.333333333333332593e+00 -1.333333333333332593e+00
-1.333333333333311721e+00 -1.333333333333322601e+00 -1.333333333332567650e+00
-1.333333333331572890e+00 -1.333333333331597537e+00 -1.333333333330441572e+00
-1.333333333047562963e+00 -1.333333332998706489e+00 -1.333333332961027073e+00
-1.333333327079505137e+00 -1.333333327315386452e+00 -1.333332815591113052e+00
-1.333333137951123071e+00 -1.333332671528783875e+00 -1.333329261369996743e+00
-1.333319678796343499e+00 -1.333314768503588654e+00 -1.333327324472548314e+00
-2.666666666666666075e-01 -4.799999999999998712e-01 -4.799999999999958744e-01
0.000000000000000000e+00 0.000000000000000000e+00 0.000000000000000000e+00
0.000000000000000000e+00 0.000000000000000000e+00 0.000000000000000000e+00
-2.000000000000000111e-01 -2.666666666666666075e-01 -2.666666666666666075e-01
-1.333328669444614700e+00 -1.333330741796867613e+00 -1.333330202230894157e+00
-1.333333168299148275e+00 -1.333333259593346698e+00 -1.333333273206295910e+00
-1.333333316539359492e+00 -1.333333331975238512e+00 -1.333333333005431776e+00
-1.333333333280599442e+00 -1.333333333316909064e+00 -1.333333333331323090e+00
-1.333333333330687820e+00 -1.333333333332078263e+00 -1.333333333332049397e+00
-1.333333333333294402e+00 -1.333333333333287740e+00 -1.333333333333323267e+00
-1.333333333333331705e+00 -1.333333333333331705e+00 -1.333333333333332593e+00
-1.333333333333332593e+00 -1.333333333333332593e+00 -1.333333333333332593e+00
-1.333333333333332593e+00 -1.333333333333332593e+00 -1.333333333333332593e+00
-1.333333333333332593e+00 -1.333333333333332593e+00 -1.333333333333332593e+00
-1.333333333333332593e+00 -1.333333333333332593e+00 -1.333333333333332593e+00
-1.333333333333317494e+00 -1.333333333327933579e+00 -1.333333333333283077e+00
-1.333333333323605041e+00 -1.333333333288303724e+00 -1.333333333229708151e+00
-1.333333331686025858e+00 -1.333333331558552270e+00 -1.333333331547847056e+00
-1.333333267944256217e+00 -1.333333269186683046e+00 -1.333325142970782418e+00
-1.333318906544034288e+00 -1.333306542957519047e+00 -1.333303215280312815e+00
-2.666666666666666075e-01 -4.799999999128751194e-01 -2.666666666666666075e-01
0.000000000000000000e+00 0.000000000000000000e+00 0.000000000000000000e+00
0.000000000000000000e+00 0.000000000000000000e+00 0.000000000000000000e+00
-2.666666666666666075e-01 -2.666666666666666075e-01 0.000000000000000000e+00
-1.333333062663033530e+00 -1.333332667584171460e+00 -1.333333166576636364e+00
-1.333333164421853567e+00 -1.333333286714523558e+00 -1.333333289364956542e+00
-1.333333328380065019e+00 -1.333333330608239997e+00 -1.333333332137218941e+00
-1.333333333156068390e+00 -1.333333332914667491e+00 -1.333333333258277742e+00
-1.333333333324172587e+00 -1.333333333332492154e+00 -1.333333333331625736e+00
-1.333333333331965465e+00 -1.333333333333099002e+00 -1.333333333333143855e+00
-1.333333333333331261e+00 -1.333333333333331039e+00 -1.333333333333331483e+00
-1.333333333333332593e+00 -1.333333333333332593e+00 -1.333333333333332593e+00
-1.333333333333332593e+00 -1.333333333333332593e+00 -1.333333333333332593e+00
-1.333333333333332593e+00 -1.333333333333332593e+00 -1.333333333333332593e+00
-1.333333333333327264e+00 -1.333333333333332593e+00 -1.333333333333332593e+00
-1.333333333333328596e+00 -1.333333333333321047e+00 -1.333333333333313941e+00
-1.333333333321369052e+00 -1.333333333298756695e+00 -1.333333333212655791e+00
-1.333333327596104123e+00 -1.333333325448158080e+00 -1.333333326984725620e+00
-1.333333084350414977e+00 -1.333333077925846988e+00 -1.333333101174513757e+00
-1.333310473808086316e+00 -1.333267367742514198e+00 -1.333186258658768608e+00
-2.666666666666666075e-01 -2.666666666666666075e-01 0.000000000000000000e+00
0.000000000000000000e+00 0.000000000000000000e+00 0.000000000000000000e+00
0.000000000000000000e+00 0.000000000000000000e+00 0.000000000000000000e+00
-2.666666666666666075e-01 0.000000000000000000e+00 -4.799999999609949608e-01
-1.333066257243789909e+00 -1.333085200521840097e+00 -1.333108924463549450e+00
-1.333332907474693352e+00 -1.333332929341128459e+00 -1.333333234607708473e+00
-1.333333278413988410e+00 -1.333333292027695682e+00 -1.333333326352647008e+00
-1.333333323557293060e+00 -1.333333322102114860e+00 -1.333333330139053308e+00
-1.333333332949524941e+00 -1.333333333090385153e+00 -1.333333333241290664e+00
-1.333333333322944680e+00 -1.333333333295109169e+00 -1.333333333302340939e+00
-1.333333333325928516e+00 -1.333333333332166637e+00 -1.333333333331963022e+00
-1.333333333331718995e+00 -1.333333333333224902e+00 -1.333333333333239779e+00
-1.333333333333310389e+00 -1.333333333333274417e+00 -1.333333333333311277e+00
-1.333333333333324600e+00 -1.333333333333304171e+00 -1.333333333333228676e+00
-1.333333333333297732e+00 -1.333333333333316606e+00 -1.333333333333292847e+00
-1.333333333333201587e+00 -1.333333333333299286e+00 -1.333333333333291737e+00
-1.333333333310318114e+00 -1.333333333310810165e+00 -1.333333333309404622e+00
-1.333333296480264218e+00 -1.333333290267890714e+00 -1.333333291870700821e+00
-1.333330870144048719e+00 -1.333331973725824682e+00 -1.333328959569901162e+00
-1.332941105785025560e+00 -1.333073883750701016e+00 -1.332393189793545485e+00
-2.666666666666655527e-01 0.000000000000000000e+00 -4.799999999988535659e-01
0.000000000000000000e+00 0.000000000000000000e+00 0.000000000000000000e+00
0.000000000000000000e+00 0.000000000000000000e+00 0.000000000000000000e+00
0.000000000000000000e+00 0.000000000000000000e+00 -2.666666666665147289e-01
-6.486214470151994149e-01 -4.799999999999740030e-01 -6.499394814159008549e-01
-1.333331232125252175e+00 -1.333331343260031110e+00 -1.333331957665035539e+00
-1.333333234704264125e+00 -1.333333099925572141e+00 -1.333333198383170881e+00
-1.333333311899018714e+00 -1.333333318850343785e+00 -1.333333317341527824e+00
-1.333333326236619376e+00 -1.333333331863691740e+00 -1.333333329533015421e+00
-1.333333333124769871e+00 -1.333333333253261088e+00 -1.333333333206620175e+00
-1.333333333326229830e+00 -1.333333333282273880e+00 -1.333333333301498058e+00
-1.333333333325961600e+00 -1.333333333331639947e+00 -1.333333333332273218e+00
-1.333333333331980786e+00 -1.333333333333172499e+00 -1.333333333333110327e+00
-1.333333333331911064e+00 -1.333333333333208248e+00 -1.333333333333291515e+00
-1.333333333332170634e+00 -1.333333333333182269e+00 -1.333333333333096116e+00
-1.333333333332184178e+00 -1.333333333332064052e+00 -1.333333333331906845e+00
-1.333333333198247983e+00 -1.333333333195749981e+00 -1.333333333187423086e+00
-1.333333214909758535e+00 -1.333333221971842342e+00 -1.333333234010509294e+00
-1.333308458560414467e+00 -1.333326970373563292e+00 -1.333328321394478211e+00
-1.328051036470374591e+00 -1.329079325150714030e+00 -1.328997773724919007e+00
-2.666666666666663299e-01 -2.666666666666666075e-01 -4.799999985177356154e-01
0.000000000000000000e+00 0.000000000000000000e+00 0.000000000000000000e+00
0.000000000000000000e+00 0.000000000000000000e+00 0.000000000000000000e+00
-4.799999999999973177e-01 0.000000000000000000e+00 0.000000000000000000e+00
-4.799999999999980949e-01 -2.666666666666664964e-01 -2.666666666284860931e-01
-1.324654371620791027e+00 -1.326282092369131638e+00 -1.325397958418970346e+00
-1.333332769506247795e+00 -1.333332650569194922e+00 -1.333332750215420859e+00
-1.333333240751307880e+00 -1.333333244625822589e+00 -1.333333273204163838e+00
-1.333333313877962834e+00 -1.333333298637098707e+00 -1.333333294063851371e+00
-1.333333310264869453e+00 -1.333333327696801129e+00 -1.333333317689817443e+00
-1.333333330443404297e+00 -1.333333328975710774e+00 -1.333333330121753146e+00
-1.333333332484480271e+00 -1.333333333195834358e+00 -1.333333332668084958e+00
-1.333333333180668046e+00 -1.333333333318845959e+00 -1.333333333317410663e+00
-1.333333333319761449e+00 -1.333333333323130976e+00 -1.333333333328488246e+00
-1.333333333326907955e+00 -1.333333333329221881e+00 -1.333333333327424208e+00
-1.333333333327924475e+00 -1.333333333328492909e+00 -1.333333333327462844e+00
-1.333333324974840028e+00 -1.333333330666911953e+00 -1.333333330779437498e+00
-1.333332892339772258e+00 -1.333330558848204950e+00 -1.333323730914395933e+00
-1.333160944026107853e+00 -1.333168517816377685e+00 -1.333097255734135400e+00
-7.861156225122440944e-01 -8.918934171425534352e-01 -9.283127462979336997e-01
-2.666666666666357433e-01 -2.666666666666666075e-01 0.000000000000000000e+00
0.000000000000000000e+00 0.000000000000000000e+00 0.000000000000000000e+00
0.000000000000000000e+00 0.000000000000000000e+00 0.000000000000000000e+00
-2.666666666666666075e-01 -2.666666666666666075e-01 0.000000000000000000e+00
-2.666666666666662744e-01 -2.666666666666665519e-01 -4.799999999732265099e-01
0.000000000000000000e+00 -2.666666666666666075e-01 0.000000000000000000e+00
-1.333301655688416298e+00 -1.333300818617970229e+00 -1.333316878036528763e+00
-1.333333044264254585e+00 -1.333332850560371430e+00 -1.333332877589605836e+00
-1.333333220069840674e+00 -1.333333239638181400e+00 -1.333333227958393374e+00
-1.333333299972136121e+00 -1.333333294292162297e+00 -1.333333320858323345e+00
-1.333333328290068343e+00 -1.333333326798286755e+00 -1.333333330183535947e+00
-1.333333332169694962e+00 -1.333333332726453158e+00 -1.333333332926477155e+00
-1.333333333169914425e+00 -1.333333333194988590e+00 -1.333333333232080031e+00
-1.333333333301553569e+00 -1.333333333310588786e+00 -1.333333333308540203e+00
-1.333333333278421184e+00 -1.333333333283171163e+00 -1.333333333286360833e+00
-1.333333333265887877e+00 -1.333333333222473049e+00 -1.333333333280859456e+00
-1.333333319280204599e+00 -1.333333235248763682e+00 -1.333333319247127058e+00
-1.333327854536326962e+00 -1.333327759392039846e+00 -1.333195868463259215e+00
-1.332054833322082743e+00 -1.332127121722692209e+00 -1.331780677078786557e+00
-6.506666666464310245e-01 -6.506666666660939624e-01 -4.799999999999982059e-01
-2.666666666666665519e-01 -2.666624535173233723e-01 0.000000000000000000e+00
0.000000000000000000e+00 0.000000000000000000e+00 0.000000000000000000e+00
0.000000000000000000e+00 0.000000000000000000e+00 0.000000000000000000e+00
-2.666666666655442275e-01 -2.666666665505756373e-01 -2.666666666638101701e-01
-2.666666666666536734e-01 -4.799999426493608001e-01 -4.799999999999985389e-01
-2.666666466284499104e-01 -2.666666666666666075e-01 0.000000000000000000e+00
-6.506666666666631738e-01 -4.799999999860572464e-01 -4.799999999999936540e-01
-1.333331376790642731e+00 -1.333331535203793772e+00 -1.333332122811711207e+00
-1.333333222672875573e+00 -1.333333236189459203e+00 -1.333333232512214916e+00
-1.333333305980623607e+00 -1.333333312333021992e+00 -1.333333316094930110e+00
-1.333333330730195776e+00 -1.333333328794569672e+00 -1.333333331506912689e+00
-1.333333333012362232e+00 -1.333333332138047167e+00 -1.333333332768895874e+00
-1.333333333272593624e+00 -1.333333333007155508e+00 -1.333333333276296662e+00
-1.333333333177026292e+00 -1.333333333220960704e+00 -1.333333332550725281e+00
-1.333333333010771504e+00 -1.333333332300898677e+00 -1.333333333026003986e+00
-1.333333332980653596e+00 -1.333333333001433196e+00 -1.333333332482616651e+00
-1.333333045273792372e+00 -1.333331419928788675e+00 -1.333332421311675065e+00
-1.333147410787826059e+00 -1.332714416705761407e+00 -1.333109960276547712e+00
-1.178539575433826814e+00 -1.170467953602943867e+00 -1.153925813671522027e+00
-2.666666665757511656e-01 -2.666666666666666075e-01 -2.666666666666666075e-01
-2.666666666666661634e-01 -2.666666666665820640e-01 0.000000000000000000e+00
0.000000000000000000e+00 0.000000000000000000e+00 0.000000000000000000e+00
0.000000000000000000e+00 0.000000000000000000e+00 0.000000000000000000e+00
-2.666666666644080808e-01 0.000000000000000000e+00 0.000000000000000000e+00
-4.799999999620294666e-01 -6.365460495950803210e-01 -2.666666666664985197e-01
-2.666666666666666075e-01 0.000000000000000000e+00 0.000000000000000000e+00
-4.799999999999716715e-01 -2.666666666207949676e-01 0.000000000000000000e+00
-2.666666666666663299e-01 -2.666664600100746019e-01 -2.666601038821658776e-01
-1.333329400669452269e+00 -1.333327164242438245e+00 -1.333333104854367734e+00
-1.333333099971776070e+00 -1.333333076396233441e+00 -1.333332972108424830e+00
-1.333333275255493611e+00 -1.333333299095744495e+00 -1.333333296722164718e+00
-1.333333321255818715e+00 -1.333333322388262410e+00 -1.333333323304500606e+00
-1.333333329596045225e+00 -1.333333329827790514e+00 -1.333333329621915198e+00
-1.333333327953465819e+00 -1.333333325650639001e+00 -1.333333325121865309e+00
-1.333333328366282267e+00 -1.333333330417995288e+00 -1.333333330679967954e+00
-1.333333326061535651e+00 -1.333333328021901298e+00 -1.333333330515777515e+00
-1.333329619506820274e+00 -1.333329549853387253e+00 -1.333300608846352153e+00
-1.322267161124484058e+00 -1.313402668139876273e+00 -1.315286639897604193e+00
-2.666666666666634988e-01 0.000000000000000000e+00 0.000000000000000000e+00
-2.666666666666665519e-01 -2.666666666666610008e-01 -2.666666666666665519e-01
-2.666666666666561158e-01 -4.799999999999947642e-01 0.000000000000000000e+00
0.000000000000000000e+00 0.000000000000000000e+00 0.000000000000000000e+00
0.000000000000000000e+00 0.000000000000000000e+00 0.000000000000000000e+00
-2.666666666666651087e-01 0.000000000000000000e+00 -2.666666666666578922e-01
-4.799999999999973732e-01 -2.666666666666666075e-01 -2.666666666666666075e-01
-2.666666666666666075e-01 0.000000000000000000e+00 0.000000000000000000e+00
-4.799999999999831068e-01 -2.666666666666661634e-01 -2.666666666638939365e-01
-4.799999999999998712e-01 -2.666666666666664409e-01 -2.666666666666666075e-01
-7.861125746278300186e-01 -7.871999875610709019e-01 -8.958795419118938952e-01
-1.332114575629997688e+00 -1.332031613245042934e+00 -1.331979854941486963e+00
-1.333238453671328205e+00 -1.333292745395405543e+00 -1.333289809841609275e+00
-1.333324353325793910e+00 -1.333329986456349925e+00 -1.333330443692069656e+00
-1.333332535266472219e+00 -1.333332980150011338e+00 -1.333332895353212200e+00
-1.333333159132059631e+00 -1.333333184629238888e+00 -1.333333193266859951e+00
-1.333333290158902118e+00 -1.333333293506488326e+00 -1.333333307479396268e+00
-1.333333300570867630e+00 -1.333333221227851251e+00 -1.333333269959582124e+00
-1.333115097137481442e+00 -1.333141318052624591e+00 -1.332944932195390786e+00
-8.960023880901744064e-01 -9.600033045654126074e-01 -8.999729390059184597e-01
-2.666666666666666075e-01 -2.666666666666666075e-01 -4.799999999999929323e-01
-4.799999999999435274e-01 -2.666666666666666075e-01 0.000000000000000000e+00
-2.666666666658739082e-01 -2.666666666666664409e-01 0.000000000000000000e+00
0.000000000000000000e+00 0.000000000000000000e+00 0.000000000000000000e+00
0.000000000000000000e+00 0.000000000000000000e+00 0.000000000000000000e+00
-2.666666666666666075e-01 -2.666666666666666075e-01 -2.666666471179579001e-01
-4.799999999999935429e-01 -4.799999999999994271e-01 -2.666666666666665519e-01
-2.666666666666661634e-01 -4.799999999997578981e-01 -2.666666666666666075e-01
-2.666666666666661079e-01 0.000000000000000000e+00 0.000000000000000000e+00
-6.506666666666620635e-01 -6.506666661948565800e-01 -4.799999999999973732e-01
-2.666666666664216367e-01 -2.666666666666620555e-01 0.000000000000000000e+00
-2.666666666666666075e-01 -2.645333328531915273e-01 -2.654335995822187377e-01
-1.331668828470101928e+00 -1.333000670041141422e+00 -1.331953970016426902e+00
-1.333173385599849770e+00 -1.333300971355475539e+00 -1.333305154966604178e+00
-1.333321103807497465e+00 -1.333329338087776206e+00 -1.333329397113677928e+00
-1.333331667922968977e+00 -1.333332214398816662e+00 -1.333332449289695409e+00
-1.333333219746828835e+00 -1.333333305017963211e+00 -1.333333307603734363e+00
-1.333332780615006374e+00 -1.333332813107680481e+00 -1.333332419513306499e+00
-1.331504444304230983e+00 -1.330728289685433330e+00 -1.329173573493577676e+00
-2.666666666666343555e-01 -4.792205421248065811e-01 -2.666666666666646646e-01
-2.666666666666665519e-01 -2.666666666666632768e-01 -4.799999999999541855e-01
0.000000000000000000e+00 0.000000000000000000e+00 0.000000000000000000e+00
-2.666666666666303587e-01 -2.666666666666666075e-01 -2.666666666666666075e-01
0.000000000000000000e+00 0.000000000000000000e+00 0.000000000000000000e+00
0.000000000000000000e+00 0.000000000000000000e+00 0.000000000000000000e+00
-2.666666666666666075e-01 -2.666666666666666075e-01 0.000000000000000000e+00
-2.666666666666652197e-01 -2.666666666666664409e-01 -2.666666666666665519e-01
-4.799993936091861979e-01 -2.666666666666664409e-01 -2.666666666666666075e-01
-2.666666666666666075e-01 -2.666666666666531738e-01 -2.666666666666666075e-01
0.000000000000000000e+00 -2.666666666666644980e-01 0.000000000000000000e+00
-2.666666666666666075e-01 -4.799999999999980949e-01 0.000000000000000000e+00
-2.666666666666663299e-01 0.000000000000000000e+00 -2.666666666666654417e-01
-6.506654875849406938e-01 -4.799999999998184053e-01 -4.799999999999998712e-01
-1.333333317166964127e+00 -1.333272454050755673e+00 -1.333286735262641853e+00
-1.333307062812964849e+00 -1.333333332306604557e+00 -1.333333332431200002e+00
-1.333333055428152614e+00 -1.333333333247600949e+00 -1.333333333245485086e+00
-1.333333255077439050e+00 -1.333333242829301213e+00 -1.333333249484285998e+00
-1.333327503545036707e+00 -1.333327807917238150e+00 -1.333326871990829776e+00
-1.298788094535035187e+00 -1.299650620036492565e+00 -1.295803398839045162e+00
-2.666666666477858216e-01 0.000000000000000000e+00 0.000000000000000000e+00
-4.799999999999083888e-01 0.000000000000000000e+00 0.000000000000000000e+00
0.000000000000000000e+00 -2.666666666666666075e-01 0.000000000000000000e+00
-2.666666666666483998e-01 -4.799999999998662004e-01 -4.799999999999791656e-01
-2.666666666666665519e-01 0.000000000000000000e+00 0.000000000000000000e+00
0.000000000000000000e+00 0.000000000000000000e+00 0.000000000000000000e+00
0.000000000000000000e+00 0.000000000000000000e+00 0.000000000000000000e+00
0.000000000000000000e+00 -2.666666666666654417e-01 -2.666666666666640539e-01
-2.666666666666663854e-01 -2.666666666666663854e-01 0.000000000000000000e+00
-2.666666666599246671e-01 -2.666666636033714899e-01 -2.666666666666664964e-01
0.000000000000000000e+00 0.000000000000000000e+00 0.000000000000000000e+00
0.000000000000000000e+00 0.000000000000000000e+00 0.000000000000000000e+00
0.000000000000000000e+00 0.000000000000000000e+00 0.000000000000000000e+00
0.000000000000000000e+00 0.000000000000000000e+00 0.000000000000000000e+00
-2.666666666656082874e-01 -2.666666666666666075e-01 0.000000000000000000e+00
-2.666666666666250296e-01 -2.666666666180691481e-01 -2.666666666666664964e-01
-2.666666666666665519e-01 0.000000000000000000e+00 0.000000000000000000e+00
-2.666666666666665519e-01 -2.666666666666648311e-01 0.000000000000000000e+00
-2.666666666324040702e-01 0.000000000000000000e+00 0.000000000000000000e+00
0.000000000000000000e+00 -2.666666666431904420e-01 0.000000000000000000e+00
-2.666666666666666075e-01 0.000000000000000000e+00 -2.666666666659876506e-01
-2.666666666664345153e-01 -2.666666666666666075e-01 -2.666666663835666751e-01
-2.666666666666466790e-01 0.000000000000000000e+00 0.000000000000000000e+00
-2.666666666582784839e-01 -2.666666597608648437e-01 -2.666666666666520635e-01
0.000000000000000000e+00 0.000000000000000000e+00 0.000000000000000000e+00
0.000000000000000000e+00 0.000000000000000000e+00 0.000000000000000000e+00
0.000000000000000000e+00 0.000000000000000000e+00 0.000000000000000000e+00
0.000000000000000000e+00 0.000000000000000000e+00 0.000000000000000000e+00
0.000000000000000000e+00 0.000000000000000000e+00 0.000000000000000000e+00
0.000000000000000000e+00 0.000000000000000000e+00 0.000000000000000000e+00
0.000000000000000000e+00 0.000000000000000000e+00 0.000000000000000000e+00
0.000000000000000000e+00 0.000000000000000000e+00 0.000000000000000000e+00
0.000000000000000000e+00 0.000000000000000000e+00 0.000000000000000000e+00
0.000000000000000000e+00 0.000000000000000000e+00 0.000000000000000000e+00
0.000000000000000000e+00 0.000000000000000000e+00 0.000000000000000000e+00
0.000000000000000000e+00 0.000000000000000000e+00 0.000000000000000000e+00
0.000000000000000000e+00 0.000000000000000000e+00 0.000000000000000000e+00
0.000000000000000000e+00 0.000000000000000000e+00 0.000000000000000000e+00
0.000000000000000000e+00 0.000000000000000000e+00 0.000000000000000000e+00
0.000000000000000000e+00 0.000000000000000000e+00 0.000000000000000000e+00
0.000000000000000000e+00 0.000000000000000000e+00 0.000000000000000000e+00
0.000000000000000000e+00 0.000000000000000000e+00 0.000000000000000000e+00
0.000000000000000000e+00 0.000000000000000000e+00 0.000000000000000000e+00
0.000000000000000000e+00 0.000000000000000000e+00 0.000000000000000000e+00
0.000000000000000000e+00 0.000000000000000000e+00 0.000000000000000000e+00
