0.000000000000000000e+00 0.000000000000000000e+00 0.000000000000000000e+00
-1.983694104609540076e+01 0.000000000000000000e+00 0.000000000000000000e+00
0.000000000000000000e+00 0.000000000000000000e+00 0.000000000000000000e+00
0.000000000000000000e+00 -2.299568541948446665e+01 0.000000000000000000e+00
-3.377179590160161382e+01 -3.377179590160161382e+01 -3.508973716315973945e+01
-3.573883979152814305e+01 -3.573883979152814305e+01 -3.377179590160162093e+01
-3.377179590160162093e+01 -3.573883979152815016e+01 -3.573883979152815016e+01
-3.573883979152814305e+01 -3.310282414303193832e+01 -3.310282414303193832e+01
-3.508973716315974656e+01 -3.310282414303193832e+01 -3.573883979152815016e+01
-3.573883979152815016e+01 -2.894467727277075397e+01 -2.676966303456023155e+01
-3.443407794258560273e+01 -3.443407794258560273e+01 -3.310282414303193121e+01
-3.377179590160162093e+01 -3.377179590160161382e+01 -3.443407794258559562e+01
-3.573883979152815016e+01 -3.310282414303193121e+01 -3.638145139361286340e+01
-4.528433576092383817e+01 0.000000000000000000e+00 -3.035867819504261433e+01
-1.485422289051243716e+01 -3.638145139361286340e+01 -1.485422289051243716e+01
-2.750196640421462746e+01 -3.174454049896126406e+01 0.000000000000000000e+00
0.000000000000000000e+00 0.000000000000000000e+00 0.000000000000000000e+00
-3.888827604671345739e+01 0.000000000000000000e+00 0.000000000000000000e+00
-2.894467727277075397e+01 0.000000000000000000e+00 0.000000000000000000e+00
0.000000000000000000e+00 -2.299568541948446665e+01 0.000000000000000000e+00
0.000000000000000000e+00 0.000000000000000000e+00 0.000000000000000000e+00
-3.638145139361286340e+01 -3.377179590160161382e+01 -2.750196640421462746e+01
-2.299568541948446665e+01 0.000000000000000000e+00 0.000000000000000000e+00
-3.508973716315973945e+01 -3.764746051087996648e+01 -3.310282414303193121e+01
-3.573883979152814305e+01 -3.638145139361286340e+01 -3.508973716315973945e+01
-3.701763687967673633e+01 -3.638145139361287050e+01 -3.310282414303193832e+01
-3.377179590160162093e+01 -3.377179590160162093e+01 -3.105509141309218890e+01
-3.174454049896126762e+01 -3.377179590160162093e+01 -3.242709509397165846e+01
-3.508973716315974656e+01 -3.242709509397165846e+01 -3.443407794258560273e+01
-3.242709509397165846e+01 -3.508973716315974656e+01 -3.310282414303193832e+01
-3.443407794258560273e+01 -3.508973716315973945e+01 -3.105509141309218535e+01
-3.638145139361286340e+01 -3.174454049896126406e+01 -3.174454049896126406e+01
-3.377179590160161382e+01 -3.310282414303193832e+01 -3.105509141309218535e+01
-3.035867819504261433e+01 -3.105509141309218890e+01 -3.508973716315974656e+01
-2.221786406008531856e+01 -2.894467727277075042e+01 -4.473165228376145564e+01
-4.188335858818900448e+01 -3.377179590160161382e+01 0.000000000000000000e+00
-4.900142537504342499e+01 -3.949939328624632395e+01 -4.070335535985002196e+01
-3.638145139361286340e+01 -4.951141112129298705e+01 -4.246452500230711991e+01
-4.744035124744375054e+01 -4.129632180625151960e+01 -3.174454049896126406e+01
-5.150086297258366841e+01 0.000000000000000000e+00 0.000000000000000000e+00
0.000000000000000000e+00 0.000000000000000000e+00 0.000000000000000000e+00
-1.738313761644132782e+01 -1.738313761644132782e+01 0.000000000000000000e+00
-4.360948095476120301e+01 -3.764746051087997358e+01 -4.303987975228404395e+01
-3.035867819504261433e+01 -3.035867819504261078e+01 -3.508973716315973945e+01
-3.764746051087996648e+01 -3.764746051087996648e+01 -3.035867819504261433e+01
-3.310282414303193832e+01 -3.443407794258560273e+01 -3.310282414303193121e+01
-3.764746051087996648e+01 -3.105509141309218890e+01 -3.443407794258560273e+01
-3.443407794258559562e+01 -3.443407794258559562e+01 -3.443407794258560273e+01
-3.508973716315973945e+01 -3.377179590160161382e+01 -3.377179590160161382e+01
-3.443407794258559562e+01 -3.443407794258559562e+01 -3.174454049896126406e+01
-3.242709509397165135e+01 -3.174454049896126406e+01 -3.310282414303193121e+01
-3.174454049896126406e+01 -3.310282414303193121e+01 -3.310282414303193832e+01
-3.174454049896126406e+01 -3.174454049896126406e+01 -3.105509141309218535e+01
-3.105509141309218535e+01 -3.035867819504261078e+01 -3.035867819504261433e+01
-3.443407794258559562e+01 -2.965523050004304295e+01 -3.105509141309218890e+01
-3.827098590577116966e+01 -1.820930624027691280e+01 -3.310282414303193121e+01
-3.174454049896126406e+01 0.000000000000000000e+00 0.000000000000000000e+00
-1.399416453587114795e+01 -1.570568066160731036e+01 0.000000000000000000e+00
-3.573883979152814305e+01 -3.949939328624632395e+01 -3.174454049896126406e+01
0.000000000000000000e+00 0.000000000000000000e+00 0.000000000000000000e+00
0.000000000000000000e+00 0.000000000000000000e+00 0.000000000000000000e+00
-3.443407794258560273e+01 -2.676966303456022800e+01 -1.485422289051243894e+01
-2.970100000000002183e+00 -3.242709509397165135e+01 -3.573883979152814305e+01
-3.638145139361287050e+01 -3.701763687967673633e+01 -2.822694674017247962e+01
-3.105509141309218890e+01 -3.638145139361286340e+01 -3.105509141309218890e+01
-3.242709509397165135e+01 -3.174454049896126762e+01 -3.310282414303193121e+01
-3.310282414303193832e+01 -3.174454049896126762e+01 -3.443407794258560273e+01
-3.443407794258560273e+01 -3.443407794258559562e+01 -3.443407794258560273e+01
-3.508973716315973945e+01 -3.764746051087996648e+01 -3.174454049896126406e+01
-3.174454049896126406e+01 -3.764746051087996648e+01 -3.174454049896126406e+01
-3.443407794258559562e+01 -3.105509141309218535e+01 -3.443407794258559562e+01
-4.070335535985002196e+01 -3.174454049896126762e+01 -2.965523050004304295e+01
-3.174454049896126406e+01 -3.310282414303193832e+01 -3.105509141309218535e+01
-2.894467727277075042e+01 -3.174454049896126406e+01 -3.105509141309218535e+01
-3.105509141309218890e+01 -2.894467727277075042e+01 -3.105509141309218535e+01
-3.310282414303193832e+01 -2.894467727277075397e+01 -2.822694674017247607e+01
0.000000000000000000e+00 -2.376572856528961708e+01 -1.654862385499124144e+01
-2.376572856528961708e+01 -6.722772425621955961e+01 -3.174454049896126762e+01
-3.174454049896126406e+01 -4.360948095476120301e+01 -2.894467727277075042e+01
-3.035867819504261078e+01 -3.638145139361287050e+01 0.000000000000000000e+00
0.000000000000000000e+00 0.000000000000000000e+00 0.000000000000000000e+00
-3.827098590577116966e+01 -2.528279056684035098e+01 0.000000000000000000e+00
-2.894467727277075397e+01 -3.573883979152814305e+01 -3.638145139361286340e+01
-3.508973716315973945e+01 -2.965523050004304295e+01 -3.508973716315973945e+01
-3.035867819504261433e+01 -3.174454049896126406e+01 -3.105509141309218890e+01
-3.701763687967673633e+01 -3.242709509397165846e+01 -3.242709509397165846e+01
-3.174454049896126762e+01 -3.105509141309218890e+01 -3.174454049896126762e+01
-3.174454049896126762e+01 -3.701763687967673633e+01 -3.764746051087996648e+01
-3.701763687967673633e+01 -3.443407794258560273e+01 -3.638145139361286340e+01
-3.764746051087996648e+01 -3.377179590160161382e+01 -3.827098590577116966e+01
-4.129632180625151960e+01 -3.638145139361286340e+01 -3.508973716315973945e+01
-4.070335535985002906e+01 -4.070335535985002906e+01 -3.105509141309218890e+01
-3.105509141309218890e+01 -3.949939328624632395e+01 -3.508973716315973945e+01
-3.174454049896126406e+01 -3.105509141309218890e+01 -2.822694674017247607e+01
-3.035867819504261078e+01 -3.035867819504261433e+01 -2.822694674017247962e+01
-3.105509141309218890e+01 -2.894467727277075397e+01 -2.894467727277075397e+01
-3.174454049896126762e+01 -2.822694674017247962e+01 -3.174454049896126762e+01
0.000000000000000000e+00 0.000000000000000000e+00 -1.902721317787414179e+01
-3.508973716315974656e+01 -3.310282414303193121e+01 0.000000000000000000e+00
0.000000000000000000e+00 0.000000000000000000e+00 0.000000000000000000e+00
0.000000000000000000e+00 0.000000000000000000e+00 0.000000000000000000e+00
0.000000000000000000e+00 -1.654862385499123789e+01 0.000000000000000000e+00
-3.638145139361286340e+01 -3.638145139361286340e+01 -3.174454049896126406e+01
-3.242709509397165846e+01 -3.035867819504261433e+01 -3.174454049896126406e+01
-3.310282414303193832e+01 -3.035867819504261078e+01 -3.701763687967674343e+01
-3.105509141309218890e+01 -3.573883979152814305e+01 -3.242709509397165846e+01
-3.949939328624632395e+01 -3.174454049896126762e+01 -3.764746051087996648e+01
-3.701763687967673633e+01 -3.508973716315973945e+01 -3.764746051087996648e+01
-4.303987975228405105e+01 -3.949939328624632395e+01 -4.246452500230711991e+01
-4.303987975228405105e+01 -4.010439935338386164e+01 -4.246452500230711280e+01
-4.417338614521359830e+01 -4.129632180625151960e+01 -4.360948095476121011e+01
-4.246452500230711280e+01 -4.360948095476121011e+01 -2.822694674017247607e+01
-4.188335858818900448e+01 -4.188335858818901158e+01 -4.129632180625152671e+01
-2.822694674017247607e+01 -4.010439935338386874e+01 -4.303987975228405105e+01
-2.822694674017247607e+01 -3.310282414303193832e+01 -3.105509141309218535e+01
-2.965523050004304650e+01 -3.035867819504261433e+01 -2.676966303456023155e+01
-2.894467727277075397e+01 -2.822694674017247962e+01 -2.822694674017247607e+01
-2.750196640421462391e+01 -2.376572856528962063e+01 -4.303987975228404395e+01
-4.129632180625151960e+01 0.000000000000000000e+00 -1.046617457412835783e+01
0.000000000000000000e+00 0.000000000000000000e+00 0.000000000000000000e+00
0.000000000000000000e+00 0.000000000000000000e+00 0.000000000000000000e+00
0.000000000000000000e+00 -1.820930624027691280e+01 -3.827098590577116966e+01
-5.851985059900002284e+00 -3.443407794258559562e+01 -3.701763687967673633e+01
-3.310282414303193832e+01 -3.035867819504261433e+01 -3.701763687967673633e+01
-3.105509141309218890e+01 -3.242709509397165135e+01 -3.035867819504261433e+01
-3.035867819504261433e+01 -3.035867819504261433e+01 -3.377179590160162093e+01
-3.242709509397165846e+01 -3.573883979152815016e+01 -4.070335535985002906e+01
-4.129632180625151960e+01 -3.701763687967673633e+01 -3.949939328624633106e+01
-4.188335858818901158e+01 -4.246452500230711991e+01 -3.949939328624633106e+01
-4.900142537504343210e+01 -4.900142537504343210e+01 -4.796594773496931907e+01
-5.198585434285784146e+01 -4.796594773496931907e+01 -5.150086297258367551e+01
-4.246452500230711991e+01 -4.188335858818901158e+01 -4.246452500230711991e+01
-4.246452500230711991e+01 -4.188335858818900448e+01 -4.188335858818901158e+01
-2.894467727277075042e+01 -4.129632180625151960e+01 -4.070335535985002196e+01
-2.822694674017247607e+01 -3.508973716315973945e+01 -2.676966303456022800e+01
-2.965523050004304650e+01 -2.965523050004304650e+01 -2.750196640421462391e+01
-2.822694674017247962e+01 -2.822694674017247962e+01 -2.822694674017247962e+01
-3.949939328624632395e+01 -3.035867819504261078e+01 -3.105509141309218535e+01
-4.583149240331459850e+01 -4.360948095476120301e+01 -3.949939328624632395e+01
-4.473165228376146274e+01 0.000000000000000000e+00 0.000000000000000000e+00
0.000000000000000000e+00 0.000000000000000000e+00 0.000000000000000000e+00
-3.508973716315974656e+01 0.000000000000000000e+00 0.000000000000000000e+00
-3.443407794258559562e+01 -2.528279056684035098e+01 -3.764746051087996648e+01
-3.242709509397165135e+01 -3.242709509397165135e+01 -3.242709509397165846e+01
-3.573883979152814305e+01 -3.573883979152814305e+01 -3.105509141309218890e+01
-3.508973716315974656e+01 -3.035867819504261433e+01 -3.949939328624633106e+01
-3.573883979152815016e+01 -3.764746051087997358e+01 -3.701763687967674343e+01
-3.638145139361286340e+01 -3.827098590577117676e+01 -3.827098590577117676e+01
-3.888827604671346450e+01 -4.010439935338386874e+01 -4.360948095476121011e+01
-5.001629701008006634e+01 -4.951141112129299415e+01 -4.900142537504343210e+01
-5.246599579942926539e+01 -4.900142537504343210e+01 -4.246452500230711991e+01
-4.473165228376146274e+01 -4.473165228376146274e+01 -4.473165228376146274e+01
-4.303987975228405105e+01 -2.894467727277075042e+01 -4.303987975228405105e+01
-4.188335858818901158e+01 -2.822694674017247962e+01 -4.188335858818900448e+01
-2.894467727277075042e+01 -2.965523050004304650e+01 -2.676966303456022800e+01
-2.894467727277075397e+01 -2.894467727277075397e+01 -2.894467727277075397e+01
-2.822694674017247962e+01 -2.894467727277075397e+01 -3.035867819504261433e+01
-3.508973716315973945e+01 -3.508973716315973945e+01 -2.965523050004304650e+01
-1.738313761644132782e+01 -2.063857163563444175e+01 -2.299568541948446310e+01
0.000000000000000000e+00 0.000000000000000000e+00 0.000000000000000000e+00
0.000000000000000000e+00 0.000000000000000000e+00 0.000000000000000000e+00
-2.602996266117194679e+01 -3.764746051087996648e+01 0.000000000000000000e+00
-2.528279056684035098e+01 -3.242709509397165135e+01 -3.638145139361287050e+01
-3.443407794258560273e+01 -3.242709509397165135e+01 -3.242709509397165846e+01
-3.377179590160161382e+01 -3.310282414303193832e+01 -3.443407794258559562e+01
-3.888827604671345739e+01 -3.242709509397165846e+01 -3.764746051087996648e+01
-3.242709509397165846e+01 -4.129632180625151960e+01 -3.701763687967674343e+01
-3.443407794258560273e+01 -3.888827604671345739e+01 -3.827098590577117676e+01
-3.888827604671346450e+01 -4.010439935338386164e+01 -3.949939328624633106e+01
-3.701763687967674343e+01 -4.129632180625152671e+01 -4.129632180625152671e+01
-3.949939328624633106e+01 -4.303987975228405105e+01 -4.303987975228405105e+01
-4.246452500230711991e+01 -4.070335535985002906e+01 -4.010439935338386874e+01
-4.129632180625152671e+01 -4.129632180625151960e+01 -4.010439935338386164e+01
-3.888827604671345739e+01 -4.070335535985002906e+01 -4.070335535985002906e+01
-2.894467727277075397e+01 -3.035867819504261078e+01 -2.965523050004304650e+01
-3.035867819504261433e+01 -2.822694674017247607e+01 -2.894467727277075397e+01
-2.965523050004304650e+01 -2.822694674017247607e+01 -2.965523050004304650e+01
-2.965523050004304650e+01 -3.174454049896126406e+01 -2.822694674017247962e+01
0.000000000000000000e+00 0.000000000000000000e+00 0.000000000000000000e+00
0.000000000000000000e+00 0.000000000000000000e+00 0.000000000000000000e+00
0.000000000000000000e+00 0.000000000000000000e+00 0.000000000000000000e+00
-3.174454049896126406e+01 0.000000000000000000e+00 0.000000000000000000e+00
-3.827098590577117676e+01 -3.377179590160162093e+01 -2.894467727277075397e+01
-3.638145139361286340e+01 -3.701763687967673633e+01 -3.443407794258560273e+01
-3.508973716315974656e+01 -3.573883979152814305e+01 -3.377179590160162093e+01
-4.188335858818901158e+01 -3.508973716315974656e+01 -3.573883979152814305e+01
-3.377179590160162093e+01 -3.443407794258560273e+01 -3.764746051087997358e+01
-3.701763687967674343e+01 -3.638145139361287050e+01 -3.573883979152814305e+01
-3.443407794258560273e+01 -3.888827604671346450e+01 -3.701763687967673633e+01
-3.764746051087997358e+01 -3.827098590577116966e+01 -3.827098590577116966e+01
-3.888827604671345739e+01 -3.701763687967673633e+01 -3.888827604671345739e+01
-3.888827604671345739e+01 -3.638145139361287050e+01 -4.010439935338386164e+01
-4.129632180625151960e+01 -4.129632180625151960e+01 -3.827098590577117676e+01
-3.888827604671345739e+01 -4.010439935338386874e+01 -3.310282414303193121e+01
-3.105509141309218890e+01 -2.965523050004304650e+01 -3.638145139361287050e+01
-3.377179590160161382e+01 -2.894467727277075397e+01 -2.602996266117195034e+01
-2.894467727277075397e+01 -2.750196640421462746e+01 -2.602996266117194679e+01
-2.452807127963671974e+01 -3.174454049896126406e+01 -4.360948095476120301e+01
-3.827098590577117676e+01 -4.246452500230711280e+01 -2.965523050004304295e+01
0.000000000000000000e+00 0.000000000000000000e+00 0.000000000000000000e+00
0.000000000000000000e+00 0.000000000000000000e+00 0.000000000000000000e+00
-3.638145139361287050e+01 -2.452807127963672329e+01 -3.377179590160161382e+01
-2.063857163563444175e+01 0.000000000000000000e+00 0.000000000000000000e+00
-3.764746051087997358e+01 -7.725530557207989091e+00 -3.573883979152815016e+01
-3.508973716315974656e+01 -3.573883979152814305e+01 -3.764746051087996648e+01
-3.508973716315974656e+01 -3.764746051087996648e+01 -3.764746051087996648e+01
-3.508973716315973945e+01 -3.827098590577117676e+01 -3.573883979152815016e+01
-3.764746051087997358e+01 -3.638145139361286340e+01 -3.508973716315974656e+01
-4.246452500230711280e+01 -3.701763687967674343e+01 -3.573883979152814305e+01
-3.827098590577117676e+01 -3.573883979152814305e+01 -3.888827604671345739e+01
-3.949939328624632395e+01 -3.888827604671346450e+01 -3.508973716315973945e+01
-3.764746051087997358e+01 -4.010439935338386164e+01 -4.010439935338386874e+01
-3.949939328624632395e+01 -3.310282414303193121e+01 -4.246452500230711280e+01
-3.827098590577117676e+01 -3.508973716315973945e+01 -3.764746051087997358e+01
-3.638145139361287050e+01 -3.764746051087997358e+01 -3.638145139361287050e+01
-2.822694674017247962e+01 -2.894467727277075042e+01 -2.750196640421462391e+01
-2.528279056684035098e+01 -3.764746051087997358e+01 -2.894467727277075397e+01
0.000000000000000000e+00 0.000000000000000000e+00 -1.312541872310216995e+01
-5.246599579942926539e+01 -2.822694674017247607e+01 -2.528279056684035098e+01
0.000000000000000000e+00 0.000000000000000000e+00 0.000000000000000000e+00
0.000000000000000000e+00 0.000000000000000000e+00 0.000000000000000000e+00
-2.528279056684035453e+01 0.000000000000000000e+00 0.000000000000000000e+00
-3.105509141309218535e+01 0.000000000000000000e+00 0.000000000000000000e+00
-3.035867819504261078e+01 0.000000000000000000e+00 -2.063857163563444175e+01
-3.764746051087997358e+01 -3.508973716315973945e+01 -3.764746051087997358e+01
-3.573883979152815016e+01 -3.638145139361287050e+01 -3.764746051087996648e+01
-3.638145139361287050e+01 -3.888827604671346450e+01 -3.764746051087997358e+01
-3.573883979152815016e+01 -3.764746051087997358e+01 -3.764746051087997358e+01
-3.701763687967674343e+01 -3.764746051087996648e+01 -3.827098590577117676e+01
-3.573883979152815016e+01 -3.827098590577117676e+01 -3.701763687967673633e+01
-3.701763687967673633e+01 -4.070335535985002906e+01 -4.010439935338386874e+01
-3.827098590577116966e+01 -4.010439935338386874e+01 -3.949939328624633106e+01
-3.949939328624632395e+01 -3.949939328624633106e+01 -3.949939328624632395e+01
-3.638145139361287050e+01 -3.638145139361287050e+01 -3.888827604671346450e+01
-3.310282414303193121e+01 -3.242709509397165135e+01 -3.310282414303193121e+01
-3.105509141309218890e+01 -3.764746051087997358e+01 -2.894467727277075042e+01
-2.750196640421462746e+01 -3.701763687967673633e+01 -3.573883979152814305e+01
-2.376572856528961708e+01 -3.174454049896126762e+01 0.000000000000000000e+00
-4.417338614521359119e+01 0.000000000000000000e+00 0.000000000000000000e+00
0.000000000000000000e+00 0.000000000000000000e+00 0.000000000000000000e+00
0.000000000000000000e+00 0.000000000000000000e+00 0.000000000000000000e+00
-3.573883979152815016e+01 -4.010439935338386164e+01 0.000000000000000000e+00
-2.221786406008531856e+01 -2.602996266117195034e+01 -3.701763687967674343e+01
-1.983694104609540076e+01 0.000000000000000000e+00 0.000000000000000000e+00
-3.638145139361286340e+01 -4.010439935338386874e+01 -2.894467727277075042e+01
-3.827098590577117676e+01 -3.701763687967673633e+01 -3.764746051087996648e+01
-3.888827604671345739e+01 -3.573883979152815016e+01 -3.764746051087997358e+01
-3.701763687967674343e+01 -4.010439935338386874e+01 -3.888827604671346450e+01
-3.701763687967673633e+01 -3.508973716315974656e+01 -3.888827604671345739e+01
-3.764746051087996648e+01 -3.827098590577117676e+01 -3.888827604671345739e+01
-3.888827604671345739e+01 -3.888827604671345739e+01 -4.070335535985002196e+01
-4.129632180625151960e+01 -3.827098590577116966e+01 -4.129632180625151960e+01
-2.143218591927810124e+01 -3.888827604671345739e+01 -3.949939328624633106e+01
-3.949939328624632395e+01 -3.949939328624632395e+01 -3.949939328624632395e+01
-3.377179590160161382e+01 -3.764746051087997358e+01 -3.888827604671346450e+01
-3.888827604671345739e+01 -2.602996266117195034e+01 -3.242709509397165135e+01
-4.010439935338386874e+01 -2.822694674017247607e+01 -2.528279056684035453e+01
-2.299568541948446665e+01 0.000000000000000000e+00 0.000000000000000000e+00
-2.602996266117195034e+01 -3.242709509397165846e+01 0.000000000000000000e+00
0.000000000000000000e+00 0.000000000000000000e+00 0.000000000000000000e+00
0.000000000000000000e+00 0.000000000000000000e+00 0.000000000000000000e+00
0.000000000000000000e+00 0.000000000000000000e+00 0.000000000000000000e+00
-2.676966303456023155e+01 -3.310282414303193832e+01 -4.129632180625152671e+01
-1.738313761644132427e+01 -1.902721317787414179e+01 -4.129632180625152671e+01
-4.360948095476121011e+01 0.000000000000000000e+00 0.000000000000000000e+00
-4.360948095476121011e+01 -3.888827604671346450e+01 -3.638145139361286340e+01
-3.827098590577116966e+01 -1.312541872310216995e+01 -3.764746051087997358e+01
-4.583149240331460561e+01 -4.129632180625152671e+01 -3.888827604671346450e+01
-3.827098590577117676e+01 -4.070335535985002196e+01 -4.129632180625151960e+01
-3.949939328624632395e+01 -3.888827604671346450e+01 -3.888827604671345739e+01
-3.888827604671345739e+01 -3.949939328624633106e+01 -4.010439935338386164e+01
-3.949939328624632395e+01 -3.827098590577116966e+01 -3.949939328624632395e+01
-2.221786406008531856e+01 -2.143218591927810124e+01 -4.010439935338386164e+01
-3.949939328624632395e+01 -2.143218591927810124e+01 -4.010439935338386164e+01
-2.676966303456023155e+01 -2.602996266117195034e+01 -2.602996266117194679e+01
-3.764746051087996648e+01 -3.940398999999999763e+00 -2.143218591927809769e+01
-2.299568541948446310e+01 -3.701763687967673633e+01 -2.965523050004304650e+01
-2.299568541948446310e+01 0.000000000000000000e+00 0.000000000000000000e+00
-4.188335858818900448e+01 0.000000000000000000e+00 -2.063857163563444530e+01
0.000000000000000000e+00 0.000000000000000000e+00 0.000000000000000000e+00
0.000000000000000000e+00 0.000000000000000000e+00 0.000000000000000000e+00
-1.570568066160731213e+01 -5.851985059899999619e+00 0.000000000000000000e+00
-3.310282414303193121e+01 -2.602996266117195034e+01 -4.070335535985002906e+01
0.000000000000000000e+00 0.000000000000000000e+00 0.000000000000000000e+00
0.000000000000000000e+00 0.000000000000000000e+00 0.000000000000000000e+00
-2.602996266117194679e+01 -2.676966303456022800e+01 -2.894467727277075042e+01
-4.010439935338386164e+01 -4.010439935338386164e+01 -4.246452500230711280e+01
-3.888827604671345739e+01 -3.764746051087997358e+01 -3.764746051087996648e+01
-3.827098590577117676e+01 -4.070335535985002196e+01 -4.070335535985002906e+01
-3.888827604671345739e+01 -4.129632180625151960e+01 -4.129632180625151960e+01
-3.949939328624632395e+01 -4.070335535985002906e+01 -4.129632180625151960e+01
-3.377179590160162093e+01 -2.063857163563444530e+01 -3.573883979152815016e+01
-4.010439935338386164e+01 -2.965523050004304295e+01 -1.820930624027691280e+01
-2.602996266117195034e+01 -2.528279056684035098e+01 -2.528279056684035453e+01
-2.965523050004304295e+01 -4.129632180625152671e+01 -1.820930624027690925e+01
0.000000000000000000e+00 0.000000000000000000e+00 -2.528279056684035453e+01
-3.310282414303193832e+01 0.000000000000000000e+00 0.000000000000000000e+00
-1.983694104609540076e+01 -1.485422289051243716e+01 -9.561792499119551536e+00
-3.310282414303193121e+01 -3.949939328624632395e+01 -3.827098590577116966e+01
0.000000000000000000e+00 0.000000000000000000e+00 0.000000000000000000e+00
0.000000000000000000e+00 0.000000000000000000e+00 0.000000000000000000e+00
-4.246452500230711280e+01 0.000000000000000000e+00 -3.573883979152815016e+01
0.000000000000000000e+00 0.000000000000000000e+00 -2.822694674017247962e+01
-2.452807127963671974e+01 -2.894467727277075397e+01 0.000000000000000000e+00
-3.035867819504261433e+01 0.000000000000000000e+00 -4.129632180625152671e+01
-3.310282414303193832e+01 -4.129632180625151960e+01 -2.221786406008531856e+01
-4.129632180625152671e+01 -3.573883979152814305e+01 -4.417338614521359119e+01
-1.738313761644132782e+01 -3.377179590160161382e+01 -3.377179590160161382e+01
-3.701763687967674343e+01 -3.764746051087996648e+01 -3.701763687967673633e+01
-4.010439935338386874e+01 -4.010439935338386164e+01 -4.070335535985002196e+01
-3.949939328624633106e+01 -3.827098590577117676e+01 -3.443407794258560273e+01
-3.035867819504261433e+01 -2.528279056684035453e+01 -2.676966303456023155e+01
-2.376572856528962063e+01 -2.299568541948446665e+01 -2.299568541948446665e+01
-1.820930624027691280e+01 -1.902721317787414179e+01 -2.143218591927810124e+01
-2.822694674017247607e+01 -4.188335858818900448e+01 -1.990000000000000213e+00
-3.310282414303193121e+01 -2.602996266117195034e+01 -4.129632180625151960e+01
-2.221786406008531856e+01 0.000000000000000000e+00 0.000000000000000000e+00
-3.443407794258560273e+01 0.000000000000000000e+00 0.000000000000000000e+00
-4.848628825761961991e+01 0.000000000000000000e+00 0.000000000000000000e+00
0.000000000000000000e+00 0.000000000000000000e+00 0.000000000000000000e+00
0.000000000000000000e+00 0.000000000000000000e+00 0.000000000000000000e+00
0.000000000000000000e+00 0.000000000000000000e+00 -1.570568066160731213e+01
-4.417338614521359830e+01 -3.949939328624632395e+01 -5.101097269957946168e+01
-3.573883979152814305e+01 0.000000000000000000e+00 0.000000000000000000e+00
-4.010439935338386164e+01 0.000000000000000000e+00 0.000000000000000000e+00
-2.750196640421462391e+01 -2.221786406008531856e+01 -2.894467727277075042e+01
-2.528279056684035098e+01 -2.676966303456023155e+01 -3.827098590577117676e+01
-2.376572856528961708e+01 -4.129632180625152671e+01 -3.310282414303193121e+01
-3.573883979152815016e+01 -1.312541872310216817e+01 -2.894467727277075042e+01
-3.764746051087997358e+01 -2.750196640421462391e+01 -2.063857163563444530e+01
-1.399416453587114972e+01 -2.376572856528961708e+01 -2.376572856528961708e+01
-2.143218591927809769e+01 -1.312541872310217173e+01 -2.299568541948446665e+01
-1.902721317787413824e+01 -2.143218591927809769e+01 -2.143218591927810124e+01
-9.561792499119551536e+00 -2.602996266117194679e+01 -2.299568541948446665e+01
-1.485422289051243894e+01 -3.035867819504261078e+01 -4.246452500230711280e+01
0.000000000000000000e+00 0.000000000000000000e+00 0.000000000000000000e+00
-2.822694674017247962e+01 0.000000000000000000e+00 0.000000000000000000e+00
-2.894467727277075042e+01 -2.750196640421462746e+01 -3.174454049896126762e+01
-2.528279056684035453e+01 0.000000000000000000e+00 -4.951141112129298705e+01
0.000000000000000000e+00 0.000000000000000000e+00 0.000000000000000000e+00
0.000000000000000000e+00 0.000000000000000000e+00 0.000000000000000000e+00
-4.010439935338386164e+01 0.000000000000000000e+00 0.000000000000000000e+00
0.000000000000000000e+00 0.000000000000000000e+00 0.000000000000000000e+00
-3.508973716315974656e+01 -2.965523050004304650e+01 -4.010439935338386164e+01
-3.035867819504261433e+01 0.000000000000000000e+00 0.000000000000000000e+00
-2.894467727277075042e+01 -3.377179590160161382e+01 -4.900142537504342499e+01
-3.638145139361286340e+01 0.000000000000000000e+00 -1.654862385499124144e+01
-3.105509141309218890e+01 -3.174454049896126406e+01 0.000000000000000000e+00
-2.143218591927810124e+01 -4.010439935338386164e+01 0.000000000000000000e+00
-9.561792499119549760e+00 -2.970099999999999962e+00 -1.485422289051243538e+01
-2.376572856528962063e+01 -2.970099999999998630e+00 -2.299568541948446665e+01
-2.452807127963672329e+01 -3.377179590160161382e+01 -2.376572856528962063e+01
-2.299568541948446310e+01 -4.188335858818901158e+01 -2.299568541948446310e+01
-2.528279056684035098e+01 -3.888827604671345739e+01 -4.070335535985002196e+01
-2.894467727277075042e+01 -3.940398999999999763e+00 -1.738313761644132782e+01
-3.443407794258560273e+01 0.000000000000000000e+00 -3.949939328624632395e+01
-2.452807127963672329e+01 -3.701763687967673633e+01 -3.174454049896126406e+01
-3.377179590160162093e+01 -4.188335858818900448e+01 0.000000000000000000e+00
-4.010439935338386874e+01 -3.377179590160161382e+01 -5.479563497335242062e+01
0.000000000000000000e+00 0.000000000000000000e+00 0.000000000000000000e+00
0.000000000000000000e+00 0.000000000000000000e+00 0.000000000000000000e+00
0.000000000000000000e+00 0.000000000000000000e+00 0.000000000000000000e+00
0.000000000000000000e+00 0.000000000000000000e+00 0.000000000000000000e+00
-3.242709509397165135e+01 -4.129632180625151960e+01 -3.443407794258559562e+01
0.000000000000000000e+00 0.000000000000000000e+00 0.000000000000000000e+00
-3.174454049896126406e+01 -1.224789770010320211e+01 -4.303987975228404395e+01
0.000000000000000000e+00 -2.452807127963671974e+01 0.000000000000000000e+00
-2.894467727277075397e+01 -3.827098590577116966e+01 -2.299568541948446310e+01
0.000000000000000000e+00 0.000000000000000000e+00 0.000000000000000000e+00
-2.750196640421462391e+01 0.000000000000000000e+00 0.000000000000000000e+00
-2.143218591927810124e+01 0.000000000000000000e+00 0.000000000000000000e+00
0.000000000000000000e+00 0.000000000000000000e+00 0.000000000000000000e+00
-1.983694104609540076e+01 0.000000000000000000e+00 0.000000000000000000e+00
0.000000000000000000e+00 0.000000000000000000e+00 0.000000000000000000e+00
-2.452807127963672329e+01 0.000000000000000000e+00 -2.676966303456023155e+01
-4.070335535985002906e+01 -4.417338614521359119e+01 -2.965523050004304650e+01
-5.051613403997925644e+01 0.000000000000000000e+00 0.000000000000000000e+00
-3.242709509397165846e+01 -4.010439935338386164e+01 0.000000000000000000e+00
-3.508973716315973945e+01 0.000000000000000000e+00 0.000000000000000000e+00
-2.299568541948446310e+01 0.000000000000000000e+00 0.000000000000000000e+00
0.000000000000000000e+00 0.000000000000000000e+00 0.000000000000000000e+00
0.000000000000000000e+00 0.000000000000000000e+00 0.000000000000000000e+00
0.000000000000000000e+00 0.000000000000000000e+00 0.000000000000000000e+00
0.000000000000000000e+00 0.000000000000000000e+00 0.000000000000000000e+00
0.000000000000000000e+00 0.000000000000000000e+00 0.000000000000000000e+00
0.000000000000000000e+00 0.000000000000000000e+00 0.000000000000000000e+00
0.000000000000000000e+00 0.000000000000000000e+00 0.000000000000000000e+00
0.000000000000000000e+00 0.000000000000000000e+00 0.000000000000000000e+00
0.000000000000000000e+00 0.000000000000000000e+00 0.000000000000000000e+00
0.000000000000000000e+00 0.000000000000000000e+00 0.000000000000000000e+00
0.000000000000000000e+00 0.000000000000000000e+00 0.000000000000000000e+00
0.000000000000000000e+00 0.000000000000000000e+00 0.000000000000000000e+00
0.000000000000000000e+00 0.000000000000000000e+00 0.000000000000000000e+00
0.000000000000000000e+00 0.000000000000000000e+00 0.000000000000000000e+00
0.000000000000000000e+00 0.000000000000000000e+00 0.000000000000000000e+00
0.000000000000000000e+00 0.000000000000000000e+00 0.000000000000000000e+00
0.000000000000000000e+00 0.000000000000000000e+00 0.000000000000000000e+00
0.000000000000000000e+00 0.000000000000000000e+00 0.000000000000000000e+00
0.000000000000000000e+00 0.000000000000000000e+00 0.000000000000000000e+00
0.000000000000000000e+00 0.000000000000000000e+00 0.000000000000000000e+00
