0.000000000000000000e+00 0.000000000000000000e+00 0.000000000000000000e+00
-3.999176806677819385e-01 0.000000000000000000e+00 0.000000000000000000e+00
-3.903159199154323522e-01 -3.999985610621564769e-01 -3.999997536198147685e-01
-2.600478350285972962e+00 -2.275195181259767718e+00 -2.446426113949320413e+00
-3.997009208480345244e+00 -3.997002442341525352e+00 -3.997026694907671374e+00
-3.996889085070164604e+00 -3.996842446043442632e+00 -3.996949471725843139e+00
-3.996796161857599561e+00 -3.996643476647090409e+00 -3.996729651272541872e+00
-3.995657285376826184e+00 -3.995772279164944152e+00 -3.995727876271967460e+00
-3.995918512908682718e+00 -3.996190902900424113e+00 -3.994279912286598844e+00
-3.996779659131906470e+00 -3.993615912096685872e+00 -3.993671299422851817e+00
-3.998722411188067927e+00 -3.998685088596943160e+00 -3.997562055554924054e+00
-3.998199178654382457e+00 -3.996555745113155922e+00 -3.993825988777320202e+00
-3.979890260390309020e+00 -3.996086090538073510e+00 -3.995981680672742176e+00
0.000000000000000000e+00 0.000000000000000000e+00 0.000000000000000000e+00
0.000000000000000000e+00 0.000000000000000000e+00 0.000000000000000000e+00
0.000000000000000000e+00 0.000000000000000000e+00 0.000000000000000000e+00
0.000000000000000000e+00 -3.999840872540499359e-01 0.000000000000000000e+00
-3.999987575260410266e-01 -3.999993807041817284e-01 0.000000000000000000e+00
0.000000000000000000e+00 -3.999705228190415518e-01 0.000000000000000000e+00
0.000000000000000000e+00 0.000000000000000000e+00 0.000000000000000000e+00
0.000000000000000000e+00 0.000000000000000000e+00 0.000000000000000000e+00
-3.999994783683542554e-01 -3.999989686070002937e-01 -3.999996519712510912e-01
0.000000000000000000e+00 0.000000000000000000e+00 -3.188093984945861159e-01
-3.547774698220318879e+00 -3.928540091406107937e+00 -3.923409938991564427e+00
-3.997018368543945321e+00 -3.997039284979099882e+00 -3.996985611106266489e+00
-3.996845176182874049e+00 -3.996773439685721296e+00 -3.996830766187749795e+00
-3.996602230284385993e+00 -3.996595631951005867e+00 -3.996588611800037327e+00
-3.997731643931046630e+00 -3.996434834653390666e+00 -3.996400278221025282e+00
-3.995327446598041732e+00 -3.995282566900578480e+00 -3.995288414212751160e+00
-3.994890920544499568e+00 -3.994899889948588800e+00 -3.995052579760827616e+00
-3.995465770357856439e+00 -3.995392986478225605e+00 -3.995491603330916686e+00
-3.995894677614426627e+00 -3.990847023784731551e+00 -3.993259762004771840e+00
-3.998362611617316542e+00 -3.995424853567070667e+00 -3.966516169777699830e+00
-3.997400011602251446e+00 -3.990253280548039072e+00 -3.962746259175674801e+00
-1.788298863361674984e+00 -1.545591430291077151e+00 -1.556234118554429502e+00
-3.999822542553181925e-01 -3.999996739470707552e-01 0.000000000000000000e+00
-3.999958551425777387e-01 -7.597641436609622323e-01 -1.083983461462814768e+00
-3.999986108925884243e-01 -3.999997774280489304e-01 0.000000000000000000e+00
-7.590804577268758235e-01 -7.599989654704315534e-01 -7.599996649023039730e-01
0.000000000000000000e+00 0.000000000000000000e+00 0.000000000000000000e+00
0.000000000000000000e+00 0.000000000000000000e+00 0.000000000000000000e+00
0.000000000000000000e+00 0.000000000000000000e+00 0.000000000000000000e+00
-1.332002143659088533e+00 -1.576706929544418045e+00 -1.741123751167047873e+00
-3.888120677651738966e+00 -3.942002071171907041e+00 -3.925783426101710383e+00
-3.997160800480231480e+00 -3.997175094203321066e+00 -3.997158652113485200e+00
-3.997493179963170107e+00 -3.997462680984999572e+00 -3.997537394508428488e+00
-3.998116379049490909e+00 -3.998078734809447976e+00 -3.998116395971376580e+00
-3.998306810945046585e+00 -3.998224975431376116e+00 -3.998321835186928297e+00
-3.998450691277075641e+00 -3.998431469280257389e+00 -3.998408340847148246e+00
-3.998610018682193790e+00 -3.998580451139432057e+00 -3.998614585021111889e+00
-3.998633844689273076e+00 -3.998656371166332324e+00 -3.998652870032639139e+00
-3.998337651541124860e+00 -3.998348007409968652e+00 -3.998346978290248543e+00
-3.997302924108129929e+00 -3.997270995937956872e+00 -3.997208359668368960e+00
-3.996178593590335115e+00 -3.996113404897137844e+00 -3.996197687424392964e+00
-3.995469200284273992e+00 -3.995702232265967879e+00 -3.995820233629657103e+00
-1.591314844166076936e+00 -1.830715201159198724e+00 -1.820224092750650113e+00
-3.999831318352913834e-01 -7.552329545524124610e-01 -3.999988045099276412e-01
-1.083744515673121356e+00 -3.999781323437306968e-01 -3.999984284146933522e-01
-3.999995839181479940e-01 0.000000000000000000e+00 0.000000000000000000e+00
0.000000000000000000e+00 0.000000000000000000e+00 0.000000000000000000e+00
0.000000000000000000e+00 0.000000000000000000e+00 0.000000000000000000e+00
-3.999447629674184324e-01 0.000000000000000000e+00 0.000000000000000000e+00
-3.728985427818034548e+00 -3.776095403378755488e+00 -3.748670656999308015e+00
-3.948581711795202231e+00 -3.954828750849610941e+00 -3.956246680758200629e+00
-3.997966543208994139e+00 -3.997804636202440420e+00 -3.998009050690860988e+00
-3.998694701728231493e+00 -3.998754389966967970e+00 -3.998652252184537126e+00
-3.999104556593597426e+00 -3.999187087953962383e+00 -3.999173953916888458e+00
-3.999290573987141606e+00 -3.999293803868674946e+00 -3.999222522935161894e+00
-3.999556400749657570e+00 -3.999281582634106158e+00 -3.999560452494032692e+00
-3.999515330224352461e+00 -3.999548154183471649e+00 -3.999552553607966132e+00
-3.999342307106247940e+00 -3.999328444077242750e+00 -3.999267714435093879e+00
-3.998944246407235337e+00 -3.998919469926756065e+00 -3.998617328527716897e+00
-3.998086153487824035e+00 -3.998022741639855493e+00 -3.997894285364414380e+00
-3.996079430070782923e+00 -3.996214109712459273e+00 -3.996227725157136312e+00
-3.993323583294853485e+00 -3.993671889544181841e+00 -3.993350576347300951e+00
-3.992968988122611584e+00 -3.993024218059028296e+00 -3.992993902398606743e+00
-7.538867037952567962e-01 -7.599808524574482860e-01 -1.607355704839673383e+00
-3.999816457944173620e-01 -7.583843059439250300e-01 -3.999977781125125809e-01
-7.599809228536003047e-01 -3.999993106980697655e-01 -3.999982284187754700e-01
0.000000000000000000e+00 0.000000000000000000e+00 0.000000000000000000e+00
0.000000000000000000e+00 0.000000000000000000e+00 0.000000000000000000e+00
-3.999995379523504924e-01 -3.999335944602502302e-01 -3.999996176156954686e-01
-3.821245017433612112e+00 -3.898502413766678387e+00 -3.900321116365892404e+00
-3.969420887561058819e+00 -3.977679337995432718e+00 -3.980620086379514699e+00
-3.998668765633458300e+00 -3.998733951612956083e+00 -3.998769072295874860e+00
-3.999383670922355360e+00 -3.999379192403549332e+00 -3.999328748663249389e+00
-3.999581511106990561e+00 -3.999620812856241159e+00 -3.999622307321643255e+00
-3.999590915695417692e+00 -3.999769701198612637e+00 -3.999729321571110496e+00
-3.999757169204847251e+00 -3.999745509551287270e+00 -3.999744194643497508e+00
-3.999738372559188626e+00 -3.999748673008387545e+00 -3.999716214357293076e+00
-3.999593289653226247e+00 -3.999558267826167413e+00 -3.999543459273556589e+00
-3.999300182744643273e+00 -3.999293952173383015e+00 -3.999311883074761820e+00
-3.999003949791997137e+00 -3.998894366653612309e+00 -3.998838129595704505e+00
-3.998336266408707207e+00 -3.997478740398608288e+00 -3.998343403007647900e+00
-3.994763506771534800e+00 -3.994463939205422864e+00 -3.994072785783895796e+00
-3.992274129702517271e+00 -3.992394611264457716e+00 -3.992373100017755139e+00
-3.984376315793701995e+00 -3.984005929194660123e+00 -3.983526941370751029e+00
-3.999978838935616676e-01 -3.999908674402614661e-01 -3.999996551738602690e-01
-3.999993202312192020e-01 -3.999998207482011181e-01 0.000000000000000000e+00
0.000000000000000000e+00 0.000000000000000000e+00 0.000000000000000000e+00
0.000000000000000000e+00 0.000000000000000000e+00 0.000000000000000000e+00
-3.976978335839468359e-01 0.000000000000000000e+00 0.000000000000000000e+00
-3.934812176854865839e+00 -3.905615080741825729e+00 -3.935602233052662324e+00
-3.984302015919664264e+00 -3.979476095574913774e+00 -3.983183814920820520e+00
-3.999292357161674527e+00 -3.999320856241629585e+00 -3.999326889421266351e+00
-3.999640880118045416e+00 -3.999661619717341132e+00 -3.999678482547553759e+00
-3.999817357876057411e+00 -3.999809083525117881e+00 -3.999823694500191262e+00
-3.999859686310575313e+00 -3.999885681155064265e+00 -3.999895533632180200e+00
-3.999944713644121297e+00 -3.999955554415583148e+00 -3.999968525934797015e+00
-3.999983037430793864e+00 -3.999975460282693351e+00 -3.999982393288793681e+00
-3.999972632892627722e+00 -3.999962671331080521e+00 -3.999932812400796678e+00
-3.999946633613792102e+00 -3.999944336088863128e+00 -3.999816263458350285e+00
-3.999666000850755410e+00 -3.999678715855523148e+00 -3.999530884188168045e+00
-3.998962199580978538e+00 -3.998888257817488245e+00 -3.998896147579266369e+00
-3.998119469898729239e+00 -3.997916024447815797e+00 -3.998116985153412628e+00
-3.992458137400496820e+00 -3.992497500118213249e+00 -3.992501250915476252e+00
-3.992453170697983111e+00 -3.992354987448109682e+00 -3.992449799136677857e+00
-1.913232253687134454e+00 -1.615398271847777290e+00 -1.538516419607624197e+00
-7.599988981286178724e-01 -7.599983828658556373e-01 -7.599989270633862315e-01
0.000000000000000000e+00 0.000000000000000000e+00 0.000000000000000000e+00
0.000000000000000000e+00 0.000000000000000000e+00 0.000000000000000000e+00
0.000000000000000000e+00 -3.999999846762855582e-01 0.000000000000000000e+00
-3.945899570204181916e+00 -3.959042173943093879e+00 -3.957967919634897580e+00
-3.982448300204346925e+00 -3.987713121986410592e+00 -3.987675842439964757e+00
-3.999379253770771303e+00 -3.999402214893562402e+00 -3.999374547211540953e+00
-3.999707179911631716e+00 -3.999758543176098247e+00 -3.999803341760170827e+00
-3.999894829099412963e+00 -3.999910690386850209e+00 -3.999907299470939037e+00
-3.999939547405559903e+00 -3.999943221731393717e+00 -3.999942747311853619e+00
-3.999978467790000103e+00 -3.999988734128614887e+00 -3.999986279376259724e+00
-3.999993364954065100e+00 -3.999994266823969191e+00 -3.999994673385731669e+00
-3.999996972803680162e+00 -3.999996903350030220e+00 -3.999994272028420728e+00
-3.999992402130058355e+00 -3.999987748348971195e+00 -3.999991805800013456e+00
-3.999974524747142546e+00 -3.999980517559925897e+00 -3.999901536169439886e+00
-3.999674521198866461e+00 -3.999673762187488713e+00 -3.999686188420099153e+00
-3.999196084276820606e+00 -3.999210228529126887e+00 -3.997637540315753135e+00
-3.995677346938128593e+00 -3.995294323162382533e+00 -3.995510086002439731e+00
-3.992344490611033692e+00 -3.992317082957562935e+00 -3.990487107956487201e+00
-3.937617626983327845e+00 -3.938051344012302390e+00 -3.935953475857980166e+00
-7.599872483914442700e-01 -3.999992748533641174e-01 -3.999992745541731676e-01
0.000000000000000000e+00 -3.999927703790923106e-01 0.000000000000000000e+00
0.000000000000000000e+00 0.000000000000000000e+00 0.000000000000000000e+00
-3.999993612034038470e-01 -3.999998723142828005e-01 0.000000000000000000e+00
-3.963714591068424831e+00 -3.962734513794068825e+00 -3.964585139993273444e+00
-3.978856318582483453e+00 -3.985685230420076053e+00 -3.984583774914230769e+00
-3.998569737300347260e+00 -3.998597470798293418e+00 -3.998769936468381747e+00
-3.999578801614032564e+00 -3.999653154648015629e+00 -3.999661434742496802e+00
-3.999944202943461313e+00 -3.999941808260661702e+00 -3.999945783872775884e+00
-3.999958655080270820e+00 -3.999963870600290239e+00 -3.999966059591719691e+00
-3.999991200111446599e+00 -3.999993107832178207e+00 -3.999993686372118162e+00
-3.999996593305137793e+00 -3.999997241154074068e+00 -3.999997252484017718e+00
-3.999998390107797785e+00 -3.999998535956538870e+00 -3.999998597901316622e+00
-3.999997802208424602e+00 -3.999997838118302784e+00 -3.999997768890041439e+00
-3.999994532550566362e+00 -3.999991639581228497e+00 -3.999994428382351419e+00
-3.999919494188702185e+00 -3.999920828919247384e+00 -3.999918819908507395e+00
-3.999565454049740509e+00 -3.999525361807088064e+00 -3.999321291166838765e+00
-3.997112709987877377e+00 -3.997046097827096300e+00 -3.997029987753925262e+00
-3.994271501756568199e+00 -3.994226413302682133e+00 -3.994198655133312847e+00
-3.950522784083148942e+00 -3.948035143609394559e+00 -3.946791126872908784e+00
-3.999048885444484447e-01 -3.999995717442588195e-01 -3.999945328146828349e-01
-3.999997804963348891e-01 0.000000000000000000e+00 0.000000000000000000e+00
0.000000000000000000e+00 0.000000000000000000e+00 0.000000000000000000e+00
0.000000000000000000e+00 0.000000000000000000e+00 0.000000000000000000e+00
-3.964426030110829391e+00 -3.963855604185453796e+00 -3.964598154352008130e+00
-3.980296175158696048e+00 -3.980361275610577287e+00 -3.981168606519710274e+00
-3.993308593761648151e+00 -3.997043506068719498e+00 -3.996530358357135437e+00
-3.999079646010039291e+00 -3.999035715569051241e+00 -3.999008993217350483e+00
-3.999909377009773781e+00 -3.999906089781384289e+00 -3.999906806873697818e+00
-3.999893226981885430e+00 -3.999949144035325865e+00 -3.999957585167265073e+00
-3.999986393400626117e+00 -3.999987216678914770e+00 -3.999987271576876946e+00
-3.999996129186006222e+00 -3.999996195250712816e+00 -3.999996082634223349e+00
-3.999997118188652667e+00 -3.999997236110186094e+00 -3.999997171618453251e+00
-3.999996658288086593e+00 -3.999996617881397931e+00 -3.999996546253525409e+00
-3.999987575709900156e+00 -3.999987973989051149e+00 -3.999972317966422164e+00
-3.999933023034727864e+00 -3.999932530331717473e+00 -3.999927369185718895e+00
-3.999593910281118880e+00 -3.999616045603660908e+00 -3.999609493187577414e+00
-3.997195426682205177e+00 -3.997508077450561803e+00 -3.996550221132124658e+00
-3.992770973888937647e+00 -3.992849082325652166e+00 -3.992864379820987519e+00
-3.935687610807974579e+00 -3.933348887966604757e+00 -3.931148377052079645e+00
-3.999998551145673709e-01 0.000000000000000000e+00 0.000000000000000000e+00
0.000000000000000000e+00 0.000000000000000000e+00 0.000000000000000000e+00
0.000000000000000000e+00 0.000000000000000000e+00 0.000000000000000000e+00
0.000000000000000000e+00 0.000000000000000000e+00 0.000000000000000000e+00
-3.595800705882062243e+00 -3.608869600904877295e+00 -3.581511174914896678e+00
-3.973026459503133712e+00 -3.887634370063399292e+00 -3.979004311696142882e+00
-3.974877543585259687e+00 -3.988807333299686508e+00 -3.993028406565465538e+00
-3.994615573787095197e+00 -3.997994514324815452e+00 -3.996673341306443472e+00
-3.998832900671645429e+00 -3.999219449206643962e+00 -3.999221820098034730e+00
-3.999804221621623412e+00 -3.999838415296037564e+00 -3.999841272375856072e+00
-3.999869966806544941e+00 -3.999889178358907671e+00 -3.999927590736260363e+00
-3.999923520626090134e+00 -3.999967038905794858e+00 -3.999975426121472832e+00
-3.999981903760672086e+00 -3.999979672390502561e+00 -3.999981798811087508e+00
-3.999965596333155737e+00 -3.999981633240440537e+00 -3.999940714083688231e+00
-3.999954109179701511e+00 -3.999943499086406895e+00 -3.999954568588006243e+00
-3.999857950420848240e+00 -3.999855501542942449e+00 -3.999848322940267487e+00
-3.999360076829204580e+00 -3.999412222043225107e+00 -3.999444626363354072e+00
-3.997236711237439177e+00 -3.996620312117327156e+00 -3.995530721035426058e+00
-3.990133505556228588e+00 -3.990104609962071169e+00 -3.989702211263337350e+00
-3.909377437809570477e+00 -3.913095114720656298e+00 -3.910476439604636312e+00
-3.999997513746435529e-01 -3.999996830838403183e-01 0.000000000000000000e+00
0.000000000000000000e+00 0.000000000000000000e+00 0.000000000000000000e+00
0.000000000000000000e+00 0.000000000000000000e+00 0.000000000000000000e+00
-3.999996875056385792e-01 -3.999991528001352603e-01 0.000000000000000000e+00
-3.996314638270457298e-01 0.000000000000000000e+00 -3.999789310989838587e-01
-3.960569666261839039e+00 -3.920454486556904872e+00 -3.952100072154181021e+00
-3.961037376430266654e+00 -3.976789781628930154e+00 -3.983591342730123497e+00
-3.987855320638071355e+00 -3.995125460961154840e+00 -3.995479632716244289e+00
-3.996262431219308464e+00 -3.997675159388957233e+00 -3.997566878653870504e+00
-3.998680424418158630e+00 -3.998926871208507094e+00 -3.998909300246245024e+00
-3.999520533285902957e+00 -3.999524520018152618e+00 -3.999534092216724179e+00
-3.999726268048238609e+00 -3.999799516399324517e+00 -3.999795285341473328e+00
-3.999864993309793615e+00 -3.999855732355456439e+00 -3.999868390342117941e+00
-3.999878106747117190e+00 -3.999897413877467223e+00 -3.999898957728654558e+00
-3.999842785521245503e+00 -3.999845869342939064e+00 -3.999844564435953931e+00
-3.999673340934828847e+00 -3.999719064692405457e+00 -3.999727074071484534e+00
-3.998895268729826036e+00 -3.998515785986548110e+00 -3.998484467701909129e+00
-3.992880110115964332e+00 -3.992637834487302140e+00 -3.993169488642266174e+00
-3.985833257775333482e+00 -3.983579300243663912e+00 -3.984855861064606319e+00
-3.798388633690838123e+00 -3.812524349002231361e+00 -3.805669159646906330e+00
-3.996314812298406016e-01 0.000000000000000000e+00 0.000000000000000000e+00
0.000000000000000000e+00 0.000000000000000000e+00 0.000000000000000000e+00
0.000000000000000000e+00 0.000000000000000000e+00 0.000000000000000000e+00
-3.999998791047769675e-01 -7.599994333020734238e-01 -3.999998985449061406e-01
-3.999997665902334520e-01 -3.999985573251709781e-01 0.000000000000000000e+00
-3.252550232936092911e+00 -3.274371473483773443e+00 -3.252724804200671116e+00
-3.662276511451894478e+00 -3.915402274946469419e+00 -3.970471804681067862e+00
-3.940040102735514527e+00 -3.980310159316441609e+00 -3.976047101809547346e+00
-3.982432596791353863e+00 -3.993747161712764449e+00 -3.994328433601019857e+00
-3.996969610445762822e+00 -3.997258143319664558e+00 -3.996183058936231269e+00
-3.998207002003925314e+00 -3.998510933715957893e+00 -3.998635297124767174e+00
-3.998962680896243072e+00 -3.998942430852669538e+00 -3.998962702787982160e+00
-3.999163960237314352e+00 -3.999147152535448946e+00 -3.999154082243245867e+00
-3.999435867947542356e+00 -3.999352042210469360e+00 -3.999457075147299534e+00
-3.999519020046033546e+00 -3.999518723649770013e+00 -3.999519889679747031e+00
-3.999418904665869690e+00 -3.999401479343608568e+00 -3.999145240453164440e+00
-3.997749195708850678e+00 -3.997426387362583267e+00 -3.996597125720754207e+00
-3.991878000238037849e+00 -3.989498031007673529e+00 -3.985571752128679979e+00
-3.970130503120418375e+00 -3.968827853269370820e+00 -3.971997941710839974e+00
-2.560233474454148173e+00 -2.648719203642801556e+00 -2.602888025760443202e+00
-7.584914918263179207e-01 -1.083566648095098284e+00 -7.599939745326915741e-01
0.000000000000000000e+00 0.000000000000000000e+00 0.000000000000000000e+00
0.000000000000000000e+00 0.000000000000000000e+00 0.000000000000000000e+00
-3.999989817024388050e-01 0.000000000000000000e+00 0.000000000000000000e+00
0.000000000000000000e+00 0.000000000000000000e+00 -3.999998895974167801e-01
0.000000000000000000e+00 -3.999835090854281794e-01 0.000000000000000000e+00
-3.737930576872382726e+00 -3.844131941490748439e+00 -3.846289536716986479e+00
-3.871116337421398601e+00 -3.938215550934267561e+00 -3.934460621861116447e+00
-3.977211923018519890e+00 -3.959109996775428630e+00 -3.973752447818488243e+00
-3.988836234283576587e+00 -3.988211779181010108e+00 -3.991791901807680176e+00
-3.995701084798546798e+00 -3.995181258655444267e+00 -3.996142304039314475e+00
-3.997514390505219062e+00 -3.997479458610931236e+00 -3.997487000093215226e+00
-3.998286152238666347e+00 -3.998284319544210152e+00 -3.998318521809392401e+00
-3.998644643384900554e+00 -3.998494594770760635e+00 -3.998682608798323379e+00
-3.998922352732965368e+00 -3.998974328592089122e+00 -3.999018795905138646e+00
-3.998755737979134306e+00 -3.998635059799787506e+00 -3.998344871089929864e+00
-3.996010544223786098e+00 -3.994893930696677753e+00 -3.995524930002501307e+00
-3.983058023261223379e+00 -3.982178588887950621e+00 -3.974166582644717671e+00
-3.899526652180853148e+00 -3.900554233097198953e+00 -3.871537965960071936e+00
0.000000000000000000e+00 0.000000000000000000e+00 0.000000000000000000e+00
-7.599982509834444233e-01 0.000000000000000000e+00 0.000000000000000000e+00
0.000000000000000000e+00 0.000000000000000000e+00 0.000000000000000000e+00
0.000000000000000000e+00 0.000000000000000000e+00 0.000000000000000000e+00
-3.999748802545473603e-01 -3.999731112780759434e-01 -3.999999210958832263e-01
-3.984593304241880185e-01 -3.999997301366609026e-01 -7.599993642794332649e-01
-3.969661667515065329e-01 0.000000000000000000e+00 -7.592603215283836304e-01
-7.599986065023720538e-01 0.000000000000000000e+00 0.000000000000000000e+00
-3.918894133815448821e+00 -3.936537196042698472e+00 -3.937696957309679835e+00
-3.956508943883507268e+00 -3.966753222078531316e+00 -3.967451425921268982e+00
-3.980534578699658432e+00 -3.982228463667898399e+00 -3.982444640911692701e+00
-3.989841557849259424e+00 -3.990435815358064353e+00 -3.990574141228821148e+00
-3.994020567841223723e+00 -3.994345575720311459e+00 -3.994329761760379238e+00
-3.996501281817698370e+00 -3.996634689013542907e+00 -3.996686030521278798e+00
-3.997709450686398380e+00 -3.997685278885489524e+00 -3.997697884293034853e+00
-3.998349452405402182e+00 -3.998270655558139985e+00 -3.998281314730462999e+00
-3.997173048736197387e+00 -3.997118686662042730e+00 -3.997146655977487750e+00
-3.981858570120847318e+00 -3.989105618533180575e+00 -3.989174861255212701e+00
-3.943872695994594224e+00 -3.946819200379277248e+00 -3.945724752839831595e+00
-2.822527434442220429e+00 -2.802141363088625159e+00 -2.755623412887335810e+00
0.000000000000000000e+00 0.000000000000000000e+00 0.000000000000000000e+00
-3.999996062207047953e-01 -7.599454283035071978e-01 0.000000000000000000e+00
-3.999994460368553328e-01 0.000000000000000000e+00 0.000000000000000000e+00
0.000000000000000000e+00 0.000000000000000000e+00 0.000000000000000000e+00
-3.999996645572050369e-01 -7.599972784975421725e-01 0.000000000000000000e+00
-3.999986367376504592e-01 -3.999992668939814644e-01 -3.999993446751707871e-01
-3.999941660678094646e-01 -3.999995015165730972e-01 0.000000000000000000e+00
-3.999995473843087623e-01 0.000000000000000000e+00 -7.599890736509173905e-01
-7.201842593558105410e-01 -7.599974820755619476e-01 -3.999997625113052013e-01
-3.968866788654624944e+00 -3.969562258795186871e+00 -3.965429858789885742e+00
-3.979189569012103078e+00 -3.981107968443101441e+00 -3.982268654361810434e+00
-3.988089943509300017e+00 -3.987543746793364097e+00 -3.989349946560753590e+00
-3.993293740215499099e+00 -3.993434241486588210e+00 -3.993795172229432033e+00
-3.996076271881937370e+00 -3.996465108439278602e+00 -3.996289435894010200e+00
-3.997723626352027715e+00 -3.997847073790818495e+00 -3.997851031681226797e+00
-3.997387336627851173e+00 -3.996802751418132349e+00 -3.997388696299680966e+00
-3.992329699682759525e+00 -3.994852726231133300e+00 -3.993297463689768012e+00
-3.960414783369286429e+00 -3.960513636413317329e+00 -3.958962940246436357e+00
-3.645325454235194940e+00 -3.666308078905280432e+00 -3.649157393762646695e+00
-7.599868693879445747e-01 -3.381864503429682367e-01 0.000000000000000000e+00
-3.999897878014391228e-01 -3.999994283344239232e-01 -3.999657787950667842e-01
0.000000000000000000e+00 -7.599939404794515685e-01 0.000000000000000000e+00
0.000000000000000000e+00 0.000000000000000000e+00 0.000000000000000000e+00
0.000000000000000000e+00 0.000000000000000000e+00 0.000000000000000000e+00
0.000000000000000000e+00 0.000000000000000000e+00 0.000000000000000000e+00
-7.599736545137328880e-01 -5.495955670115879599e-01 -3.999995316106745857e-01
-7.597041194301616951e-01 -3.999694531730921820e-01 0.000000000000000000e+00
-7.599977179614609835e-01 -3.999989083307646798e-01 -7.599980831955306382e-01
-3.999327209166824160e-01 -7.599057188313935729e-01 -3.999976120724763606e-01
-7.599988633725416332e-01 -7.599984788341256348e-01 -3.999997889545764962e-01
-3.983455018184455021e+00 -3.982720220334007522e+00 -3.982879345234967783e+00
-3.989747650534872125e+00 -3.990957102903589959e+00 -3.990996222582102071e+00
-3.994919138335679243e+00 -3.995279259302845887e+00 -3.995326465187345910e+00
-3.997412065067997400e+00 -3.997267286469919689e+00 -3.997412472641693082e+00
-3.997961480146012381e+00 -3.996579493992022059e+00 -3.997365439902669237e+00
-3.995209470496535076e+00 -3.994135509594309408e+00 -3.992295951052565073e+00
-3.979258598966910476e+00 -3.979216648909898790e+00 -3.975787741393008279e+00
-3.863233679956941558e+00 -3.843102977532744990e+00 -3.832938138554117025e+00
-2.713470540283797305e+00 -2.661198305927229502e+00 -2.692579302168267574e+00
0.000000000000000000e+00 0.000000000000000000e+00 0.000000000000000000e+00
-3.999998749764794304e-01 -3.999864686908139455e-01 -7.599978739896686708e-01
-7.599990955413544746e-01 -7.599988353695451559e-01 -3.999999386249706301e-01
0.000000000000000000e+00 0.000000000000000000e+00 -3.999049587357835778e-01
0.000000000000000000e+00 0.000000000000000000e+00 0.000000000000000000e+00
0.000000000000000000e+00 0.000000000000000000e+00 -3.999699874944102618e-01
-3.999609955693412822e-01 -3.999997774479286949e-01 -7.593250231703021491e-01
-7.584362142868172896e-01 -7.599913823528747781e-01 -7.599922921249431251e-01
0.000000000000000000e+00 0.000000000000000000e+00 -7.597752729391513693e-01
-7.591255075652594275e-01 -7.599971393578814904e-01 -7.599992427453592381e-01
-3.999999672185634569e-01 0.000000000000000000e+00 0.000000000000000000e+00
-7.595521375986975521e-01 0.000000000000000000e+00 -7.554755114300184538e-01
-3.985989312524956585e+00 -3.985756272753969487e+00 -3.986619014414347184e+00
-3.992067694205329698e+00 -3.993124332413254152e+00 -3.993158728346978492e+00
-3.992668949168073578e+00 -3.992589393720011870e+00 -3.992642869391008098e+00
-3.990267616201915502e+00 -3.987639451584273687e+00 -3.988594416597177172e+00
-3.980224370456673100e+00 -3.980465107664758140e+00 -3.977195439166822055e+00
-3.936020755422382500e+00 -3.929254051451912755e+00 -3.932330010939831144e+00
-3.605129145944557578e+00 -3.661337024840011445e+00 -3.621867030518199471e+00
-8.452136680246074008e-01 -1.010046293979333987e+00 -8.055967158906647274e-01
-3.999996048527150183e-01 -3.999358814019851049e-01 0.000000000000000000e+00
-7.598599039492250906e-01 -7.599494220565152780e-01 -3.999876725329924998e-01
-3.999968134844231193e-01 -3.999992153296921815e-01 -7.596493124148554488e-01
0.000000000000000000e+00 0.000000000000000000e+00 0.000000000000000000e+00
0.000000000000000000e+00 0.000000000000000000e+00 0.000000000000000000e+00
-3.999993895349642781e-01 0.000000000000000000e+00 0.000000000000000000e+00
-7.599980008636855189e-01 -3.999995665752469898e-01 -3.999999044327406938e-01
-3.999997995180982202e-01 -3.999997426462508221e-01 -7.597872000520483615e-01
0.000000000000000000e+00 0.000000000000000000e+00 -3.999990081582988077e-01
-3.999996913082335404e-01 -3.999998028249429627e-01 -3.995236263214072547e-01
0.000000000000000000e+00 0.000000000000000000e+00 0.000000000000000000e+00
-3.999996111152236411e-01 0.000000000000000000e+00 -3.997765439739328075e-01
-3.998857999745238923e-01 -3.999997228891942758e-01 0.000000000000000000e+00
-3.807456511240607355e+00 -3.820496681655694005e+00 -3.802866695294001786e+00
-3.907221346727580702e+00 -3.908177718898624864e+00 -3.908863928275994049e+00
-3.950198686846735807e+00 -3.958191096872628822e+00 -3.956239136858259897e+00
-3.950406467827261459e+00 -3.949835811142261566e+00 -3.950527672999260442e+00
-3.874209186979447050e+00 -3.878797696772023684e+00 -3.877064919173498936e+00
-3.385613119466750476e+00 -3.323650737067785688e+00 -3.325794950211086398e+00
-2.137558909362016202e-01 -3.999997594180034755e-01 -4.760313142228783656e-01
-7.599931458938092854e-01 -7.599993580694168749e-01 -3.999998818366851672e-01
0.000000000000000000e+00 0.000000000000000000e+00 0.000000000000000000e+00
-7.599950603891323375e-01 -3.999997140492415060e-01 -3.999995633425396102e-01
0.000000000000000000e+00 0.000000000000000000e+00 0.000000000000000000e+00
0.000000000000000000e+00 0.000000000000000000e+00 0.000000000000000000e+00
0.000000000000000000e+00 0.000000000000000000e+00 0.000000000000000000e+00
-3.999993319696674154e-01 -3.999954335638785663e-01 -3.994205040410173102e-01
-7.597922271373109826e-01 0.000000000000000000e+00 -3.999996590832036181e-01
-3.999998306145942095e-01 -3.999995916603092949e-01 0.000000000000000000e+00
-3.999986085735509622e-01 0.000000000000000000e+00 0.000000000000000000e+00
0.000000000000000000e+00 0.000000000000000000e+00 0.000000000000000000e+00
0.000000000000000000e+00 -3.999906712987290613e-01 0.000000000000000000e+00
-3.999995758893482023e-01 -3.764614547149688351e-01 -3.997778295063165732e-01
-3.999997928995886465e-01 0.000000000000000000e+00 -7.599860696744895616e-01
-3.999596051259399765e-01 0.000000000000000000e+00 -3.999993458350479814e-01
0.000000000000000000e+00 0.000000000000000000e+00 0.000000000000000000e+00
0.000000000000000000e+00 0.000000000000000000e+00 0.000000000000000000e+00
-3.999672772262332088e-01 -3.999994470886335529e-01 -3.999994891401164598e-01
-3.999990480711319019e-01 0.000000000000000000e+00 0.000000000000000000e+00
0.000000000000000000e+00 -3.979686224698560371e-01 -3.990916246879300799e-01
-3.999994677100775498e-01 -3.999997979406676452e-01 0.000000000000000000e+00
-3.999994880617256943e-01 -3.999998333905860903e-01 0.000000000000000000e+00
-3.999998852137394145e-01 -3.999997565355193352e-01 0.000000000000000000e+00
0.000000000000000000e+00 0.000000000000000000e+00 0.000000000000000000e+00
0.000000000000000000e+00 0.000000000000000000e+00 0.000000000000000000e+00
0.000000000000000000e+00 0.000000000000000000e+00 0.000000000000000000e+00
0.000000000000000000e+00 0.000000000000000000e+00 0.000000000000000000e+00
0.000000000000000000e+00 0.000000000000000000e+00 0.000000000000000000e+00
0.000000000000000000e+00 0.000000000000000000e+00 0.000000000000000000e+00
0.000000000000000000e+00 0.000000000000000000e+00 0.000000000000000000e+00
0.000000000000000000e+00 0.000000000000000000e+00 0.000000000000000000e+00
0.000000000000000000e+00 0.000000000000000000e+00 0.000000000000000000e+00
0.000000000000000000e+00 0.000000000000000000e+00 0.000000000000000000e+00
0.000000000000000000e+00 0.000000000000000000e+00 0.000000000000000000e+00
0.000000000000000000e+00 0.000000000000000000e+00 0.000000000000000000e+00
0.000000000000000000e+00 0.000000000000000000e+00 0.000000000000000000e+00
0.000000000000000000e+00 0.000000000000000000e+00 0.000000000000000000e+00
0.000000000000000000e+00 0.000000000000000000e+00 0.000000000000000000e+00
0.000000000000000000e+00 0.000000000000000000e+00 0.000000000000000000e+00
0.000000000000000000e+00 0.000000000000000000e+00 0.000000000000000000e+00
0.000000000000000000e+00 0.000000000000000000e+00 0.000000000000000000e+00
0.000000000000000000e+00 0.000000000000000000e+00 0.000000000000000000e+00
0.000000000000000000e+00 0.000000000000000000e+00 0.000000000000000000e+00
0.000000000000000000e+00 0.000000000000000000e+00 0.000000000000000000e+00
