0.000000000000000000e+00 0.000000000000000000e+00 0.000000000000000000e+00
-2.692518447503017143e+01 0.000000000000000000e+00 0.000000000000000000e+00
-4.154655613303373229e+01 -3.579463270001207320e+01 -1.040317536327061703e+02
-8.620196253175349455e+01 -8.431138624312507091e+01 -3.925137435008833364e+01
-9.988981678853954804e+01 -9.216291085664218485e+01 -9.545353550440648860e+01
-9.339477799409458214e+01 -9.246692302691305088e+01 -9.286495153121268231e+01
-9.384388837365881386e+01 -9.424562503468632713e+01 -9.614184133862073622e+01
-9.376676402141647770e+01 -9.415513334857244843e+01 -9.448934822701491498e+01
-9.680986875639074185e+01 -9.731870478250654344e+01 -8.937186189038507678e+01
-9.789736740605155774e+01 -9.166649274545933679e+01 -1.022136281112295819e+02
-9.488965126210423762e+01 -9.490271369584938554e+01 -9.437608345198589177e+01
-9.296866285539380215e+01 -9.452697143395998580e+01 -9.438106415472522315e+01
-9.307395804966500918e+01 -8.960189530647269862e+01 -8.755801379522171146e+01
-9.282568320526866046e+01 0.000000000000000000e+00 0.000000000000000000e+00
-9.662166333267973073e+01 0.000000000000000000e+00 0.000000000000000000e+00
0.000000000000000000e+00 0.000000000000000000e+00 -2.367214411353364412e+01
0.000000000000000000e+00 -2.409342940879630390e+01 0.000000000000000000e+00
0.000000000000000000e+00 0.000000000000000000e+00 0.000000000000000000e+00
-1.160415420939843472e+02 -2.089681629544842423e+01 -7.963921341470080506e+01
0.000000000000000000e+00 0.000000000000000000e+00 0.000000000000000000e+00
0.000000000000000000e+00 0.000000000000000000e+00 0.000000000000000000e+00
-2.346988626079912166e+01 -7.788268861999146964e+01 -8.045917250148914945e+01
-4.238350117609535062e+01 -7.335267836523264862e+01 -9.291687859763121082e+01
-8.700303398946259392e+01 -9.318842825147186204e+01 -9.247819747035720184e+01
-9.579646025495804906e+01 -9.407140192029852699e+01 -9.352267263746344383e+01
-9.443204748356825462e+01 -9.264918095657112929e+01 -9.302116835000897765e+01
-9.422097409821097358e+01 -9.818533556613427038e+01 -9.500634988521318292e+01
-9.628461244585351153e+01 -9.337880384569308490e+01 -9.424797010433431410e+01
-9.769565033891645101e+01 -9.480070271727007025e+01 -9.424334153475905396e+01
-9.482275141206778812e+01 -9.507308708019256471e+01 -9.474923518901344721e+01
-9.582794009152087256e+01 -9.671424942268822633e+01 -9.418593214432840455e+01
-9.353614849706974610e+01 -9.306882051588435445e+01 -9.355251817845852713e+01
-9.410030397008486602e+01 -9.469270241275476963e+01 -9.201914787782615690e+01
-9.214435599406483846e+01 -9.114983580704846133e+01 -9.209539967689541129e+01
-3.510816505523631292e+01 -7.252788923239302221e+01 -5.501645608986045488e+01
-9.794847118993637025e+01 -3.159607725905871334e+01 -8.399739347815653900e+01
-1.008905754556162719e+02 -1.137995252609412802e+02 -4.540855258085916546e+01
-7.859395142374442855e+01 -4.910031549026820130e+01 -1.097232737936806473e+02
-1.070769253005600206e+02 -6.038483225441385827e+01 -5.241043481890551448e+01
0.000000000000000000e+00 0.000000000000000000e+00 0.000000000000000000e+00
0.000000000000000000e+00 0.000000000000000000e+00 0.000000000000000000e+00
-4.630659797026676472e+01 -6.996973109438732763e+01 -8.510583401308949192e+01
-7.532876108467323206e+01 -2.707071050367213161e+01 -4.589714789135524597e+01
-1.017608402362706954e+02 -1.031859824483870653e+02 -9.467146347857593014e+01
-9.542104751258375472e+01 -9.494952338771827272e+01 -9.519210297574115032e+01
-9.586831687970169469e+01 -9.343317788314752192e+01 -9.560109398432715011e+01
-1.003658763337761286e+02 -9.567501273257153116e+01 -9.537666785263191116e+01
-9.658709937874718321e+01 -9.965346645836018524e+01 -9.480261919066700216e+01
-9.532063663510149354e+01 -9.546037057491822964e+01 -9.452585443698363576e+01
-9.397898352313998771e+01 -9.469712533395932041e+01 -9.507095687301344356e+01
-9.537047794118123534e+01 -9.472040078000550523e+01 -9.520820783557704203e+01
-9.887918686991561401e+01 -1.064477997348875249e+02 -9.450536633804915709e+01
-9.865056214218978425e+01 -9.464840768513802516e+01 -9.200278272881344321e+01
-9.263573440020707039e+01 -9.267364544342670740e+01 -9.132246895461580038e+01
-9.083608108054656327e+01 -8.965339190159718896e+01 -9.112144188650202636e+01
-3.846532904085928095e+01 -9.829024904080104363e+01 0.000000000000000000e+00
-1.123055987362510280e+02 -1.020799699214803411e+02 -8.285139832019299888e+01
-1.101711497963544275e+02 -9.209074460027147779e+01 -8.657678446852875709e+01
-9.226600953128478011e+01 0.000000000000000000e+00 0.000000000000000000e+00
0.000000000000000000e+00 0.000000000000000000e+00 0.000000000000000000e+00
0.000000000000000000e+00 0.000000000000000000e+00 0.000000000000000000e+00
0.000000000000000000e+00 0.000000000000000000e+00 -1.702864309219926753e+01
-9.662049164490548492e+01 -1.016320863452244225e+02 -9.576395114581862344e+01
-9.622282696037667904e+01 -9.573763620650079531e+01 -9.612378769000785894e+01
-9.979977992661844155e+01 -9.503148440060590474e+01 -9.620857417407532353e+01
-1.016314798935781312e+02 -1.019092627320367939e+02 -9.673057742492912325e+01
-9.730282404110909056e+01 -9.676642750829080342e+01 -9.566608813306859815e+01
-1.003707024756219823e+02 -1.001148390521024112e+02 -9.845848994530985010e+01
-1.016935415625449082e+02 -1.014324669736216293e+02 -1.048566589840818182e+02
-1.024344386277680741e+02 -1.024222694561843241e+02 -1.023566007557643474e+02
-1.113204477350553390e+02 -1.050979637581579311e+02 -1.133130705040021269e+02
-1.111138916724573846e+02 -1.065944093052110020e+02 -1.093112461853970387e+02
-1.089285358949386193e+02 -1.161868710043444111e+02 -1.143763875832703576e+02
-9.808174785520981231e+01 -9.594246483836525385e+01 -9.439877228664606434e+01
-9.257935231273965826e+01 -9.150536371199069663e+01 -8.864311925115526947e+01
-9.059023380632407907e+01 -8.871321757955760745e+01 -9.061524366900668781e+01
-5.231964563161767501e+01 -2.459393832934174640e+01 -6.061930560832709602e+01
-6.921832091729638137e+01 -9.113317968106775879e+01 0.000000000000000000e+00
-4.805083534601118345e+01 0.000000000000000000e+00 -6.677980977152711262e+01
0.000000000000000000e+00 0.000000000000000000e+00 0.000000000000000000e+00
0.000000000000000000e+00 0.000000000000000000e+00 0.000000000000000000e+00
0.000000000000000000e+00 0.000000000000000000e+00 0.000000000000000000e+00
-9.611378382195464098e+01 -9.705566670713132282e+01 -9.697451787285802993e+01
-1.007426237377759861e+02 -9.789078699995680211e+01 -9.616859930354537767e+01
-9.751915446627485551e+01 -9.631330284703471989e+01 -9.775926638033742222e+01
-9.959084831648542036e+01 -9.898492909931758277e+01 -9.817697036645449771e+01
-1.017852514455058923e+02 -1.035164658165159750e+02 -9.957461098944142464e+01
-1.059350774407780875e+02 -1.087152908539168834e+02 -1.079602206754358491e+02
-1.108205324479729654e+02 -1.126520510307502150e+02 -1.199122312412619067e+02
-1.220838581587070024e+02 -1.226369691236834143e+02 -1.243646430088668353e+02
-1.258744312416815205e+02 -1.255745015967580542e+02 -1.264345431712411454e+02
-1.277793476729874840e+02 -1.275136033354057048e+02 -1.185324638078534463e+02
-1.153378617362421608e+02 -1.196171475235240393e+02 -1.230722990631087868e+02
-1.205086656091195891e+02 -1.220736622421360096e+02 -1.083188265931467527e+02
-9.476974851424068902e+01 -9.834750847859206146e+01 -9.676629427943093731e+01
-9.198086123049567675e+01 -8.760244276827130250e+01 -8.840060401856344185e+01
-8.807269573116184347e+01 -8.550659603345985715e+01 -8.779548926726363334e+01
-5.525792498669900965e+01 -4.775680151406399432e+01 0.000000000000000000e+00
-1.083291140412429741e+02 -6.748549674462697112e+01 -1.155055474402062714e+02
-2.887040238694272531e+01 -8.887349729919074548e+01 0.000000000000000000e+00
0.000000000000000000e+00 0.000000000000000000e+00 0.000000000000000000e+00
-3.711220475444961409e+01 -4.896994715592864367e+01 0.000000000000000000e+00
-9.862874899785451532e+01 -9.765614119003190297e+01 -9.845331622837433372e+01
-9.978178850234789365e+01 -9.852969440037935556e+01 -9.793410923976247773e+01
-1.024532819847142946e+02 -9.884643296885167274e+01 -1.015241978594819159e+02
-1.048798545095472434e+02 -1.040854777894841163e+02 -9.900865465134651799e+01
-1.044189036621222186e+02 -1.059762881870040445e+02 -1.039620209859958067e+02
-1.232047442883597768e+02 -1.178098042046047169e+02 -1.121757766635311384e+02
-1.128574131411081112e+02 -1.213176208588717060e+02 -1.241561683671632608e+02
-1.276247215725917243e+02 -1.274377258061287392e+02 -1.241452469146056785e+02
-1.296864889382425190e+02 -1.264608840261880687e+02 -1.247360069631546793e+02
-1.306935180132974779e+02 -1.266710482997541334e+02 -1.211629146364530527e+02
-1.215233794128872233e+02 -1.240185194183132893e+02 -1.115076126319269747e+02
-1.282425944469036949e+02 -1.118168198987980446e+02 -1.168818332772385844e+02
-9.913999411630030067e+01 -9.962836131968644793e+01 -8.854635824174106062e+01
-9.522745724782019749e+01 -9.372936377834473376e+01 -8.621193144526569085e+01
-8.558487362567386469e+01 -8.871167184565314301e+01 -8.428609241988263534e+01
-1.396087675482615964e+01 -9.129475818431770051e+01 0.000000000000000000e+00
-7.867288837040015892e+01 0.000000000000000000e+00 -2.663717336835237148e+01
-8.503347982262695837e+01 0.000000000000000000e+00 0.000000000000000000e+00
0.000000000000000000e+00 0.000000000000000000e+00 0.000000000000000000e+00
-8.418249834808258925e+01 -4.553854330933745587e+01 -7.772880105654564886e+01
-9.885935948023919195e+01 -1.001603416753036413e+02 -1.001351212040067935e+02
-9.864230326294504891e+01 -9.878962701275956704e+01 -1.007202935666678911e+02
-1.049087835654540442e+02 -1.001475327215892150e+02 -1.034820043528006295e+02
-1.041388798528709714e+02 -1.041181209884700394e+02 -1.092195573951628376e+02
-1.028699669724455816e+02 -1.051395168448374733e+02 -1.091856443774466641e+02
-1.126079671557649533e+02 -1.123855863168273856e+02 -1.203406345314831754e+02
-1.215301848885002300e+02 -1.286851740138604612e+02 -1.174934071625479817e+02
-1.268366166205609886e+02 -1.649822438636589936e+02 -1.495259407643082739e+02
-1.553204019431795473e+02 -1.554503871539053534e+02 -1.349053013655179143e+02
-1.306928959968360289e+02 -1.253880351233227657e+02 -1.307782873784360049e+02
-1.211395450239631657e+02 -1.209846070448961086e+02 -1.214108607336591348e+02
-1.291552502699297520e+02 -1.288176599696093376e+02 -1.051210613098782858e+02
-1.055672548418623649e+02 -1.059322857729064680e+02 -1.035387701350167760e+02
-1.022133540578063844e+02 -9.043836243287844923e+01 -8.578262409994736970e+01
-8.417660913943424816e+01 -8.402176854417517404e+01 -8.608666377713448981e+01
-8.417890955951071419e+01 -8.292891999695352467e+01 -7.782005797458198515e+01
-5.970814417406164409e+01 0.000000000000000000e+00 -7.924157607156266181e+01
0.000000000000000000e+00 0.000000000000000000e+00 0.000000000000000000e+00
0.000000000000000000e+00 0.000000000000000000e+00 0.000000000000000000e+00
-1.929320777175957602e+01 -4.477861805930994166e+01 -2.396180309775788686e+01
-1.015853577985012066e+02 -9.759502246634215794e+01 -1.003945428747322524e+02
-9.982078252727444578e+01 -9.920156658711931641e+01 -1.011585023475379757e+02
-1.005886197885509716e+02 -1.027162851528695597e+02 -1.050764380701824621e+02
-1.017491369257411975e+02 -1.043716087254397280e+02 -1.079756133152215511e+02
-1.044410705397037873e+02 -1.038147596105454369e+02 -1.070409485408719945e+02
-1.112090374224477074e+02 -1.116387700775184015e+02 -1.110137397313356189e+02
-1.196146032306214124e+02 -1.129480209461358697e+02 -1.189707191468778120e+02
-1.150439723594879808e+02 -1.264793677887412571e+02 -1.650042778200446776e+02
-1.496892544196106201e+02 -1.637345368753328785e+02 -1.674132484881330640e+02
-1.290693344296556120e+02 -1.261407464259247462e+02 -1.196101418856899556e+02
-1.214454934366651315e+02 -1.211308721689771204e+02 -1.192876987180081159e+02
-1.252392157677372921e+02 -1.259827530036528742e+02 -1.269015052155604195e+02
-1.192811579461157265e+02 -1.019298372432544966e+02 -9.994240068350720207e+01
-1.047549231950996926e+02 -9.891179542563391180e+01 -8.609663270010162250e+01
-8.876879440511690689e+01 -8.432585737902502387e+01 -8.524143056313164379e+01
-8.824342327734902369e+01 -8.191623686087240230e+01 -8.314856859605534112e+01
-3.951047441092951118e+01 0.000000000000000000e+00 -2.605158448861148912e+01
0.000000000000000000e+00 0.000000000000000000e+00 0.000000000000000000e+00
0.000000000000000000e+00 0.000000000000000000e+00 0.000000000000000000e+00
-7.185957046614632304e+01 0.000000000000000000e+00 0.000000000000000000e+00
-9.586959243150494103e+01 -1.037749422869963212e+02 -1.045399161902057443e+02
-1.017973957637788374e+02 -1.047013808322196269e+02 -1.013138453458999777e+02
-1.057681997300444721e+02 -1.038010139121139304e+02 -1.030039547753361830e+02
-1.037908750120328705e+02 -1.052889405493161235e+02 -1.044125429541012409e+02
-1.065074410087786561e+02 -1.074982028160493712e+02 -1.052012892944050151e+02
-1.073308100127447489e+02 -1.091756521484378339e+02 -1.091456986132233311e+02
-1.191977752565557722e+02 -1.181004151625573400e+02 -1.179181765960465782e+02
-1.172530665829241912e+02 -1.178779928702096811e+02 -1.220771380177149581e+02
-1.171870164937892866e+02 -1.185065378184993961e+02 -1.187295578172241335e+02
-1.204655582403569127e+02 -1.174822338534076209e+02 -1.205346319758340456e+02
-1.196811692596319574e+02 -1.213191558394289586e+02 -1.200129235685512299e+02
-1.185572900657794264e+02 -1.248238499202321918e+02 -1.262176371991032795e+02
-1.096298471039260249e+02 -1.173794975529142306e+02 -1.019354236304086783e+02
-9.126768063268946207e+01 -9.679163073266489903e+01 -8.913802083704808865e+01
-9.412545189877283747e+01 -8.628075700172793461e+01 -9.556773493551409615e+01
-8.363772879273285810e+01 -8.489486135871565864e+01 -8.519601228329096898e+01
-7.663860961298567531e+01 0.000000000000000000e+00 -2.789674564281445868e+01
0.000000000000000000e+00 0.000000000000000000e+00 0.000000000000000000e+00
0.000000000000000000e+00 0.000000000000000000e+00 0.000000000000000000e+00
-6.018749801894959717e+01 0.000000000000000000e+00 -4.970165170406939836e+01
-8.971602450428704856e+01 -6.001436654273467752e+01 -6.490164548100027275e+01
-1.028741211807949298e+02 -1.028772390134803629e+02 -1.020473392813759972e+02
-1.042080191809407950e+02 -1.034606749985006786e+02 -1.061473771540911457e+02
-1.039889564125919321e+02 -1.065548720116647132e+02 -1.088386373629282531e+02
-1.077654774466214889e+02 -1.086913898330983699e+02 -1.062627054207150223e+02
-1.109825848089664646e+02 -1.139732898372711531e+02 -1.084745119874687873e+02
-1.101642393064504546e+02 -1.139490090330008485e+02 -1.155266242463712700e+02
-1.201650705981429041e+02 -1.182964737455286013e+02 -1.178583537792819698e+02
-1.167088112674913134e+02 -1.191825196792902659e+02 -1.224239801653030497e+02
-1.178752546432014299e+02 -1.216156853907378377e+02 -1.214281160063106455e+02
-1.192172929078541870e+02 -1.233505370173059248e+02 -1.239682297496637062e+02
-1.228989091986151010e+02 -1.166405419351316510e+02 -1.371012138877767654e+02
-1.037482894199331867e+02 -1.021543179130160297e+02 -1.045295141938088648e+02
-1.037501860643864404e+02 -1.103060645310533374e+02 -9.233187561472917082e+01
-8.225163301732163745e+01 -8.962014472051815517e+01 -8.673924982423972097e+01
-7.946357413211389087e+01 -8.581529384347824418e+01 -8.560728971729159298e+01
0.000000000000000000e+00 0.000000000000000000e+00 0.000000000000000000e+00
0.000000000000000000e+00 0.000000000000000000e+00 0.000000000000000000e+00
0.000000000000000000e+00 0.000000000000000000e+00 0.000000000000000000e+00
-9.707750564029504403e+01 -2.724424476192819711e+01 0.000000000000000000e+00
-7.174054633781186396e+01 -8.105322266973165313e+01 -9.648220714992440605e+01
-1.097144018143956430e+02 -1.021710877333470506e+02 -1.025453532982220537e+02
-1.025785467102337236e+02 -1.057755389020203154e+02 -1.048109361877721000e+02
-1.096375949852256895e+02 -1.096621607656499293e+02 -1.063183223983506593e+02
-1.057151618597525982e+02 -1.097024613896846859e+02 -1.089500646588193433e+02
-1.079295691462126570e+02 -1.111462647871939566e+02 -1.094762474037393645e+02
-1.103425489933669041e+02 -1.138893557645936312e+02 -1.147546525473105419e+02
-1.169731717115706431e+02 -1.161839005286745419e+02 -1.148794338250446856e+02
-1.159131903064193239e+02 -1.176440966173518063e+02 -1.180640945076177815e+02
-1.172657094530908637e+02 -1.213036261241521458e+02 -1.208760392097629506e+02
-1.183356003629793349e+02 -1.165779046260546323e+02 -1.187999463116481991e+02
-1.162084642231162661e+02 -1.067904850532729739e+02 -1.099105651431192996e+02
-1.098005163982946613e+02 -1.046934718677018168e+02 -9.846948477490100515e+01
-1.098464316880792353e+02 -9.803236274741053080e+01 -9.032772150038660186e+01
-8.055565139579174172e+01 -8.797667561641260647e+01 -7.948556433728363402e+01
-7.995089850694684230e+01 -7.943487293434766627e+01 -7.976593139612549521e+01
-5.160516604884825398e+01 0.000000000000000000e+00 0.000000000000000000e+00
0.000000000000000000e+00 0.000000000000000000e+00 0.000000000000000000e+00
0.000000000000000000e+00 0.000000000000000000e+00 0.000000000000000000e+00
0.000000000000000000e+00 -2.639108896330513687e+01 -2.561697152508151731e+01
-5.298716352136592178e+01 -3.943196898585247823e+01 -4.874467788023722647e+01
-1.004326663696856059e+02 -9.882444950961621544e+01 -1.001892097461900732e+02
-1.048425933515942887e+02 -1.051965975520362520e+02 -1.042006851217869752e+02
-1.060381576974041167e+02 -1.055282924585105206e+02 -1.061670321590665935e+02
-1.065487188795529363e+02 -1.104411041372765254e+02 -1.105641569745454831e+02
-1.097468982572122798e+02 -1.107862570787624179e+02 -1.104657679186522898e+02
-1.109477035522263293e+02 -1.136896855207334198e+02 -1.118562426728198318e+02
-1.133484798665777760e+02 -1.132155799356372370e+02 -1.134975707593496566e+02
-1.135426347075567151e+02 -1.140820640699227368e+02 -1.128133499257764782e+02
-1.153838278391531418e+02 -1.155934748739990994e+02 -1.156860447387108621e+02
-1.161272915810319120e+02 -1.162663581398966528e+02 -1.165337771378896008e+02
-1.158884222943844122e+02 -1.158612181348975696e+02 -1.153955027777347055e+02
-1.066896677138975065e+02 -9.495737103639116583e+01 -1.097551624874353706e+02
-1.196249738804413596e+02 -9.881176570897829947e+01 -9.074830798957367506e+01
-8.864484061175960505e+01 -7.836695133223781795e+01 -8.286076533311342018e+01
-1.163180784000812764e+02 -6.781160681916526300e+01 -5.257588970919880467e+01
-9.922369739946705636e+01 -1.215698378451655799e+02 -1.012296388205459436e+02
0.000000000000000000e+00 0.000000000000000000e+00 0.000000000000000000e+00
0.000000000000000000e+00 0.000000000000000000e+00 0.000000000000000000e+00
0.000000000000000000e+00 0.000000000000000000e+00 0.000000000000000000e+00
-3.985949668885665886e+01 0.000000000000000000e+00 0.000000000000000000e+00
-3.790424987917639754e+01 -7.987846166336790077e+01 -1.028390467930957186e+02
-1.063611828729698487e+02 -1.036167057926956261e+02 -1.186086887063777908e+02
-1.066326268664183772e+02 -1.058019727359026518e+02 -1.064198680487460109e+02
-1.081515844221701173e+02 -1.072588597368524859e+02 -1.069662481822029036e+02
-1.079891339224059834e+02 -1.115997080583404255e+02 -1.117557139535115027e+02
-1.078112041484569801e+02 -1.115539791515315358e+02 -1.115509426255834882e+02
-1.144041399598490329e+02 -1.124955578590895300e+02 -1.141605809669694622e+02
-1.148282042436654393e+02 -1.154364875455372044e+02 -1.156619714505773402e+02
-1.145090863375504568e+02 -1.154138120710979081e+02 -1.148857218390734403e+02
-1.182741408968410326e+02 -1.177877257659155106e+02 -1.113580692896682507e+02
-1.156680881729825501e+02 -7.360233170680902504e+01 -1.172601508438872600e+02
-9.429015555516089364e+01 -1.076953942630495931e+02 -9.530033867497148492e+01
-9.016932862371326962e+01 -9.105706938621331403e+01 -8.928988384814796575e+01
-7.050861596791588681e+01 -8.179918478892739131e+01 -8.625492427649187732e+01
-7.131306640130080154e+01 -9.989722046524204302e+01 -5.695825118979546176e+01
0.000000000000000000e+00 -9.386321988425829943e+01 -1.065350318448123801e+02
0.000000000000000000e+00 0.000000000000000000e+00 0.000000000000000000e+00
0.000000000000000000e+00 0.000000000000000000e+00 0.000000000000000000e+00
-4.474530602517354083e+01 0.000000000000000000e+00 0.000000000000000000e+00
-8.646824276773145357e+01 -4.473335245956008066e+01 -1.037011449586988761e+02
-2.916845774910598621e+01 0.000000000000000000e+00 0.000000000000000000e+00
-7.413817897308260285e+01 -8.542368829152644594e+01 -8.920311465751801450e+01
-1.042512588408800980e+02 -1.071124748475959052e+02 -1.063312251757083260e+02
-1.078571909984028423e+02 -1.075827298326608457e+02 -1.091222348408506519e+02
-1.081440823681164716e+02 -1.113682288071207012e+02 -1.084715460689576787e+02
-1.084811696222475348e+02 -1.125375517253768578e+02 -1.124475457845085344e+02
-1.116866123185090771e+02 -1.133489793381428683e+02 -1.138318081417087626e+02
-1.112085531293576253e+02 -1.147137679853952648e+02 -1.151862114450303380e+02
-1.134999233309188043e+02 -1.147018564618280152e+02 -1.158999641365641367e+02
-1.119403659231786321e+02 -1.127516980056605007e+02 -1.135387740139270107e+02
-9.976250943518735426e+01 -7.385080183333579384e+01 -6.765601984297462934e+01
-7.557526653090430102e+01 -9.734539636179370348e+01 -9.653080046779140844e+01
-9.033453736193413874e+01 -9.210333933597095779e+01 -4.708650029894732825e+01
-1.667977253429635098e+01 -3.337428531037205204e+01 0.000000000000000000e+00
0.000000000000000000e+00 0.000000000000000000e+00 -1.579763758392564377e+01
-4.558556373080330815e+01 -8.573023439891173325e+00 -6.890967622099358891e+01
0.000000000000000000e+00 0.000000000000000000e+00 0.000000000000000000e+00
0.000000000000000000e+00 0.000000000000000000e+00 0.000000000000000000e+00
-4.792620433967717020e+01 0.000000000000000000e+00 0.000000000000000000e+00
0.000000000000000000e+00 -4.939127045299019869e+01 -3.648450347481356459e+01
-4.051258905259304299e+01 -1.057491106892315713e+02 -7.759915817302406538e+01
-9.624616830629875608e+01 -7.031190170243493753e+01 -8.786216289104709176e+01
-2.647987190209415331e+01 -8.240129052377014318e+01 -2.727889987833978580e+01
-1.092906824513215156e+02 -1.086994147846555308e+02 -1.097289954663428659e+02
-1.102993748324362855e+02 -1.067431410507150673e+02 -1.090485268137545063e+02
-1.093258582422658236e+02 -1.118133699911246595e+02 -1.126138381432538438e+02
-1.114685088445647665e+02 -1.151338995801804401e+02 -1.152226504007966668e+02
-1.134567810415244651e+02 -1.165358225920837469e+02 -1.165619496169949088e+02
-1.144926897150928937e+02 -1.108815625894122832e+02 -1.117969237174630734e+02
-1.000853434033300573e+02 -1.034173590154224485e+02 -1.039642476674056013e+02
-1.018881350694945525e+02 -1.010305789790657514e+02 -8.241605107950920228e+01
-7.819626828871939495e+01 -9.096124193121231372e+01 -3.370701568518464342e+01
-5.098629060711111549e+01 -8.228711123560724161e+01 -2.396760512052372150e+01
-4.064101293651263802e+01 -6.984549620480612475e+01 -9.807147944906992620e+01
0.000000000000000000e+00 0.000000000000000000e+00 -1.982541777563588070e+01
-8.433343109472072285e+01 -3.882749313093789567e+01 -7.937457703279764587e+01
0.000000000000000000e+00 0.000000000000000000e+00 0.000000000000000000e+00
0.000000000000000000e+00 0.000000000000000000e+00 0.000000000000000000e+00
-8.127006501637829672e+01 -3.701464102615743457e+01 0.000000000000000000e+00
-3.050956526175499306e+01 -4.908674628793419714e+01 -1.048155024121893746e+02
-6.214376302298840926e+01 -9.982475120732253515e+01 0.000000000000000000e+00
-4.102173152428396463e+01 -3.372767360179793883e+01 0.000000000000000000e+00
0.000000000000000000e+00 -9.677148647296669992e+01 0.000000000000000000e+00
-9.644206957304376715e+01 -5.961678225182362212e+01 0.000000000000000000e+00
-1.124089446850692298e+02 -1.192025337694123834e+02 -1.110910987914988937e+02
-1.136979829980409846e+02 -1.154352124938775432e+02 -1.105204051247396251e+02
-1.176458491523557228e+02 -1.130976717070863486e+02 -1.174494905655405006e+02
-1.154748596008962096e+02 -1.175378524726613989e+02 -1.177014758423470084e+02
-1.162931049782877437e+02 -1.083607692760326415e+02 -8.046999882064650933e+01
-1.066231805034274487e+02 -7.424364006131726512e+01 -5.025840007538526777e+01
-6.274138689896625465e+01 -8.993316695865678412e+01 -8.788929629518530362e+01
-5.253893776892540046e+01 -2.197603115494465698e+01 -3.658023604039697574e+01
-6.001811369820713793e+01 -5.738408766627027546e+01 -7.655466269390501566e+01
-8.402258647186795315e+01 -5.192095940597646120e+01 -7.151823701810243961e+01
-1.010966140974142604e+02 -7.662440272765222460e+01 -7.239235614438945277e+01
-4.816783684403025489e+01 -9.092874739966629249e+01 -2.543105188315123399e+01
0.000000000000000000e+00 0.000000000000000000e+00 0.000000000000000000e+00
0.000000000000000000e+00 0.000000000000000000e+00 0.000000000000000000e+00
0.000000000000000000e+00 0.000000000000000000e+00 -4.542588746504505792e+01
0.000000000000000000e+00 -2.264963689677735914e+01 0.000000000000000000e+00
-8.209321653245370953e+01 -3.990354456392242355e+01 -6.156857912737858385e+01
-2.905769081815108734e+01 -6.304137388351647076e+01 -8.514257487036327632e+01
-6.816358593657515996e+01 0.000000000000000000e+00 0.000000000000000000e+00
-1.198080859533861826e+02 -6.911367448540528358e+01 -6.917818101643030104e+01
-3.915428168527007813e+01 -7.966078288666514595e+01 -6.213602037977494064e+01
-1.143375849823215304e+02 -1.133540278718209464e+02 -1.141462465150710557e+02
-1.144872573507246898e+02 -1.175923311011244721e+02 -1.169476542277965621e+02
-1.183428392620203340e+02 -1.190460894642392589e+02 -1.184022277307147988e+02
-6.943136483421766059e+01 -1.104344012252274183e+02 -5.414030188950638944e+01
-5.383712586828549718e+01 -5.290541954658653623e+01 -4.547402267420297051e+01
-1.008878287194890078e+02 -1.428688685581559348e+01 -2.328277572258748762e+01
-9.392945488550600430e+01 -5.071536072932001815e+01 -4.248671445388254853e+01
-6.047312970920316388e+01 -5.165197101178712558e+01 -7.981240489349762868e+01
-1.873984818399482322e+01 -5.682440027525136372e+01 -2.262324663939752867e+01
-8.608151443035939110e+01 -5.365820365508932355e+01 -6.080552253766546755e+01
-5.422344341317615601e+01 -4.861854629426676411e+01 -8.427596748338618227e+01
0.000000000000000000e+00 -1.693480377912525014e+01 0.000000000000000000e+00
0.000000000000000000e+00 0.000000000000000000e+00 0.000000000000000000e+00
-1.091622751659619155e+02 -7.678462052893229384e+01 0.000000000000000000e+00
0.000000000000000000e+00 0.000000000000000000e+00 -5.609816816520688576e+01
-2.498351657462404418e+01 -7.075965261006967921e+01 -3.021418801548789901e+01
-1.074703216676144990e+02 -4.462907471817095484e+01 0.000000000000000000e+00
-1.173187527151919483e+02 -1.065506637514369572e+02 0.000000000000000000e+00
0.000000000000000000e+00 0.000000000000000000e+00 -7.488442024695639532e+01
0.000000000000000000e+00 -8.243056115326598388e+01 0.000000000000000000e+00
-5.079348358372998007e+01 0.000000000000000000e+00 -3.950667637173587821e+01
-1.062062548561332562e+02 -1.017303047925989290e+02 -1.377834386506906412e+02
-5.711444675517078906e+01 -5.643616488434223299e+01 -4.363355672814249431e+01
-5.414589867661517530e+01 -5.375093366244406212e+01 -5.361841583708572045e+01
-1.230907086576492873e+02 -3.916873971066839033e+01 -3.868018795924272979e+01
-1.583172469335123012e+01 -8.241075625000993909e+01 -1.350000000000000000e+01
-4.639238536696534254e+01 -1.083803638081021887e+02 -7.500000000000000000e-01
-1.563514459560022019e+01 -3.677536680553770765e+01 -5.059276435704690300e+01
-2.187387224802342800e+01 -7.914158518045019264e+01 -3.780700220840307679e+01
-3.349623073942768769e+01 -9.408815590152815389e+01 -2.927325194423126575e+01
0.000000000000000000e+00 0.000000000000000000e+00 -2.360408205518071512e+01
0.000000000000000000e+00 0.000000000000000000e+00 0.000000000000000000e+00
0.000000000000000000e+00 0.000000000000000000e+00 0.000000000000000000e+00
0.000000000000000000e+00 0.000000000000000000e+00 0.000000000000000000e+00
-1.071654205798252946e+02 -1.038446702327280491e+02 -5.307204294768312280e+01
-9.588198408749158830e+01 0.000000000000000000e+00 -1.567624411474687918e+01
-2.458133770550367103e+01 -5.627827608594686382e+01 0.000000000000000000e+00
-4.613963903443267611e+01 -1.008081102310792119e+02 -1.067890575643630910e+02
0.000000000000000000e+00 0.000000000000000000e+00 0.000000000000000000e+00
0.000000000000000000e+00 0.000000000000000000e+00 0.000000000000000000e+00
-6.999421659413303587e+01 -7.986041293683211961e+01 -7.992907124241618533e+01
-6.090299785913791197e+01 0.000000000000000000e+00 0.000000000000000000e+00
-9.391269568608694840e+01 0.000000000000000000e+00 0.000000000000000000e+00
-7.148942497649741767e+01 0.000000000000000000e+00 0.000000000000000000e+00
-2.393562441535427610e+01 0.000000000000000000e+00 -4.999012738473619066e+01
-7.295246574757570102e+01 0.000000000000000000e+00 0.000000000000000000e+00
-7.117150629867211364e+01 0.000000000000000000e+00 -2.669562327266434920e+01
-6.758484516882117532e+01 0.000000000000000000e+00 -5.135394428785697585e+01
0.000000000000000000e+00 0.000000000000000000e+00 0.000000000000000000e+00
-6.175989233638453868e+01 -1.326614196314985605e+01 0.000000000000000000e+00
-2.680764963401403378e+01 -3.900120440843095082e+01 -7.088753030115520914e+01
0.000000000000000000e+00 0.000000000000000000e+00 0.000000000000000000e+00
0.000000000000000000e+00 0.000000000000000000e+00 0.000000000000000000e+00
0.000000000000000000e+00 0.000000000000000000e+00 0.000000000000000000e+00
0.000000000000000000e+00 0.000000000000000000e+00 0.000000000000000000e+00
0.000000000000000000e+00 0.000000000000000000e+00 0.000000000000000000e+00
0.000000000000000000e+00 0.000000000000000000e+00 0.000000000000000000e+00
0.000000000000000000e+00 0.000000000000000000e+00 0.000000000000000000e+00
0.000000000000000000e+00 0.000000000000000000e+00 0.000000000000000000e+00
0.000000000000000000e+00 0.000000000000000000e+00 0.000000000000000000e+00
0.000000000000000000e+00 0.000000000000000000e+00 0.000000000000000000e+00
0.000000000000000000e+00 0.000000000000000000e+00 0.000000000000000000e+00
0.000000000000000000e+00 0.000000000000000000e+00 0.000000000000000000e+00
0.000000000000000000e+00 0.000000000000000000e+00 0.000000000000000000e+00
0.000000000000000000e+00 0.000000000000000000e+00 0.000000000000000000e+00
0.000000000000000000e+00 0.000000000000000000e+00 0.000000000000000000e+00
0.000000000000000000e+00 0.000000000000000000e+00 0.000000000000000000e+00
0.000000000000000000e+00 0.000000000000000000e+00 0.000000000000000000e+00
0.000000000000000000e+00 0.000000000000000000e+00 0.000000000000000000e+00
0.000000000000000000e+00 0.000000000000000000e+00 0.000000000000000000e+00
0.000000000000000000e+00 0.000000000000000000e+00 0.000000000000000000e+00
0.000000000000000000e+00 0.000000000000000000e+00 0.000000000000000000e+00
