0.000000000000000000e+00 0.000000000000000000e+00 0.000000000000000000e+00
0.000000000000000000e+00 0.000000000000000000e+00 -3.631367485323170469e-02
0.000000000000000000e+00 0.000000000000000000e+00 0.000000000000000000e+00
-7.747329488242074569e-02 -3.863752962577431810e-02 0.000000000000000000e+00
-1.640098398202397778e+00 -1.644556816136287791e+00 -1.674179876368333542e+00
-3.056085847953553980e+00 -3.053597766238060895e+00 -3.052581006299893485e+00
-3.089816093496681404e+00 -3.084287784064917215e+00 -3.085824544042588435e+00
-3.083872776995047804e+00 -3.090150625773215420e+00 -3.083122104210175074e+00
-3.130166321570359678e+00 -3.130328741804782045e+00 -3.132790785671590417e+00
-3.332603197659602667e+00 -3.327388584749515932e+00 -3.332271216975448258e+00
-3.842465930896327819e+00 -3.843188051817666651e+00 -3.825141543047118287e+00
-3.767982319706601579e+00 -3.768669096011993513e+00 -3.714576408460517953e+00
-3.484855643866745289e+00 -3.486072990387382831e+00 -3.483587569050497823e+00
0.000000000000000000e+00 0.000000000000000000e+00 0.000000000000000000e+00
-7.911354194923553296e-02 0.000000000000000000e+00 0.000000000000000000e+00
-3.996096020269100657e-02 -3.995188476795424881e-02 0.000000000000000000e+00
-3.720022230496070753e-02 -3.995039703137009957e-02 0.000000000000000000e+00
0.000000000000000000e+00 -7.548185622356545776e-02 0.000000000000000000e+00
-3.991928306505553720e-02 0.000000000000000000e+00 0.000000000000000000e+00
0.000000000000000000e+00 0.000000000000000000e+00 0.000000000000000000e+00
0.000000000000000000e+00 0.000000000000000000e+00 0.000000000000000000e+00
0.000000000000000000e+00 0.000000000000000000e+00 -3.969511353677032672e-02
-3.182699826758324246e-02 -3.974310613492162275e-02 -6.908307751757368498e-02
-4.707543382709099555e-01 -4.588914574395279167e-01 -4.765991523864305801e-01
-2.338170754189644374e+00 -2.337671691488029779e+00 -2.345923180896333449e+00
-3.021500948739376025e+00 -3.021594522295388163e+00 -3.023355807223159886e+00
-3.267197979295428212e+00 -3.266696532150407339e+00 -3.269171312443611921e+00
-3.441986008038675493e+00 -3.444696443050802692e+00 -3.444144676843191366e+00
-3.624849040533259625e+00 -3.626784342773440528e+00 -3.625933815592272680e+00
-3.747911464127295922e+00 -3.747731320211534989e+00 -3.748354582568276694e+00
-3.789682152118706959e+00 -3.790270291300005034e+00 -3.789755490375557478e+00
-3.809882217673560945e+00 -3.809878596323505562e+00 -3.809465883004771403e+00
-3.869202035878817281e+00 -3.869270498637453315e+00 -3.869270402270089004e+00
-3.825688699290453965e+00 -3.826030858441917815e+00 -3.825671079755045056e+00
-7.611751249727047308e-02 -3.993295716200913337e-02 -5.305634983274402916e-02
-7.713838582600970883e-02 -7.930928459094002680e-02 -7.903347487854023301e-02
-3.996349375622789551e-02 0.000000000000000000e+00 0.000000000000000000e+00
-7.906012284431297721e-02 -3.983385799188561560e-02 -7.864219220870907745e-02
-3.931282145810986728e-02 0.000000000000000000e+00 0.000000000000000000e+00
0.000000000000000000e+00 0.000000000000000000e+00 0.000000000000000000e+00
0.000000000000000000e+00 0.000000000000000000e+00 0.000000000000000000e+00
0.000000000000000000e+00 -3.904574434300343844e-02 -3.977958453144728873e-02
-3.952775077286358602e-02 -5.285093380603009261e-02 -5.583805084693381493e-02
-1.620686711267233182e+00 -1.623203820116093654e+00 -1.614094354991720603e+00
-2.758529501018093466e+00 -2.765903808868199310e+00 -2.762274876085604625e+00
-3.263803608621999697e+00 -3.262133277197067915e+00 -3.267178516686420675e+00
-3.559940583776297629e+00 -3.559510689552868978e+00 -3.559556344620262713e+00
-3.721909648947585580e+00 -3.723788907029525586e+00 -3.722511841245760511e+00
-3.803954155060499609e+00 -3.805243300247015625e+00 -3.805012810261926059e+00
-3.833820566209020786e+00 -3.833697182382222124e+00 -3.833471770659808264e+00
-3.839072201925104011e+00 -3.839666749786024180e+00 -3.839289391851428590e+00
-3.836396211756903263e+00 -3.837889269346860033e+00 -3.836452920169642677e+00
-3.816383028174407777e+00 -3.816510078879269852e+00 -3.816352961648957542e+00
-3.805390084419083774e+00 -3.803002206205463587e+00 -3.803971694263521997e+00
-3.758742256322578523e+00 -3.758696053023760530e+00 -3.757424741461538265e+00
0.000000000000000000e+00 0.000000000000000000e+00 -7.834414247309098855e-02
-3.768880084295602589e-02 -3.976824315092392093e-02 -3.996850639059987276e-02
-7.893775408744257982e-02 -3.993109750188793966e-02 -7.695008808661824018e-02
-7.550827265322261617e-02 -3.979416912891862307e-02 -3.997433847026390236e-02
-3.891425702351420518e-02 0.000000000000000000e+00 0.000000000000000000e+00
0.000000000000000000e+00 0.000000000000000000e+00 0.000000000000000000e+00
-3.501245060398799902e-02 -3.996371392703749331e-02 -3.982840810938580167e-02
-4.127549937469220387e-01 -4.115852712781620792e-01 -4.224569539162413845e-01
-2.405321858680443903e+00 -2.400513654570313182e+00 -2.403486351685870215e+00
-3.092814122308057190e+00 -3.092751590535983919e+00 -3.091697701790789843e+00
-3.535425284784086575e+00 -3.535619706376469829e+00 -3.534207655453648567e+00
-3.746950458366317349e+00 -3.747770847207372302e+00 -3.747010220366620015e+00
-3.852248321883496640e+00 -3.851745380158394738e+00 -3.851695664473127056e+00
-3.898609675461230495e+00 -3.898732287505156435e+00 -3.898338661807363437e+00
-3.917588166046417353e+00 -3.917437207512638686e+00 -3.917625704726041214e+00
-3.915955781361995847e+00 -3.915783557436506968e+00 -3.915688264827098752e+00
-3.895977643923798972e+00 -3.895697872093705882e+00 -3.895864832894676333e+00
-3.860410257672813650e+00 -3.860094070056079296e+00 -3.860677512907096709e+00
-3.803057309857973411e+00 -3.802129974858101669e+00 -3.802590917092929512e+00
-3.704465551452066574e+00 -3.700717570572835236e+00 -3.700481320492083892e+00
-3.576327857272691979e+00 -3.575776647175316292e+00 -3.574892688601448931e+00
-3.990167100422807589e-02 -7.932354823900523988e-02 -3.977941652048106597e-02
-3.996132233017876678e-02 -3.994652670306406139e-02 0.000000000000000000e+00
-7.871254499630148116e-02 -7.832931655221370137e-02 -7.905763946029123468e-02
0.000000000000000000e+00 0.000000000000000000e+00 0.000000000000000000e+00
0.000000000000000000e+00 0.000000000000000000e+00 0.000000000000000000e+00
-3.882195510933406785e-02 -3.994331558442911628e-02 -3.982887779192800792e-02
-1.278711945644456671e+00 -1.285267757001383959e+00 -1.290257882423251790e+00
-2.763374136146037330e+00 -2.766281864405826241e+00 -2.766841486452030541e+00
-3.349332334631310193e+00 -3.353847352360185941e+00 -3.358346983568257560e+00
-3.700067861070222008e+00 -3.699327767799848399e+00 -3.699713276585126387e+00
-3.850673712450425334e+00 -3.851098775040067590e+00 -3.851341942446967259e+00
-3.916714928791865891e+00 -3.916674694447587868e+00 -3.916703622815405073e+00
-3.950333293559665560e+00 -3.950321401856774273e+00 -3.950433512107744960e+00
-3.962606250470596780e+00 -3.962588214827956534e+00 -3.962642036153146474e+00
-3.959958457585051050e+00 -3.959994864061665343e+00 -3.960175383002252580e+00
-3.947548042362207354e+00 -3.946948514024059218e+00 -3.946920725098045146e+00
-3.914131160115862595e+00 -3.913845825995093008e+00 -3.914299946715173117e+00
-3.859971425498730291e+00 -3.859728484459084452e+00 -3.859351471078211748e+00
-3.761577879122886880e+00 -3.756812782455658972e+00 -3.758487263921182375e+00
-3.527218975976787796e+00 -3.504715535406167870e+00 -3.379614673451430740e+00
-2.663904172085290512e+00 -2.674178198779577631e+00 -2.672777718819762782e+00
0.000000000000000000e+00 0.000000000000000000e+00 0.000000000000000000e+00
-3.919776373320251611e-02 -7.929515584680491003e-02 -7.407329641269660980e-02
0.000000000000000000e+00 0.000000000000000000e+00 0.000000000000000000e+00
0.000000000000000000e+00 0.000000000000000000e+00 0.000000000000000000e+00
-3.994389299848000868e-02 0.000000000000000000e+00 0.000000000000000000e+00
-1.870951436607866114e+00 -1.878569031419101254e+00 -1.894507818413910138e+00
-3.013116061458152029e+00 -3.014090138401678054e+00 -3.010973801623831658e+00
-3.520410773364233137e+00 -3.522253774052813036e+00 -3.523000754788717881e+00
-3.791090657226574123e+00 -3.791548716017262954e+00 -3.792721286467647612e+00
-3.898211748988698933e+00 -3.898439825000712400e+00 -3.898798819832004714e+00
-3.953282513640796747e+00 -3.953241167120243205e+00 -3.953550399681121874e+00
-3.979176055943864476e+00 -3.979274227065265013e+00 -3.979151064331396093e+00
-3.989898495321374750e+00 -3.989661471134289705e+00 -3.989916280120443748e+00
-3.986656564162093463e+00 -3.986612391856855009e+00 -3.986668468851971792e+00
-3.979307998190206419e+00 -3.979419419543984482e+00 -3.978635119069603210e+00
-3.954762923099080840e+00 -3.954621969353996125e+00 -3.954547282431336797e+00
-3.906744492656913703e+00 -3.906658363363295638e+00 -3.907096708861368839e+00
-3.826540897287304066e+00 -3.826090416379360981e+00 -3.826010555747302977e+00
-3.638908060589356896e+00 -3.634828723652983040e+00 -3.634137177313070399e+00
-3.441929950186972231e+00 -3.432423397817380817e+00 -3.226127208305051397e+00
-3.975970547206873762e-02 -6.862323148185832389e-02 -5.640954757395757330e-02
0.000000000000000000e+00 0.000000000000000000e+00 0.000000000000000000e+00
0.000000000000000000e+00 0.000000000000000000e+00 0.000000000000000000e+00
0.000000000000000000e+00 0.000000000000000000e+00 0.000000000000000000e+00
-3.892943275993263758e-02 -1.183896480734673330e-02 -4.205465724000477523e-02
-2.071974501587174444e+00 -2.071270000967527558e+00 -2.071168512296518216e+00
-3.049499031879954192e+00 -3.051491702371170067e+00 -3.051543084731461519e+00
-3.589943252769193460e+00 -3.589493824529176536e+00 -3.589631567583931204e+00
-3.827457962928257018e+00 -3.827197847193655633e+00 -3.827544146385542412e+00
-3.920248073112354792e+00 -3.920577171940343497e+00 -3.920351889560493408e+00
-3.967940587071318692e+00 -3.968175728396245994e+00 -3.968039272262752437e+00
-3.991512799730191130e+00 -3.991586840856998553e+00 -3.991603737579803024e+00
-3.993746452787528156e+00 -3.993724283014493448e+00 -3.993743738122006892e+00
-3.994440755194791137e+00 -3.994442933397837514e+00 -3.994396898303492982e+00
-3.987602133412379679e+00 -3.987579421392227541e+00 -3.987528384995166153e+00
-3.977892212646803927e+00 -3.977832225270408362e+00 -3.976821744615457899e+00
-3.939910791407011281e+00 -3.939724778871889654e+00 -3.939194033831789454e+00
-3.866966478112838779e+00 -3.867477753303569354e+00 -3.864999972450085863e+00
-3.674699627041909444e+00 -3.679394870678194707e+00 -3.647391773885393373e+00
-3.358773809586200976e+00 -3.239717518723577605e+00 -2.866975401100614551e+00
-1.177891828003664321e+00 -1.177610553230791446e+00 -1.188850783659827881e+00
-1.166203907529275441e-01 -3.988801491703055507e-02 -7.942584474508992964e-02
0.000000000000000000e+00 0.000000000000000000e+00 0.000000000000000000e+00
0.000000000000000000e+00 0.000000000000000000e+00 0.000000000000000000e+00
-3.993791207140397204e-02 -1.008879223605510002e-02 -2.425822868540120081e-02
-1.941316619868828752e+00 -1.943903256230380183e+00 -1.944029165775267520e+00
-2.959189882926184456e+00 -2.956874609830277389e+00 -2.967971161462147567e+00
-3.575294461073085017e+00 -3.574145357627580566e+00 -3.573362173406696041e+00
-3.821192387699837933e+00 -3.821730298008751081e+00 -3.822598502711979318e+00
-3.915951209670491817e+00 -3.916171445885612279e+00 -3.916067354629363617e+00
-3.966903176665263153e+00 -3.966775793946487827e+00 -3.966950597042883331e+00
-3.991197115660376493e+00 -3.991633475909337481e+00 -3.991652112532830365e+00
-3.994693264996671545e+00 -3.994696117220754683e+00 -3.994697133173415349e+00
-3.996939579581602509e+00 -3.996953575122988322e+00 -3.996901477760581578e+00
-3.992758831746963111e+00 -3.992721556427933916e+00 -3.992724945269745973e+00
-3.983910466275330187e+00 -3.983966543847357933e+00 -3.984023837320882944e+00
-3.949799721195504709e+00 -3.949628481233101507e+00 -3.949670078381183114e+00
-3.885928669760393195e+00 -3.885920906310429856e+00 -3.885720730342312912e+00
-3.748023144853656952e+00 -3.747804996248411236e+00 -3.747710524200405846e+00
-3.457849998019296489e+00 -3.443874509997737032e+00 -3.339025999941354517e+00
-2.514316590498070880e+00 -2.514814103270825552e+00 -2.512834650292115946e+00
-7.935746917073890905e-02 -6.906309340603186686e-02 -3.989917257216274438e-02
0.000000000000000000e+00 0.000000000000000000e+00 0.000000000000000000e+00
0.000000000000000000e+00 0.000000000000000000e+00 0.000000000000000000e+00
-3.975507870584363279e-02 -3.994707155978399760e-02 0.000000000000000000e+00
-1.408240731211279684e+00 -1.410929039216108904e+00 -1.418074285176381011e+00
-2.748761627507079197e+00 -2.758765350562167207e+00 -2.776565082502149728e+00
-3.471875939328770144e+00 -3.477097842800831007e+00 -3.477569487128944647e+00
-3.765479843795854542e+00 -3.769290455191749434e+00 -3.769657365065545385e+00
-3.887388330539970127e+00 -3.888200034796405191e+00 -3.888293358456330395e+00
-3.947801234296815398e+00 -3.949099898749478310e+00 -3.948973782503707675e+00
-3.975342065169658490e+00 -3.975343330884067772e+00 -3.975215367361032204e+00
-3.990369972386826003e+00 -3.990800276881738551e+00 -3.990671618470646997e+00
-3.994228393507065711e+00 -3.994242918776893969e+00 -3.994254748044951508e+00
-3.988298091213128949e+00 -3.988314539901108180e+00 -3.988248995732204705e+00
-3.979322149260605901e+00 -3.979352984195160037e+00 -3.979153247569672480e+00
-3.942689962275010895e+00 -3.943106082289862702e+00 -3.942628411783865250e+00
-3.883784128624710785e+00 -3.883444475287434638e+00 -3.883460342689875500e+00
-3.732927216552174521e+00 -3.733033491734851328e+00 -3.733436065049827501e+00
-3.542133392360772071e+00 -3.543039680471506081e+00 -3.542609811099270090e+00
-2.572257127441870406e+00 -2.570581315361071706e+00 -2.572479224474557569e+00
-3.734886605057310266e-02 0.000000000000000000e+00 0.000000000000000000e+00
0.000000000000000000e+00 0.000000000000000000e+00 0.000000000000000000e+00
0.000000000000000000e+00 0.000000000000000000e+00 0.000000000000000000e+00
-3.980555885306149427e-02 -3.994606145028343352e-02 0.000000000000000000e+00
-3.190969387459401396e-01 -3.107435766259975529e-01 -3.173068463357597846e-01
-2.590386957697821568e+00 -2.593175069249338272e+00 -2.604932394159839681e+00
-3.264960871275655041e+00 -3.266433136164210271e+00 -3.265586712653172796e+00
-3.670594699441684927e+00 -3.673857221798809025e+00 -3.676154493486918806e+00
-3.841216384427405206e+00 -3.840998116601350265e+00 -3.841263133259466667e+00
-3.908242441384039978e+00 -3.909135050077375606e+00 -3.908929533287595515e+00
-3.951207236272020751e+00 -3.951738818130503539e+00 -3.951411778063397939e+00
-3.971716111148740236e+00 -3.971982501250455044e+00 -3.971929998603182188e+00
-3.977211161177302223e+00 -3.977205869498859681e+00 -3.977282720708946950e+00
-3.975105143954831277e+00 -3.975190987502427831e+00 -3.974865786375477050e+00
-3.957464177594748556e+00 -3.957223441555115961e+00 -3.957557948865059405e+00
-3.918054246891836900e+00 -3.918215860207914236e+00 -3.917683433062984832e+00
-3.836779146327872869e+00 -3.836557426465447396e+00 -3.835995730486873256e+00
-3.661673394213947663e+00 -3.662473390964615216e+00 -3.662821247974493488e+00
-3.454497729853776011e+00 -3.455620453785205548e+00 -3.454498499897074471e+00
-2.095799266312945885e+00 -2.099032618263351413e+00 -2.084936838507380763e+00
-3.993143254991782937e-02 -3.549322851396373435e-02 -3.921324401711266672e-02
-3.995569485957944228e-02 0.000000000000000000e+00 0.000000000000000000e+00
0.000000000000000000e+00 0.000000000000000000e+00 0.000000000000000000e+00
0.000000000000000000e+00 0.000000000000000000e+00 0.000000000000000000e+00
-1.056158157924695501e-01 -7.530007643991221133e-02 -7.890966527840911904e-02
-2.122361789427114953e+00 -2.115405473630449951e+00 -2.114609828728841734e+00
-2.933229383889230490e+00 -2.949384720694877338e+00 -2.950486723376350984e+00
-3.475814158030407608e+00 -3.476579855950131304e+00 -3.473862938441372616e+00
-3.728617180622295191e+00 -3.729562091770885601e+00 -3.729372643025557821e+00
-3.854744778379977976e+00 -3.855213568436751448e+00 -3.854834117487386802e+00
-3.904886144984721863e+00 -3.904500668400808561e+00 -3.904745270905655818e+00
-3.931047407989772591e+00 -3.930801349078722140e+00 -3.930919178691827387e+00
-3.942955642406745564e+00 -3.942967328595333942e+00 -3.942969503188272995e+00
-3.937846360881168462e+00 -3.937950531324017955e+00 -3.938060090190227402e+00
-3.915005886917208411e+00 -3.915425381384161074e+00 -3.915295287766511478e+00
-3.867614256255512473e+00 -3.867330656191380278e+00 -3.867127995935103257e+00
-3.760305509462656293e+00 -3.758646123067054923e+00 -3.759995030463452181e+00
-3.538839390130172458e+00 -3.537845441734881025e+00 -3.538703900138408631e+00
-3.227977964884467532e+00 -3.218494048780965677e+00 -3.212630896674352421e+00
-5.944283497996403209e-01 -5.764563557351319867e-01 -5.776275233965628697e-01
-3.964258099630674909e-02 -3.992121910329640005e-02 -3.996307934935729861e-02
0.000000000000000000e+00 0.000000000000000000e+00 0.000000000000000000e+00
0.000000000000000000e+00 0.000000000000000000e+00 0.000000000000000000e+00
-7.514237171142168492e-02 -3.995537540983987168e-02 0.000000000000000000e+00
-3.980778205139912790e-02 0.000000000000000000e+00 -3.997176525620631943e-02
-3.238368695871512992e-01 -3.203713342709368916e-01 -3.218501905045005884e-01
-2.680296377338795999e+00 -2.680062833845706205e+00 -2.682350969459097012e+00
-3.166151828348228392e+00 -3.167240577024764470e+00 -3.171382965180338687e+00
-3.555778347584298782e+00 -3.560065977049561514e+00 -3.559323482338959899e+00
-3.735699636474955287e+00 -3.735216645024645121e+00 -3.736338057681726887e+00
-3.829769541472694439e+00 -3.830149207521106547e+00 -3.829214199578242273e+00
-3.873871312707617864e+00 -3.873617246906849942e+00 -3.873907779339162971e+00
-3.889068694655990477e+00 -3.889170651541367540e+00 -3.889046539924611245e+00
-3.883002702160313291e+00 -3.883263200905521018e+00 -3.883079479283192192e+00
-3.848609846666269707e+00 -3.848934778658097411e+00 -3.848953114878326254e+00
-3.771024725548637324e+00 -3.769831822650456576e+00 -3.769982453973717451e+00
-3.597244163910395365e+00 -3.597534385663678336e+00 -3.597773162396448399e+00
-3.380770971198973296e+00 -3.379145066614324122e+00 -3.377267681235072150e+00
-2.740281195469029374e+00 -2.735660311117802390e+00 -2.733635788889831275e+00
-9.761253392197356826e-02 -7.924790425825947726e-02 -3.996249875443144695e-02
-7.587616327134810712e-02 -3.986354291274871176e-02 0.000000000000000000e+00
0.000000000000000000e+00 0.000000000000000000e+00 0.000000000000000000e+00
0.000000000000000000e+00 0.000000000000000000e+00 0.000000000000000000e+00
-3.996215987993836927e-02 -7.935644732458141393e-02 -3.996361119594509653e-02
-1.161067464374060942e-01 -3.979086912151194588e-02 -6.634234451247920938e-02
-1.148850071536783868e-01 -1.178961433440529200e-01 -7.918240654604696838e-02
-1.022764438905157558e+00 -1.004138263766436445e+00 -1.004349146838846796e+00
-2.818774631743313996e+00 -2.814475927425186264e+00 -2.814340545986389941e+00
-3.256395820465039836e+00 -3.258085606236588827e+00 -3.259546601629093043e+00
-3.539531611573857539e+00 -3.538931493545630858e+00 -3.538855417975729445e+00
-3.692295006814898084e+00 -3.691420083032168620e+00 -3.693250930445753699e+00
-3.765991835710159830e+00 -3.766030605495695571e+00 -3.767257470883941473e+00
-3.785424158166474928e+00 -3.785525365081575444e+00 -3.785492078304486085e+00
-3.776953426889552823e+00 -3.776786906316360160e+00 -3.776735287863486334e+00
-3.725617700304303170e+00 -3.725471381146152172e+00 -3.724054572731598789e+00
-3.588878347378422262e+00 -3.589105254969953140e+00 -3.587790330406452011e+00
-3.432216196540450071e+00 -3.431380827750195373e+00 -3.429759860133432259e+00
-3.033190954199755041e+00 -3.024062507338802774e+00 -3.034614794656097736e+00
-1.101795478118834382e+00 -1.108308775164767557e+00 -1.088645558604335539e+00
-3.996157581401574982e-02 -3.767555569702439600e-02 0.000000000000000000e+00
-7.774323518809224398e-02 -7.825871335950831953e-02 -7.155596266821373508e-02
0.000000000000000000e+00 0.000000000000000000e+00 0.000000000000000000e+00
0.000000000000000000e+00 0.000000000000000000e+00 0.000000000000000000e+00
0.000000000000000000e+00 0.000000000000000000e+00 -3.980116023410707610e-02
-3.996146359326331610e-02 -3.996390909581085116e-02 -3.987642769666688985e-02
-1.178637894009064158e-01 -1.151803649867215451e-01 -1.183483414003965728e-01
-7.952413831262072907e-02 -7.826986051245632403e-02 -7.881210941164334960e-02
-1.668786608386930270e+00 -1.670843242257113559e+00 -1.683134529287743986e+00
-2.837240715652096679e+00 -2.838624668576407828e+00 -2.839056044388196032e+00
-3.292308556549950360e+00 -3.292172249665908268e+00 -3.292579814671389382e+00
-3.475833407109385931e+00 -3.476198262704305098e+00 -3.477330841895904356e+00
-3.562720999919324782e+00 -3.562094672775786730e+00 -3.561877351053702956e+00
-3.584041544452911232e+00 -3.584085073399119636e+00 -3.584623716256649661e+00
-3.576031669032150972e+00 -3.576629028366403951e+00 -3.576664756247122767e+00
-3.543418130855850556e+00 -3.544288644584723258e+00 -3.542988945424931480e+00
-3.477459092576707267e+00 -3.478434326083539307e+00 -3.478546237995967516e+00
-3.163179099058998300e+00 -3.166418363839112793e+00 -3.166463198358776765e+00
-2.279645670943155622e+00 -2.272042244057360882e+00 -2.273766192150187049e+00
-7.913851980464756131e-02 -5.632333049364605243e-02 -3.994529083333760167e-02
-3.986306456879893517e-02 -3.993778519173623448e-02 0.000000000000000000e+00
-3.951013513328403837e-02 -3.996062156095443740e-02 0.000000000000000000e+00
0.000000000000000000e+00 0.000000000000000000e+00 0.000000000000000000e+00
0.000000000000000000e+00 0.000000000000000000e+00 0.000000000000000000e+00
0.000000000000000000e+00 0.000000000000000000e+00 0.000000000000000000e+00
-3.976828210303861438e-02 -3.967854461250887310e-02 -7.483151504453489089e-02
-3.782080501671233885e-02 -3.984657635279691829e-02 -3.993118841018536425e-02
0.000000000000000000e+00 0.000000000000000000e+00 0.000000000000000000e+00
-3.964912183754495945e-02 -3.985817818522897904e-02 -7.858688928859666745e-02
-1.876081363625135445e+00 -1.883228271279851151e+00 -1.874687351877116326e+00
-2.910429153380320599e+00 -2.915383694952423443e+00 -2.916163090183570006e+00
-3.316849433737143915e+00 -3.316269431923254185e+00 -3.314428773072013890e+00
-3.480549739316071811e+00 -3.479252801267050721e+00 -3.479902948678843089e+00
-3.544753615481343267e+00 -3.544317828468849463e+00 -3.544379565896373041e+00
-3.551431147174682668e+00 -3.551076476225689671e+00 -3.551390662388576480e+00
-3.473332192240774940e+00 -3.473332012462049256e+00 -3.474966566315158989e+00
-3.230630936297353539e+00 -3.232161862588012635e+00 -3.228938814680514025e+00
-2.538740976008333039e+00 -2.546685135258036414e+00 -2.538267113236043926e+00
-3.689908006734767820e-01 -3.659180702346306879e-01 -3.900847222948167214e-01
-3.964099401731799310e-02 0.000000000000000000e+00 0.000000000000000000e+00
-7.932176403438925827e-02 -3.975798420896840130e-02 -3.994552714842278252e-02
-7.475915232116076004e-02 -3.866980094992322065e-02 -7.917265015920846305e-02
0.000000000000000000e+00 0.000000000000000000e+00 0.000000000000000000e+00
0.000000000000000000e+00 0.000000000000000000e+00 0.000000000000000000e+00
-3.996151359688511484e-02 -3.926641126844250540e-02 0.000000000000000000e+00
-3.994178231389492600e-02 0.000000000000000000e+00 0.000000000000000000e+00
0.000000000000000000e+00 -3.989747893024380571e-02 -2.866519242237417983e-02
-3.977084719303677907e-02 0.000000000000000000e+00 -1.146315751056109222e-01
-3.957727070089250843e-02 0.000000000000000000e+00 0.000000000000000000e+00
-3.979275626844369640e-02 -3.993746425353601054e-02 -3.996139913612059558e-02
-1.755981934559229352e+00 -1.758850667956782798e+00 -1.751469545013945694e+00
-2.929452919085761220e+00 -2.935795042761550011e+00 -2.939451231689403254e+00
-3.309615244430752501e+00 -3.306025948068112896e+00 -3.309904541614104634e+00
-3.431687018215053619e+00 -3.430083964188929357e+00 -3.430580346825878646e+00
-3.408674065571223988e+00 -3.409883991524595537e+00 -3.411356415975986600e+00
-3.229325919960894353e+00 -3.227960444416387631e+00 -3.225930747087006445e+00
-2.764696671823963392e+00 -2.761853043277159525e+00 -2.768317752602136750e+00
-1.214231879304237038e+00 -1.210780422305021364e+00 -1.212189814345986161e+00
-8.552860883597648844e-02 -3.990202940606956544e-02 0.000000000000000000e+00
-3.973772675435770924e-02 -3.996911281446296343e-02 -7.714118274153261567e-02
-3.993150910755322025e-02 0.000000000000000000e+00 -3.651267048108883945e-02
-3.888512274711861810e-02 -3.994721437881006143e-02 0.000000000000000000e+00
-3.987823997554785366e-02 0.000000000000000000e+00 0.000000000000000000e+00
0.000000000000000000e+00 0.000000000000000000e+00 0.000000000000000000e+00
0.000000000000000000e+00 0.000000000000000000e+00 0.000000000000000000e+00
-3.980184361766430506e-02 -3.996368426864847778e-02 -3.994655556549617931e-02
-3.962920260826207491e-02 -3.996062857188065198e-02 -3.962748957509112241e-02
-3.955899904779442561e-02 -3.759377783576700605e-02 0.000000000000000000e+00
-3.784029045690016219e-02 0.000000000000000000e+00 0.000000000000000000e+00
-3.471232887036624498e-02 0.000000000000000000e+00 0.000000000000000000e+00
-3.921872950932404206e-02 -3.993610307331928871e-02 -3.738022352272323684e-02
-1.403307341408494446e+00 -1.389783313533729414e+00 -1.387718939374001037e+00
-2.888253286125721520e+00 -2.884247173009766296e+00 -2.884691149399720711e+00
-3.188863162695991793e+00 -3.188405258608482118e+00 -3.190502143238892252e+00
-3.034245972734744168e+00 -3.034846238810005925e+00 -3.027985334961213137e+00
-2.750150326394729561e+00 -2.745636597113120025e+00 -2.745462782553607983e+00
-1.834788431552991650e+00 -1.840839627419406099e+00 -1.841313515906571219e+00
-2.405185596655839420e-01 -2.556309515589389458e-01 -2.207087956026335118e-01
-3.961805323473715362e-02 -3.355052653698969989e-02 -3.996015171316528308e-02
-7.704946359256226174e-02 -3.993130447493095647e-02 0.000000000000000000e+00
-7.508599586837461093e-02 -6.284539976745606715e-02 -3.981442294158992617e-02
-7.839915237821848404e-02 -3.929131929540646134e-02 -7.593630021631875282e-02
0.000000000000000000e+00 0.000000000000000000e+00 0.000000000000000000e+00
0.000000000000000000e+00 0.000000000000000000e+00 0.000000000000000000e+00
-3.954518149756532097e-02 -7.213866675837922460e-02 0.000000000000000000e+00
-1.157041455290109544e-01 -3.796569729288550021e-02 0.000000000000000000e+00
-3.983922731475274259e-02 0.000000000000000000e+00 0.000000000000000000e+00
-3.506371020889270662e-02 -3.994338363037999023e-02 -3.995057633711320694e-02
-3.958862931421754106e-02 -7.907276894972724290e-02 -3.994423889201329653e-02
-3.962767528423942476e-02 -3.994391340432129622e-02 0.000000000000000000e+00
-3.993399257993408141e-02 -3.994905749625422137e-02 -3.865977363095073754e-02
-7.925622874061058476e-02 -3.982846804188434897e-02 -7.935865035681272106e-02
-7.056329489073174255e-01 -7.329862930888250139e-01 -7.000739082719281692e-01
-1.857551541961108832e+00 -1.849009409378930435e+00 -1.856675341086084341e+00
-2.047963183757278482e+00 -2.052456488674571755e+00 -2.052340319998567253e+00
-1.712619233380712647e+00 -1.713404521421748150e+00 -1.715379220725555820e+00
-8.493583945841853833e-01 -8.479892536977020612e-01 -8.421486523525366641e-01
-6.470374637170522858e-02 -4.461180442878387442e-02 -3.996099093786999873e-02
-3.976323913114267194e-02 0.000000000000000000e+00 0.000000000000000000e+00
-3.996104897639661535e-02 0.000000000000000000e+00 -3.347674212670655874e-02
-3.844119703228021656e-02 -1.136001191320667736e-01 -3.967057322167505395e-02
-3.725754487155677475e-02 -3.930451983898757690e-02 0.000000000000000000e+00
0.000000000000000000e+00 0.000000000000000000e+00 0.000000000000000000e+00
0.000000000000000000e+00 0.000000000000000000e+00 0.000000000000000000e+00
-3.972453710749095784e-02 -3.995981709816961991e-02 0.000000000000000000e+00
-3.991940806355269433e-02 -3.974279553059595349e-02 0.000000000000000000e+00
0.000000000000000000e+00 0.000000000000000000e+00 -3.976365467482597532e-02
-7.806903100350887081e-02 -3.980443319912214256e-02 0.000000000000000000e+00
0.000000000000000000e+00 -3.913514340125031493e-02 -3.990126028370973715e-02
-7.877792000565365937e-02 -3.994662528871215784e-02 -7.513303231705877050e-02
-3.993069946154211014e-02 0.000000000000000000e+00 0.000000000000000000e+00
0.000000000000000000e+00 0.000000000000000000e+00 0.000000000000000000e+00
-3.997216810868573639e-02 0.000000000000000000e+00 0.000000000000000000e+00
-3.990760197671491816e-02 0.000000000000000000e+00 0.000000000000000000e+00
0.000000000000000000e+00 -3.947371644403380175e-02 0.000000000000000000e+00
-3.921204591484090535e-02 0.000000000000000000e+00 0.000000000000000000e+00
0.000000000000000000e+00 0.000000000000000000e+00 0.000000000000000000e+00
-3.996127301821103539e-02 -7.449013068855271646e-02 -7.945214285653058595e-02
-3.941415014220961410e-02 0.000000000000000000e+00 0.000000000000000000e+00
-3.983219944421218656e-02 -3.984509932226690948e-02 0.000000000000000000e+00
-7.874311243213660827e-02 0.000000000000000000e+00 0.000000000000000000e+00
-3.988692324905088876e-02 -3.178597950272497863e-02 -3.992369590211641145e-02
0.000000000000000000e+00 0.000000000000000000e+00 0.000000000000000000e+00
0.000000000000000000e+00 0.000000000000000000e+00 0.000000000000000000e+00
0.000000000000000000e+00 0.000000000000000000e+00 0.000000000000000000e+00
0.000000000000000000e+00 0.000000000000000000e+00 0.000000000000000000e+00
0.000000000000000000e+00 0.000000000000000000e+00 0.000000000000000000e+00
0.000000000000000000e+00 0.000000000000000000e+00 0.000000000000000000e+00
0.000000000000000000e+00 0.000000000000000000e+00 0.000000000000000000e+00
0.000000000000000000e+00 0.000000000000000000e+00 0.000000000000000000e+00
0.000000000000000000e+00 0.000000000000000000e+00 0.000000000000000000e+00
0.000000000000000000e+00 0.000000000000000000e+00 0.000000000000000000e+00
0.000000000000000000e+00 0.000000000000000000e+00 0.000000000000000000e+00
0.000000000000000000e+00 0.000000000000000000e+00 0.000000000000000000e+00
0.000000000000000000e+00 0.000000000000000000e+00 0.000000000000000000e+00
0.000000000000000000e+00 0.000000000000000000e+00 0.000000000000000000e+00
0.000000000000000000e+00 0.000000000000000000e+00 0.000000000000000000e+00
0.000000000000000000e+00 0.000000000000000000e+00 0.000000000000000000e+00
0.000000000000000000e+00 0.000000000000000000e+00 0.000000000000000000e+00
0.000000000000000000e+00 0.000000000000000000e+00 0.000000000000000000e+00
0.000000000000000000e+00 0.000000000000000000e+00 0.000000000000000000e+00
0.000000000000000000e+00 0.000000000000000000e+00 0.000000000000000000e+00
0.000000000000000000e+00 0.000000000000000000e+00 0.000000000000000000e+00
