0.000000000000000000e+00 0.000000000000000000e+00 0.000000000000000000e+00
0.000000000000000000e+00 0.000000000000000000e+00 0.000000000000000000e+00
-1.999999999145482266e-01 0.000000000000000000e+00 0.000000000000000000e+00
-1.781059935510063141e+00 -1.802932245293667579e+00 -1.781096770460341316e+00
-1.999884883082342579e+00 -1.999884193273578692e+00 -1.999892464304052098e+00
-1.999857231789617273e+00 -1.999904585099150367e+00 -1.999899769677343508e+00
-1.999910998301326126e+00 -1.999909580082781746e+00 -1.999911733797984370e+00
-1.999940873065685576e+00 -1.999937743309817773e+00 -1.999936722563055547e+00
-1.999960974463538488e+00 -1.999961216699015498e+00 -1.999960702383296374e+00
-1.999958152752510765e+00 -1.999957904216709492e+00 -1.999983144319311235e+00
-1.999967336599169254e+00 -1.999966419329685774e+00 -1.999950326094143804e+00
-1.999944730715294439e+00 -1.999947896789649349e+00 -1.999945069538639819e+00
-1.998785536369996230e+00 -1.998802643093926301e+00 -1.998687836458977296e+00
-1.999999999949977347e-01 -1.999999999642469994e-01 -1.999999999907896842e-01
0.000000000000000000e+00 -1.999999984854607948e-01 0.000000000000000000e+00
0.000000000000000000e+00 0.000000000000000000e+00 0.000000000000000000e+00
-1.999999997270022756e-01 -3.799999992901552104e-01 -1.999999999348091306e-01
0.000000000000000000e+00 -3.799999895445311249e-01 0.000000000000000000e+00
-1.840782736057708646e-01 -1.999999829561987519e-01 0.000000000000000000e+00
0.000000000000000000e+00 0.000000000000000000e+00 0.000000000000000000e+00
0.000000000000000000e+00 0.000000000000000000e+00 0.000000000000000000e+00
-1.999999999993068711e-01 0.000000000000000000e+00 0.000000000000000000e+00
-6.856926898320875319e-01 -6.777811485314624296e-01 -6.665925477008337596e-01
-1.951201541239003578e+00 -1.966218783779114077e+00 -1.966235151266163328e+00
-1.999946407579024754e+00 -1.999952896748819597e+00 -1.999945844663412409e+00
-1.999976129270824687e+00 -1.999965426958072223e+00 -1.999977077332623754e+00
-1.999979487606467599e+00 -1.999979802022523678e+00 -1.999978997403575320e+00
-1.999982861749574514e+00 -1.999979247411888483e+00 -1.999983652440566528e+00
-1.999992160922108519e+00 -1.999953231833453859e+00 -1.999974917426942334e+00
-1.999973581469070671e+00 -1.999919875444486683e+00 -1.999840742388841797e+00
-1.999710637527776447e+00 -1.999657398545237719e+00 -1.999671889374925682e+00
-1.999901656714000886e+00 -1.999871820503756004e+00 -1.999882620292934954e+00
-1.999959212716543977e+00 -1.999958347234054967e+00 -1.999941354168113916e+00
-1.999890328921771987e+00 -1.999887165353753549e+00 -1.999889539268335348e+00
-9.299003017955856931e-01 -9.293964037297963721e-01 -9.340994267819435759e-01
-3.799999976358651166e-01 -1.999999999593415623e-01 -3.799999998413373659e-01
-1.999999999002240458e-01 -1.999999999466899048e-01 0.000000000000000000e+00
0.000000000000000000e+00 0.000000000000000000e+00 0.000000000000000000e+00
-3.799999985382542800e-01 -1.999999999930126282e-01 -1.999999999960941632e-01
0.000000000000000000e+00 0.000000000000000000e+00 0.000000000000000000e+00
0.000000000000000000e+00 0.000000000000000000e+00 0.000000000000000000e+00
-1.999999999872486833e-01 -1.999999999166723885e-01 0.000000000000000000e+00
-1.700579239639807838e+00 -1.682200957738517744e+00 -1.701628461586932373e+00
-1.989665731637401125e+00 -1.990539199977093165e+00 -1.991346045331050751e+00
-1.999983493930961753e+00 -1.999983955398458857e+00 -1.999981762988540135e+00
-1.999993467584019635e+00 -1.999994155740897117e+00 -1.999992972693217075e+00
-1.999993270381431154e+00 -1.999993260403312600e+00 -1.999993523653886163e+00
-1.999997883188916248e+00 -1.999997283303209805e+00 -1.999991026166852759e+00
-1.999993374858748840e+00 -1.999990885770634996e+00 -1.999993819335682987e+00
-1.999984830364103017e+00 -1.999983264707825947e+00 -1.999982755024652725e+00
-1.999956847013971695e+00 -1.999960697330407378e+00 -1.999958489730002897e+00
-1.999906244039208802e+00 -1.999905049715141603e+00 -1.999896724948617255e+00
-1.999797552606429107e+00 -1.999801441454143180e+00 -1.999793194222497350e+00
-1.999878813546100975e+00 -1.999882752751041437e+00 -1.999888927870445698e+00
-1.999794944514461159e+00 -1.999801836908196462e+00 -1.999792790128532838e+00
-8.090267829879325134e-01 -8.171754007781324436e-01 -6.864408218648273552e-01
-1.999999992547768501e-01 -1.999999999920454297e-01 -1.999999999254253313e-01
0.000000000000000000e+00 -1.999999759390679310e-01 -1.999999765029150389e-01
-1.999999999795860628e-01 0.000000000000000000e+00 0.000000000000000000e+00
0.000000000000000000e+00 0.000000000000000000e+00 0.000000000000000000e+00
0.000000000000000000e+00 0.000000000000000000e+00 0.000000000000000000e+00
0.000000000000000000e+00 -1.999999995297169209e-01 0.000000000000000000e+00
-1.938731824290684136e+00 -1.954703005363586765e+00 -1.960783411190364367e+00
-1.996351345017247869e+00 -1.996116381772745196e+00 -1.996738005772437097e+00
-1.999995225907421847e+00 -1.999995115285879033e+00 -1.999995137009029422e+00
-1.999997646492273740e+00 -1.999997455280905889e+00 -1.999998223921406471e+00
-1.999999303438604548e+00 -1.999999495509071190e+00 -1.999997751733600504e+00
-1.999999488927036273e+00 -1.999998932615211000e+00 -1.999999326600009342e+00
-1.999998967103965963e+00 -1.999998939050533053e+00 -1.999998933336540441e+00
-1.999997882753025369e+00 -1.999997945888645212e+00 -1.999997716289277694e+00
-1.999993952679856024e+00 -1.999994195457786006e+00 -1.999993644614298738e+00
-1.999982206108672056e+00 -1.999983024220988392e+00 -1.999981744188901622e+00
-1.999951392973838171e+00 -1.999947235193668238e+00 -1.999950830100954979e+00
-1.999792251761487005e+00 -1.999776456387690970e+00 -1.999773822566305093e+00
-1.999691397503162493e+00 -1.999700987442634137e+00 -1.999703064921636964e+00
-1.999359327901246708e+00 -1.999383872567561449e+00 -1.999167538619395668e+00
-3.759079023365646810e-01 -6.767238237024277847e-01 -3.767656411631373770e-01
-1.999999803568699719e-01 -1.999999998595106410e-01 0.000000000000000000e+00
-5.419999923539342568e-01 -1.999999934451657524e-01 -1.999999999645467041e-01
0.000000000000000000e+00 0.000000000000000000e+00 0.000000000000000000e+00
0.000000000000000000e+00 0.000000000000000000e+00 0.000000000000000000e+00
-3.764537623549183420e-01 -3.799999999495261571e-01 -3.785654138101366417e-01
-1.976410197212083109e+00 -1.981119136392094582e+00 -1.979517391310579910e+00
-1.999018995012616928e+00 -1.999034375591209667e+00 -1.999040459391673519e+00
-1.999998166615839734e+00 -1.999998260170012809e+00 -1.999998289970709830e+00
-1.999999044133334181e+00 -1.999999418346690483e+00 -1.999999678698809458e+00
-1.999999580764822538e+00 -1.999999851208389412e+00 -1.999999839282434522e+00
-1.999999793491247901e+00 -1.999999798297952491e+00 -1.999999783008790999e+00
-1.999999763351512971e+00 -1.999999763913115292e+00 -1.999999764652472978e+00
-1.999999804899249334e+00 -1.999999783375936868e+00 -1.999999672392171135e+00
-1.999999193738762893e+00 -1.999999148210069411e+00 -1.999998962639649713e+00
-1.999997388182875868e+00 -1.999998938895852785e+00 -1.999996975219995310e+00
-1.999989919564600926e+00 -1.999990117789243405e+00 -1.999990467293740082e+00
-1.999974655186264938e+00 -1.999976248601033513e+00 -1.999961657389051961e+00
-1.999712391895920760e+00 -1.999716940540716692e+00 -1.999665876806168807e+00
-1.999517829537520663e+00 -1.999362426473152432e+00 -1.999506780920901949e+00
-1.990131440737244795e+00 -1.990364526729280659e+00 -1.991038492749438893e+00
-1.999999988078170754e-01 -1.999995644426803831e-01 0.000000000000000000e+00
-1.999999999317297883e-01 -1.999999999382373883e-01 0.000000000000000000e+00
0.000000000000000000e+00 0.000000000000000000e+00 0.000000000000000000e+00
0.000000000000000000e+00 0.000000000000000000e+00 0.000000000000000000e+00
-7.211095580831267116e-01 -8.137004209680211986e-01 -6.820388325615733827e-01
-1.991663177502869253e+00 -1.991977968441275948e+00 -1.991635191960330120e+00
-1.999516394724179191e+00 -1.999529665253490185e+00 -1.999529289095328455e+00
-1.999999432124127896e+00 -1.999999451190538791e+00 -1.999999422353357703e+00
-1.999999689288244786e+00 -1.999999847355376170e+00 -1.999999954849571049e+00
-1.999999934219393705e+00 -1.999999948492342527e+00 -1.999999959175471131e+00
-1.999999950487482359e+00 -1.999999964778125250e+00 -1.999999963125737468e+00
-1.999999956461104400e+00 -1.999999984196325631e+00 -1.999999981444538388e+00
-1.999999994861924257e+00 -1.999999994677786663e+00 -1.999999994379448864e+00
-1.999999986347366088e+00 -1.999999986319114464e+00 -1.999999984632151229e+00
-1.999999955779441452e+00 -1.999999823045591540e+00 -1.999999956805312840e+00
-1.999999457934704683e+00 -1.999999293475228423e+00 -1.999998544846966819e+00
-1.999995996914667673e+00 -1.999994514948598034e+00 -1.999995069787960267e+00
-1.999972560057392101e+00 -1.999977487975518553e+00 -1.999977633918410103e+00
-1.999842138293409732e+00 -1.999837912912604043e+00 -1.999826503448796755e+00
-1.999747519731494450e+00 -1.999743922094673998e+00 -1.999747673486289790e+00
-1.664810828462098602e+00 -1.664367177586279611e+00 -1.645653488638732620e+00
-1.999999803568699719e-01 -3.799999758486433121e-01 -3.799999774817717779e-01
0.000000000000000000e+00 0.000000000000000000e+00 0.000000000000000000e+00
0.000000000000000000e+00 0.000000000000000000e+00 0.000000000000000000e+00
-6.740106507687422255e-01 -6.122447696779600435e-01 -6.841292801257445877e-01
-1.995188418773746752e+00 -1.995361628635358375e+00 -1.995637227869328401e+00
-1.999689934819316450e+00 -1.999690982693718810e+00 -1.999682636479644948e+00
-1.999999236190836749e+00 -1.999999262886295481e+00 -1.999999220866392147e+00
-1.999999955367079529e+00 -1.999999935186871358e+00 -1.999999973175151213e+00
-1.999999986549610309e+00 -1.999999988671186779e+00 -1.999999984351919613e+00
-1.999999987303337168e+00 -1.999999993464997683e+00 -1.999999996556099280e+00
-1.999999995207944581e+00 -1.999999998736672335e+00 -1.999999998731518236e+00
-1.999999998472145935e+00 -1.999999999112487270e+00 -1.999999999438068610e+00
-1.999999999605316381e+00 -1.999999999201815370e+00 -1.999999999164010278e+00
-1.999999996193937424e+00 -1.999999995760252558e+00 -1.999999994210521548e+00
-1.999999985701786054e+00 -1.999999972683799365e+00 -1.999999983755906374e+00
-1.999999812853719083e+00 -1.999999649933916102e+00 -1.999999488503228173e+00
-1.999997613784191941e+00 -1.999997415953490787e+00 -1.999997537075878684e+00
-1.999944285247068354e+00 -1.999945249743184661e+00 -1.999872198593968697e+00
-1.999727128320809788e+00 -1.999737614872180158e+00 -1.999657498918678833e+00
-1.997419692615293174e+00 -1.997383673042682606e+00 -1.997321982834142196e+00
-1.999999999854182586e-01 0.000000000000000000e+00 0.000000000000000000e+00
0.000000000000000000e+00 0.000000000000000000e+00 0.000000000000000000e+00
0.000000000000000000e+00 0.000000000000000000e+00 0.000000000000000000e+00
-1.188571399830522790e-01 0.000000000000000000e+00 -1.996015411230830650e-01
-1.993784655006335838e+00 -1.993632398210480217e+00 -1.993444424043603336e+00
-1.999162164459405311e+00 -1.999469712096217933e+00 -1.999392269130756183e+00
-1.999989991230856301e+00 -1.999988992329225113e+00 -1.999989839225467581e+00
-1.999997250039231123e+00 -1.999999409478087742e+00 -1.999999383279068565e+00
-1.999999893164115194e+00 -1.999999971514433206e+00 -1.999999967227678921e+00
-1.999999993924637565e+00 -1.999999993855289260e+00 -1.999999994368754752e+00
-1.999999999389914684e+00 -1.999999999485486457e+00 -1.999999999225350322e+00
-1.999999999795515349e+00 -1.999999999853696364e+00 -1.999999999895325731e+00
-1.999999999966989073e+00 -1.999999999943097073e+00 -1.999999999844473964e+00
-1.999999999764511927e+00 -1.999999999771468140e+00 -1.999999999717305466e+00
-1.999999998868421391e+00 -1.999999998876596852e+00 -1.999999998839381954e+00
-1.999999961432470386e+00 -1.999999940642419816e+00 -1.999999892471759910e+00
-1.999998836934880453e+00 -1.999999053427280904e+00 -1.999998747626346773e+00
-1.999971381313594421e+00 -1.999969856836049775e+00 -1.999970504445261810e+00
-1.999795376825360682e+00 -1.999748884694066309e+00 -1.999553923310479986e+00
-1.997715344724951603e+00 -1.997447334254689899e+00 -1.997450085746403259e+00
-1.999999999720828148e-01 -1.999999998851304250e-01 -1.999999999239424342e-01
0.000000000000000000e+00 0.000000000000000000e+00 0.000000000000000000e+00
0.000000000000000000e+00 0.000000000000000000e+00 0.000000000000000000e+00
-1.999999811057699695e-01 0.000000000000000000e+00 0.000000000000000000e+00
-1.990247644826471207e+00 -1.990458463062639183e+00 -1.990502125882778639e+00
-1.997834607229042270e+00 -1.997883979590842740e+00 -1.997798260845825347e+00
-1.999762115050126132e+00 -1.999771312936948986e+00 -1.999746610585385609e+00
-1.999968557463535301e+00 -1.999956182992267850e+00 -1.999983556779947769e+00
-1.999992288063428436e+00 -1.999998448701387765e+00 -1.999998110011893981e+00
-1.999999761541540355e+00 -1.999999774124623375e+00 -1.999999780904769819e+00
-1.999999968294505548e+00 -1.999999973258950403e+00 -1.999999966424840014e+00
-1.999999997394203088e+00 -1.999999995409050157e+00 -1.999999997194997547e+00
-1.999999998161976489e+00 -1.999999998812726387e+00 -1.999999998720332073e+00
-1.999999998666691869e+00 -1.999999999182904498e+00 -1.999999999200238632e+00
-1.999999998917046939e+00 -1.999999998934666179e+00 -1.999999998907673326e+00
-1.999999995351521509e+00 -1.999999994715947693e+00 -1.999999985912940925e+00
-1.999999838534436858e+00 -1.999999827236537575e+00 -1.999999841079251883e+00
-1.999984456720867776e+00 -1.999984615900294305e+00 -1.999984227435952056e+00
-1.999821126162358409e+00 -1.999795336352459652e+00 -1.999414492715924974e+00
-1.996051193038946403e+00 -1.995727814377479259e+00 -1.996082428916445384e+00
-1.999999993450943259e-01 -1.999999999633884640e-01 -1.999999999811809537e-01
-1.999999831742984846e-01 0.000000000000000000e+00 0.000000000000000000e+00
0.000000000000000000e+00 0.000000000000000000e+00 0.000000000000000000e+00
0.000000000000000000e+00 0.000000000000000000e+00 0.000000000000000000e+00
-1.969519024947475216e+00 -1.968199615731707430e+00 -1.969177708223970757e+00
-1.995036342645050365e+00 -1.994859735271745649e+00 -1.994803452659046572e+00
-1.999170163561031499e+00 -1.999247172812936402e+00 -1.999264929841565008e+00
-1.999915838017563230e+00 -1.999922703029209270e+00 -1.999921342649043865e+00
-1.999966639318658812e+00 -1.999992713369535435e+00 -1.999992865736463177e+00
-1.999992501717677618e+00 -1.999998351247519679e+00 -1.999998708807028347e+00
-1.999999576632486731e+00 -1.999999600730094640e+00 -1.999999682652066513e+00
-1.999999929852839475e+00 -1.999999935875545587e+00 -1.999999930643663104e+00
-1.999999975246742112e+00 -1.999999977034822463e+00 -1.999999977560680264e+00
-1.999999990587159715e+00 -1.999999990076614997e+00 -1.999999991044261183e+00
-1.999999991650020181e+00 -1.999999992986013053e+00 -1.999999992727098830e+00
-1.999999983435037043e+00 -1.999999987851244443e+00 -1.999999961860131847e+00
-1.999999512835958670e+00 -1.999999557477125878e+00 -1.999999530740026676e+00
-1.999967057591376385e+00 -1.999966709106808960e+00 -1.999962639282898413e+00
-1.999547749647577088e+00 -1.999567618373506050e+00 -1.999290901031599565e+00
-1.990724303095076309e+00 -1.990971686710202526e+00 -1.991291939877372075e+00
0.000000000000000000e+00 0.000000000000000000e+00 0.000000000000000000e+00
-1.999999999369111991e-01 0.000000000000000000e+00 0.000000000000000000e+00
0.000000000000000000e+00 0.000000000000000000e+00 0.000000000000000000e+00
0.000000000000000000e+00 0.000000000000000000e+00 0.000000000000000000e+00
-5.416801199093354002e-01 -6.200431184814491070e-01 -5.375644236345726856e-01
-1.915544184652424820e+00 -1.990383476161146969e+00 -1.985218613818822586e+00
-1.996618372492754201e+00 -1.996831761727530408e+00 -1.998307251539158447e+00
-1.999505148835724722e+00 -1.999556427609248122e+00 -1.999540004567558871e+00
-1.999915470002335161e+00 -1.999933924241493965e+00 -1.999961386151152043e+00
-1.999986722519938587e+00 -1.999970875129865489e+00 -1.999995385061695607e+00
-1.999993761850228147e+00 -1.999997608895497603e+00 -1.999998664638473533e+00
-1.999999187452376814e+00 -1.999999544931930551e+00 -1.999999632421805229e+00
-1.999999821263645838e+00 -1.999999856435048073e+00 -1.999999885084738471e+00
-1.999999950825549933e+00 -1.999999856760049211e+00 -1.999999953316017764e+00
-1.999999944488515036e+00 -1.999999959521343129e+00 -1.999999955539599972e+00
-1.999999904171796850e+00 -1.999999901319111650e+00 -1.999999884805519157e+00
-1.999996915403472242e+00 -1.999997959572272554e+00 -1.999998014359863685e+00
-1.999910929900688972e+00 -1.999874895122288665e+00 -1.999913205115425363e+00
-1.999403328215645814e+00 -1.998896108163935814e+00 -1.998014914697501920e+00
-1.926152571145162806e+00 -1.932192356170551406e+00 -1.931459063041497837e+00
-1.999999996437288874e-01 -1.999999999447557020e-01 -1.999999999959745089e-01
-1.999999898830260581e-01 0.000000000000000000e+00 0.000000000000000000e+00
0.000000000000000000e+00 0.000000000000000000e+00 0.000000000000000000e+00
-1.999999998188503325e-01 0.000000000000000000e+00 0.000000000000000000e+00
-1.999999999295617448e-01 -1.999999999980983656e-01 -1.999999999430556452e-01
-1.752699759831220616e+00 -1.628995824886622312e+00 -1.658300972784954475e+00
-1.969517611754436182e+00 -1.991695297902125628e+00 -1.991794162770100574e+00
-1.997529420911687614e+00 -1.995724892040702469e+00 -1.997385409666704303e+00
-1.999350329588219122e+00 -1.999336616106381248e+00 -1.999622651560167608e+00
-1.999885696557316850e+00 -1.999923146627323067e+00 -1.999954188226974239e+00
-1.999948670529532624e+00 -1.999979888647462234e+00 -1.999983130768055117e+00
-1.999987762767326371e+00 -1.999994379917323206e+00 -1.999996560938929635e+00
-1.999996320329097577e+00 -1.999998728871417164e+00 -1.999998279473981455e+00
-1.999998908521052998e+00 -1.999999514055863736e+00 -1.999999271904556508e+00
-1.999999663000335826e+00 -1.999999805957958010e+00 -1.999999708762005834e+00
-1.999999603917044677e+00 -1.999999527678233413e+00 -1.999999588080147772e+00
-1.999988166194274886e+00 -1.999987546694772744e+00 -1.999989174800511194e+00
-1.999683889539334736e+00 -1.999755673746115736e+00 -1.999118068973200657e+00
-1.996239222697134386e+00 -1.995879814181318324e+00 -1.995230429718652054e+00
-1.758844500671532307e+00 -1.720605390756706266e+00 -1.716652343129955183e+00
0.000000000000000000e+00 0.000000000000000000e+00 -1.999999999948655349e-01
0.000000000000000000e+00 0.000000000000000000e+00 -1.999999998360228182e-01
0.000000000000000000e+00 0.000000000000000000e+00 0.000000000000000000e+00
0.000000000000000000e+00 0.000000000000000000e+00 0.000000000000000000e+00
-3.799999967351120889e-01 -3.799999999409946483e-01 -3.799999993589223690e-01
-1.999999999263863959e-01 -1.999999995368173245e-01 -1.999999999939658657e-01
-1.947242495423304742e+00 -1.984475136511844262e+00 -1.983109325982244764e+00
-1.991291385462074626e+00 -1.991365732167011071e+00 -1.995254295326897021e+00
-1.997529317143655891e+00 -1.997882293120409436e+00 -1.998603093794689256e+00
-1.999620313928717419e+00 -1.999727792679037996e+00 -1.999754369010028787e+00
-1.999881319254274814e+00 -1.999923279308984059e+00 -1.999937979397090615e+00
-1.999977710544341702e+00 -1.999973482672267489e+00 -1.999983706257667526e+00
-1.999993664879085697e+00 -1.999992332975697229e+00 -1.999994512825909343e+00
-1.999997659125657412e+00 -1.999997371138750646e+00 -1.999997631512048457e+00
-1.999998906829451695e+00 -1.999999099683588355e+00 -1.999999143764542575e+00
-1.999997625554801983e+00 -1.999997762142273539e+00 -1.999997561058507012e+00
-1.999963934962580403e+00 -1.999964578757735145e+00 -1.999919602201676305e+00
-1.998360295514243656e+00 -1.999186362556757190e+00 -1.997688453643358342e+00
-1.984046527504231605e+00 -1.982988422641254411e+00 -1.982591248079038415e+00
-7.914549975235338763e-01 -8.012947175595841465e-01 -7.383489399117107999e-01
-1.999999998977247950e-01 0.000000000000000000e+00 0.000000000000000000e+00
0.000000000000000000e+00 0.000000000000000000e+00 0.000000000000000000e+00
0.000000000000000000e+00 0.000000000000000000e+00 0.000000000000000000e+00
0.000000000000000000e+00 0.000000000000000000e+00 0.000000000000000000e+00
-1.999999992271085658e-01 -1.999999999992677358e-01 0.000000000000000000e+00
0.000000000000000000e+00 0.000000000000000000e+00 0.000000000000000000e+00
-3.799999986884875502e-01 -1.999999999696360775e-01 -1.999999999606633938e-01
-1.994583857273677596e+00 -1.996550306017959242e+00 -1.996421561104546383e+00
-1.997903488890169221e+00 -1.998407518616312606e+00 -1.998770500288695295e+00
-1.999198432459492469e+00 -1.999482964910640037e+00 -1.999586006863952603e+00
-1.999756399615196578e+00 -1.999895575703273698e+00 -1.999887421978314705e+00
-1.999964597379289000e+00 -1.999967157494138670e+00 -1.999965712824768982e+00
-1.999987803270246500e+00 -1.999987172958751058e+00 -1.999986748166818762e+00
-1.999995110244252139e+00 -1.999995734016414950e+00 -1.999995788177973743e+00
-1.999998509176976524e+00 -1.999998370423413441e+00 -1.999998591598705522e+00
-1.999992495880539511e+00 -1.999991827006715406e+00 -1.999991956974417340e+00
-1.999658506673324565e+00 -1.999695664496764724e+00 -1.999408373744485212e+00
-1.996305185665611104e+00 -1.995945059514381503e+00 -1.993236098483672558e+00
-1.864371375579496615e+00 -1.829628609134059447e+00 -1.830185321839976176e+00
-1.999999994049852514e-01 -1.999999999743187762e-01 -1.999999999670364348e-01
-1.999999999993922750e-01 -1.999999999966203257e-01 -1.999999999290966723e-01
0.000000000000000000e+00 0.000000000000000000e+00 0.000000000000000000e+00
0.000000000000000000e+00 0.000000000000000000e+00 0.000000000000000000e+00
-1.999999992114243619e-01 -1.999983067065649323e-01 -1.999999999673590101e-01
0.000000000000000000e+00 -1.999999839117565514e-01 0.000000000000000000e+00
-3.799999878719266810e-01 -3.799999997912306693e-01 -3.799999997226113368e-01
0.000000000000000000e+00 -1.999999998263209955e-01 0.000000000000000000e+00
-3.799999897214375588e-01 -1.999999992769762869e-01 -3.799999999875854906e-01
-1.999032247471594692e+00 -1.999220480435597969e+00 -1.999117136191579602e+00
-1.999729441115388529e+00 -1.999632289017531095e+00 -1.999752035971496866e+00
-1.999849238892577930e+00 -1.999911547225939668e+00 -1.999907103462119196e+00
-1.999970083760221229e+00 -1.999970508011863490e+00 -1.999972386614210507e+00
-1.999989776669537589e+00 -1.999991411199354197e+00 -1.999991259260029519e+00
-1.999996859631086421e+00 -1.999997686850046863e+00 -1.999997821972435696e+00
-1.999997727410588455e+00 -1.999997704327945547e+00 -1.999997875209671871e+00
-1.999954119807568098e+00 -1.999940715967332583e+00 -1.999813067197373284e+00
-1.998686531695616386e+00 -1.998708866229318204e+00 -1.998692676121087031e+00
-1.970061960841224868e+00 -1.967505739286332878e+00 -1.967435762519291753e+00
-6.744353205034882004e-01 -5.976605852321438261e-01 -5.867261560658949548e-01
-3.799910330113464574e-01 -1.999999997447743094e-01 0.000000000000000000e+00
0.000000000000000000e+00 0.000000000000000000e+00 0.000000000000000000e+00
0.000000000000000000e+00 0.000000000000000000e+00 0.000000000000000000e+00
0.000000000000000000e+00 0.000000000000000000e+00 0.000000000000000000e+00
-1.999999999969784559e-01 0.000000000000000000e+00 -1.999999975313095091e-01
-3.799987597117612803e-01 -1.999999984459472635e-01 -1.999999980681844980e-01
-1.999999999976980747e-01 -3.799999999971745979e-01 -5.077623215431285031e-01
-1.999999998289034853e-01 0.000000000000000000e+00 -3.799999886909887770e-01
-1.999999999517396709e-01 -1.999999999914754412e-01 0.000000000000000000e+00
-3.734476168053303402e-01 -3.799999992296984042e-01 -3.799999996731583396e-01
-1.999863923038864622e+00 -1.999870041790468234e+00 -1.999875698671597757e+00
-1.999946370528786987e+00 -1.999965051797754745e+00 -1.999959190448150181e+00
-1.999984431430785081e+00 -1.999987277088572712e+00 -1.999989998756979137e+00
-1.999995704716670986e+00 -1.999996328317202643e+00 -1.999996437993424969e+00
-1.999996865110349464e+00 -1.999996223000483520e+00 -1.999996855778126470e+00
-1.999970179967191619e+00 -1.999981693255768134e+00 -1.999982690350203818e+00
-1.999716775776790412e+00 -1.999616182404119868e+00 -1.999613729263558293e+00
-1.994116881535927810e+00 -1.995213997021787034e+00 -1.992731996604593325e+00
-1.795699226474243737e+00 -1.792686672812285886e+00 -1.770762479809466550e+00
-3.799999966367366699e-01 -3.799999998608222795e-01 -1.999999999304585552e-01
-1.999983728989395415e-01 -1.999999999507864334e-01 -3.799914019886655447e-01
-1.999884027606108894e-01 -3.656704462235759179e-01 -1.999999913254718320e-01
0.000000000000000000e+00 0.000000000000000000e+00 0.000000000000000000e+00
0.000000000000000000e+00 0.000000000000000000e+00 0.000000000000000000e+00
-1.999999999350975943e-01 -1.999999999990713373e-01 -1.999999999710214138e-01
-3.799999989803118927e-01 -3.799999999784592353e-01 -3.799947037860269550e-01
-1.999999993667699871e-01 -1.999999998892638686e-01 -1.999999999570443721e-01
-1.999999980783972453e-01 -1.999999999920679672e-01 -1.999999999676432272e-01
-3.799999680497533339e-01 -3.799999847899071526e-01 -1.999999935055231104e-01
-1.999999989650771415e-01 -1.999999996335460328e-01 -6.877846645574543505e-01
-1.999999999991441124e-01 0.000000000000000000e+00 0.000000000000000000e+00
-1.999928084349008817e+00 -1.999932272179424375e+00 -1.999927675638154323e+00
-1.999985080102537616e+00 -1.999989655046733095e+00 -1.999989922220614780e+00
-1.999985059304951518e+00 -1.999826164419530761e+00 -1.999985344284358924e+00
-1.999945996061353259e+00 -1.999967774601938864e+00 -1.999964411457250790e+00
-1.999909743351388824e+00 -1.999899807749445424e+00 -1.999913796066146610e+00
-1.998798634572507948e+00 -1.998786634176443311e+00 -1.998662991469347894e+00
-1.977384204861169170e+00 -1.976602977225838886e+00 -1.975154315231660407e+00
-1.308809851520277956e+00 -1.287298419507327374e+00 -1.302623489960181402e+00
-3.799999382433570938e-01 0.000000000000000000e+00 0.000000000000000000e+00
-3.799900614502238483e-01 -1.999999998965290016e-01 -3.799998448287973396e-01
-3.799999913036887778e-01 -1.999999994100011280e-01 -1.999999999415172924e-01
0.000000000000000000e+00 0.000000000000000000e+00 0.000000000000000000e+00
0.000000000000000000e+00 0.000000000000000000e+00 0.000000000000000000e+00
-1.999999999936092898e-01 -1.999999999872974221e-01 -1.999999999945810680e-01
-1.999999938883061934e-01 -1.999999999972767728e-01 -1.999999999427400921e-01
-1.999999999151504670e-01 0.000000000000000000e+00 0.000000000000000000e+00
-1.999999998135142953e-01 -1.999999997613942926e-01 0.000000000000000000e+00
-1.999999998650173749e-01 -1.999999999931030004e-01 -3.799992942097699666e-01
-1.999999999142237361e-01 0.000000000000000000e+00 0.000000000000000000e+00
-1.999999999978540888e-01 -1.999999889663983399e-01 0.000000000000000000e+00
-3.799999935296470288e-01 -1.999999997107000382e-01 0.000000000000000000e+00
-1.983129261676424671e+00 -1.984781839515461721e+00 -1.986964443908882272e+00
-1.996682717265724660e+00 -1.997455579090515077e+00 -1.998006086047631413e+00
-1.999392719813650077e+00 -1.999366372313806872e+00 -1.999386113393144315e+00
-1.999696846445872422e+00 -1.999712192461351901e+00 -1.999705326709161790e+00
-1.996776640303711492e+00 -1.996716206351087264e+00 -1.996834404826924869e+00
-1.904954579184933605e+00 -1.912627083123608074e+00 -1.909288906079090298e+00
-6.672519785818986637e-01 -7.252885587154599412e-01 -6.804997974766704427e-01
0.000000000000000000e+00 0.000000000000000000e+00 0.000000000000000000e+00
-1.999999933885645842e-01 -1.999999916225159435e-01 -1.999999999582621479e-01
-1.999999999671276396e-01 -1.999053169928965146e-01 -1.999999999990076660e-01
-1.999999713574119320e-01 0.000000000000000000e+00 0.000000000000000000e+00
0.000000000000000000e+00 0.000000000000000000e+00 0.000000000000000000e+00
0.000000000000000000e+00 0.000000000000000000e+00 0.000000000000000000e+00
-1.999999995692465782e-01 0.000000000000000000e+00 0.000000000000000000e+00
-1.999999999359713121e-01 -1.999999996359212995e-01 -1.999999998969517745e-01
0.000000000000000000e+00 0.000000000000000000e+00 0.000000000000000000e+00
-1.999999912782060019e-01 0.000000000000000000e+00 -1.999986449709155734e-01
-3.799999814647297969e-01 -3.799999998683782909e-01 -1.999999999650960425e-01
0.000000000000000000e+00 -1.999999918144135247e-01 0.000000000000000000e+00
0.000000000000000000e+00 -1.999999999233542936e-01 0.000000000000000000e+00
-1.999999999754033808e-01 -1.999999999551906049e-01 0.000000000000000000e+00
0.000000000000000000e+00 0.000000000000000000e+00 0.000000000000000000e+00
-1.999999999993681832e-01 0.000000000000000000e+00 -1.999990613164469855e-01
-1.999999719391794273e-01 0.000000000000000000e+00 -5.419993660394845092e-01
-1.999999999095327108e-01 0.000000000000000000e+00 0.000000000000000000e+00
0.000000000000000000e+00 0.000000000000000000e+00 -1.999999990552020490e-01
-1.999999999202623502e-01 -3.799992882862375243e-01 -1.999999998840934490e-01
-1.999999997719017486e-01 -1.999999998245429456e-01 -3.799999961811167393e-01
0.000000000000000000e+00 0.000000000000000000e+00 0.000000000000000000e+00
-1.999974469972088387e-01 -1.999999985035793015e-01 -3.799645748871648410e-01
0.000000000000000000e+00 0.000000000000000000e+00 0.000000000000000000e+00
0.000000000000000000e+00 0.000000000000000000e+00 0.000000000000000000e+00
0.000000000000000000e+00 0.000000000000000000e+00 0.000000000000000000e+00
0.000000000000000000e+00 0.000000000000000000e+00 0.000000000000000000e+00
0.000000000000000000e+00 0.000000000000000000e+00 0.000000000000000000e+00
0.000000000000000000e+00 0.000000000000000000e+00 0.000000000000000000e+00
0.000000000000000000e+00 0.000000000000000000e+00 0.000000000000000000e+00
0.000000000000000000e+00 0.000000000000000000e+00 0.000000000000000000e+00
0.000000000000000000e+00 0.000000000000000000e+00 0.000000000000000000e+00
0.000000000000000000e+00 0.000000000000000000e+00 0.000000000000000000e+00
0.000000000000000000e+00 0.000000000000000000e+00 0.000000000000000000e+00
0.000000000000000000e+00 0.000000000000000000e+00 0.000000000000000000e+00
0.000000000000000000e+00 0.000000000000000000e+00 0.000000000000000000e+00
0.000000000000000000e+00 0.000000000000000000e+00 0.000000000000000000e+00
0.000000000000000000e+00 0.000000000000000000e+00 0.000000000000000000e+00
0.000000000000000000e+00 0.000000000000000000e+00 0.000000000000000000e+00
0.000000000000000000e+00 0.000000000000000000e+00 0.000000000000000000e+00
0.000000000000000000e+00 0.000000000000000000e+00 0.000000000000000000e+00
0.000000000000000000e+00 0.000000000000000000e+00 0.000000000000000000e+00
0.000000000000000000e+00 0.000000000000000000e+00 0.000000000000000000e+00
0.000000000000000000e+00 0.000000000000000000e+00 0.000000000000000000e+00
