0.000000000000000000e+00 0.000000000000000000e+00 0.000000000000000000e+00
0.000000000000000000e+00 0.000000000000000000e+00 0.000000000000000000e+00
-6.665675277774834040e-01 0.000000000000000000e+00 0.000000000000000000e+00
-5.534287730152680496e+00 -5.645713660599803063e+00 -5.639845380969891409e+00
-6.642417374795579477e+00 -6.641465584965342117e+00 -6.642857099783658015e+00
-6.636985295770779558e+00 -6.634123966089142677e+00 -6.633767068741695638e+00
-6.633711202201062918e+00 -6.631819505027248596e+00 -6.632262269189840076e+00
-6.634881416065411486e+00 -6.633389136074608672e+00 -6.635424552966524558e+00
-6.635477011926276703e+00 -6.636830664489850484e+00 -6.636989839890454768e+00
-6.634730821540310686e+00 -6.635577101947590428e+00 -6.632542278640186417e+00
-6.655222492780362487e+00 -6.655229227132307912e+00 -6.654434308289377320e+00
-6.652001358788718122e+00 -6.653000528092648302e+00 -6.649356604038783480e+00
-6.640828106714777412e+00 -6.640033048475471489e+00 -6.640511134667568705e+00
-6.656886437136984025e-01 -6.459182021990420575e-01 0.000000000000000000e+00
-6.666410979722731112e-01 0.000000000000000000e+00 0.000000000000000000e+00
-6.662783605651623198e-01 0.000000000000000000e+00 0.000000000000000000e+00
0.000000000000000000e+00 0.000000000000000000e+00 0.000000000000000000e+00
0.000000000000000000e+00 0.000000000000000000e+00 -6.663523776680877475e-01
-6.666506802929059727e-01 0.000000000000000000e+00 0.000000000000000000e+00
0.000000000000000000e+00 0.000000000000000000e+00 0.000000000000000000e+00
0.000000000000000000e+00 0.000000000000000000e+00 0.000000000000000000e+00
-6.665895689440363148e-01 -6.666249668446124765e-01 0.000000000000000000e+00
-1.310182493221295097e+00 -1.266527796135412220e+00 -1.251661007519906388e+00
-6.248782648903975279e+00 -6.048949219241756659e+00 -6.334402252712985515e+00
-6.635548077680447854e+00 -6.636099329916738121e+00 -6.635418689009732418e+00
-6.634698690313483915e+00 -6.634525567096312137e+00 -6.634753297520512128e+00
-6.636952334869621772e+00 -6.637067481163978933e+00 -6.636576224953228298e+00
-6.643042869293632080e+00 -6.641864831176779838e+00 -6.641832625136522061e+00
-6.641314803012402734e+00 -6.641345228718606997e+00 -6.641345546596654437e+00
-6.641724379017792224e+00 -6.641610921482733687e+00 -6.642114359760156184e+00
-6.645133399096133431e+00 -6.645531213555697647e+00 -6.645932110016169680e+00
-6.648508023147675416e+00 -6.648079781325505699e+00 -6.648392833183635275e+00
-6.650959955079117414e+00 -6.650053094583438629e+00 -6.648276125274731996e+00
-6.644863553140878842e+00 -6.645507530670575314e+00 -6.641251252565758101e+00
-6.566490541046225982e-01 -6.665798798045844409e-01 -1.233847824008902805e+00
-6.664048720430876260e-01 -6.666429281662681339e-01 -6.638769871569516479e-01
-1.266613993175887742e+00 -1.263134891929109216e+00 -1.265964935384383594e+00
-6.229342434396479833e-01 -1.266385085373833208e+00 -6.665278632700757377e-01
-6.630530497246169830e-01 -6.664093852324476375e-01 -6.665957236767217076e-01
0.000000000000000000e+00 0.000000000000000000e+00 0.000000000000000000e+00
0.000000000000000000e+00 0.000000000000000000e+00 0.000000000000000000e+00
-6.665083882671178905e-01 -6.665259058020183147e-01 -6.666180273481742136e-01
-4.549359376063319971e+00 -4.605251350096260410e+00 -4.670783173991930326e+00
-6.285770691223111939e+00 -6.313439349104050358e+00 -6.512956458008692273e+00
-6.637437238155352581e+00 -6.637255815790972235e+00 -6.637452663170755329e+00
-6.642520501793600651e+00 -6.641821235274285584e+00 -6.642746366002989511e+00
-6.647394833637266132e+00 -6.647400570615520365e+00 -6.647151126333623594e+00
-6.652136020498251590e+00 -6.652641377845094794e+00 -6.652904385073586724e+00
-6.655822979595841460e+00 -6.655942901217891006e+00 -6.655707691465861942e+00
-6.655710573588845769e+00 -6.655678075808920902e+00 -6.655826088583322253e+00
-6.655071096259454144e+00 -6.655016033526547581e+00 -6.655192815269608708e+00
-6.652589037477946832e+00 -6.652927949513965267e+00 -6.653142594386940445e+00
-6.648391481547395010e+00 -6.648934841299197984e+00 -6.648047790110483746e+00
-6.637870484443313401e+00 -6.642534023440423319e+00 -6.641327756205265054e+00
-6.629735218934305507e+00 -6.632859956161952120e+00 -6.631208824764608600e+00
-3.040606334557942603e+00 -2.636991988325498859e+00 -2.660367122341078083e+00
-6.652566913033277629e-01 -6.666203677566200358e-01 -6.666032803150234720e-01
-6.663689840991209312e-01 0.000000000000000000e+00 -6.664566106759087782e-01
-6.665574410357839596e-01 -6.666354128595478601e-01 -6.666196962630759337e-01
0.000000000000000000e+00 0.000000000000000000e+00 0.000000000000000000e+00
0.000000000000000000e+00 0.000000000000000000e+00 0.000000000000000000e+00
0.000000000000000000e+00 0.000000000000000000e+00 -6.664578751176848392e-01
-5.171998332752715477e+00 -5.466709976924909675e+00 -5.913132391597155646e+00
-6.458446175070694295e+00 -6.442261716744842381e+00 -6.511705706190343612e+00
-6.643894329925102760e+00 -6.642762183920723373e+00 -6.644254090164129600e+00
-6.652081601593973659e+00 -6.652052687323553926e+00 -6.652291107075052778e+00
-6.656273697380171050e+00 -6.656109726902599277e+00 -6.656038251206666700e+00
-6.657290128335971779e+00 -6.657258331145131436e+00 -6.657078218292538097e+00
-6.656642481909947229e+00 -6.657350302635181905e+00 -6.657098290440284671e+00
-6.658290319846964067e+00 -6.658296259648356141e+00 -6.658078275757705278e+00
-6.657096342368395092e+00 -6.657082387175679017e+00 -6.656943143030554566e+00
-6.655493301059818734e+00 -6.653401388737990807e+00 -6.655089028033531307e+00
-6.650000867351573142e+00 -6.649055771097367007e+00 -6.642253016547277511e+00
-6.644208250139044480e+00 -6.639705119406493772e+00 -6.631389172738792581e+00
-6.629771078376631266e+00 -6.627008439405140727e+00 -6.613648170656709624e+00
-6.611224440477133868e+00 -6.598029056965900807e+00 -6.612867856330320038e+00
-6.664685809563695162e-01 -6.339175898570168499e-01 0.000000000000000000e+00
-1.265835801825704321e+00 -6.666120569036224630e-01 -6.666408319529465443e-01
-6.666324736738569179e-01 -6.600362890150306416e-01 0.000000000000000000e+00
0.000000000000000000e+00 0.000000000000000000e+00 0.000000000000000000e+00
0.000000000000000000e+00 0.000000000000000000e+00 0.000000000000000000e+00
-6.661796731887749123e-01 -1.262050774496663585e+00 -6.663876205494472238e-01
-5.740201546434915869e+00 -5.967762781213705736e+00 -6.153868445119266006e+00
-6.536645507903822150e+00 -6.518002940629423314e+00 -6.583758682956712960e+00
-6.649911591230480923e+00 -6.651114669630541876e+00 -6.650907566994748166e+00
-6.656764368687866806e+00 -6.656683741059753245e+00 -6.656964444322459151e+00
-6.659354135438916522e+00 -6.659399963201726891e+00 -6.659452206864179935e+00
-6.659582406938349131e+00 -6.660143084011919790e+00 -6.660446860616015208e+00
-6.663099121448971651e+00 -6.663967865154187820e+00 -6.663950719905050946e+00
-6.663896525619604994e+00 -6.663935489999429862e+00 -6.663843009453272792e+00
-6.663026157902435465e+00 -6.662963838285930862e+00 -6.663016991741711692e+00
-6.662187112461020355e+00 -6.661970214251871525e+00 -6.661912248198497366e+00
-6.659549965797435966e+00 -6.659267316506198853e+00 -6.659393613858732408e+00
-6.648954611905312007e+00 -6.651616894658573642e+00 -6.628456965336235740e+00
-6.633240244378621142e+00 -6.628908158004886531e+00 -6.613744202054397725e+00
-6.596597266758039702e+00 -6.599548158602599024e+00 -6.567676741603615476e+00
-6.575542058096599085e+00 -6.570603754574659838e+00 -6.543947313487925577e+00
-6.666304566269548593e-01 -1.257588291346759091e+00 -6.666478107871196546e-01
-6.665735678826170130e-01 -6.666411139383277007e-01 0.000000000000000000e+00
0.000000000000000000e+00 0.000000000000000000e+00 0.000000000000000000e+00
0.000000000000000000e+00 0.000000000000000000e+00 0.000000000000000000e+00
-6.660437026967347407e-01 -5.459205569168704697e-01 0.000000000000000000e+00
-5.768277198217686141e+00 -6.147966608633586461e+00 -6.328893568777796297e+00
-6.543710390252461373e+00 -6.581990003340665751e+00 -6.590516000597109070e+00
-6.655071639046028054e+00 -6.655636248913169517e+00 -6.654988711004079072e+00
-6.659643088138475164e+00 -6.659635973198865244e+00 -6.659803970813150897e+00
-6.661367540556220490e+00 -6.661629024972903323e+00 -6.661566890289755349e+00
-6.664126977581268818e+00 -6.664029549623459836e+00 -6.663990646096303649e+00
-6.665182610382547779e+00 -6.665047545879619229e+00 -6.665174788360478608e+00
-6.665633058955348744e+00 -6.665572573391399303e+00 -6.665265178081069664e+00
-6.665283334411480354e+00 -6.665389887501163457e+00 -6.664623799627094947e+00
-6.664250420243796214e+00 -6.664664143954176723e+00 -6.664079899733922119e+00
-6.662441459014348588e+00 -6.662366760540159305e+00 -6.662299068886682996e+00
-6.659502731324383085e+00 -6.659893616570041530e+00 -6.659922919951600129e+00
-6.644741969481674282e+00 -6.636666461694089136e+00 -6.600253617332422884e+00
-6.605356648868647262e+00 -6.580530195773198088e+00 -6.595302227489213465e+00
-6.549081207207110289e+00 -6.553168868317965412e+00 -6.484026485489755132e+00
-6.045812533103215314e-01 0.000000000000000000e+00 -6.665542352465669840e-01
-1.266600099480276853e+00 -6.666522673334729365e-01 -6.666313796558808180e-01
0.000000000000000000e+00 0.000000000000000000e+00 0.000000000000000000e+00
0.000000000000000000e+00 0.000000000000000000e+00 0.000000000000000000e+00
-1.266582091829140833e+00 -1.225354114983547404e+00 -1.645230045021180310e+00
-5.591657955203863217e+00 -6.209715447538472155e+00 -6.245737038672224628e+00
-6.570958130768907779e+00 -6.585271234280715369e+00 -6.598866687507533690e+00
-6.645971671800609215e+00 -6.654051505156553858e+00 -6.653278037642603948e+00
-6.661432034517343226e+00 -6.661335128253190518e+00 -6.661463679676782768e+00
-6.662957510242189407e+00 -6.663054798390617428e+00 -6.662918423315713490e+00
-6.664914036798564645e+00 -6.665016252488343618e+00 -6.665024190159849482e+00
-6.665616286408249103e+00 -6.665733197602603965e+00 -6.665564632424501035e+00
-6.666590146129932393e+00 -6.666591496988348631e+00 -6.666525408270386421e+00
-6.666562903546451757e+00 -6.666548657458863936e+00 -6.666489466457317548e+00
-6.666283482099826685e+00 -6.665778636361156195e+00 -6.666237000557821091e+00
-6.665202471513328675e+00 -6.664492488465904252e+00 -6.664028549221261422e+00
-6.662157684485384479e+00 -6.662231786462196048e+00 -6.661830900131445965e+00
-6.654309138116142108e+00 -6.653639677688637732e+00 -6.654078644116989238e+00
-6.605952294336779218e+00 -6.597456580538348270e+00 -6.552196925415308293e+00
-6.551723149348608999e+00 -6.543123083870550971e+00 -6.433973992527449504e+00
-6.273027756665244148e+00 -6.281848785132689628e+00 -6.278397797753445531e+00
-6.666017323000703598e-01 -1.263707994494631226e+00 -6.664141258983029559e-01
0.000000000000000000e+00 0.000000000000000000e+00 0.000000000000000000e+00
0.000000000000000000e+00 0.000000000000000000e+00 0.000000000000000000e+00
-6.665492676976811914e-01 -6.973275408276246035e-01 -6.662566482210355856e-01
-6.072890760510190056e+00 -6.319129540556085445e+00 -6.305932183587627193e+00
-6.482827971663757793e+00 -6.564334624743631608e+00 -6.560344193713228300e+00
-6.642141815369302371e+00 -6.643162838432925987e+00 -6.641887194504215941e+00
-6.660858216747955751e+00 -6.660878078020683546e+00 -6.661068652228242293e+00
-6.663016035386315039e+00 -6.663632729579275882e+00 -6.663641390796896324e+00
-6.664768740403212099e+00 -6.664766611527380924e+00 -6.664818887143169057e+00
-6.665605120387436244e+00 -6.665824049107667904e+00 -6.665928951467584795e+00
-6.666406142107203614e+00 -6.666513539205912942e+00 -6.666550171243488698e+00
-6.666543472626607958e+00 -6.666594403079001196e+00 -6.666613094948972140e+00
-6.666339707655697389e+00 -6.666350240696108820e+00 -6.666318836546556881e+00
-6.665517075457936258e+00 -6.665404528824298680e+00 -6.664933221486800008e+00
-6.662912915659570778e+00 -6.662887462702887120e+00 -6.662924921748423657e+00
-6.657854659756908156e+00 -6.657831545561885278e+00 -6.658016489932424342e+00
-6.610033547421136468e+00 -6.614886429667348189e+00 -6.547062336698517448e+00
-6.542482663596032033e+00 -6.517652677282593565e+00 -6.481323258547856625e+00
-6.400236344993440518e+00 -6.382795747787541885e+00 -6.354251902196946133e+00
-1.265691944860858342e+00 -1.266546723168997302e+00 -1.798437795589514554e+00
0.000000000000000000e+00 0.000000000000000000e+00 0.000000000000000000e+00
0.000000000000000000e+00 0.000000000000000000e+00 0.000000000000000000e+00
-6.666246775116344558e-01 0.000000000000000000e+00 0.000000000000000000e+00
-6.334818943699591642e+00 -6.319062006603458848e+00 -6.321080967687422891e+00
-6.498419668803485649e+00 -6.518089011350908457e+00 -6.522744201157567367e+00
-6.600947977850704973e+00 -6.614563274817234273e+00 -6.626419824901367051e+00
-6.657754413770272883e+00 -6.657446985931716910e+00 -6.657682945141470299e+00
-6.662968297507051219e+00 -6.662902154834464241e+00 -6.662936131018636132e+00
-6.663835254202429503e+00 -6.664337160842094931e+00 -6.664394089528959064e+00
-6.665681717330326883e+00 -6.665608572421069411e+00 -6.665726324114475076e+00
-6.666066339022736820e+00 -6.666241580175866766e+00 -6.666301188648597886e+00
-6.666304671218018285e+00 -6.666393022418785286e+00 -6.666391223000945665e+00
-6.666366772583291578e+00 -6.666362588797179356e+00 -6.666363448840201933e+00
-6.665371952171112113e+00 -6.665128325940888665e+00 -6.664706730301761972e+00
-6.662954711934222729e+00 -6.663092272554356654e+00 -6.662953368488356176e+00
-6.658208354078296587e+00 -6.658516239654999502e+00 -6.658406570227485055e+00
-6.637167342466001152e+00 -6.618727813689692319e+00 -6.594269203089737630e+00
-6.551105460910402023e+00 -6.562206192939795457e+00 -6.473456712868195240e+00
-6.403862715914930170e+00 -6.337847583147329544e+00 -6.223530338606703793e+00
-6.660170330100186886e-01 0.000000000000000000e+00 0.000000000000000000e+00
0.000000000000000000e+00 0.000000000000000000e+00 0.000000000000000000e+00
0.000000000000000000e+00 0.000000000000000000e+00 0.000000000000000000e+00
-6.492140302838524946e-01 -6.645828647228655406e-01 -6.666160465883902431e-01
-5.529133672973166824e+00 -5.631903371427936733e+00 -5.608338142420188355e+00
-6.295053931666036995e+00 -6.418540354071013532e+00 -6.452193566957125093e+00
-6.517796646407272299e+00 -6.574307965379595053e+00 -6.571073957574845359e+00
-6.635669606981330126e+00 -6.636905983337966219e+00 -6.637057020975727362e+00
-6.657510111136640596e+00 -6.657998231873397010e+00 -6.657926796355010168e+00
-6.660372777010012513e+00 -6.660675769440066674e+00 -6.660693279452655879e+00
-6.662795481995431146e+00 -6.663621985579268880e+00 -6.663756228423528327e+00
-6.664508821385612514e+00 -6.664321388470232144e+00 -6.664790248086219115e+00
-6.664961203107948151e+00 -6.665210990154070814e+00 -6.665249867452711641e+00
-6.665211109743793827e+00 -6.664922349251831690e+00 -6.665205975947198880e+00
-6.663968823040977263e+00 -6.663503900390731260e+00 -6.663489968295492005e+00
-6.661987383774473415e+00 -6.662089537916179083e+00 -6.662036283877793785e+00
-6.655029555779111483e+00 -6.655685721963385149e+00 -6.655822094127945121e+00
-6.605422131664197671e+00 -6.558274044469346364e+00 -6.601333244428927216e+00
-6.472079943088258069e+00 -6.446829579055301629e+00 -6.419700446692793605e+00
-6.294602437161498365e+00 -6.229443007383427933e+00 -5.951407236901069986e+00
-1.265584488029054100e+00 -6.664281790781911852e-01 -6.663965957733666290e-01
0.000000000000000000e+00 0.000000000000000000e+00 0.000000000000000000e+00
0.000000000000000000e+00 0.000000000000000000e+00 0.000000000000000000e+00
0.000000000000000000e+00 0.000000000000000000e+00 0.000000000000000000e+00
-1.421372603664674106e+00 -9.953741729158605001e-01 -1.163807688140685581e+00
-5.356432851611653057e+00 -6.382545178339567471e+00 -6.347972848985225625e+00
-6.508581225273397663e+00 -6.515340884186176851e+00 -6.503416701899105590e+00
-6.576972067757592022e+00 -6.547643678545975732e+00 -6.598124590198670703e+00
-6.634709047888065037e+00 -6.636288463662727288e+00 -6.634184772988651169e+00
-6.653733573458836759e+00 -6.654008798724324159e+00 -6.654432328675863317e+00
-6.656756904679044240e+00 -6.656339708453391957e+00 -6.656322084577599441e+00
-6.657669823717318636e+00 -6.659692102478210529e+00 -6.660273954292001974e+00
-6.660972963502332256e+00 -6.660178899960379262e+00 -6.661796693787472634e+00
-6.661355444683334959e+00 -6.661399960823298549e+00 -6.661855195077652780e+00
-6.660931292380788626e+00 -6.660838608263309979e+00 -6.660847307440840304e+00
-6.659461259053768067e+00 -6.659413550593508369e+00 -6.659589130176748917e+00
-6.632444300436631579e+00 -6.641998195015331952e+00 -6.640796440658393252e+00
-6.572666668207983065e+00 -6.555537770668822262e+00 -6.530068362023905060e+00
-6.386090841625404302e+00 -6.343490604955039913e+00 -6.085195233923164082e+00
-6.090603487054398357e+00 -6.080747606804970395e+00 -4.918195172606679044e+00
0.000000000000000000e+00 0.000000000000000000e+00 -2.289421793461732690e+00
0.000000000000000000e+00 0.000000000000000000e+00 0.000000000000000000e+00
0.000000000000000000e+00 0.000000000000000000e+00 0.000000000000000000e+00
-6.666297738602779965e-01 -6.666492287768903680e-01 0.000000000000000000e+00
-6.666438011193953628e-01 0.000000000000000000e+00 0.000000000000000000e+00
-3.990115936590959311e+00 -4.110706935690180863e+00 -3.952284476171406435e+00
-5.768118376109932832e+00 -6.187926984046206336e+00 -6.391732030621342986e+00
-6.543760810062760669e+00 -6.504606403311525398e+00 -6.536206777330516360e+00
-6.568398495716955665e+00 -6.594283539005261652e+00 -6.586405274811170329e+00
-6.623003752181436887e+00 -6.620791100622996694e+00 -6.624124947550296127e+00
-6.646660951960688735e+00 -6.644559383803205321e+00 -6.647203102809796427e+00
-6.651439503744758674e+00 -6.651934837672220269e+00 -6.651194011037390830e+00
-6.653653650643338580e+00 -6.653576127717110822e+00 -6.653447457571512125e+00
-6.655402370409331247e+00 -6.655591224272211726e+00 -6.655500123407030344e+00
-6.654511892768095294e+00 -6.654680560282242752e+00 -6.654588641583411679e+00
-6.649963837457915972e+00 -6.650312723772590751e+00 -6.647120092300569993e+00
-6.621257651608932093e+00 -6.557757441952997368e+00 -6.619699606117901425e+00
-6.534686392331169991e+00 -6.553099315091268195e+00 -6.483590110770808934e+00
-6.324556166954471870e+00 -6.112454538449696884e+00 -5.595850414277691698e+00
-2.045611110889807183e+00 -1.689995854124934693e+00 -1.670465063129850769e+00
-1.791188744188461746e+00 -1.266614181817697471e+00 -1.259252278744151132e+00
0.000000000000000000e+00 0.000000000000000000e+00 0.000000000000000000e+00
0.000000000000000000e+00 0.000000000000000000e+00 0.000000000000000000e+00
0.000000000000000000e+00 0.000000000000000000e+00 0.000000000000000000e+00
-6.664772740948570195e-01 -6.666250943687856978e-01 -1.595961174032136887e+00
0.000000000000000000e+00 0.000000000000000000e+00 0.000000000000000000e+00
-5.953891735158500786e+00 -6.171263622551483863e+00 -6.165721787797399323e+00
-6.293074480584797570e+00 -6.396825637835500622e+00 -6.447089190787202995e+00
-6.543877938083346280e+00 -6.529844338135123216e+00 -6.490952407059267237e+00
-6.568646228009709098e+00 -6.589157847385683553e+00 -6.586706594469395881e+00
-6.607323309582517901e+00 -6.611467143937885815e+00 -6.614036794256192842e+00
-6.624689930848989938e+00 -6.626967482933743270e+00 -6.626427258800202225e+00
-6.636098170158697407e+00 -6.635057045145599908e+00 -6.635013396501411087e+00
-6.639778743221477875e+00 -6.639551397312312808e+00 -6.639745960599204189e+00
-6.644961998884823196e+00 -6.642862471055388518e+00 -6.643623829152292437e+00
-6.635919480079059518e+00 -6.634672808397871435e+00 -6.624403006123591453e+00
-6.587507880588002962e+00 -6.553860382253867911e+00 -6.517656318102940105e+00
-6.318707297329420491e+00 -6.339281070547210462e+00 -6.336557286577990666e+00
-6.019703321575523347e+00 -5.898458478344506872e+00 -4.914731700640177614e+00
-6.666347896682184304e-01 -5.597546344962616161e-01 -6.643150789512966004e-01
0.000000000000000000e+00 -6.666096165105466209e-01 0.000000000000000000e+00
0.000000000000000000e+00 0.000000000000000000e+00 0.000000000000000000e+00
0.000000000000000000e+00 0.000000000000000000e+00 0.000000000000000000e+00
-6.647049385805059440e-01 0.000000000000000000e+00 0.000000000000000000e+00
0.000000000000000000e+00 -6.663877365543581233e-01 0.000000000000000000e+00
-1.266474792265364524e+00 -6.665758609230675313e-01 -6.666467607202293255e-01
-6.665822248294244190e-01 -6.665922866368884092e-01 0.000000000000000000e+00
-6.340077129659249522e+00 -6.406373673136139146e+00 -6.376304977408104868e+00
-6.450274877623854763e+00 -6.492335730956804163e+00 -6.485544828912069626e+00
-6.529365946634202444e+00 -6.557408653590689696e+00 -6.561857711837314255e+00
-6.594382509160847228e+00 -6.587371771686207467e+00 -6.595378640144906157e+00
-6.611656315409826234e+00 -6.612737953477138220e+00 -6.613563022624533438e+00
-6.623281149052736794e+00 -6.624084972841107088e+00 -6.623713834223146968e+00
-6.633541610442857284e+00 -6.631796347993046403e+00 -6.633143739185062060e+00
-6.635699876797936270e+00 -6.637980704021543943e+00 -6.637461929108348535e+00
-6.571799164903679547e+00 -6.594251283682336151e+00 -6.560971719916155465e+00
-6.463153729801287106e+00 -6.471095890948098450e+00 -6.425280766649487774e+00
-5.686700656586567426e+00 -5.925999660403219238e+00 -5.921705168878680148e+00
-3.919671295407620715e+00 -3.873570461930605724e+00 -3.720110174199991793e+00
-6.430623631383626249e-01 -6.666421865744985853e-01 0.000000000000000000e+00
-6.664044037776348794e-01 -6.665916477586878441e-01 0.000000000000000000e+00
-6.664493066265748666e-01 0.000000000000000000e+00 0.000000000000000000e+00
0.000000000000000000e+00 0.000000000000000000e+00 0.000000000000000000e+00
-6.652722111524630444e-01 -6.666408273226593906e-01 0.000000000000000000e+00
0.000000000000000000e+00 -6.591706779446697695e-01 -6.666044883778898811e-01
-1.266596650763892828e+00 -1.266422339948170217e+00 -6.666346699994499803e-01
-6.663706814634191566e-01 -6.666193180422660403e-01 -6.444732406161146621e-01
-6.661850585584720985e-01 -6.664887515485746761e-01 -1.266394348976432438e+00
-6.474318684029970683e+00 -6.476000059231500572e+00 -6.474068613988464449e+00
-6.522186781970699343e+00 -6.530794338046804981e+00 -6.537743376226546665e+00
-6.571207349036922274e+00 -6.573452493832973254e+00 -6.578301131553034864e+00
-6.597636113945154257e+00 -6.600447527905233258e+00 -6.602734599398237592e+00
-6.618845311489275574e+00 -6.617073329098505319e+00 -6.618511460905044608e+00
-6.624389538225719853e+00 -6.624404497088500321e+00 -6.625448192936315372e+00
-6.623681410522079815e+00 -6.623387970867901764e+00 -6.623090876215287359e+00
-6.564266630730917207e+00 -6.541405182570332322e+00 -6.471905217305046421e+00
-6.091465115434091970e+00 -6.092684879747103821e+00 -5.866765026397406046e+00
-5.673006146541036188e+00 -5.598424555335404840e+00 -4.450255833306808739e+00
-1.781731265221353722e+00 0.000000000000000000e+00 0.000000000000000000e+00
-1.266536381017482782e+00 -6.666534982788339114e-01 -6.666127042481928555e-01
-6.665958655746421213e-01 -6.666462832770818636e-01 0.000000000000000000e+00
0.000000000000000000e+00 0.000000000000000000e+00 0.000000000000000000e+00
0.000000000000000000e+00 0.000000000000000000e+00 0.000000000000000000e+00
0.000000000000000000e+00 0.000000000000000000e+00 0.000000000000000000e+00
-1.266534960433954637e+00 -6.666128493639774666e-01 -1.804605015802742463e+00
-1.260370262437388034e+00 -6.664185914043918579e-01 -6.665531237234139095e-01
-1.257210344962508941e+00 -6.666376735740260351e-01 -6.666017903729812843e-01
-6.666097267384017977e-01 -6.556311913728017915e-01 -6.666615314698691730e-01
-6.665703729497459706e-01 -6.665839122769151581e-01 -6.666242429752506915e-01
-6.510111227470903650e+00 -6.508054549228866392e+00 -6.507982495540005630e+00
-6.552068739227821403e+00 -6.560345478370439132e+00 -6.558058474569708807e+00
-6.598783164373064558e+00 -6.600575798182376275e+00 -6.601014080463322387e+00
-6.616055088419425800e+00 -6.616249369823803406e+00 -6.616432999662337444e+00
-6.612467724765274113e+00 -6.607801309232343989e+00 -6.611911705313773702e+00
-6.598203414558305724e+00 -6.598652195841204993e+00 -6.595074098832718335e+00
-6.439061163888460726e+00 -6.455102162276782352e+00 -6.181073963300285357e+00
-5.609924547981700371e+00 -5.674748294021072503e+00 -5.543426490450432453e+00
-1.854886430590037216e+00 -2.347488864440919976e+00 -1.580702515994717672e+00
-6.665876138971081888e-01 0.000000000000000000e+00 -6.664098320329735481e-01
-6.644554403367876061e-01 -6.663181034580474282e-01 0.000000000000000000e+00
-6.663801512196506627e-01 -1.266449894336979298e+00 0.000000000000000000e+00
0.000000000000000000e+00 0.000000000000000000e+00 0.000000000000000000e+00
0.000000000000000000e+00 0.000000000000000000e+00 0.000000000000000000e+00
-6.666083287079628272e-01 -6.651668469952188856e-01 -6.485884895832820796e-01
-6.660030094016571311e-01 -6.665549541240478604e-01 -1.265175365471355784e+00
0.000000000000000000e+00 0.000000000000000000e+00 -6.659750095618494070e-01
-6.663963092867488669e-01 -6.655249394727648093e-01 -6.666403960907820725e-01
-6.666415434373990090e-01 0.000000000000000000e+00 -6.666203668507617586e-01
-6.651755374296330903e-01 -1.266586449950017457e+00 0.000000000000000000e+00
-6.480894493616821128e-01 0.000000000000000000e+00 0.000000000000000000e+00
-6.440356977787089932e+00 -6.439563129658871787e+00 -6.440492693982854178e+00
-6.526701869026519276e+00 -6.527517286855819556e+00 -6.523093101458874443e+00
-6.560664856454926586e+00 -6.557025154795294242e+00 -6.560244230790915232e+00
-6.562869738072532932e+00 -6.556188180695344592e+00 -6.561277630263797178e+00
-6.524173493725678341e+00 -6.539542609433109277e+00 -6.537385759842225141e+00
-6.016706001362638112e+00 -6.101629287199358487e+00 -5.706100755204074559e+00
-5.164052760148294396e+00 -5.138815044748488603e+00 -4.917780916205950703e+00
-1.794726287816897692e+00 -1.266076906175083394e+00 -1.255726666399918923e+00
-6.626842727450901194e-01 -6.662893462336536565e-01 -6.666621330049777860e-01
-6.662323248533388309e-01 0.000000000000000000e+00 0.000000000000000000e+00
-1.248904350282705078e+00 -6.662777611943331291e-01 -6.663678809561042193e-01
0.000000000000000000e+00 0.000000000000000000e+00 0.000000000000000000e+00
0.000000000000000000e+00 0.000000000000000000e+00 0.000000000000000000e+00
0.000000000000000000e+00 0.000000000000000000e+00 0.000000000000000000e+00
0.000000000000000000e+00 0.000000000000000000e+00 0.000000000000000000e+00
-6.666389911944682334e-01 0.000000000000000000e+00 0.000000000000000000e+00
0.000000000000000000e+00 0.000000000000000000e+00 0.000000000000000000e+00
-6.662168545298041700e-01 -6.666173838412610131e-01 0.000000000000000000e+00
-6.666229170803023019e-01 -6.666184123415609397e-01 0.000000000000000000e+00
0.000000000000000000e+00 0.000000000000000000e+00 0.000000000000000000e+00
-6.630637844657418789e-01 -6.666426130803476680e-01 0.000000000000000000e+00
-6.139041677331929847e+00 -6.125756391279567836e+00 -6.159633744807235800e+00
-6.341894085686455185e+00 -6.304494736339487204e+00 -6.338555096597840333e+00
-6.456136176266658033e+00 -6.474955090484074915e+00 -6.472787615695788865e+00
-6.426477755313542595e+00 -6.423039432781893154e+00 -6.426408733734572110e+00
-5.722566387487511896e+00 -5.845330624791411189e+00 -5.137771141148902210e+00
-4.543945098712219632e+00 -4.537012891688165794e+00 -4.546124451770882757e+00
-6.666402073017598795e-01 -4.751877655802619893e-01 0.000000000000000000e+00
0.000000000000000000e+00 0.000000000000000000e+00 0.000000000000000000e+00
-6.662459908375198969e-01 -6.664151650631521262e-01 -1.257075417128639572e+00
-1.266243709700018982e+00 -1.806080522000457211e+00 -6.665971455809974744e-01
0.000000000000000000e+00 0.000000000000000000e+00 0.000000000000000000e+00
0.000000000000000000e+00 0.000000000000000000e+00 0.000000000000000000e+00
-6.664257408091062151e-01 -6.486239585990546397e-01 0.000000000000000000e+00
-6.657726894768627446e-01 0.000000000000000000e+00 -4.411180419467994884e-01
0.000000000000000000e+00 0.000000000000000000e+00 -1.210229478823713345e+00
-6.666305262137230958e-01 -6.665991621095451736e-01 0.000000000000000000e+00
-6.666435855064247740e-01 0.000000000000000000e+00 -6.666528472255300874e-01
-6.664396619415255962e-01 0.000000000000000000e+00 0.000000000000000000e+00
-6.658887895447288541e-01 -6.554482248992633542e-01 0.000000000000000000e+00
-6.663812551376269155e-01 0.000000000000000000e+00 -6.664516217421182498e-01
-1.796414807085172427e+00 0.000000000000000000e+00 -6.643052781527477579e-01
-1.266544408926099319e+00 0.000000000000000000e+00 0.000000000000000000e+00
-6.666510315563058953e-01 -1.266616741170596416e+00 0.000000000000000000e+00
-6.666338409643564056e-01 0.000000000000000000e+00 0.000000000000000000e+00
-6.666364714041524975e-01 -6.651320050602391731e-01 -6.666209756212991833e-01
-1.266283122103292413e+00 -1.805323026156969490e+00 -1.264905488926575172e+00
-6.666295685818839356e-01 -6.608373443990647189e-01 0.000000000000000000e+00
-6.666535087843425966e-01 0.000000000000000000e+00 0.000000000000000000e+00
-6.664986112670785445e-01 0.000000000000000000e+00 0.000000000000000000e+00
0.000000000000000000e+00 0.000000000000000000e+00 0.000000000000000000e+00
0.000000000000000000e+00 0.000000000000000000e+00 0.000000000000000000e+00
0.000000000000000000e+00 0.000000000000000000e+00 0.000000000000000000e+00
0.000000000000000000e+00 0.000000000000000000e+00 0.000000000000000000e+00
0.000000000000000000e+00 0.000000000000000000e+00 0.000000000000000000e+00
0.000000000000000000e+00 0.000000000000000000e+00 0.000000000000000000e+00
0.000000000000000000e+00 0.000000000000000000e+00 0.000000000000000000e+00
0.000000000000000000e+00 0.000000000000000000e+00 0.000000000000000000e+00
0.000000000000000000e+00 0.000000000000000000e+00 0.000000000000000000e+00
0.000000000000000000e+00 0.000000000000000000e+00 0.000000000000000000e+00
0.000000000000000000e+00 0.000000000000000000e+00 0.000000000000000000e+00
0.000000000000000000e+00 0.000000000000000000e+00 0.000000000000000000e+00
0.000000000000000000e+00 0.000000000000000000e+00 0.000000000000000000e+00
0.000000000000000000e+00 0.000000000000000000e+00 0.000000000000000000e+00
0.000000000000000000e+00 0.000000000000000000e+00 0.000000000000000000e+00
0.000000000000000000e+00 0.000000000000000000e+00 0.000000000000000000e+00
0.000000000000000000e+00 0.000000000000000000e+00 0.000000000000000000e+00
0.000000000000000000e+00 0.000000000000000000e+00 0.000000000000000000e+00
0.000000000000000000e+00 0.000000000000000000e+00 0.000000000000000000e+00
0.000000000000000000e+00 0.000000000000000000e+00 0.000000000000000000e+00
0.000000000000000000e+00 0.000000000000000000e+00 0.000000000000000000e+00
0.000000000000000000e+00 0.000000000000000000e+00 0.000000000000000000e+00
