0.000000000000000000e+00 0.000000000000000000e+00 0.000000000000000000e+00
-8.631780006344737244e-02 -1.478510706635047522e-01 0.000000000000000000e+00
-9.723279532850689910e-02 0.000000000000000000e+00 0.000000000000000000e+00
-2.916571654811802583e-01 -2.228821279988786597e-01 -2.089191296028760636e-01
-3.956252438456640430e+00 -3.928963033842921337e+00 -3.926523205228458213e+00
-7.059799175936953830e+00 -7.012869461818098671e+00 -7.006192867526859658e+00
-7.485225801800287293e+00 -7.502780170386313507e+00 -7.501816451682068454e+00
-6.770696234370992883e+00 -6.780216883650840742e+00 -6.800013067491009089e+00
-7.189591975248731615e+00 -7.156290739108190913e+00 -7.151283153452294705e+00
-8.248195457018844934e+00 -8.256595386302672424e+00 -8.259509464157154923e+00
-1.046256388954782324e+01 -1.045568708881132380e+01 -1.045666861699311845e+01
-9.799131014472578727e+00 -9.794260448665959018e+00 -9.792569383149057671e+00
-7.986645907747845996e+00 -8.007081982090729966e+00 -7.993585509386461396e+00
0.000000000000000000e+00 0.000000000000000000e+00 0.000000000000000000e+00
-9.300618732398732713e-02 -1.437441752446081689e-01 0.000000000000000000e+00
-1.379387031966822497e-01 -2.840986997106422218e-01 -1.401925349309683100e-01
0.000000000000000000e+00 0.000000000000000000e+00 -1.417306820377554899e-01
-1.165377063533883373e-01 0.000000000000000000e+00 -8.446508480744516212e-02
-2.521376690946849908e-01 -2.096881185675615600e-01 -1.298331114694255273e-01
-1.480035056354261080e-01 0.000000000000000000e+00 0.000000000000000000e+00
0.000000000000000000e+00 0.000000000000000000e+00 0.000000000000000000e+00
-1.058001564981741888e-01 -2.843638730419032271e-02 -1.167906853883324825e-01
-1.377101705971535417e-01 -2.887458832690177335e-01 -2.640127125146383147e-01
-8.495226613388421333e-01 -8.721334853829882938e-01 -8.248739098081139254e-01
-4.148923946985441980e+00 -4.123295230414287360e+00 -4.141454214218300400e+00
-6.304751557300740217e+00 -6.297028532347220597e+00 -6.304083682555044810e+00
-6.902604322000907899e+00 -6.901151098109992610e+00 -6.916332485200628710e+00
-7.689393538872026035e+00 -7.693806624266711580e+00 -7.689851721036997212e+00
-8.497138727384228929e+00 -8.503552973785456714e+00 -8.493691871527394355e+00
-9.048144803859370811e+00 -9.042460055072785607e+00 -9.052666435793623734e+00
-9.481184632083488495e+00 -9.477887327904804593e+00 -9.484899421338878867e+00
-9.835672919820419580e+00 -9.836056937673395950e+00 -9.841242749782987076e+00
-1.028587236541563854e+01 -1.028720551269375250e+01 -1.029074256490282302e+01
-9.684926061412296505e+00 -9.686643707354379629e+00 -9.693467978670403440e+00
-1.454229100146393616e-01 0.000000000000000000e+00 -1.742216867482651033e-01
0.000000000000000000e+00 0.000000000000000000e+00 0.000000000000000000e+00
-1.417464258748859229e-01 -2.653300580111274676e-01 -2.890998145823994725e-01
-6.665500493846368557e-02 -1.277106059516914804e-01 -2.052931630687366560e-01
-1.406927125273608747e-01 -1.089522147289606613e-01 -1.344601667148655755e-01
0.000000000000000000e+00 0.000000000000000000e+00 0.000000000000000000e+00
0.000000000000000000e+00 0.000000000000000000e+00 0.000000000000000000e+00
0.000000000000000000e+00 0.000000000000000000e+00 0.000000000000000000e+00
-1.437323412944076229e-01 -3.062724081358576822e-02 -5.828368207103722110e-02
-2.442185156546618163e+00 -2.552988979321457297e+00 -2.450803007741444883e+00
-4.897613674933415595e+00 -4.902575803787232900e+00 -4.919881074661592635e+00
-6.663820848614550485e+00 -6.678665883569201434e+00 -6.659504678438571190e+00
-8.030217318539547122e+00 -8.037560478865964697e+00 -8.047787656593122563e+00
-8.850833509003917854e+00 -8.839843551732712967e+00 -8.849747674461951874e+00
-9.490435334924875121e+00 -9.498152578025731430e+00 -9.493509558122571690e+00
-9.867790471746021197e+00 -9.863040171025794223e+00 -9.864985698806398418e+00
-9.937715870453523337e+00 -9.946160091856267371e+00 -9.941858833878667312e+00
-9.898392794532208327e+00 -9.897812183680402498e+00 -9.898996944302016487e+00
-9.722063695210300338e+00 -9.720324087274521574e+00 -9.727153424369314294e+00
-9.652905000613790421e+00 -9.654281018158679117e+00 -9.654291507479362267e+00
-9.285492724537945719e+00 -9.282273452244560019e+00 -9.286056305937366417e+00
0.000000000000000000e+00 0.000000000000000000e+00 0.000000000000000000e+00
-8.135314943908575347e-02 -6.214776182930372567e-02 -2.487733151378292151e-01
-2.593639771968913044e-01 -1.461539803770305346e-01 -1.511399305907227819e-01
-3.354442413310138038e-02 -7.849201272130593154e-02 -1.338813897115237184e-01
0.000000000000000000e+00 0.000000000000000000e+00 0.000000000000000000e+00
0.000000000000000000e+00 0.000000000000000000e+00 0.000000000000000000e+00
0.000000000000000000e+00 0.000000000000000000e+00 -1.330081764329696659e-01
-5.338328973074204509e-01 -5.306234764043991081e-01 -5.541248094952456738e-01
-3.679804880873000617e+00 -3.661052824617716084e+00 -3.681812513635283501e+00
-5.858821467043396680e+00 -5.836374582187865201e+00 -5.814369996320984058e+00
-7.896664535619397185e+00 -7.851278129378884252e+00 -7.858363326368363211e+00
-9.046062765676119000e+00 -9.059492138828797891e+00 -9.054603048705310187e+00
-9.972315231264049729e+00 -9.986786758359718519e+00 -9.981997550967168564e+00
-1.049696209009139736e+01 -1.050029280224082484e+01 -1.050355146837133802e+01
-1.079273250976887510e+01 -1.078987093455464219e+01 -1.079468274646138681e+01
-1.086813206279344612e+01 -1.086979594905763236e+01 -1.086870909445861244e+01
-1.063163368730226921e+01 -1.063364271143522011e+01 -1.063381712313309180e+01
-1.020315572561474760e+01 -1.019686032406313991e+01 -1.019740128724933825e+01
-9.714372159835583886e+00 -9.706541479588922883e+00 -9.707442386819055358e+00
-9.185197693228136728e+00 -9.188530981260200292e+00 -9.188797873195285959e+00
-8.549775806847828008e+00 -8.553799284375458001e+00 -8.553630197843732574e+00
-2.680240023389217630e-01 -1.404593776637435010e-01 -2.051159454376622338e-01
-1.192344946270689210e-01 -1.515862175257550737e-01 0.000000000000000000e+00
-2.858732782533773831e-01 -1.483232674082894664e-01 -2.168907464755429615e-01
0.000000000000000000e+00 0.000000000000000000e+00 0.000000000000000000e+00
0.000000000000000000e+00 0.000000000000000000e+00 0.000000000000000000e+00
0.000000000000000000e+00 0.000000000000000000e+00 0.000000000000000000e+00
-1.740179695729773712e+00 -1.810389555658945548e+00 -1.751706728250876033e+00
-4.750483104164550774e+00 -4.650046532268980570e+00 -4.646502973783340984e+00
-6.905223587084333481e+00 -6.917368234273272520e+00 -6.923818043438327408e+00
-8.800874145860500875e+00 -8.817405810093040586e+00 -8.805959408332915572e+00
-1.002320782172044034e+01 -1.002159886896979835e+01 -1.001688184105965007e+01
-1.094069659790414484e+01 -1.094406012818135210e+01 -1.094274991823080789e+01
-1.168506814399914084e+01 -1.168756491761091176e+01 -1.170734756281942701e+01
-1.201494587364141786e+01 -1.201512964700407160e+01 -1.201364899467490943e+01
-1.195227972853411558e+01 -1.195134586717897385e+01 -1.195362563450166427e+01
-1.164414768187288018e+01 -1.164882723079586846e+01 -1.164229738845478224e+01
-1.104755935892690744e+01 -1.105807212428885933e+01 -1.105487529764332422e+01
-1.026649131920328450e+01 -1.027554354327860864e+01 -1.026120615854370755e+01
-9.450142584722124539e+00 -9.460011006495962604e+00 -9.456056656653716530e+00
-8.580822837225271726e+00 -8.579364562685576345e+00 -8.548966095609561222e+00
-5.383083059527280945e+00 -5.403323577356293761e+00 -5.375350976974970330e+00
-1.574225426939507011e-01 -1.230359851383787118e-01 0.000000000000000000e+00
-1.260863332837606765e-01 -1.514380450135936196e-01 -1.442842490710773418e-01
-1.338724754900401381e-01 0.000000000000000000e+00 0.000000000000000000e+00
0.000000000000000000e+00 0.000000000000000000e+00 0.000000000000000000e+00
-6.915014820604861723e-02 -2.278842953556526121e-02 -1.480023165772721971e-01
-2.522307268107556677e+00 -2.520316233609242840e+00 -2.546676972993378918e+00
-5.331809386531253914e+00 -5.412925317152819105e+00 -5.357671352470790183e+00
-7.610648207239584906e+00 -7.615583670930691440e+00 -7.616560765260679489e+00
-9.418855364544901576e+00 -9.420236532920556627e+00 -9.420727587393866287e+00
-1.070532949994615279e+01 -1.070954831740281676e+01 -1.071712678139104113e+01
-1.190930042984305182e+01 -1.191042693786762818e+01 -1.190354888740959538e+01
-1.282296922965102937e+01 -1.282377292294846427e+01 -1.281548320185073919e+01
-1.337232397049890942e+01 -1.337299073518545534e+01 -1.337245340999054832e+01
-1.315843870076975541e+01 -1.315720855927783539e+01 -1.315626951060303185e+01
-1.272800234799115238e+01 -1.271595192315076162e+01 -1.272492246635660429e+01
-1.189410900796713122e+01 -1.190652081391604611e+01 -1.189946279182232125e+01
-1.101976570582242054e+01 -1.105039033568239581e+01 -1.101308216006759544e+01
-9.940655279403518563e+00 -9.949144656240646256e+00 -9.951347126107661367e+00
-8.755384168664303246e+00 -8.755721080537558265e+00 -8.725169615025890835e+00
-8.060382322003780686e+00 -8.035020344849094442e+00 -7.703568924743567692e+00
-1.089159218562696894e-02 0.000000000000000000e+00 -2.915720494037369326e-01
-2.450247508309164601e-01 0.000000000000000000e+00 0.000000000000000000e+00
0.000000000000000000e+00 0.000000000000000000e+00 0.000000000000000000e+00
0.000000000000000000e+00 0.000000000000000000e+00 0.000000000000000000e+00
-2.830493400852324148e-01 -1.595686134294631020e-01 -1.665522821585106172e-01
-2.615742141662793063e+00 -2.618383778867305889e+00 -2.624356883961045828e+00
-5.676735284791495140e+00 -5.729607577763977666e+00 -5.718969105058600455e+00
-7.982821188141266511e+00 -7.975278987705752165e+00 -7.987713398244213892e+00
-9.679899327059635183e+00 -9.678894518088183574e+00 -9.678391077247932017e+00
-1.108899562789970261e+01 -1.108898402519667492e+01 -1.110419717750579771e+01
-1.236269827872585303e+01 -1.235892985081235906e+01 -1.236032644897602673e+01
-1.376989378596526947e+01 -1.378356933684989905e+01 -1.377245506278808840e+01
-1.489642867214746680e+01 -1.494142711622626862e+01 -1.493807663255224583e+01
-1.506515995434566513e+01 -1.503419483750815999e+01 -1.501093969356604774e+01
-1.365778374482664326e+01 -1.364330005609963514e+01 -1.363126128420427641e+01
-1.268823790295366472e+01 -1.268320742923564737e+01 -1.268004081053006971e+01
-1.144077592225500872e+01 -1.144164536631418017e+01 -1.143528495805136558e+01
-1.036942461075805610e+01 -1.037508718516974859e+01 -1.037292846386957201e+01
-8.999446752364706370e+00 -8.994041450262459492e+00 -8.995650647829648960e+00
-7.615877768019916338e+00 -7.446514720447678037e+00 -6.608371487475439565e+00
-8.900905258684411736e-01 -8.553403616505187435e-01 -9.001237754319912909e-01
0.000000000000000000e+00 0.000000000000000000e+00 -4.267248530598278383e-02
0.000000000000000000e+00 0.000000000000000000e+00 0.000000000000000000e+00
0.000000000000000000e+00 0.000000000000000000e+00 0.000000000000000000e+00
-1.519056205400112491e-01 0.000000000000000000e+00 0.000000000000000000e+00
-2.441413889772404922e+00 -2.435618426336030318e+00 -2.452963255562600420e+00
-5.535454870736464805e+00 -5.634516035015407098e+00 -5.587334244442429210e+00
-7.879467473468604766e+00 -7.870076630297914377e+00 -7.873178363650337630e+00
-9.636668464352617036e+00 -9.641947831495043530e+00 -9.640660154942752413e+00
-1.100315592537604914e+01 -1.100217844643426801e+01 -1.100316457631469902e+01
-1.230967557545955238e+01 -1.232365208750871055e+01 -1.231906509883127043e+01
-1.378051919711987949e+01 -1.379693507849740364e+01 -1.378205258273222178e+01
-1.513801587393778547e+01 -1.514123562547169577e+01 -1.514509414839186086e+01
-1.599962057398486337e+01 -1.606116076936812576e+01 -1.606961698599251775e+01
-1.440740200101923563e+01 -1.439378835149651792e+01 -1.436997321043049780e+01
-1.303490700355644449e+01 -1.303481200943849139e+01 -1.303308085177808096e+01
-1.169307563574031406e+01 -1.169414599783193154e+01 -1.169761288206456307e+01
-1.061030507862360395e+01 -1.061018672115194583e+01 -1.061093126566786715e+01
-9.225112145721116264e+00 -9.221475503170188048e+00 -9.224856937310223159e+00
-7.492835446142486866e+00 -7.469653665007061960e+00 -7.153023067371190535e+00
-3.220230448063673645e+00 -3.209706227211209573e+00 -3.197689305275762894e+00
-1.027597634452885184e-01 -1.488196159103483129e-01 -8.254714335254492719e-02
0.000000000000000000e+00 0.000000000000000000e+00 0.000000000000000000e+00
0.000000000000000000e+00 0.000000000000000000e+00 0.000000000000000000e+00
0.000000000000000000e+00 0.000000000000000000e+00 -1.206677997863145752e-01
-1.679375793168523812e+00 -1.672221538290303622e+00 -1.726944800984777872e+00
-4.812034307802598221e+00 -4.987573808052306212e+00 -5.024600698692144540e+00
-7.393000910317243601e+00 -7.378923820864796035e+00 -7.388371947294503528e+00
-9.243615698523340640e+00 -9.247117178756489864e+00 -9.252003407886844499e+00
-1.052493507032294850e+01 -1.053830857538348909e+01 -1.053612736040966880e+01
-1.177620349603149030e+01 -1.176967722918872639e+01 -1.177110144138529613e+01
-1.272713767173789989e+01 -1.273523392490377759e+01 -1.273700585918211381e+01
-1.393754372945567788e+01 -1.392420028826492029e+01 -1.393321917227235751e+01
-1.429342550435372416e+01 -1.427730778772147957e+01 -1.428020837480933025e+01
-1.369061528234053249e+01 -1.368121935428440317e+01 -1.366603855275386259e+01
-1.277899636390092475e+01 -1.278162169111144308e+01 -1.277229891592632072e+01
-1.162477386553604219e+01 -1.161953909085322145e+01 -1.160711153785444161e+01
-1.050767941655459126e+01 -1.050030381842907978e+01 -1.049998743054772632e+01
-9.115873338778753165e+00 -9.106698196818642899e+00 -9.106005103846710469e+00
-7.714856011126747681e+00 -7.699199173870267643e+00 -7.703563643171773556e+00
-3.849735410877421771e+00 -3.827385806490357201e+00 -3.812871806622829318e+00
-1.251997046807636904e-01 -1.517696694473559260e-01 -1.304957296059490179e-01
0.000000000000000000e+00 0.000000000000000000e+00 0.000000000000000000e+00
0.000000000000000000e+00 0.000000000000000000e+00 0.000000000000000000e+00
0.000000000000000000e+00 0.000000000000000000e+00 -8.845738808906336570e-02
-3.428200086427707349e-01 -3.395240472654547093e-01 -3.347061803014758641e-01
-3.969115955777132942e+00 -4.345623735217760242e+00 -4.323577377022622237e+00
-6.501012488536165534e+00 -6.509581485930969080e+00 -6.514090584128783945e+00
-8.526544489009451055e+00 -8.533887677304905495e+00 -8.539180221985713359e+00
-9.890636052761145436e+00 -9.884506058217093383e+00 -9.893010715266848720e+00
-1.097996018231274107e+01 -1.097936302110723972e+01 -1.099029652136058566e+01
-1.184898382900886560e+01 -1.184572972090791154e+01 -1.185453334599558417e+01
-1.242823806391898067e+01 -1.243068138540904854e+01 -1.243164691275482348e+01
-1.261730795310705489e+01 -1.261789217908001426e+01 -1.262114732475222389e+01
-1.252998990940094259e+01 -1.252876281993931684e+01 -1.253208254602543015e+01
-1.192293480059307598e+01 -1.191775307110290782e+01 -1.191222895581650931e+01
-1.103893034847828858e+01 -1.103116081462003528e+01 -1.103511099625824698e+01
-1.002773482028175600e+01 -1.002923394669653234e+01 -1.002536498989386970e+01
-8.637692064275610093e+00 -8.634746796029189042e+00 -8.627019102327860622e+00
-7.208023583085704900e+00 -7.203148758757285108e+00 -7.208186878157256672e+00
-3.355742205327091998e+00 -3.284136755238081129e+00 -3.228487150829476349e+00
-8.587065630349560719e-02 -1.173682861181914588e-01 -1.624558022163288817e-01
0.000000000000000000e+00 0.000000000000000000e+00 0.000000000000000000e+00
0.000000000000000000e+00 0.000000000000000000e+00 0.000000000000000000e+00
-1.515926078201141336e-01 0.000000000000000000e+00 -7.134438034728723954e-02
-1.088955393211629985e-01 -1.237159953353206138e-01 0.000000000000000000e+00
-3.179298748022274079e+00 -3.194444707715454967e+00 -3.181385586960807643e+00
-5.284433729837286542e+00 -5.303891901885897653e+00 -5.386943665743697984e+00
-7.595998913504557137e+00 -7.584981308542863232e+00 -7.584431275107539783e+00
-8.999784178789608902e+00 -8.987894388488276931e+00 -9.014691339187598018e+00
-1.006445108383381104e+01 -1.008686972627561751e+01 -1.008535167508487085e+01
-1.089242758119749688e+01 -1.090049043228195913e+01 -1.090306726107308322e+01
-1.129933533591948702e+01 -1.130268592821392559e+01 -1.130494578641044257e+01
-1.142164976654640007e+01 -1.142142855044347094e+01 -1.142324192888856693e+01
-1.132436292491883556e+01 -1.132272649690129462e+01 -1.136936943904526309e+01
-1.090888495138917591e+01 -1.091756087262156605e+01 -1.091195687046595353e+01
-1.026754955866354635e+01 -1.026421914131823243e+01 -1.025677356939560347e+01
-9.306841611734762765e+00 -9.305770326407079907e+00 -9.305065109902997733e+00
-7.876312035264450451e+00 -7.902469963302599432e+00 -7.861886629218452605e+00
-6.355912828115602764e+00 -6.356610736005544382e+00 -6.346268065895567467e+00
-8.232078112020744243e-01 -7.162061050963259845e-01 -7.131350573238293133e-01
-8.674074233612531770e-02 -1.536605692879166596e-01 0.000000000000000000e+00
0.000000000000000000e+00 0.000000000000000000e+00 0.000000000000000000e+00
0.000000000000000000e+00 0.000000000000000000e+00 0.000000000000000000e+00
-1.337958317955968146e-01 -2.792010756183489484e-01 -1.307876651323449657e-01
-1.622210663052052748e-01 -1.359743668166201735e-01 -1.901548526745905632e-01
-3.247258861333682245e-01 -3.300540678264619610e-01 -3.364016733619756838e-01
-4.395618556842594060e+00 -4.402253778931569883e+00 -4.417533065375971013e+00
-6.177142972550168309e+00 -6.207990307068349090e+00 -6.194832595651257101e+00
-7.918781564726820932e+00 -7.918222113338355683e+00 -7.906721346024682795e+00
-9.015486944178068285e+00 -9.011111902390085859e+00 -9.027474117377833451e+00
-9.835259000752634151e+00 -9.830336479804159922e+00 -9.831550645934795440e+00
-1.024068557120847522e+01 -1.023764185732420451e+01 -1.023487289875383155e+01
-1.044298389880233024e+01 -1.044353678886759162e+01 -1.044212108519232984e+01
-1.034262657164098975e+01 -1.034080018157836456e+01 -1.033797304103594072e+01
-9.918134372574115787e+00 -9.914315643337213046e+00 -9.918517242037303561e+00
-9.370525046236009459e+00 -9.362624658566614855e+00 -9.364027419904360272e+00
-8.229320990016720572e+00 -8.195233789001436620e+00 -8.217151250254424610e+00
-6.765001381288239024e+00 -6.768246934582941243e+00 -6.753449091824160533e+00
-4.931580388965770112e+00 -4.934912279062718454e+00 -4.933631007510408395e+00
-1.327743866005837992e-01 -2.519745454126975370e-01 0.000000000000000000e+00
-1.407989157902125033e-01 0.000000000000000000e+00 0.000000000000000000e+00
0.000000000000000000e+00 0.000000000000000000e+00 0.000000000000000000e+00
0.000000000000000000e+00 0.000000000000000000e+00 0.000000000000000000e+00
-3.859349232498661131e-01 -1.407039645757214297e-01 -1.052216118797822952e-01
0.000000000000000000e+00 0.000000000000000000e+00 0.000000000000000000e+00
-1.436847877462751888e-01 -1.128533192075783093e-01 -1.517494352831025017e-01
-1.648443789253280167e+00 -1.663852020935301823e+00 -1.615333333304455499e+00
-4.755438206733765050e+00 -4.880305790082634765e+00 -4.884926000604930429e+00
-6.483535162542860775e+00 -6.483231388357952873e+00 -6.489919082473178058e+00
-7.816788439649111631e+00 -7.804392806487893353e+00 -7.811807531329490573e+00
-8.699644369047375037e+00 -8.691787979066472047e+00 -8.694446541037672560e+00
-9.154026309130564698e+00 -9.154242568188529106e+00 -9.153608081457683454e+00
-9.363031171673251052e+00 -9.343037464779904155e+00 -9.342515933981337284e+00
-9.210082301558994544e+00 -9.213119889734246115e+00 -9.211167017545792035e+00
-8.824541871645822155e+00 -8.822981819490760103e+00 -8.819809921017823129e+00
-8.127065970594381739e+00 -8.122360694285823968e+00 -8.120008493227038215e+00
-6.989385246599007395e+00 -6.983117980907682210e+00 -6.985843870654132814e+00
-5.736617438344729258e+00 -5.730504315008513316e+00 -5.548645518080330241e+00
-1.483925456076489180e+00 -1.461583296226528716e+00 -1.438229365100539781e+00
-1.217336746704721917e-01 -1.016715026465593030e-01 -1.537677951573738211e-01
-3.966241449702108124e-01 -2.795174798420433371e-01 -2.800136779909412343e-01
0.000000000000000000e+00 0.000000000000000000e+00 0.000000000000000000e+00
0.000000000000000000e+00 0.000000000000000000e+00 0.000000000000000000e+00
-1.336031421432347099e-01 0.000000000000000000e+00 0.000000000000000000e+00
-1.412559456073280151e-01 -3.018483952701691772e-02 -1.573035563682970983e-01
-1.313504734567431387e-01 -1.433741228610801721e-01 -1.894238221223248919e-01
-3.633680953483502396e-01 -3.972414234737731697e-01 -2.345521806156395384e-01
-2.487118594511425584e+00 -2.492912811675758622e+00 -2.463788444169410230e+00
-5.106940163806868327e+00 -5.109177690070259459e+00 -5.103018899225690852e+00
-6.453333079466245792e+00 -6.455002464536790718e+00 -6.456607352812171463e+00
-7.486800808794330742e+00 -7.491719636488361367e+00 -7.492168201188669663e+00
-7.999404278580880323e+00 -8.001104608908157445e+00 -8.011016453479006927e+00
-8.096297441646360227e+00 -8.097769065958244639e+00 -8.099400249545249508e+00
-8.126265062159541586e+00 -8.122136734353306409e+00 -8.125271105649424896e+00
-7.784748426315029057e+00 -7.786025549349774977e+00 -7.773331428023262824e+00
-6.989812744411806555e+00 -6.977675039926420908e+00 -6.997005936886332655e+00
-5.845473761660056056e+00 -5.804011385441044446e+00 -5.836341702477028548e+00
-3.565066700790168852e+00 -3.554832138058882762e+00 -3.578186563485108884e+00
-1.200585861754984579e-01 -1.082363496554283322e-01 -1.782678825343921303e-01
-2.685601205317166840e-01 -1.058242728038293196e-01 -2.533360764592764713e-01
-1.206680840549844980e-01 -1.442537563414606205e-01 -1.453684759241884450e-01
0.000000000000000000e+00 0.000000000000000000e+00 0.000000000000000000e+00
0.000000000000000000e+00 0.000000000000000000e+00 0.000000000000000000e+00
0.000000000000000000e+00 0.000000000000000000e+00 0.000000000000000000e+00
-1.360169097922254711e-01 0.000000000000000000e+00 -1.222132951023473246e-01
-2.601271107809207672e-01 -1.186468088977684909e-01 0.000000000000000000e+00
-1.056417719253674448e-01 -1.382078474157873715e-01 0.000000000000000000e+00
-1.298878222129628002e-01 -1.428290504117651905e-01 0.000000000000000000e+00
-2.993857182343391710e+00 -2.974215397785521020e+00 -2.996662342328918704e+00
-4.995083673304561600e+00 -5.012501129592540572e+00 -5.012604589931150656e+00
-6.362412255079003209e+00 -6.278870686547874946e+00 -6.293027580348494965e+00
-6.989750516376242118e+00 -7.007900958789435641e+00 -7.002371578265499608e+00
-7.418013604469688715e+00 -7.403492888977832642e+00 -7.453157657978908723e+00
-7.369531717707805463e+00 -7.365873969242225705e+00 -7.366544919520187307e+00
-6.768644000405150685e+00 -6.775778072372342642e+00 -6.770835029268282845e+00
-5.872267915591048215e+00 -5.881647338360298960e+00 -5.886275925553246857e+00
-4.037486816889404473e+00 -4.023274279852480539e+00 -4.041606025014329084e+00
-7.144864837045814543e-01 -6.914764907602615196e-01 -7.168411162023315963e-01
-2.300340260574129103e-01 0.000000000000000000e+00 0.000000000000000000e+00
-1.314710094078609115e-01 -1.513936622200833249e-01 0.000000000000000000e+00
0.000000000000000000e+00 0.000000000000000000e+00 0.000000000000000000e+00
0.000000000000000000e+00 0.000000000000000000e+00 0.000000000000000000e+00
0.000000000000000000e+00 0.000000000000000000e+00 0.000000000000000000e+00
0.000000000000000000e+00 0.000000000000000000e+00 0.000000000000000000e+00
-1.427107834678635057e-01 0.000000000000000000e+00 -1.225889559669237350e-01
-2.885888471335298355e-01 0.000000000000000000e+00 0.000000000000000000e+00
-1.133198412128526844e-01 -1.320653400781769682e-01 -1.540084526325090908e-01
-1.879229861032898907e-01 -1.682548696584683090e-01 -2.885506416062299517e-01
-1.514983532849054904e-01 -1.520249903489883925e-01 -3.503782639925276388e-02
-2.743923081035819944e+00 -2.762682072312160564e+00 -2.717439085102837826e+00
-4.853829307693652950e+00 -4.842985960549310853e+00 -4.833565321888163346e+00
-5.865473087078256320e+00 -5.870004048093644400e+00 -5.901186364365756276e+00
-6.262236925676780253e+00 -6.259994498408883778e+00 -6.260318370534400323e+00
-6.123045637660752938e+00 -6.118535528840215676e+00 -6.125922323340904363e+00
-5.688124521457671889e+00 -5.701319366382795906e+00 -5.696227458773157615e+00
-4.220504090036354405e+00 -4.215031069670046371e+00 -4.227496860403982204e+00
-1.815233441148284221e+00 -1.808723248604661826e+00 -1.831330505494012773e+00
-1.442384787663686663e-01 -1.316925120998411747e-01 -1.456585718243046390e-01
-3.580754946063821054e-01 -2.666160016911208186e-01 -2.390645972047884815e-01
-2.895850561313333960e-01 -1.190328559311817080e-01 -3.985609110579737407e-02
0.000000000000000000e+00 0.000000000000000000e+00 0.000000000000000000e+00
0.000000000000000000e+00 0.000000000000000000e+00 0.000000000000000000e+00
0.000000000000000000e+00 0.000000000000000000e+00 0.000000000000000000e+00
-9.038514659007378105e-02 0.000000000000000000e+00 -2.564276566741718888e-01
0.000000000000000000e+00 0.000000000000000000e+00 0.000000000000000000e+00
-1.574443497284280513e-01 0.000000000000000000e+00 -4.269203449876943224e-02
-1.128533192075783093e-01 -1.332641103723044562e-01 -1.303974815427093870e-01
-4.068062025580095886e-01 -2.373886538790366263e-01 -1.662408747889466409e-01
-1.407726904901990816e-01 0.000000000000000000e+00 0.000000000000000000e+00
-2.874983055812902477e-01 -1.447119894328847967e-01 0.000000000000000000e+00
-2.064528211206372088e+00 -2.042382698892315052e+00 -2.055296024399345889e+00
-4.657639968497980121e+00 -4.680880994213810986e+00 -4.677015166539321811e+00
-5.556872211515156756e+00 -5.518000571138062860e+00 -5.512153629820971901e+00
-5.200625435376685424e+00 -5.224833294237595460e+00 -5.225269020740331172e+00
-4.155206491038713423e+00 -4.148469273525125622e+00 -4.128697330441019275e+00
-2.379055170620218096e+00 -2.348952058458481318e+00 -2.370246485508479939e+00
-4.547040856577345691e-01 -4.560298884660586305e-01 -4.553945951600876785e-01
-2.204940304954516594e-01 -2.246150513456413589e-01 -1.083932029491837395e-01
-3.506829482030446865e-01 0.000000000000000000e+00 0.000000000000000000e+00
-1.155662530003427474e-01 -2.064375446194495201e-01 0.000000000000000000e+00
0.000000000000000000e+00 0.000000000000000000e+00 0.000000000000000000e+00
0.000000000000000000e+00 0.000000000000000000e+00 -1.479055349451044166e-01
0.000000000000000000e+00 0.000000000000000000e+00 0.000000000000000000e+00
-7.500587772650166296e-02 -2.731026706272419169e-01 -1.316481451753208631e-01
-1.215045803844008870e-01 -3.286183219699877200e-02 -1.401088572296765589e-01
0.000000000000000000e+00 -8.512836085044903078e-02 0.000000000000000000e+00
0.000000000000000000e+00 0.000000000000000000e+00 0.000000000000000000e+00
-2.471791858946036369e-01 -1.184356596529298755e-01 -1.286435496007296009e-01
0.000000000000000000e+00 0.000000000000000000e+00 0.000000000000000000e+00
-1.511083941266408714e-01 -1.910794384675465751e-01 0.000000000000000000e+00
-1.337860101964039039e-01 -2.716686524660778534e-01 -2.458801104427889572e-01
-9.616209570709823851e-01 -9.573317855782538244e-01 -9.146090142603997553e-01
-2.869541056799836287e+00 -2.868767451723324147e+00 -2.871270419226910064e+00
-2.611249923352720437e+00 -2.608715921604837007e+00 -2.612441077330814210e+00
-2.061873365650375156e+00 -2.061770118345708447e+00 -2.058602079873962154e+00
-9.634476828837202911e-01 -9.613188291414237474e-01 -9.599106897854063902e-01
-1.723740346151888259e-01 -9.264909297747869754e-02 -4.995002499375062605e-02
0.000000000000000000e+00 0.000000000000000000e+00 0.000000000000000000e+00
-2.260241966163885063e-01 -2.736073417182281475e-01 -2.156931646199350405e-01
-8.364138054327079075e-02 0.000000000000000000e+00 0.000000000000000000e+00
0.000000000000000000e+00 -1.621229603413997244e-01 -2.800947303790122245e-01
0.000000000000000000e+00 -1.257536353231799575e-01 0.000000000000000000e+00
0.000000000000000000e+00 0.000000000000000000e+00 0.000000000000000000e+00
0.000000000000000000e+00 0.000000000000000000e+00 0.000000000000000000e+00
-1.119923137009420921e-01 -1.516816415116770678e-01 -1.444315457432182870e-01
-1.509747493055936807e-01 0.000000000000000000e+00 0.000000000000000000e+00
0.000000000000000000e+00 0.000000000000000000e+00 0.000000000000000000e+00
0.000000000000000000e+00 -1.707138613319079262e-02 0.000000000000000000e+00
0.000000000000000000e+00 -2.883132961108404446e-01 0.000000000000000000e+00
0.000000000000000000e+00 0.000000000000000000e+00 0.000000000000000000e+00
-1.382009962485091781e-01 -1.575112576897067518e-01 -1.100438900948143978e-01
-1.379877595975991245e-01 0.000000000000000000e+00 0.000000000000000000e+00
0.000000000000000000e+00 -2.314461722763203055e-01 0.000000000000000000e+00
-1.448828792173222912e-01 0.000000000000000000e+00 0.000000000000000000e+00
-1.526144077056545423e-01 -1.226154843603522171e-01 0.000000000000000000e+00
-1.512930160438224481e-01 0.000000000000000000e+00 0.000000000000000000e+00
0.000000000000000000e+00 -1.105133789075322948e-01 0.000000000000000000e+00
0.000000000000000000e+00 0.000000000000000000e+00 0.000000000000000000e+00
-1.315483469314497611e-01 -2.801583222747159319e-01 -1.480970128138947850e-01
-1.029866213878149195e-01 0.000000000000000000e+00 0.000000000000000000e+00
-1.276116920583692249e-01 0.000000000000000000e+00 0.000000000000000000e+00
0.000000000000000000e+00 0.000000000000000000e+00 0.000000000000000000e+00
0.000000000000000000e+00 0.000000000000000000e+00 0.000000000000000000e+00
0.000000000000000000e+00 0.000000000000000000e+00 0.000000000000000000e+00
0.000000000000000000e+00 0.000000000000000000e+00 0.000000000000000000e+00
0.000000000000000000e+00 0.000000000000000000e+00 0.000000000000000000e+00
0.000000000000000000e+00 0.000000000000000000e+00 0.000000000000000000e+00
0.000000000000000000e+00 0.000000000000000000e+00 0.000000000000000000e+00
0.000000000000000000e+00 0.000000000000000000e+00 0.000000000000000000e+00
0.000000000000000000e+00 0.000000000000000000e+00 0.000000000000000000e+00
0.000000000000000000e+00 0.000000000000000000e+00 0.000000000000000000e+00
0.000000000000000000e+00 0.000000000000000000e+00 0.000000000000000000e+00
0.000000000000000000e+00 0.000000000000000000e+00 0.000000000000000000e+00
0.000000000000000000e+00 0.000000000000000000e+00 0.000000000000000000e+00
0.000000000000000000e+00 0.000000000000000000e+00 0.000000000000000000e+00
0.000000000000000000e+00 0.000000000000000000e+00 0.000000000000000000e+00
0.000000000000000000e+00 0.000000000000000000e+00 0.000000000000000000e+00
0.000000000000000000e+00 0.000000000000000000e+00 0.000000000000000000e+00
0.000000000000000000e+00 0.000000000000000000e+00 0.000000000000000000e+00
0.000000000000000000e+00 0.000000000000000000e+00 0.000000000000000000e+00
0.000000000000000000e+00 0.000000000000000000e+00 0.000000000000000000e+00
0.000000000000000000e+00 0.000000000000000000e+00 0.000000000000000000e+00
