0.000000000000000000e+00 0.000000000000000000e+00 0.000000000000000000e+00
-1.333097321961819286e-02 0.000000000000000000e+00 0.000000000000000000e+00
0.000000000000000000e+00 -1.333333333220736855e-02 0.000000000000000000e+00
-1.332962036963462708e-02 -1.331622473918164795e-02 -2.388264520104516064e-02
-4.030869836126412253e-01 -4.006466550154674788e-01 -4.006218875305341820e-01
-1.160299688982688426e+00 -1.161261489978075989e+00 -1.159665699545060047e+00
-1.263563800751416721e+00 -1.263042026641690851e+00 -1.263080676484481746e+00
-1.288527965448759360e+00 -1.288837652703828551e+00 -1.289111948721533230e+00
-1.298957249091898580e+00 -1.298843308067244129e+00 -1.298960087590640189e+00
-1.310506820418554375e+00 -1.310453957300382610e+00 -1.310679632264946770e+00
-1.332997042684677558e+00 -1.333023561202666851e+00 -1.332934759547506953e+00
-1.331517988653647455e+00 -1.331492120139579294e+00 -1.330078739600532911e+00
-1.296921794816612961e+00 -1.297196883880082696e+00 -1.297223240925654109e+00
-2.653331337433788989e-02 -1.333333315776646932e-02 -1.333333331449498144e-02
-1.333333331614413100e-02 -1.333332896180779159e-02 -1.333333333034219387e-02
-1.333333330310971891e-02 0.000000000000000000e+00 0.000000000000000000e+00
0.000000000000000000e+00 0.000000000000000000e+00 0.000000000000000000e+00
-2.652631744805380998e-02 -1.333331596708173250e-02 -1.333332217821578403e-02
0.000000000000000000e+00 0.000000000000000000e+00 0.000000000000000000e+00
0.000000000000000000e+00 0.000000000000000000e+00 0.000000000000000000e+00
0.000000000000000000e+00 0.000000000000000000e+00 0.000000000000000000e+00
-1.333333326437328992e-02 -1.333333332761142687e-02 -1.333333331808705079e-02
-2.653308794449885447e-02 -1.333332505336806695e-02 -1.333333286168126262e-02
-1.493635453197302010e-01 -1.530425681669150828e-01 -1.407164187091264063e-01
-1.133873213829533766e+00 -1.134529580996166187e+00 -1.133125231837195379e+00
-1.303768990417076168e+00 -1.303503002119651200e+00 -1.303744483665672194e+00
-1.322121146767486932e+00 -1.322160488790756316e+00 -1.322103594009967464e+00
-1.328577257869972827e+00 -1.328712645276724391e+00 -1.328658298501374180e+00
-1.331506038191809571e+00 -1.331495197591546997e+00 -1.331489916036796117e+00
-1.332866561127049154e+00 -1.332868222115295875e+00 -1.332870243853346848e+00
-1.333174989711683800e+00 -1.333174109254252171e+00 -1.333174111293073727e+00
-1.333129263328585168e+00 -1.333129378397166276e+00 -1.333131843317434617e+00
-1.333287652948061730e+00 -1.333287525338482160e+00 -1.333287598940139151e+00
-1.333141155072566253e+00 -1.333139716524701424e+00 -1.333140563133711876e+00
-5.238853799044523862e-02 -5.162062015559051170e-02 -3.950297857096964071e-02
0.000000000000000000e+00 -3.957695285219699211e-02 -1.333333330729086913e-02
-1.333293716460609395e-02 -1.328010878929332395e-02 -1.333333332174400747e-02
-1.333333333051700542e-02 -1.333333332843039849e-02 0.000000000000000000e+00
-1.333333332865994404e-02 0.000000000000000000e+00 -1.333333331384112426e-02
0.000000000000000000e+00 0.000000000000000000e+00 0.000000000000000000e+00
0.000000000000000000e+00 0.000000000000000000e+00 0.000000000000000000e+00
-1.333327303126811449e-02 -1.333333326830222175e-02 0.000000000000000000e+00
-2.319999836064936052e-02 -2.276266784784661962e-02 -3.146590647908363569e-02
-7.856062818668111403e-01 -7.889336097091526057e-01 -7.878149659029455298e-01
-1.297717477080096771e+00 -1.297458008082306602e+00 -1.297675595365510581e+00
-1.325946151133888140e+00 -1.325814357239579522e+00 -1.325863529085608006e+00
-1.331624103554563066e+00 -1.331644094096626540e+00 -1.331642380163936767e+00
-1.332923741965772457e+00 -1.332927243766333758e+00 -1.332923550227982368e+00
-1.333181626099439798e+00 -1.333173627562840302e+00 -1.333180479872300150e+00
-1.333285639085370011e+00 -1.333285807786604549e+00 -1.333285586058540417e+00
-1.333294521217407880e+00 -1.333294073875171737e+00 -1.333294148606716467e+00
-1.333267433067852670e+00 -1.333267404569021597e+00 -1.333267301919488945e+00
-1.333204800508110965e+00 -1.333205450011655246e+00 -1.333205595953180111e+00
-1.333141300250753947e+00 -1.333140717315536961e+00 -1.333140607614388795e+00
-1.332755840403647030e+00 -1.332758096409885074e+00 -1.332758586168707016e+00
-9.016163389587880661e-02 -1.025713960212839282e-01 -1.025374056597210953e-01
0.000000000000000000e+00 0.000000000000000000e+00 0.000000000000000000e+00
-2.653333252730687153e-02 -1.333333328185265336e-02 -1.333333333223696814e-02
0.000000000000000000e+00 0.000000000000000000e+00 -1.333333332817432035e-02
0.000000000000000000e+00 0.000000000000000000e+00 0.000000000000000000e+00
0.000000000000000000e+00 0.000000000000000000e+00 0.000000000000000000e+00
-1.333333332630491641e-02 0.000000000000000000e+00 0.000000000000000000e+00
-1.650149171612000365e-01 -1.539065088092365086e-01 -1.586246459424969224e-01
-1.227941103457305783e+00 -1.226485282498583684e+00 -1.227316288169446157e+00
-1.322214622234765047e+00 -1.322293015208987121e+00 -1.322203386225558885e+00
-1.331671083815632706e+00 -1.331667131726536946e+00 -1.331664173359849990e+00
-1.333063407471440920e+00 -1.333063379673683713e+00 -1.333063373559591813e+00
-1.333276449499644301e+00 -1.333275135079318829e+00 -1.333276445521162534e+00
-1.333319614418156940e+00 -1.333319639371365994e+00 -1.333319621327649918e+00
-1.333329415078827074e+00 -1.333329394239836097e+00 -1.333329427359289276e+00
-1.333328725204997234e+00 -1.333328716336523279e+00 -1.333328709729487693e+00
-1.333319352749025022e+00 -1.333319296997776071e+00 -1.333319310009112524e+00
-1.333276618836293004e+00 -1.333276277538997912e+00 -1.333276492902626176e+00
-1.333119554834000686e+00 -1.333119220681833417e+00 -1.333119763185558915e+00
-1.332701992142148573e+00 -1.332702294786232589e+00 -1.332699052702410736e+00
-1.330405177289498253e+00 -1.330417643372965975e+00 -1.330418125929810014e+00
-5.081652015740643208e-02 -5.047311328548534370e-02 -6.106329308648243692e-02
-1.333333313020887943e-02 -1.333333331999937699e-02 -2.653289033322056914e-02
-2.653333317801679497e-02 -1.333333313191406751e-02 0.000000000000000000e+00
0.000000000000000000e+00 0.000000000000000000e+00 0.000000000000000000e+00
0.000000000000000000e+00 0.000000000000000000e+00 0.000000000000000000e+00
-1.333333208663022539e-02 -1.333329467551239503e-02 0.000000000000000000e+00
-6.214217093083033161e-01 -6.253434633973060652e-01 -6.280496993871855782e-01
-1.305607366071048547e+00 -1.305793482498478042e+00 -1.305676729145921255e+00
-1.329486748238388305e+00 -1.329477203034053590e+00 -1.329468640620871778e+00
-1.332976803913701547e+00 -1.332977012275890827e+00 -1.332975588820412005e+00
-1.333274117229123368e+00 -1.333274408642617814e+00 -1.333274517427297967e+00
-1.333325525977410164e+00 -1.333325613291373113e+00 -1.333325617792862294e+00
-1.333332240261752233e+00 -1.333332232713520193e+00 -1.333332231742969887e+00
-1.333333211181067623e+00 -1.333333211201708002e+00 -1.333333210410627245e+00
-1.333333100298717877e+00 -1.333333098676951822e+00 -1.333333101233521889e+00
-1.333332000694999131e+00 -1.333332010501076859e+00 -1.333332001711101666e+00
-1.333321058821614891e+00 -1.333321147030408049e+00 -1.333320958888047025e+00
-1.333246094546967964e+00 -1.333245843519902829e+00 -1.333246244512252376e+00
-1.332756126736875490e+00 -1.332759760109308189e+00 -1.332758124995912175e+00
-1.330678434130735610e+00 -1.330467909750865596e+00 -1.330642697758658066e+00
-1.253638761349064268e+00 -1.253756610172680919e+00 -1.253052073962243274e+00
0.000000000000000000e+00 0.000000000000000000e+00 -1.333333333150159283e-02
0.000000000000000000e+00 0.000000000000000000e+00 0.000000000000000000e+00
0.000000000000000000e+00 0.000000000000000000e+00 -1.333248672902707585e-02
0.000000000000000000e+00 0.000000000000000000e+00 0.000000000000000000e+00
0.000000000000000000e+00 0.000000000000000000e+00 0.000000000000000000e+00
-1.016502058178216927e+00 -1.018252881472787585e+00 -1.016815579797527125e+00
-1.322435409937298800e+00 -1.322434599817927436e+00 -1.322404513857096120e+00
-1.331979725106975820e+00 -1.331978409387183371e+00 -1.331998406112716804e+00
-1.333213956919992782e+00 -1.333214312703388638e+00 -1.333213873502362645e+00
-1.333320243819862805e+00 -1.333320337263437239e+00 -1.333320343296760635e+00
-1.333332147744715535e+00 -1.333332155848251155e+00 -1.333332149990486659e+00
-1.333333287390128685e+00 -1.333333287286540436e+00 -1.333333284821713649e+00
-1.333333324852523871e+00 -1.333333324831197153e+00 -1.333333324848768431e+00
-1.333333311580206626e+00 -1.333333311173012348e+00 -1.333333311364820917e+00
-1.333333212135457746e+00 -1.333333210118496481e+00 -1.333333211937779872e+00
-1.333332204597998727e+00 -1.333332220217815500e+00 -1.333332187136933911e+00
-1.333315032069768424e+00 -1.333315620645959987e+00 -1.333315304797650924e+00
-1.333202240716149234e+00 -1.333203449797858431e+00 -1.333203242257419596e+00
-1.332445488480738405e+00 -1.332439838110263786e+00 -1.332438948124466283e+00
-1.330862986521001989e+00 -1.330862504041813388e+00 -1.330848095272427090e+00
-1.009425002683587008e-01 -1.001639621119604640e-01 -1.104634033933304532e-01
-2.653333332050326204e-02 0.000000000000000000e+00 -1.333333281485330445e-02
0.000000000000000000e+00 0.000000000000000000e+00 0.000000000000000000e+00
0.000000000000000000e+00 0.000000000000000000e+00 0.000000000000000000e+00
-1.333333314260828559e-02 -1.219332420570372680e-02 -1.333333209598049941e-02
-1.153014103042802274e+00 -1.153211299354313546e+00 -1.152691802001023502e+00
-1.323193390801860714e+00 -1.323749230627202289e+00 -1.323650951784505425e+00
-1.332633371429586822e+00 -1.332630291294108371e+00 -1.332632473370839232e+00
-1.333256626976972115e+00 -1.333259403365548046e+00 -1.333259925488234021e+00
-1.333329215866705386e+00 -1.333329219696034240e+00 -1.333329212806483310e+00
-1.333333018570675765e+00 -1.333333016538496008e+00 -1.333333018032016648e+00
-1.333333324220341565e+00 -1.333333324275436160e+00 -1.333333324220203009e+00
-1.333333329508094467e+00 -1.333333329515598464e+00 -1.333333329505935971e+00
-1.333333332190047349e+00 -1.333333332213060940e+00 -1.333333329540065337e+00
-1.333333272495319299e+00 -1.333333272222166466e+00 -1.333333272337745568e+00
-1.333333112854097724e+00 -1.333333108592739791e+00 -1.333333108193898164e+00
-1.333330553263830431e+00 -1.333330488571265127e+00 -1.333330513884112278e+00
-1.333280970379999930e+00 -1.333281338806315164e+00 -1.333281108057070341e+00
-1.332796874024002598e+00 -1.332803296687352423e+00 -1.332791229955741175e+00
-1.329733043840716222e+00 -1.329635678386585473e+00 -1.329526465881184283e+00
-9.836271494312129882e-01 -9.811582150238609135e-01 -9.866726638496492452e-01
-1.333333333101902572e-02 -1.333331127602607226e-02 0.000000000000000000e+00
0.000000000000000000e+00 0.000000000000000000e+00 0.000000000000000000e+00
0.000000000000000000e+00 0.000000000000000000e+00 0.000000000000000000e+00
-1.333333244750845893e-02 0.000000000000000000e+00 0.000000000000000000e+00
-1.121282445743955858e+00 -1.120937987744683673e+00 -1.119914367996511340e+00
-1.320168332720786486e+00 -1.319752553576269527e+00 -1.320350866139340162e+00
-1.332405507713380066e+00 -1.332394634119788535e+00 -1.332397277186860629e+00
-1.333231644037622843e+00 -1.333243017908357642e+00 -1.333241092817901707e+00
-1.333327346688498061e+00 -1.333327624419621493e+00 -1.333327616879021571e+00
-1.333332867580474312e+00 -1.333332866990997179e+00 -1.333332863772739518e+00
-1.333333320966283653e+00 -1.333333320993806526e+00 -1.333333320893150598e+00
-1.333333331119289200e+00 -1.333333331390983645e+00 -1.333333331474602534e+00
-1.333333333043990931e+00 -1.333333333135219734e+00 -1.333333333028572154e+00
-1.333333329919924815e+00 -1.333333329923282351e+00 -1.333333329431164449e+00
-1.333333240688674648e+00 -1.333333240677226472e+00 -1.333333240612186499e+00
-1.333332613064096339e+00 -1.333332617968597367e+00 -1.333332622227678010e+00
-1.333313863164781399e+00 -1.333313606389935790e+00 -1.333313449686163388e+00
-1.333121634209790018e+00 -1.333121507238448356e+00 -1.333120207121946343e+00
-1.331131778748136929e+00 -1.331096292335891107e+00 -1.329579733835469790e+00
-1.258195999179940072e+00 -1.258784732255562089e+00 -1.258091304807916533e+00
0.000000000000000000e+00 0.000000000000000000e+00 0.000000000000000000e+00
0.000000000000000000e+00 0.000000000000000000e+00 0.000000000000000000e+00
0.000000000000000000e+00 0.000000000000000000e+00 0.000000000000000000e+00
-1.333333331796279948e-02 -1.333333333020318354e-02 0.000000000000000000e+00
-8.260981530954150109e-01 -8.275668082703733219e-01 -8.338809228773198523e-01
-1.306389891286577232e+00 -1.309241482076543006e+00 -1.309375510681369592e+00
-1.331185817360293955e+00 -1.331184281192835384e+00 -1.331189613932309168e+00
-1.333100815982974918e+00 -1.333105814406941869e+00 -1.333104231642401549e+00
-1.333313658784194056e+00 -1.333313494943094479e+00 -1.333313541583150741e+00
-1.333331179711230829e+00 -1.333331317818802653e+00 -1.333331260372246252e+00
-1.333333050718561674e+00 -1.333333055812633727e+00 -1.333333054272803242e+00
-1.333333316254259548e+00 -1.333333317756713043e+00 -1.333333317409964636e+00
-1.333333331504602093e+00 -1.333333331478665729e+00 -1.333333331522321030e+00
-1.333333317664138873e+00 -1.333333317731109080e+00 -1.333333317445128952e+00
-1.333333208138851589e+00 -1.333333207919366270e+00 -1.333333207222276773e+00
-1.333332056336129057e+00 -1.333332031823739383e+00 -1.333331994523600184e+00
-1.333309885481775980e+00 -1.333309927357250624e+00 -1.333309929387641368e+00
-1.333056185203611799e+00 -1.333055528431426495e+00 -1.333055145166328614e+00
-1.332708995069900704e+00 -1.332713430742050731e+00 -1.332712867670384771e+00
-1.239175350914011320e+00 -1.240089216269513184e+00 -1.239738672415364951e+00
-2.653332639331963672e-02 -1.333239986093608109e-02 0.000000000000000000e+00
-1.333333332930752846e-02 -1.333332288842687015e-02 0.000000000000000000e+00
0.000000000000000000e+00 0.000000000000000000e+00 0.000000000000000000e+00
-1.333333318888779359e-02 0.000000000000000000e+00 0.000000000000000000e+00
-1.832656758884420867e-01 -1.910341273160535980e-01 -1.897445828645893118e-01
-1.289381640455872224e+00 -1.284634064601532399e+00 -1.289978757586871083e+00
-1.327384752149534553e+00 -1.327405405691407525e+00 -1.327370382643153102e+00
-1.332689729899152686e+00 -1.332691484742874577e+00 -1.332695538987845874e+00
-1.333238814422920804e+00 -1.333236829717611593e+00 -1.333238402432152192e+00
-1.333323490664637401e+00 -1.333323484198755571e+00 -1.333323513472985722e+00
-1.333332106667352468e+00 -1.333332084886190039e+00 -1.333332119115215431e+00
-1.333333084856796358e+00 -1.333333086563915915e+00 -1.333333085256120043e+00
-1.333333252468573482e+00 -1.333333251729907243e+00 -1.333333252687620929e+00
-1.333333205032851687e+00 -1.333333204801278260e+00 -1.333333203997530747e+00
-1.333332677596930305e+00 -1.333332663120062378e+00 -1.333332681703898626e+00
-1.333324540898932931e+00 -1.333324526081972383e+00 -1.333324616483746006e+00
-1.333271256053713216e+00 -1.333271188765289272e+00 -1.333270888476842941e+00
-1.332739085871399221e+00 -1.332740778264192238e+00 -1.332737914125814882e+00
-1.331707896157285242e+00 -1.331665802293526157e+00 -1.331676873471000944e+00
-9.613517573419154694e-01 -9.605841377584568574e-01 -9.570869307094257428e-01
-1.333333333081678125e-02 0.000000000000000000e+00 0.000000000000000000e+00
0.000000000000000000e+00 0.000000000000000000e+00 0.000000000000000000e+00
0.000000000000000000e+00 0.000000000000000000e+00 0.000000000000000000e+00
-1.333333313217801089e-02 -1.333333282421647267e-02 0.000000000000000000e+00
-2.652712420860702663e-02 -2.653333160304816724e-02 -4.930432193315865269e-02
-1.095797891284825187e+00 -1.096102415236788197e+00 -1.096875511167702211e+00
-1.315083168163737382e+00 -1.315942435523255627e+00 -1.315904227936088855e+00
-1.330984351510044350e+00 -1.330977698588116986e+00 -1.330984562525948212e+00
-1.332985840610667605e+00 -1.332988632089711523e+00 -1.332990364089200019e+00
-1.333260014285450934e+00 -1.333260415186707348e+00 -1.333260350950976614e+00
-1.333322305246996020e+00 -1.333322444249623873e+00 -1.333322343934513876e+00
-1.333331379834085340e+00 -1.333331371929879161e+00 -1.333331355664659101e+00
-1.333332786031208972e+00 -1.333332788424227422e+00 -1.333332789542814645e+00
-1.333332342157258044e+00 -1.333332345860674062e+00 -1.333332343712577917e+00
-1.333325849646683992e+00 -1.333325839556397163e+00 -1.333325734704512433e+00
-1.333293210421421460e+00 -1.333292819860062650e+00 -1.333292989026573450e+00
-1.333096451905494639e+00 -1.333099065428382746e+00 -1.333097215548314951e+00
-1.332289161125777888e+00 -1.332288918310584158e+00 -1.332295958839968320e+00
-1.323463017321237167e+00 -1.323385105242804949e+00 -1.323097800671495738e+00
-1.807955990267686164e-01 -2.120316699560546303e-01 -1.909515372452997850e-01
0.000000000000000000e+00 -2.653333232392595178e-02 -2.651498107486313649e-02
0.000000000000000000e+00 0.000000000000000000e+00 0.000000000000000000e+00
0.000000000000000000e+00 0.000000000000000000e+00 0.000000000000000000e+00
0.000000000000000000e+00 0.000000000000000000e+00 0.000000000000000000e+00
-1.333333332804853208e-02 -1.329486283379538447e-02 -1.333333332814036834e-02
-1.717206655966652395e-01 -1.667965391787152862e-01 -1.690952217624630549e-01
-1.283892529789681491e+00 -1.283791912295097815e+00 -1.284545510263624735e+00
-1.325815671236617366e+00 -1.325697655109462136e+00 -1.325825694501419960e+00
-1.331882892879016511e+00 -1.331893960018757816e+00 -1.331880467116850930e+00
-1.333049269089504829e+00 -1.333046711709502841e+00 -1.333050380818585845e+00
-1.333263366920223403e+00 -1.333263561541480291e+00 -1.333263606779565125e+00
-1.333311881270988986e+00 -1.333311769873267050e+00 -1.333312030786793612e+00
-1.333324088502483296e+00 -1.333324105413384864e+00 -1.333324106300639134e+00
-1.333317702822024886e+00 -1.333317731406706175e+00 -1.333317607782452230e+00
-1.333284351892032982e+00 -1.333284525449775604e+00 -1.333284412720997070e+00
-1.333153397520087990e+00 -1.333154303665391449e+00 -1.333154074079310636e+00
-1.332477174568121869e+00 -1.332472607303516021e+00 -1.332470745501093567e+00
-1.329925232800733603e+00 -1.330258482310859192e+00 -1.329698195177762221e+00
-1.235581747665047692e+00 -1.236134366122758843e+00 -1.235605447650651056e+00
0.000000000000000000e+00 -1.017008037280696386e-02 0.000000000000000000e+00
-1.333333333120035290e-02 -2.653330412268192079e-02 -1.333333307794051271e-02
0.000000000000000000e+00 0.000000000000000000e+00 0.000000000000000000e+00
0.000000000000000000e+00 0.000000000000000000e+00 0.000000000000000000e+00
-1.333333332005845993e-02 -1.203296727481323498e-02 -1.333333331144040748e-02
-1.333333333075542582e-02 0.000000000000000000e+00 0.000000000000000000e+00
-1.333255773261897079e-02 -1.333333332199733261e-02 -1.333333257780878328e-02
-6.015747312976462702e-01 -6.029415805340894163e-01 -6.049684254432411423e-01
-1.292777891932585632e+00 -1.297937094616061771e+00 -1.296259327094254177e+00
-1.328231364016885907e+00 -1.328318294640708830e+00 -1.328314663095649495e+00
-1.331891151671548812e+00 -1.331898570903778278e+00 -1.331897993592984442e+00
-1.332922489283453471e+00 -1.332921705176776994e+00 -1.332923244726153200e+00
-1.333184151396564543e+00 -1.333184107726128609e+00 -1.333184302849315772e+00
-1.333242167914859833e+00 -1.333242416263940688e+00 -1.333241992464767822e+00
-1.333212977671205168e+00 -1.333212800452625801e+00 -1.333213468256265521e+00
-1.333057395652382349e+00 -1.333058046940018615e+00 -1.333056194708239550e+00
-1.332538332017620952e+00 -1.332539691342301102e+00 -1.332531268513871492e+00
-1.331417862062208135e+00 -1.331495498073011818e+00 -1.331475210903573014e+00
-1.306258051346131932e+00 -1.307549199320092281e+00 -1.304889887063871434e+00
-2.909732627698941032e-01 -2.938592143542398394e-01 -2.876536558932185628e-01
-1.333333332986501134e-02 -1.333333333243472661e-02 -1.333309535137583261e-02
-1.333333298657334021e-02 -1.332965481478754800e-02 -1.333333333136074890e-02
0.000000000000000000e+00 0.000000000000000000e+00 0.000000000000000000e+00
0.000000000000000000e+00 0.000000000000000000e+00 0.000000000000000000e+00
-1.333171064895515359e-02 -1.333286957477385591e-02 -2.652943809066101236e-02
-1.333333246633054345e-02 -2.652791102598034759e-02 -1.333329312061624049e-02
-1.333333333118092399e-02 0.000000000000000000e+00 0.000000000000000000e+00
-1.333332864525779704e-02 0.000000000000000000e+00 0.000000000000000000e+00
-9.150505378561002434e-01 -9.078568327417632089e-01 -9.122120289678206095e-01
-1.296510752400484190e+00 -1.302730735930492045e+00 -1.304106707297941758e+00
-1.329119064286462093e+00 -1.329043789092295480e+00 -1.329094900048717554e+00
-1.331871891719984768e+00 -1.331861980551199309e+00 -1.331875594879719849e+00
-1.332427373045720786e+00 -1.332425148843580098e+00 -1.332432478789743913e+00
-1.332608940694601340e+00 -1.332611134328353764e+00 -1.332607173707618831e+00
-1.332556027508887020e+00 -1.332552732147648022e+00 -1.332557761948438779e+00
-1.332599108129396637e+00 -1.332603615436398936e+00 -1.332600990534507313e+00
-1.332098823803426813e+00 -1.332096717412754927e+00 -1.332126412114579717e+00
-1.317186846880135098e+00 -1.315082693163184491e+00 -1.316112650530235406e+00
-8.719347606688138130e-01 -8.770651066008462449e-01 -8.699118034227648621e-01
-3.626064283312435688e-02 -3.724656004906749113e-02 -2.372655379714978807e-02
-2.653314997422859256e-02 -1.333333315208838458e-02 -2.653333282209000693e-02
-1.333333331207239326e-02 0.000000000000000000e+00 0.000000000000000000e+00
0.000000000000000000e+00 0.000000000000000000e+00 0.000000000000000000e+00
0.000000000000000000e+00 0.000000000000000000e+00 0.000000000000000000e+00
-1.333333333144529932e-02 -1.333333330493033549e-02 0.000000000000000000e+00
-1.333333333130053144e-02 0.000000000000000000e+00 0.000000000000000000e+00
-1.333329805356602005e-02 0.000000000000000000e+00 0.000000000000000000e+00
-2.653333270387756015e-02 -3.960133194792548467e-02 -2.653333331446976889e-02
-2.652619252166436847e-02 -1.333331343069500512e-02 -1.333333248050285087e-02
-1.008101478285041264e+00 -1.005835966307522700e+00 -1.006071721856079515e+00
-1.304624013785409709e+00 -1.306540564197115950e+00 -1.308825244737008342e+00
-1.330244571815538013e+00 -1.330305582449016644e+00 -1.330319944037755775e+00
-1.332450587129401898e+00 -1.332452714920298931e+00 -1.332454568980230070e+00
-1.332744666365067943e+00 -1.332743556897021842e+00 -1.332742040129264227e+00
-1.332832006228955146e+00 -1.332832267707734664e+00 -1.332832554411637727e+00
-1.332430547954346123e+00 -1.332436113263122612e+00 -1.332434967526930913e+00
-1.323635086399037375e+00 -1.323570351166054593e+00 -1.323410520276625979e+00
-1.167782679355410691e+00 -1.169697861951432216e+00 -1.168130042336613217e+00
-7.068248317787938217e-02 -6.886192695782081263e-02 -6.879189014663854296e-02
-1.333333294252632417e-02 0.000000000000000000e+00 0.000000000000000000e+00
-1.333333332726143600e-02 0.000000000000000000e+00 -1.332023485922041728e-02
-1.333330103995661146e-02 0.000000000000000000e+00 -1.333333203500237929e-02
0.000000000000000000e+00 0.000000000000000000e+00 0.000000000000000000e+00
0.000000000000000000e+00 0.000000000000000000e+00 0.000000000000000000e+00
-1.333333330602793319e-02 -1.333333083602036492e-02 0.000000000000000000e+00
-1.331845732623476025e-02 0.000000000000000000e+00 -1.333331203304980936e-02
-1.333333327340089323e-02 0.000000000000000000e+00 0.000000000000000000e+00
-2.653333330768847115e-02 -1.333333332969577345e-02 -1.333050851840135269e-02
-1.333333332672061861e-02 0.000000000000000000e+00 0.000000000000000000e+00
0.000000000000000000e+00 0.000000000000000000e+00 0.000000000000000000e+00
-9.767042599963414728e-01 -9.732615677191237546e-01 -9.746752486971949070e-01
-1.302469724681489138e+00 -1.306255535373675336e+00 -1.307615304307472526e+00
-1.330295013115643910e+00 -1.330398512815737178e+00 -1.330399531643026156e+00
-1.332517861369469037e+00 -1.332521931272109272e+00 -1.332518643081485266e+00
-1.332026194992669943e+00 -1.332002003585156968e+00 -1.332011213403772487e+00
-1.326642207910842641e+00 -1.326665659909550987e+00 -1.326533386649402235e+00
-1.257265543802766450e+00 -1.257016023382151904e+00 -1.256962156663761210e+00
-2.628725246857587794e-01 -2.580546468687611172e-01 -2.598669718344078228e-01
-3.643452093115777390e-02 -2.653333235830809128e-02 -2.480779321668727735e-02
-1.333333331943903528e-02 -1.333333333089760722e-02 -2.653331435458913812e-02
-2.653333271964562062e-02 -3.960087452597289143e-02 -3.960126329425473629e-02
-1.333328636923401464e-02 -1.333333273651192766e-02 -1.333333327702921310e-02
0.000000000000000000e+00 0.000000000000000000e+00 0.000000000000000000e+00
0.000000000000000000e+00 0.000000000000000000e+00 0.000000000000000000e+00
-1.333333300249767844e-02 -1.333333332150264498e-02 0.000000000000000000e+00
-1.333333333149919371e-02 -2.650156080275677464e-02 0.000000000000000000e+00
-1.333333331781303040e-02 0.000000000000000000e+00 0.000000000000000000e+00
-2.651145943093465018e-02 -2.653333315551589452e-02 -1.333333333112551866e-02
-2.653332962401312722e-02 -2.653333325934206788e-02 -2.653333330417106256e-02
-2.653300478744975016e-02 -2.653321305775817318e-02 -1.333333332219581273e-02
-1.333333332513543870e-02 0.000000000000000000e+00 0.000000000000000000e+00
-8.911185564784408486e-01 -8.875478849810330972e-01 -8.867483924136636553e-01
-1.302865352143026012e+00 -1.304132452126228303e+00 -1.303723982519476632e+00
-1.328163839670415625e+00 -1.328183913942728944e+00 -1.328160055544065132e+00
-1.323578274050402515e+00 -1.323708541954232043e+00 -1.322677686095997895e+00
-1.287794909989222747e+00 -1.287722758927248412e+00 -1.287247441214199650e+00
-7.264254761075026323e-01 -7.210889464936929283e-01 -7.167943856327656516e-01
-3.430785918265999435e-02 -4.061572548042713393e-02 -2.977556249999999821e-02
-1.333333313053441591e-02 -1.333333333191496009e-02 0.000000000000000000e+00
-1.333333333180801959e-02 0.000000000000000000e+00 0.000000000000000000e+00
-1.333249589054029405e-02 0.000000000000000000e+00 -1.333322879756769497e-02
-1.333333316536293271e-02 -1.333333333217999982e-02 0.000000000000000000e+00
0.000000000000000000e+00 0.000000000000000000e+00 0.000000000000000000e+00
0.000000000000000000e+00 0.000000000000000000e+00 0.000000000000000000e+00
0.000000000000000000e+00 0.000000000000000000e+00 0.000000000000000000e+00
-1.333070924928951920e-02 -1.333333332726216285e-02 -1.333333333271769471e-02
-1.333333218665676972e-02 -1.333333333088884860e-02 0.000000000000000000e+00
-3.960133254401432268e-02 -3.959176102513584788e-02 -3.960132613773889587e-02
-1.333317185756060369e-02 0.000000000000000000e+00 0.000000000000000000e+00
-1.333333314085634325e-02 -1.333333205707176727e-02 -1.333129826626770591e-02
-1.333187619177369360e-02 -1.333333332820598773e-02 -1.333325690238692032e-02
-2.653315870842667956e-02 -2.653280000776048891e-02 -1.333333314042824819e-02
-5.072600155975404146e-01 -5.108113771694728911e-01 -5.051591540049374940e-01
-1.197254574070204081e+00 -1.197221299501761482e+00 -1.197401398989534238e+00
-1.198497598078281934e+00 -1.197585857632636808e+00 -1.200229611861221901e+00
-1.020055930534766730e+00 -1.018732687753251875e+00 -1.018405645796902403e+00
-2.126913908720657331e-01 -2.226369624444169970e-01 -2.119420996623064268e-01
-1.333333331692457269e-02 -1.000000000000000021e-02 0.000000000000000000e+00
-1.333333333159996553e-02 -1.333333332937802068e-02 0.000000000000000000e+00
-2.653333127432851851e-02 -3.957240562226610470e-02 -2.634568466543394522e-02
-2.653333312548862566e-02 0.000000000000000000e+00 0.000000000000000000e+00
-1.333333332150443522e-02 -1.333070914407766261e-02 -2.649010479508668442e-02
0.000000000000000000e+00 0.000000000000000000e+00 0.000000000000000000e+00
0.000000000000000000e+00 0.000000000000000000e+00 0.000000000000000000e+00
0.000000000000000000e+00 0.000000000000000000e+00 0.000000000000000000e+00
-1.333333309616061869e-02 0.000000000000000000e+00 0.000000000000000000e+00
-1.305830588345268523e-02 -1.333333306189654274e-02 -1.333333332921818500e-02
-1.333308642489661883e-02 0.000000000000000000e+00 0.000000000000000000e+00
0.000000000000000000e+00 0.000000000000000000e+00 -1.333333332833302673e-02
-1.333326131240130524e-02 -1.333333332308597047e-02 -1.333333279708560914e-02
-1.333333333156693466e-02 0.000000000000000000e+00 0.000000000000000000e+00
-1.333296458351605415e-02 -1.333333333211518534e-02 -1.333333219475020537e-02
-1.333332955743874240e-02 0.000000000000000000e+00 -1.333333237787300007e-02
0.000000000000000000e+00 0.000000000000000000e+00 0.000000000000000000e+00
-1.333333322859257819e-02 0.000000000000000000e+00 0.000000000000000000e+00
-2.653333332966402447e-02 -1.333333332524577405e-02 0.000000000000000000e+00
-1.330463336023772827e-02 -1.333333327415810177e-02 -1.333333333029867313e-02
0.000000000000000000e+00 0.000000000000000000e+00 0.000000000000000000e+00
0.000000000000000000e+00 -1.333333198577813482e-02 0.000000000000000000e+00
0.000000000000000000e+00 0.000000000000000000e+00 0.000000000000000000e+00
0.000000000000000000e+00 0.000000000000000000e+00 0.000000000000000000e+00
-1.328966816479163100e-02 0.000000000000000000e+00 0.000000000000000000e+00
0.000000000000000000e+00 0.000000000000000000e+00 0.000000000000000000e+00
0.000000000000000000e+00 0.000000000000000000e+00 0.000000000000000000e+00
0.000000000000000000e+00 0.000000000000000000e+00 0.000000000000000000e+00
0.000000000000000000e+00 0.000000000000000000e+00 0.000000000000000000e+00
0.000000000000000000e+00 0.000000000000000000e+00 0.000000000000000000e+00
0.000000000000000000e+00 0.000000000000000000e+00 0.000000000000000000e+00
0.000000000000000000e+00 0.000000000000000000e+00 0.000000000000000000e+00
0.000000000000000000e+00 0.000000000000000000e+00 0.000000000000000000e+00
0.000000000000000000e+00 0.000000000000000000e+00 0.000000000000000000e+00
0.000000000000000000e+00 0.000000000000000000e+00 0.000000000000000000e+00
0.000000000000000000e+00 0.000000000000000000e+00 0.000000000000000000e+00
0.000000000000000000e+00 0.000000000000000000e+00 0.000000000000000000e+00
0.000000000000000000e+00 0.000000000000000000e+00 0.000000000000000000e+00
0.000000000000000000e+00 0.000000000000000000e+00 0.000000000000000000e+00
0.000000000000000000e+00 0.000000000000000000e+00 0.000000000000000000e+00
0.000000000000000000e+00 0.000000000000000000e+00 0.000000000000000000e+00
0.000000000000000000e+00 0.000000000000000000e+00 0.000000000000000000e+00
0.000000000000000000e+00 0.000000000000000000e+00 0.000000000000000000e+00
0.000000000000000000e+00 0.000000000000000000e+00 0.000000000000000000e+00
0.000000000000000000e+00 0.000000000000000000e+00 0.000000000000000000e+00
0.000000000000000000e+00 0.000000000000000000e+00 0.000000000000000000e+00
