0.000000000000000000e+00 0.000000000000000000e+00 0.000000000000000000e+00
-2.309999272844795115e+00 -1.399999660853070260e+00 -1.399999695492334384e+00
0.000000000000000000e+00 0.000000000000000000e+00 -1.399904673371583197e+00
-3.803602056852280366e+00 -3.802011035518880977e+00 -3.917032697025113031e+00
-3.999970933426148623e+00 -3.999972377091994602e+00 -3.999970355681113254e+00
-3.999981885573566487e+00 -3.999982219840066744e+00 -3.999983579672190093e+00
-3.999983377861402456e+00 -3.999984605961427686e+00 -3.999985356628434463e+00
-3.999985638819386402e+00 -3.999985521075582362e+00 -3.999985194515986997e+00
-3.999984931877260674e+00 -3.999985529896195491e+00 -3.999985368747349224e+00
-3.999985181159043890e+00 -3.999985985116375264e+00 -3.999985205489784423e+00
-3.999981323200576533e+00 -3.999983388219574998e+00 -3.999958177593827990e+00
-3.999976754442216453e+00 -3.999926027432998410e+00 -3.999975584949444940e+00
-3.999945524633959693e+00 -3.999956130603833593e+00 -3.999956030138620999e+00
-1.399985650635148904e+00 -1.399991736537817388e+00 -1.399999725329986955e+00
-1.399994714625264702e+00 -1.399999382610866094e+00 -1.399994959693084740e+00
-1.399999776443506594e+00 -1.399999958651900522e+00 0.000000000000000000e+00
-1.399997098313283672e+00 -1.399704455034947781e+00 -1.399999496842749602e+00
-1.399999654264695303e+00 -1.399999769448285747e+00 0.000000000000000000e+00
0.000000000000000000e+00 -1.399999783860081504e+00 0.000000000000000000e+00
0.000000000000000000e+00 0.000000000000000000e+00 0.000000000000000000e+00
0.000000000000000000e+00 0.000000000000000000e+00 0.000000000000000000e+00
-1.399999057138921366e+00 -1.399999698484689636e+00 0.000000000000000000e+00
0.000000000000000000e+00 -1.385188597747509798e+00 -1.111514079478616246e+00
-3.915946678719179452e+00 -3.999205624750592936e+00 -3.999568138381807358e+00
-3.999987007631276903e+00 -3.999984275132263178e+00 -3.999987593768896232e+00
-3.999989787885054771e+00 -3.999989145334415408e+00 -3.999991272580951218e+00
-3.999991736369856721e+00 -3.999989999052635525e+00 -3.999991742130457606e+00
-3.999989289962300631e+00 -3.999988569164293573e+00 -3.999989473324214284e+00
-3.999987614776502109e+00 -3.999987745221219804e+00 -3.999984376621152915e+00
-3.999981832820316274e+00 -3.999980336571347106e+00 -3.999978691135513298e+00
-3.999972186234807658e+00 -3.999974076322131200e+00 -3.999970439792324139e+00
-3.999960792948010990e+00 -3.999937120612060859e+00 -3.999960637805507258e+00
-3.999856278520935060e+00 -3.999928997588646951e+00 -3.999951018070706077e+00
-3.999931199622588363e+00 -3.999931822165672113e+00 -3.999793715182441645e+00
-2.306873353575538133e+00 -1.399889404512642432e+00 -2.279692975561832036e+00
-2.901499614900299839e+00 -1.399999939103349966e+00 -1.399999966060306633e+00
-1.395800216781439840e+00 0.000000000000000000e+00 0.000000000000000000e+00
-2.309985885385259952e+00 -2.309892254318266502e+00 -1.399999411638759073e+00
-2.309997729566600100e+00 -1.399998830590130527e+00 -1.399999775662926549e+00
0.000000000000000000e+00 0.000000000000000000e+00 0.000000000000000000e+00
0.000000000000000000e+00 0.000000000000000000e+00 0.000000000000000000e+00
-1.399999198005904111e+00 0.000000000000000000e+00 -1.399999796262817231e+00
-3.682184478608957257e+00 -3.346570915262146340e+00 -3.697492473477946184e+00
-3.968149217936418616e+00 -3.999765958403431743e+00 -3.999941531236132164e+00
-3.999990671348440330e+00 -3.999992310058096301e+00 -3.999992152197297646e+00
-3.999993246196207775e+00 -3.999993945271427265e+00 -3.999993393322942126e+00
-3.999993122608412222e+00 -3.999993240630592251e+00 -3.999993098575658212e+00
-3.999992560271394382e+00 -3.999990764938496923e+00 -3.999992231876881466e+00
-3.999990238481343496e+00 -3.999990295346408153e+00 -3.999987891114665572e+00
-3.999985473411704628e+00 -3.999985253327502210e+00 -3.999982412816176058e+00
-3.999971553811165759e+00 -3.999976233729283681e+00 -3.999977267893865207e+00
-3.999967233327871519e+00 -3.999965910150373283e+00 -3.999941131595802446e+00
-3.999938749779215819e+00 -3.999937956216369273e+00 -3.999850899072278754e+00
-3.999906344209386511e+00 -3.999785955424794093e+00 -3.999681791841205314e+00
-3.999857918528997303e+00 -3.999478006971132427e+00 -3.999633245720835895e+00
-3.280787387650148101e+00 -2.899955779198870154e+00 -3.279101510671350361e+00
-1.399944248835205629e+00 0.000000000000000000e+00 -1.399996809055791047e+00
-1.399998851168308134e+00 -1.399999726327621596e+00 0.000000000000000000e+00
-2.309999596724948479e+00 -1.399999595412360298e+00 -1.399999916801023092e+00
0.000000000000000000e+00 0.000000000000000000e+00 0.000000000000000000e+00
0.000000000000000000e+00 0.000000000000000000e+00 0.000000000000000000e+00
-1.399999830091741337e+00 0.000000000000000000e+00 0.000000000000000000e+00
-3.995370638061567448e+00 -3.824598345475783923e+00 -3.998310870988150079e+00
-3.998495825902231182e+00 -3.999899764414136971e+00 -3.999895395390677955e+00
-3.999995464832878156e+00 -3.999995500143974425e+00 -3.999995136456479639e+00
-3.999995179947088086e+00 -3.999994861537167434e+00 -3.999994931032538670e+00
-3.999995061492907844e+00 -3.999995362416489009e+00 -3.999995190033727166e+00
-3.999993549855484165e+00 -3.999993583564455779e+00 -3.999993395308212296e+00
-3.999990744950491006e+00 -3.999990790079797964e+00 -3.999989888440845132e+00
-3.999988645012087840e+00 -3.999987212808625792e+00 -3.999986459039044817e+00
-3.999981563224777492e+00 -3.999983914829170040e+00 -3.999984503868573071e+00
-3.999978568052955374e+00 -3.999979032208964558e+00 -3.999974969795585089e+00
-3.999935398753077909e+00 -3.999944322420167175e+00 -3.999824304953373044e+00
-3.999816903744739971e+00 -3.999908619104696861e+00 -3.999583042477950379e+00
-3.999424409478474995e+00 -3.998937539942299946e+00 -3.999858996029467484e+00
-3.998600530827868926e+00 -3.999360793262056735e+00 -3.999023533812645859e+00
-1.397679479600949959e+00 -1.399999234380790325e+00 0.000000000000000000e+00
-2.309942908366633851e+00 -1.399992165986167381e+00 -1.399999257210332804e+00
-2.309992227353772076e+00 -1.399999893737783552e+00 -1.399999981677509941e+00
0.000000000000000000e+00 0.000000000000000000e+00 0.000000000000000000e+00
0.000000000000000000e+00 0.000000000000000000e+00 0.000000000000000000e+00
-1.399985859639235830e+00 -1.399998741451063511e+00 0.000000000000000000e+00
-3.994157041187874402e+00 -3.999400727703996683e+00 -3.996595688291695314e+00
-3.999955565440080907e+00 -3.999961304245086779e+00 -3.999929530641834763e+00
-3.999996413923017080e+00 -3.999996362576579312e+00 -3.999996166732010749e+00
-3.999996776511833385e+00 -3.999997066237007459e+00 -3.999996628722321201e+00
-3.999997017899380669e+00 -3.999995989861406809e+00 -3.999997401212953996e+00
-3.999996261274273657e+00 -3.999996189872494501e+00 -3.999995290841344087e+00
-3.999993426603623892e+00 -3.999994671683681613e+00 -3.999994792266207799e+00
-3.999994763603291315e+00 -3.999994972761033107e+00 -3.999992134058381943e+00
-3.999995251239142569e+00 -3.999994533746567438e+00 -3.999989949871915140e+00
-3.999989987991109608e+00 -3.999988207448514466e+00 -3.999968655278876462e+00
-3.999987566360134750e+00 -3.999986159404516073e+00 -3.999959899433219057e+00
-3.999949834592115838e+00 -3.999953614221570586e+00 -3.999952120330330985e+00
-3.999749761018711158e+00 -3.999557782393518668e+00 -3.998948537110792234e+00
-3.999766141331957847e+00 -3.998926045974808385e+00 -3.998094953561923237e+00
-3.996755089247971515e+00 -3.999625014900018538e+00 -3.998314307141638047e+00
0.000000000000000000e+00 0.000000000000000000e+00 0.000000000000000000e+00
-1.399685403196923916e+00 -2.309998709069606804e+00 0.000000000000000000e+00
0.000000000000000000e+00 0.000000000000000000e+00 0.000000000000000000e+00
0.000000000000000000e+00 0.000000000000000000e+00 0.000000000000000000e+00
-1.399992890932781675e+00 -1.399998637571000071e+00 0.000000000000000000e+00
-3.995829341438699611e+00 -3.997303886922856986e+00 -3.996380183141248210e+00
-3.999930861270663218e+00 -3.999962690995467529e+00 -3.999936859528358202e+00
-3.999997338929169644e+00 -3.999997445882377711e+00 -3.999997441899982409e+00
-3.999997976890633300e+00 -3.999997640787016806e+00 -3.999997892937435129e+00
-3.999998507493999433e+00 -3.999998456171005135e+00 -3.999997762560328685e+00
-3.999998383147886027e+00 -3.999997112876095162e+00 -3.999998309926628082e+00
-3.999998660838680387e+00 -3.999998268669800350e+00 -3.999998560130100689e+00
-3.999998740806975484e+00 -3.999998552058768198e+00 -3.999998675836184070e+00
-3.999999210950752282e+00 -3.999998956664457594e+00 -3.999998747592257153e+00
-3.999998359374789647e+00 -3.999998232518293229e+00 -3.999997937518981583e+00
-3.999996892513623337e+00 -3.999996947454354856e+00 -3.999996657725303439e+00
-3.999975206801509753e+00 -3.999974109000920208e+00 -3.999959801466116183e+00
-3.999952374320641102e+00 -3.999958180765022853e+00 -3.999957156345129494e+00
-3.999696746339949982e+00 -3.997642464238239768e+00 -3.999794678813557880e+00
-3.999781627639384940e+00 -3.997216437560888735e+00 -3.997278261058105464e+00
-2.309996982874850335e+00 -2.288100732772133661e+00 -2.884313124323083510e+00
-1.399952225094126534e+00 -1.399999834529812359e+00 0.000000000000000000e+00
0.000000000000000000e+00 0.000000000000000000e+00 0.000000000000000000e+00
0.000000000000000000e+00 0.000000000000000000e+00 0.000000000000000000e+00
-1.399998634602538816e+00 -1.399999173664487007e+00 -1.356545517524404554e+00
-3.996568437747135327e+00 -3.999757680013984462e+00 -3.998152786691845595e+00
-3.999940940166494485e+00 -3.999941117135039637e+00 -3.999954378939116317e+00
-3.999991885651437151e+00 -3.999995930351602613e+00 -3.999994102959585796e+00
-3.999992748763602446e+00 -3.999998598850752263e+00 -3.999998392807687875e+00
-3.999999060824781516e+00 -3.999998701497015308e+00 -3.999998998035526387e+00
-3.999999246476855674e+00 -3.999999221122265691e+00 -3.999998626385675049e+00
-3.999998974968441701e+00 -3.999999391474382548e+00 -3.999999410688871659e+00
-3.999999836438457468e+00 -3.999999035442159290e+00 -3.999999838628113036e+00
-3.999999964992524415e+00 -3.999999988865376555e+00 -3.999999310595001134e+00
-3.999999901833010352e+00 -3.999999493888595659e+00 -3.999998474927377146e+00
-3.999997698127483847e+00 -3.999998420744362182e+00 -3.999997739358162274e+00
-3.999996567083889953e+00 -3.999996113492922500e+00 -3.999995563103872609e+00
-3.999977222421591261e+00 -3.999977983006532067e+00 -3.999970956867356708e+00
-3.999098459166750885e+00 -3.999737195556049230e+00 -3.999752945024370288e+00
-3.997714190822732050e+00 -3.997120355619449672e+00 -3.997470027341482712e+00
-3.993450483263811357e+00 -3.991084089448672323e+00 -3.991864589770403260e+00
-1.399834415197296789e+00 -1.399999403113939334e+00 0.000000000000000000e+00
0.000000000000000000e+00 0.000000000000000000e+00 0.000000000000000000e+00
0.000000000000000000e+00 0.000000000000000000e+00 0.000000000000000000e+00
-1.399998860002932055e+00 0.000000000000000000e+00 -2.309683684692251937e+00
-3.996644624863609607e+00 -3.996342790925455635e+00 -3.999250085665396082e+00
-3.999940530094128199e+00 -3.999938337849654690e+00 -3.999935928203520064e+00
-3.999964429308991765e+00 -3.999994822843341069e+00 -3.999992051580714136e+00
-3.999997166150089267e+00 -3.999998716616603556e+00 -3.999998548237176710e+00
-3.999999433692384976e+00 -3.999999309335867892e+00 -3.999999447919665219e+00
-3.999999428067545271e+00 -3.999999287885309673e+00 -3.999999532869237484e+00
-3.999999371453851094e+00 -3.999999744202068719e+00 -3.999999725575738907e+00
-3.999999795111293110e+00 -3.999999930707995865e+00 -3.999999916390067689e+00
-3.999999844579218422e+00 -3.999999931116732910e+00 -3.999999966944105534e+00
-3.999999656604526166e+00 -3.999999802235632451e+00 -3.999999470916818289e+00
-3.999999437933233981e+00 -3.999999601181388531e+00 -3.999998606137556756e+00
-3.999997791453854923e+00 -3.999998387057595028e+00 -3.999997456549848618e+00
-3.999984675631925057e+00 -3.999942809612387684e+00 -3.999965032151957978e+00
-3.999675934284277368e+00 -3.999714327901350508e+00 -3.998753542118894000e+00
-3.998863291667312581e+00 -3.997544314111090902e+00 -3.997728184445550781e+00
-3.997127242278525561e+00 -3.974052014367312591e+00 -3.992657458455382447e+00
-2.307693072331336026e+00 -1.399987108273742731e+00 0.000000000000000000e+00
0.000000000000000000e+00 0.000000000000000000e+00 0.000000000000000000e+00
0.000000000000000000e+00 0.000000000000000000e+00 0.000000000000000000e+00
-1.399999867428079359e+00 -1.399999970547433970e+00 0.000000000000000000e+00
-3.996843585565432733e+00 -3.997254411105592098e+00 -3.998325788324619268e+00
-3.998240181290132700e+00 -3.999853624723577639e+00 -3.999862996927947556e+00
-3.999934684892268777e+00 -3.999983761281591832e+00 -3.999990730351157708e+00
-3.999989422707940445e+00 -3.999996917861198931e+00 -3.999992077356443687e+00
-3.999999470114139921e+00 -3.999999471626038527e+00 -3.999999498325429226e+00
-3.999999609532522094e+00 -3.999999548560539075e+00 -3.999999605718820739e+00
-3.999999734044768829e+00 -3.999999746419030888e+00 -3.999999664925044662e+00
-3.999999792712236157e+00 -3.999999884601483036e+00 -3.999999891033588550e+00
-3.999999876821359823e+00 -3.999999922631393368e+00 -3.999999918769634899e+00
-3.999999890579394091e+00 -3.999999885380411957e+00 -3.999999960839645041e+00
-3.999999841598738115e+00 -3.999999428501366250e+00 -3.999999659507959215e+00
-3.999998888486636428e+00 -3.999999047360660587e+00 -3.999998731669375918e+00
-3.999965643638111690e+00 -3.999935398883298632e+00 -3.999955963077193033e+00
-3.999880851255559921e+00 -3.999884504307946287e+00 -3.998824466533402955e+00
-3.997736456427166019e+00 -3.998077334767267121e+00 -3.997652907675948164e+00
-3.997285614241224749e+00 -3.995718241221188904e+00 -3.978495651018383317e+00
-1.399997837224030928e+00 -1.397807219287053870e+00 0.000000000000000000e+00
-1.399999411141543471e+00 0.000000000000000000e+00 0.000000000000000000e+00
0.000000000000000000e+00 0.000000000000000000e+00 0.000000000000000000e+00
-1.399998075043776158e+00 -1.399999776332201407e+00 0.000000000000000000e+00
-3.995982303505390743e+00 -3.995422510722713927e+00 -3.994700581315786536e+00
-3.998655987112146981e+00 -3.999675585905596797e+00 -3.999420793838646127e+00
-3.999801548044119137e+00 -3.999868686066744061e+00 -3.999854434915790513e+00
-3.999933624935321674e+00 -3.999963434915081884e+00 -3.999971027521458833e+00
-3.999970409851476116e+00 -3.999990621195896434e+00 -3.999981259522402244e+00
-3.999996792002674439e+00 -3.999995475089530572e+00 -3.999996070238065915e+00
-3.999996020070531788e+00 -3.999996492299986883e+00 -3.999997201741391617e+00
-3.999996637059459736e+00 -3.999997195294673347e+00 -3.999998222901202105e+00
-3.999997602083944503e+00 -3.999999827942271047e+00 -3.999999842176042542e+00
-3.999999153966568688e+00 -3.999998737442968189e+00 -3.999999569907664032e+00
-3.999999617773015270e+00 -3.999999170594916720e+00 -3.999999568107892589e+00
-3.999998301247600807e+00 -3.999998297113291912e+00 -3.999996421481510023e+00
-3.999932156113598314e+00 -3.999892908375197287e+00 -3.999797224780536897e+00
-3.999865041205308280e+00 -3.999862769882072122e+00 -3.998433292272488337e+00
-3.997372464282100246e+00 -3.998884734735366653e+00 -3.997492396975950602e+00
-3.981660205935241503e+00 -3.996221337980137456e+00 -3.813242435945809472e+00
-1.231597465763946353e+00 -2.309998139582146504e+00 -2.309567804462259843e+00
0.000000000000000000e+00 0.000000000000000000e+00 0.000000000000000000e+00
0.000000000000000000e+00 0.000000000000000000e+00 0.000000000000000000e+00
-1.399999690043721934e+00 -1.399999923952232939e+00 -1.399999256894723709e+00
-1.399999972799189862e+00 -1.399999977022086117e+00 0.000000000000000000e+00
-3.999568546597537466e+00 -3.999694419726135486e+00 -3.999532645670508924e+00
-3.999754970278677213e+00 -3.999556060195867513e+00 -3.999734325009571823e+00
-3.999895498185339626e+00 -3.999844030567256681e+00 -3.999898247602385659e+00
-3.999959204286941628e+00 -3.999962137831859721e+00 -3.999962659549098021e+00
-3.999970705984325026e+00 -3.999982863972545211e+00 -3.999979162413419775e+00
-3.999987097200806030e+00 -3.999992499946583902e+00 -3.999993311642555227e+00
-3.999996055499923653e+00 -3.999996799205043363e+00 -3.999994610333826195e+00
-3.999996173459481330e+00 -3.999997971440229172e+00 -3.999997384449182292e+00
-3.999997679490931546e+00 -3.999998825893991139e+00 -3.999998305103571461e+00
-3.999996972304394660e+00 -3.999999603337656584e+00 -3.999998966304972203e+00
-3.999993877048262370e+00 -3.999997136544229726e+00 -3.999995742777018304e+00
-3.999989720813027283e+00 -3.999989712959909571e+00 -3.999712241842980465e+00
-3.997875346975808153e+00 -3.999766860777846489e+00 -3.997954868005008322e+00
-3.997280931575603269e+00 -3.997932617464621252e+00 -3.995452520387019479e+00
-3.983820612212770840e+00 -3.979297994143575767e+00 -3.569168458427749879e+00
-1.399999912778874478e+00 -1.399999978836047765e+00 -1.399999372234748796e+00
0.000000000000000000e+00 0.000000000000000000e+00 0.000000000000000000e+00
0.000000000000000000e+00 0.000000000000000000e+00 0.000000000000000000e+00
-1.399999569785632003e+00 0.000000000000000000e+00 -1.399999465582343339e+00
-1.399989371996341214e+00 0.000000000000000000e+00 -2.309654809643592710e+00
-3.976426853396803018e+00 -3.965458886804594574e+00 -3.971484163629474207e+00
-3.999679230929294338e+00 -3.999761864198358996e+00 -3.999763822288158188e+00
-3.999822099281333809e+00 -3.999842562223015818e+00 -3.999850087169920076e+00
-3.999915648958976444e+00 -3.999884040181991285e+00 -3.999904835354086252e+00
-3.999940724245417911e+00 -3.999966622521595738e+00 -3.999957901010455341e+00
-3.999978897004765610e+00 -3.999965001521990526e+00 -3.999982518975340628e+00
-3.999988175694712211e+00 -3.999990412050351551e+00 -3.999989076182076442e+00
-3.999992408989772485e+00 -3.999991013306013254e+00 -3.999992737374454155e+00
-3.999994228739181423e+00 -3.999995346409216612e+00 -3.999997356692625683e+00
-3.999995237240274282e+00 -3.999996500606340710e+00 -3.999997573184336908e+00
-3.999972010568764169e+00 -3.999995686406943918e+00 -3.999989653433785097e+00
-3.999449115626407814e+00 -3.998089600109433039e+00 -3.999432737189279496e+00
-3.997363093661426614e+00 -3.997443548158774451e+00 -3.997041150280137511e+00
-3.997286970800794759e+00 -3.990404877427832009e+00 -3.992453760735005908e+00
-2.848617914026925213e+00 -2.853469505777892046e+00 -2.272582988758867106e+00
0.000000000000000000e+00 -1.399992220216037309e+00 -1.399996196526203995e+00
0.000000000000000000e+00 0.000000000000000000e+00 0.000000000000000000e+00
0.000000000000000000e+00 0.000000000000000000e+00 0.000000000000000000e+00
0.000000000000000000e+00 0.000000000000000000e+00 0.000000000000000000e+00
-2.309997854467243261e+00 -1.399999979879587908e+00 0.000000000000000000e+00
-2.309991196562225735e+00 0.000000000000000000e+00 0.000000000000000000e+00
-3.997502911130446090e+00 -3.999240103731740881e+00 -3.999278381000663352e+00
-3.999790150139764133e+00 -3.998068219664777878e+00 -3.999793149805714876e+00
-3.999877289283422677e+00 -3.999877647771126199e+00 -3.999886656696425291e+00
-3.999936459725982996e+00 -3.999922530864994830e+00 -3.999934506857480976e+00
-3.999964626688046643e+00 -3.999964637093846420e+00 -3.999975558839753642e+00
-3.999984174388067082e+00 -3.999977532950749648e+00 -3.999984932370625579e+00
-3.999987150489650478e+00 -3.999991085524808643e+00 -3.999989416476785742e+00
-3.999990565238167761e+00 -3.999992163522795074e+00 -3.999991316931243102e+00
-3.999992124605793453e+00 -3.999992298966473125e+00 -3.999992450162255686e+00
-3.999977459849749728e+00 -3.999727299721772766e+00 -3.999935862662004293e+00
-3.998601115892178814e+00 -3.998681179679222542e+00 -3.997909638945964073e+00
-3.997424500199954434e+00 -3.997458147498177627e+00 -3.995525377940384981e+00
-3.994561118018342682e+00 -3.939139538692313813e+00 -3.960468114984906585e+00
-1.399965327068355414e+00 -1.399999965686198999e+00 -1.399999953702699473e+00
-1.399999995586568957e+00 -1.399884652918144345e+00 0.000000000000000000e+00
0.000000000000000000e+00 0.000000000000000000e+00 0.000000000000000000e+00
0.000000000000000000e+00 0.000000000000000000e+00 0.000000000000000000e+00
-1.399999747688219109e+00 0.000000000000000000e+00 0.000000000000000000e+00
-2.309973837624419435e+00 -2.309969056453226699e+00 -2.309988651851962782e+00
-1.399950828805971881e+00 -1.399999602892830985e+00 0.000000000000000000e+00
-2.309728289882644781e+00 -1.399994822623670032e+00 -2.309999371399460877e+00
-3.999660900326849955e+00 -3.999740826157825335e+00 -3.999116062081937262e+00
-3.999633940813414501e+00 -3.999418699765236784e+00 -3.999728569774362974e+00
-3.999840453984217614e+00 -3.999861422638259612e+00 -3.999819025002926853e+00
-3.999939947892536818e+00 -3.999928760049324517e+00 -3.999921196454635730e+00
-3.999955376014840081e+00 -3.999954280963350151e+00 -3.999938427183232559e+00
-3.999967273358367326e+00 -3.999960620643244091e+00 -3.999967852144775460e+00
-3.999974047210786754e+00 -3.999977253309717540e+00 -3.999981609573702190e+00
-3.999983194300902323e+00 -3.999986439233394808e+00 -3.999985931619880475e+00
-3.999970161059339446e+00 -3.999570269902085418e+00 -3.999720551474305275e+00
-3.998149994736893920e+00 -3.991237907067879398e+00 -3.997868560494557411e+00
-3.989743923321167340e+00 -3.993850562188872022e+00 -3.992713332215401589e+00
-3.357471719228532159e+00 -3.490324643498288193e+00 -3.490093055458014515e+00
-1.394388173804937958e+00 -1.399933481411052894e+00 -1.399998932735293522e+00
-2.309941729654988229e+00 -1.399988708981832142e+00 -1.399995168389648326e+00
0.000000000000000000e+00 0.000000000000000000e+00 0.000000000000000000e+00
0.000000000000000000e+00 0.000000000000000000e+00 0.000000000000000000e+00
-1.399997565912033837e+00 -1.399998994857408974e+00 0.000000000000000000e+00
-1.399992012541521280e+00 -2.309999150930580392e+00 0.000000000000000000e+00
-1.399958001061071711e+00 0.000000000000000000e+00 -1.399988717348619849e+00
-1.399999830475987750e+00 -1.399907371588735794e+00 -1.399999802818666872e+00
-2.309996312813865416e+00 -1.399999585608203700e+00 -2.309991303628623704e+00
-3.999543132708158755e+00 -3.999873801940946105e+00 -3.999866643553680934e+00
-3.999657628204835724e+00 -3.999778803856351317e+00 -3.999757485956659142e+00
-3.999752481316590114e+00 -3.999871560159197870e+00 -3.999870262407025923e+00
-3.999951723823516936e+00 -3.999882387392687200e+00 -3.999938281930225159e+00
-3.999954554541635954e+00 -3.999969469705153546e+00 -3.999959286424972671e+00
-3.999977619692842712e+00 -3.999977649881204300e+00 -3.999972549872436556e+00
-3.999977208341495505e+00 -3.999976147829583439e+00 -3.999971161974551048e+00
-3.999757703359335004e+00 -3.999432058780262089e+00 -3.999587342731532047e+00
-3.994777049327050022e+00 -3.992908984173468401e+00 -3.983317210595183955e+00
-3.926830310109948208e+00 -3.907491589591177039e+00 -3.900171898786295444e+00
-1.399954162133921542e+00 -1.399991893973548951e+00 0.000000000000000000e+00
-1.399297020375118494e+00 -1.397371613534605705e+00 -1.399986755196201305e+00
-2.309864046474996879e+00 -1.399989649204274933e+00 -1.399992355213525386e+00
0.000000000000000000e+00 0.000000000000000000e+00 0.000000000000000000e+00
0.000000000000000000e+00 0.000000000000000000e+00 0.000000000000000000e+00
-2.309991479382595081e+00 -2.309544488513191496e+00 -1.399999384706386962e+00
-1.399999963915444345e+00 0.000000000000000000e+00 -1.399999135436340136e+00
-1.399990429221757093e+00 -1.399999188918306769e+00 0.000000000000000000e+00
0.000000000000000000e+00 0.000000000000000000e+00 0.000000000000000000e+00
-2.901497595196493862e+00 -1.399998725892692919e+00 -1.399998926332307381e+00
-2.305779909663348448e+00 0.000000000000000000e+00 -1.397818494442953030e+00
-3.999893774432381477e+00 -3.999741668007490869e+00 -3.999921939836388773e+00
-3.999827138913818025e+00 -3.999918673746505338e+00 -3.999919857809001389e+00
-3.999928662804657975e+00 -3.999960022764605494e+00 -3.999953914467558658e+00
-3.999964146023981204e+00 -3.999977814988020963e+00 -3.999977062249627124e+00
-3.999971305380162878e+00 -3.999984740275158934e+00 -3.999979990053987855e+00
-3.999961917159069902e+00 -3.999966512282935760e+00 -3.999960579079666623e+00
-3.999397594068014872e+00 -3.999205556968679076e+00 -3.999156704865900469e+00
-3.949081378990354274e+00 -3.940761977355820012e+00 -3.854089179774623730e+00
-3.545910390760547592e+00 -3.095495218628534051e+00 -3.162492744892127838e+00
-1.399997943316576343e+00 -2.309997465950401452e+00 -1.399999509988882007e+00
-2.901223439606024357e+00 -2.309999011463719221e+00 -2.309999458856935028e+00
-2.309999683182605956e+00 -1.399998900127998436e+00 -1.399999580853237724e+00
0.000000000000000000e+00 0.000000000000000000e+00 0.000000000000000000e+00
0.000000000000000000e+00 0.000000000000000000e+00 0.000000000000000000e+00
-1.399999499270174530e+00 0.000000000000000000e+00 -1.399413556715864759e+00
-1.399998847419188452e+00 -1.399992657313548605e+00 0.000000000000000000e+00
0.000000000000000000e+00 0.000000000000000000e+00 0.000000000000000000e+00
-2.309999397686000933e+00 -1.399999760198450849e+00 -2.309108998582347638e+00
-1.399996396829065848e+00 -2.309998522939266774e+00 -1.399999977833523257e+00
-1.399996136251656198e+00 0.000000000000000000e+00 -1.399998697887632204e+00
-2.307262214208911644e+00 -1.399998981513178364e+00 0.000000000000000000e+00
-3.999966588875016882e+00 -3.999940310716025405e+00 -3.999967421293438630e+00
-3.999978142575398188e+00 -3.999984198681727499e+00 -3.999984331377339331e+00
-3.999972227894080135e+00 -3.999984199144059893e+00 -3.999984112629522581e+00
-3.999952063913204459e+00 -3.999952120892957375e+00 -3.999931002014371906e+00
-3.999912567072922975e+00 -3.999915410209589073e+00 -3.999913947884926824e+00
-3.998511119438155514e+00 -3.995925558116441234e+00 -3.994497473756140060e+00
-3.726567197857274305e+00 -3.797003553251645513e+00 -3.696389458746761836e+00
-1.399999816920277196e+00 -1.399998636713961631e+00 -1.938563605760748931e+00
-2.309988103753489064e+00 -2.284833733816001633e+00 -2.309998883279154924e+00
-1.399999970444828712e+00 -1.399999645828354344e+00 -3.283750853375954293e+00
0.000000000000000000e+00 0.000000000000000000e+00 0.000000000000000000e+00
0.000000000000000000e+00 0.000000000000000000e+00 0.000000000000000000e+00
0.000000000000000000e+00 0.000000000000000000e+00 0.000000000000000000e+00
-1.399995739085313273e+00 -1.399998765535663381e+00 0.000000000000000000e+00
-3.499999999999999778e-01 -1.399813341458739702e+00 0.000000000000000000e+00
-1.399999288378011242e+00 -1.399999702795599266e+00 -1.399999834362760431e+00
-1.399993533002761747e+00 -1.386484549533034016e+00 0.000000000000000000e+00
-2.309419772281516181e+00 -1.399999532122288226e+00 -2.309998546677640263e+00
-2.309996472041233595e+00 -2.309998021797211809e+00 -1.399999725025685482e+00
-2.901369878206096153e+00 -1.385053555735132447e+00 -1.399999890982922768e+00
-1.399999462520931770e+00 -2.309999419054157510e+00 -1.399999851258467487e+00
-3.999898316014374622e+00 -3.999916966403316732e+00 -3.999883734516967770e+00
-3.999921131208693303e+00 -3.999942799353832346e+00 -3.999940718312024135e+00
-3.999896835140052787e+00 -3.999893393362632388e+00 -3.999897214342096774e+00
-3.999761919407142763e+00 -3.999784892297611361e+00 -3.999763207819091004e+00
-3.991233009287733946e+00 -3.991441575007712572e+00 -3.991014314258802820e+00
-3.461428985079880061e+00 -3.411393833945235876e+00 -3.461907128055668359e+00
-7.268738288422024185e-01 0.000000000000000000e+00 0.000000000000000000e+00
-1.399999169717816239e+00 -1.399999749171507046e+00 0.000000000000000000e+00
-1.399989616386806190e+00 -1.399999932993998719e+00 -1.399999913199541313e+00
-2.309958029682841918e+00 -1.399964937171664037e+00 -1.399999772790097241e+00
0.000000000000000000e+00 0.000000000000000000e+00 0.000000000000000000e+00
0.000000000000000000e+00 0.000000000000000000e+00 0.000000000000000000e+00
-1.399999491458828071e+00 0.000000000000000000e+00 0.000000000000000000e+00
-1.399997389174833851e+00 -2.309999372588687816e+00 -1.399999974379712242e+00
-1.399981547182512998e+00 0.000000000000000000e+00 0.000000000000000000e+00
-1.399996239916387886e+00 -1.399999995886436643e+00 0.000000000000000000e+00
-1.399974787939349596e+00 0.000000000000000000e+00 0.000000000000000000e+00
-1.399999834171509638e+00 -1.399999958303170589e+00 0.000000000000000000e+00
-1.399999745652474203e+00 -1.376663008221392204e+00 0.000000000000000000e+00
0.000000000000000000e+00 0.000000000000000000e+00 0.000000000000000000e+00
-1.399999988535304940e+00 -1.399969185639533986e+00 0.000000000000000000e+00
0.000000000000000000e+00 0.000000000000000000e+00 0.000000000000000000e+00
-1.399945085952040813e+00 0.000000000000000000e+00 0.000000000000000000e+00
-2.309992210122930434e+00 -1.399999790376007969e+00 0.000000000000000000e+00
-1.399999582380065055e+00 0.000000000000000000e+00 -1.397679380610723276e+00
0.000000000000000000e+00 -2.309973967891655100e+00 0.000000000000000000e+00
-1.399999272393936067e+00 0.000000000000000000e+00 -1.399947904580805202e+00
0.000000000000000000e+00 0.000000000000000000e+00 0.000000000000000000e+00
-1.399999054662867781e+00 -1.399296848801134807e+00 -1.399998860436400872e+00
-1.399997780736018660e+00 -1.399960364645097322e+00 -1.399999882697435805e+00
0.000000000000000000e+00 0.000000000000000000e+00 0.000000000000000000e+00
0.000000000000000000e+00 0.000000000000000000e+00 0.000000000000000000e+00
0.000000000000000000e+00 0.000000000000000000e+00 0.000000000000000000e+00
0.000000000000000000e+00 0.000000000000000000e+00 0.000000000000000000e+00
0.000000000000000000e+00 0.000000000000000000e+00 0.000000000000000000e+00
0.000000000000000000e+00 0.000000000000000000e+00 0.000000000000000000e+00
0.000000000000000000e+00 0.000000000000000000e+00 0.000000000000000000e+00
0.000000000000000000e+00 0.000000000000000000e+00 0.000000000000000000e+00
0.000000000000000000e+00 0.000000000000000000e+00 0.000000000000000000e+00
0.000000000000000000e+00 0.000000000000000000e+00 0.000000000000000000e+00
0.000000000000000000e+00 0.000000000000000000e+00 0.000000000000000000e+00
0.000000000000000000e+00 0.000000000000000000e+00 0.000000000000000000e+00
0.000000000000000000e+00 0.000000000000000000e+00 0.000000000000000000e+00
0.000000000000000000e+00 0.000000000000000000e+00 0.000000000000000000e+00
0.000000000000000000e+00 0.000000000000000000e+00 0.000000000000000000e+00
0.000000000000000000e+00 0.000000000000000000e+00 0.000000000000000000e+00
0.000000000000000000e+00 0.000000000000000000e+00 0.000000000000000000e+00
0.000000000000000000e+00 0.000000000000000000e+00 0.000000000000000000e+00
0.000000000000000000e+00 0.000000000000000000e+00 0.000000000000000000e+00
0.000000000000000000e+00 0.000000000000000000e+00 0.000000000000000000e+00
0.000000000000000000e+00 0.000000000000000000e+00 0.000000000000000000e+00
