0.000000000000000000e+00 0.000000000000000000e+00 0.000000000000000000e+00
-9.071806432777526630e-02 -9.270515892545798387e-02 -4.766118492367233533e-02
0.000000000000000000e+00 0.000000000000000000e+00 0.000000000000000000e+00
0.000000000000000000e+00 -9.397420952050375420e-02 -7.704086857385267217e-02
-2.954796669355209016e+00 -2.973880701962463124e+00 -2.954540119972747014e+00
-5.788244475682149393e+00 -5.810213105670110068e+00 -5.804628866091046113e+00
-5.886190490978752798e+00 -5.879902169334231488e+00 -5.882577620774953608e+00
-5.321256623121140450e+00 -5.333361227130225757e+00 -5.320279606970599318e+00
-5.470803703746256019e+00 -5.456130924311387353e+00 -5.479482928156482302e+00
-6.159712792066180498e+00 -6.153385076837203371e+00 -6.141046257778994821e+00
-7.826905027047869723e+00 -7.825454490795068274e+00 -7.828854425520457738e+00
-7.594828038692486238e+00 -7.590756570149962634e+00 -7.578318386156838393e+00
-6.101995525985699942e+00 -6.090673265717867046e+00 -6.098422177543061373e+00
-6.618234381040768999e-02 0.000000000000000000e+00 0.000000000000000000e+00
-9.208038632626491804e-02 -8.116155615207247542e-02 0.000000000000000000e+00
0.000000000000000000e+00 0.000000000000000000e+00 0.000000000000000000e+00
0.000000000000000000e+00 -8.367302357093009402e-02 0.000000000000000000e+00
0.000000000000000000e+00 -6.337204451444708453e-02 0.000000000000000000e+00
0.000000000000000000e+00 0.000000000000000000e+00 0.000000000000000000e+00
0.000000000000000000e+00 0.000000000000000000e+00 0.000000000000000000e+00
0.000000000000000000e+00 0.000000000000000000e+00 0.000000000000000000e+00
0.000000000000000000e+00 0.000000000000000000e+00 -9.217638406528587403e-02
-5.842636467540788386e-02 -8.551358162034475296e-02 -9.019216307501619345e-02
-5.734235978090632679e-01 -5.612187198042351000e-01 -5.575249005954970860e-01
-3.826723631286446103e+00 -3.815265426658203562e+00 -3.831593534002948775e+00
-5.230824175190795344e+00 -5.229410053096612998e+00 -5.222190724596651457e+00
-5.501666613028743491e+00 -5.508454498583713388e+00 -5.503283348478455572e+00
-5.960904903667553434e+00 -5.963316949002548384e+00 -5.958651685588320923e+00
-6.436264994482789881e+00 -6.442936966516717767e+00 -6.441033935311127223e+00
-6.850010966352055419e+00 -6.850500528577667225e+00 -6.854748608808341359e+00
-7.103974660061407320e+00 -7.108447218914546006e+00 -7.104730410245532646e+00
-7.336081560476674035e+00 -7.335625565887824884e+00 -7.343552240217997351e+00
-7.652137465200797628e+00 -7.656549159327349585e+00 -7.654038414245785127e+00
-7.295848245217276151e+00 -7.294591491837590702e+00 -7.295869325816370932e+00
-9.590929198682264512e-02 -1.786228873828162866e-01 0.000000000000000000e+00
-9.630292354342176453e-02 -8.823187399342177772e-02 -3.583083222858251399e-02
-7.688290324782035001e-02 0.000000000000000000e+00 -5.317617533150716114e-02
0.000000000000000000e+00 -5.932950644105717403e-02 -8.143380289395529825e-02
0.000000000000000000e+00 0.000000000000000000e+00 -9.000602347461525432e-02
0.000000000000000000e+00 -8.680333442488295803e-02 0.000000000000000000e+00
0.000000000000000000e+00 0.000000000000000000e+00 0.000000000000000000e+00
-4.748245642255520538e-02 -8.749988573961670069e-02 0.000000000000000000e+00
-4.502462913316891691e-02 -8.347849798253113851e-02 -1.105903704340098354e-01
-2.275723297314461213e+00 -2.287406016033521006e+00 -2.300453597725406141e+00
-4.347619762129393273e+00 -4.351277400255395555e+00 -4.347909318450809302e+00
-5.363000109229482781e+00 -5.372593126009680198e+00 -5.380867845013555417e+00
-6.204953098265033162e+00 -6.211857831215261250e+00 -6.211873845011607109e+00
-6.788069424582645617e+00 -6.792395373368370848e+00 -6.791184548114602926e+00
-7.214450965881174405e+00 -7.214009667183601593e+00 -7.217003903514360275e+00
-7.364315952887634076e+00 -7.364794088735053812e+00 -7.366280104736010692e+00
-7.397461682081056367e+00 -7.400632828995637347e+00 -7.398393709208399116e+00
-7.354951650790634510e+00 -7.354479538793374793e+00 -7.353246947897683405e+00
-7.264966481899166162e+00 -7.269772549444498466e+00 -7.267367337680696870e+00
-7.261757711563589623e+00 -7.260574879536099147e+00 -7.259995678795164054e+00
-7.029841343392335240e+00 -7.030361089277649356e+00 -7.030940748114451466e+00
-7.305105292092371749e-02 -8.817840613438679420e-02 -9.554104219432460465e-02
-8.214347149125164615e-02 -8.144903339095314887e-02 -8.916075917029082920e-02
-8.791980993243932174e-02 -8.845115431114630722e-02 -1.692591958544665265e-01
-8.978985493386082428e-02 -9.381305227758862664e-02 0.000000000000000000e+00
0.000000000000000000e+00 0.000000000000000000e+00 0.000000000000000000e+00
0.000000000000000000e+00 0.000000000000000000e+00 0.000000000000000000e+00
0.000000000000000000e+00 0.000000000000000000e+00 0.000000000000000000e+00
-4.843745776994359820e-01 -4.958051833491899929e-01 -4.831140315222267612e-01
-3.577673970636964018e+00 -3.578249905950501297e+00 -3.588045762009497874e+00
-4.900401840504819972e+00 -4.910976986392824095e+00 -4.905933189033499175e+00
-6.098629224774867907e+00 -6.086994877507920343e+00 -6.096336074915603476e+00
-6.930537808008114808e+00 -6.932284867339983059e+00 -6.929306546666188282e+00
-7.404903466042764393e+00 -7.406845933077288890e+00 -7.403467001786812496e+00
-7.721901890853312800e+00 -7.723748652209907917e+00 -7.723951527888520907e+00
-7.859312832752665123e+00 -7.859620265325558464e+00 -7.857842809469627987e+00
-7.876245764462819210e+00 -7.876742026398908081e+00 -7.877540493551827616e+00
-7.745551875469256942e+00 -7.748468918945198070e+00 -7.742823390780056769e+00
-7.526185020284784422e+00 -7.531125693388891484e+00 -7.528185291790479461e+00
-7.230609758341391746e+00 -7.230456406589106599e+00 -7.229902702552784888e+00
-6.943249503775295928e+00 -6.937692975701764908e+00 -6.941029386999938211e+00
-6.514278829636753088e+00 -6.513583396095338429e+00 -6.513191280871688527e+00
-8.916394917948089471e-02 0.000000000000000000e+00 0.000000000000000000e+00
-1.599626751223294230e-01 -2.325190811216163722e-01 -1.662887177596311106e-01
0.000000000000000000e+00 0.000000000000000000e+00 0.000000000000000000e+00
0.000000000000000000e+00 0.000000000000000000e+00 0.000000000000000000e+00
0.000000000000000000e+00 0.000000000000000000e+00 0.000000000000000000e+00
-8.936140164359293592e-02 -9.792831979827597289e-02 -9.394308312853413834e-02
-1.697185257145698456e+00 -1.689314726533293731e+00 -1.691361995981928823e+00
-4.177141236280720094e+00 -4.192121170079627923e+00 -4.180475819791260150e+00
-5.509716785774028125e+00 -5.517663301244317253e+00 -5.522794224822230369e+00
-6.709688646574814896e+00 -6.709335267125076996e+00 -6.707807986659689803e+00
-7.422551648336369823e+00 -7.422430008114116795e+00 -7.419621293344602186e+00
-7.924589214517541613e+00 -7.926700594391628663e+00 -7.926936018969961140e+00
-8.175612329849069937e+00 -8.181115944228402270e+00 -8.179159635337001077e+00
-8.344982786729557844e+00 -8.344655958744334967e+00 -8.345437503721152339e+00
-8.344927404711183883e+00 -8.344332313634311049e+00 -8.344810689103821844e+00
-8.209549567834461214e+00 -8.202374451508008590e+00 -8.203664730347503209e+00
-7.905998645127791491e+00 -7.904450493865875060e+00 -7.906096261689438798e+00
-7.544282722106738781e+00 -7.540940157532856070e+00 -7.541377152243578408e+00
-7.037865494945201306e+00 -7.033659179045208987e+00 -7.034249606636798546e+00
-6.452018411912485263e+00 -6.419536401247423640e+00 -6.362875164571801356e+00
-4.592232413484462761e+00 -4.616853362975448682e+00 -4.592792402129535212e+00
-1.671243997172546514e-01 -7.497935863372087728e-02 -9.218006962171179652e-02
0.000000000000000000e+00 0.000000000000000000e+00 0.000000000000000000e+00
0.000000000000000000e+00 0.000000000000000000e+00 0.000000000000000000e+00
0.000000000000000000e+00 0.000000000000000000e+00 0.000000000000000000e+00
-1.071496758237470981e-02 -9.629970518545956371e-02 0.000000000000000000e+00
-2.481563551006086055e+00 -2.496076556125248036e+00 -2.518695479794631265e+00
-4.668095906340782975e+00 -4.673104350589291300e+00 -4.677168872935189903e+00
-6.027201689990032918e+00 -6.038012045526547134e+00 -6.030831102541363897e+00
-7.088827695863707312e+00 -7.087741884417726901e+00 -7.093306344818318898e+00
-7.795671096219380480e+00 -7.795825485415123879e+00 -7.801318217982291081e+00
-8.254617694444263520e+00 -8.266339034695169730e+00 -8.256759197674103490e+00
-8.723710582804148572e+00 -8.718429280385901592e+00 -8.723262572195205067e+00
-8.819303808011577317e+00 -8.819163142977888725e+00 -8.820640812186429258e+00
-8.765929994123798252e+00 -8.768210073659249204e+00 -8.765753055343139977e+00
-8.576182198289291847e+00 -8.576914110761517662e+00 -8.573907303202052077e+00
-8.323538390659225072e+00 -8.320360467588018949e+00 -8.320139113822687449e+00
-7.873441973824667706e+00 -7.873979054298559710e+00 -7.877582443813768265e+00
-7.317414666180050986e+00 -7.314224073061650344e+00 -7.314092371975713824e+00
-6.569060692388351441e+00 -6.572530201143363726e+00 -6.529759462344817855e+00
-5.956682879955463861e+00 -5.958286113000223594e+00 -5.633800652611237858e+00
-1.043952571731987383e-01 -1.734030892831612825e-01 -1.811220635231670928e-01
-8.095273260146576555e-02 -9.013086967601123545e-02 -1.012117780004628265e-01
0.000000000000000000e+00 0.000000000000000000e+00 0.000000000000000000e+00
0.000000000000000000e+00 0.000000000000000000e+00 0.000000000000000000e+00
-1.000000000000000021e-02 -1.000000000000000021e-02 0.000000000000000000e+00
-2.695279376775938651e+00 -2.699172827425620369e+00 -2.699802432930078488e+00
-4.757415251915546150e+00 -4.765754451636014188e+00 -4.759127721542604661e+00
-6.182901890513117671e+00 -6.193450625959208367e+00 -6.190658792766081220e+00
-7.254162633820778971e+00 -7.253236327315494947e+00 -7.252391428174595589e+00
-7.954127115468414999e+00 -7.972188540926803846e+00 -7.953793394076261514e+00
-8.465562152165359677e+00 -8.464371144239612121e+00 -8.467198822896445876e+00
-8.969182711524869234e+00 -8.970188576556243021e+00 -8.973726010196271474e+00
-9.443084831634759979e+00 -9.432830798210027012e+00 -9.443433756251852884e+00
-9.455148050262742743e+00 -9.454620140232604442e+00 -9.452769706632361491e+00
-9.006725040528838377e+00 -9.005728939928543397e+00 -9.001995210677320003e+00
-8.519686646102465843e+00 -8.520393687025473284e+00 -8.516593197829346096e+00
-8.168525256553424541e+00 -8.164979203174517863e+00 -8.169704975230159150e+00
-7.564746455051240659e+00 -7.557606133241375979e+00 -7.556986151016539921e+00
-6.778162572034462485e+00 -6.772738782091530574e+00 -6.776185273192751879e+00
-5.746373140574569938e+00 -5.669608508456210672e+00 -5.106931740108410445e+00
-1.282924103065314236e+00 -1.263411135391584228e+00 -1.267580698588636645e+00
-8.915596071810182044e-02 0.000000000000000000e+00 -9.674884325871629942e-02
-8.619552860827871255e-02 0.000000000000000000e+00 0.000000000000000000e+00
0.000000000000000000e+00 0.000000000000000000e+00 0.000000000000000000e+00
-9.218523362024791390e-02 0.000000000000000000e+00 0.000000000000000000e+00
-2.359130843022350987e+00 -2.344953548483652561e+00 -2.349132259674872270e+00
-4.606219350831752379e+00 -4.605714207772808599e+00 -4.607776520698001477e+00
-6.181164249898952079e+00 -6.181106833831623959e+00 -6.185015632672064889e+00
-7.214561814983868615e+00 -7.211957745575532819e+00 -7.212518715247700385e+00
-7.914416173006322275e+00 -7.915741183753404187e+00 -7.916176531491268875e+00
-8.377438627413132721e+00 -8.377531169090161711e+00 -8.379110125539625642e+00
-9.013044914413846698e+00 -9.013007857401309053e+00 -9.022666539230625560e+00
-9.439695848017269242e+00 -9.458071736369817017e+00 -9.464811942031097658e+00
-9.649861867114095659e+00 -9.649528751656767156e+00 -9.638392941392710966e+00
-9.284504463606928937e+00 -9.285114039775349326e+00 -9.279344302169624470e+00
-8.643142934596959037e+00 -8.632497373789668416e+00 -8.631161218291012460e+00
-8.316298612678528102e+00 -8.315976594254454568e+00 -8.315256762918249223e+00
-7.693241763504629738e+00 -7.694560892657974271e+00 -7.694452907686682330e+00
-6.948002383470094578e+00 -6.948033786883505591e+00 -6.947846254633533114e+00
-5.828086263641278464e+00 -5.843948180266005821e+00 -5.730694558940868433e+00
-3.330550572971107570e+00 -3.327899169788147482e+00 -3.328611678555684072e+00
-1.989505178902351568e-01 -9.629719298813248229e-02 0.000000000000000000e+00
-8.906511223359618590e-02 0.000000000000000000e+00 0.000000000000000000e+00
0.000000000000000000e+00 0.000000000000000000e+00 0.000000000000000000e+00
-6.142660048584571569e-02 -9.627316971287452896e-02 -9.394166910959587946e-02
-1.364712872234577601e+00 -1.366905061759283280e+00 -1.357090117832123521e+00
-4.163889132823104688e+00 -4.173107425602716525e+00 -4.226395373421827806e+00
-5.869303996121712608e+00 -5.894401666253325622e+00 -5.888397376187223031e+00
-6.927429853472950150e+00 -6.923746323106206191e+00 -6.923258864498692766e+00
-7.722883005318561089e+00 -7.734152615468537384e+00 -7.737010551376274137e+00
-8.173226745466758203e+00 -8.175147108181871403e+00 -8.174152107286287716e+00
-8.679521833626678173e+00 -8.682701683531423242e+00 -8.679973806612521159e+00
-9.091437216838851754e+00 -9.087721083678541589e+00 -9.087334073794645306e+00
-9.213371778925047551e+00 -9.212770470210273288e+00 -9.213362363202294958e+00
-9.045350896063979462e+00 -9.046148856875401378e+00 -9.045481331641155975e+00
-8.570005686503066045e+00 -8.566133632543156295e+00 -8.567153127351859965e+00
-8.248690986519704893e+00 -8.245258425480370690e+00 -8.245315282871059637e+00
-7.667097069407817322e+00 -7.666507961130480275e+00 -7.664875453325345589e+00
-6.867733085528942460e+00 -6.856238874582191833e+00 -6.854097675181143323e+00
-6.141359375797569520e+00 -6.139750627451661558e+00 -6.139438895203816138e+00
-3.685034601377594754e+00 -3.702174742803671759e+00 -3.679259262162419830e+00
-9.221105292618320126e-02 -8.990784734597571937e-02 -7.413960055993501497e-02
0.000000000000000000e+00 0.000000000000000000e+00 0.000000000000000000e+00
0.000000000000000000e+00 0.000000000000000000e+00 0.000000000000000000e+00
-8.886576520553518543e-02 0.000000000000000000e+00 0.000000000000000000e+00
-1.418874410027402555e-01 -1.597819583118847142e-01 -1.477773215388422656e-01
-4.060078130628565596e+00 -4.096894441176922363e+00 -4.121683325798894515e+00
-5.259783828011822315e+00 -5.291020476275194007e+00 -5.296703843554007918e+00
-6.584189919325922347e+00 -6.588749528897155372e+00 -6.588979683833939838e+00
-7.374068991924635164e+00 -7.369953991021138684e+00 -7.367057831128527745e+00
-7.920207903088570589e+00 -7.926154122360398624e+00 -7.921458401526254356e+00
-8.221192773473150694e+00 -8.223069804833656349e+00 -8.223990163486083915e+00
-8.454183059479035478e+00 -8.449163563634613183e+00 -8.447463221518400900e+00
-8.535279619207337021e+00 -8.535574167447178340e+00 -8.535357567751237440e+00
-8.461128922166025745e+00 -8.462177211552024403e+00 -8.460257040483156743e+00
-8.338973114197974823e+00 -8.339928432420453674e+00 -8.343539254967762275e+00
-7.940920197008625614e+00 -7.943958799857632869e+00 -7.942012743367727445e+00
-7.402525228011229252e+00 -7.399469746636475165e+00 -7.405045973852993235e+00
-6.560298846387009775e+00 -6.553650347601367443e+00 -6.568828900742496479e+00
-5.902840441865283339e+00 -5.892381474241816797e+00 -5.890095670115139903e+00
-3.326327091139877901e+00 -3.327306610316571600e+00 -3.318005397773026832e+00
-9.453589560856304197e-02 -9.594119483193606912e-02 0.000000000000000000e+00
0.000000000000000000e+00 0.000000000000000000e+00 -7.360961761046595775e-02
0.000000000000000000e+00 0.000000000000000000e+00 0.000000000000000000e+00
-9.008652376366414749e-02 -9.593605959839909825e-02 0.000000000000000000e+00
-8.194744630910566485e-02 0.000000000000000000e+00 0.000000000000000000e+00
-2.898284221066868227e+00 -2.914260038275033882e+00 -2.905643629199830880e+00
-4.696504794383006498e+00 -4.702308157494464069e+00 -4.698379386764405474e+00
-5.951793728228147451e+00 -5.953976202205925716e+00 -5.950771504690949065e+00
-6.819030454829309917e+00 -6.823823247679766446e+00 -6.828998851619950017e+00
-7.469074059496607632e+00 -7.467720708499336446e+00 -7.467942629568685931e+00
-7.845664249855706096e+00 -7.851729390022703647e+00 -7.851016577429454024e+00
-8.097799623517218492e+00 -8.098530646504313424e+00 -8.098952195885244620e+00
-8.177220622636179215e+00 -8.174966984088834820e+00 -8.174518924528136665e+00
-8.125933596110005652e+00 -8.125405393113664942e+00 -8.125333623303564679e+00
-7.908413864695354789e+00 -7.911246130341066163e+00 -7.912572517967768171e+00
-7.549368094703724275e+00 -7.555806359147188900e+00 -7.552605713505503360e+00
-7.005681937092613332e+00 -7.007147684073862237e+00 -7.004525853129549340e+00
-6.134747020905987114e+00 -6.115462538208277010e+00 -6.118583498136759502e+00
-5.342256258474119335e+00 -5.335335713922280121e+00 -5.327882565784449298e+00
-9.354099416673691270e-01 -8.645418069027305252e-01 -9.011729923795188668e-01
-7.663497090005023937e-02 -9.011495145461527467e-02 0.000000000000000000e+00
0.000000000000000000e+00 0.000000000000000000e+00 0.000000000000000000e+00
0.000000000000000000e+00 0.000000000000000000e+00 0.000000000000000000e+00
-7.883308866795099568e-02 0.000000000000000000e+00 0.000000000000000000e+00
-1.776712255552239106e-01 -8.916388920085770164e-02 -9.246293460070022230e-02
-3.075115274239684782e-01 -2.860564994946832029e-01 -2.862525965382268778e-01
-4.181389084487301844e+00 -4.187536245361981102e+00 -4.188438821125152423e+00
-5.165711836906046628e+00 -5.164585123956334733e+00 -5.169255756557879167e+00
-6.178485804726851605e+00 -6.177546802130531312e+00 -6.170011855169455828e+00
-6.870548487964484252e+00 -6.866334888471945952e+00 -6.864456269633254948e+00
-7.315668476441336665e+00 -7.323415090456784071e+00 -7.317819800718920575e+00
-7.591286054994564658e+00 -7.590572309401173001e+00 -7.590968334484121449e+00
-7.663754449345286268e+00 -7.663180586373227854e+00 -7.661149828186891497e+00
-7.620154003217177063e+00 -7.618805150617864896e+00 -7.621013886553693162e+00
-7.376058744225313824e+00 -7.374716330113074925e+00 -7.371241407118826139e+00
-7.033073543631291891e+00 -7.032375705386252562e+00 -7.037868909425626818e+00
-6.336172819493110175e+00 -6.332044202111712927e+00 -6.335551700022849175e+00
-5.663145646651345011e+00 -5.664351092211640015e+00 -5.660739813210589944e+00
-4.349930463557694971e+00 -4.349097460674567373e+00 -4.296033742473636785e+00
-5.686741810750366860e-02 -4.628422249861358778e-02 -9.223523137502505354e-02
-8.155643741265496127e-02 -1.829707689197024312e-01 -9.497600723157248459e-02
0.000000000000000000e+00 0.000000000000000000e+00 0.000000000000000000e+00
0.000000000000000000e+00 0.000000000000000000e+00 0.000000000000000000e+00
-9.314489947441224882e-02 -9.425683687311442460e-02 0.000000000000000000e+00
-8.681017865491678920e-02 0.000000000000000000e+00 0.000000000000000000e+00
-8.796206441632550832e-02 0.000000000000000000e+00 0.000000000000000000e+00
-1.207742697180502089e+00 -1.200780082213661393e+00 -1.202081934052618539e+00
-4.416379388768879366e+00 -4.424446592581811721e+00 -4.427096533084888819e+00
-5.334614127721578392e+00 -5.338290664533346330e+00 -5.338452512448739640e+00
-6.043325971919883521e+00 -6.046790425409088066e+00 -6.066572664222579014e+00
-6.693294755559991316e+00 -6.687206397406770364e+00 -6.687216457529467029e+00
-6.965775484656600902e+00 -6.965432353369313212e+00 -6.965781199645478594e+00
-7.080777493903608999e+00 -7.081841111665231558e+00 -7.079620241516498602e+00
-7.049607499662611687e+00 -7.047817368872842714e+00 -7.051948726597307981e+00
-6.771009867728419174e+00 -6.773484934499003352e+00 -6.772185427650491363e+00
-6.250094174181975326e+00 -6.244798842966480912e+00 -6.243450056451091967e+00
-5.839173233226406801e+00 -5.834471253770031396e+00 -5.830921593306447548e+00
-4.847092457203168614e+00 -4.800209068030284243e+00 -4.784928100954063623e+00
-1.580112051894732250e+00 -1.527221361622268292e+00 -1.521748086698526903e+00
-8.280960893064368000e-02 0.000000000000000000e+00 0.000000000000000000e+00
0.000000000000000000e+00 0.000000000000000000e+00 0.000000000000000000e+00
0.000000000000000000e+00 0.000000000000000000e+00 0.000000000000000000e+00
0.000000000000000000e+00 0.000000000000000000e+00 0.000000000000000000e+00
-1.065485591462480841e-01 -9.630186306007094965e-02 0.000000000000000000e+00
-1.739298797272913755e-01 0.000000000000000000e+00 -6.698220737798775415e-02
-7.908028832720317980e-02 -5.197787649416191896e-02 0.000000000000000000e+00
-1.365989203525213025e-01 -1.538035584051223870e-01 -1.588469900300145121e-01
-2.218664873618968247e+00 -2.245146102385161768e+00 -2.279311470537947137e+00
-4.566035505753723633e+00 -4.551053281740138345e+00 -4.539317767929029301e+00
-5.406554528557479422e+00 -5.414174207104440306e+00 -5.413255621494937664e+00
-5.908719002074104054e+00 -5.912223487133168476e+00 -5.913562841189086150e+00
-6.177873224234886607e+00 -6.187890620041789802e+00 -6.185533000371274959e+00
-6.248929053812116940e+00 -6.248237722302937946e+00 -6.248998905039761631e+00
-6.218286406949711242e+00 -6.221015196495900845e+00 -6.221708286678310884e+00
-6.109563882982315342e+00 -6.104834413263465542e+00 -6.106290144608348847e+00
-5.888824374763872882e+00 -5.886128940354765859e+00 -5.887972992546493423e+00
-5.043571536934185140e+00 -5.044778498911447251e+00 -5.032755131826604611e+00
-3.275051138386957827e+00 -3.275410637388720847e+00 -3.267133911265491797e+00
-2.102718776924388799e-01 -2.195457715322335912e-01 -2.887315109466204732e-01
0.000000000000000000e+00 -6.727654365562248107e-02 0.000000000000000000e+00
0.000000000000000000e+00 0.000000000000000000e+00 0.000000000000000000e+00
0.000000000000000000e+00 0.000000000000000000e+00 0.000000000000000000e+00
0.000000000000000000e+00 0.000000000000000000e+00 0.000000000000000000e+00
-1.637506222243270970e-01 -1.429358544413362742e-01 -1.647491673385472755e-01
-1.458450153920609060e-01 -1.791927667668271051e-01 -2.247817358312443337e-01
-8.127301631793149017e-02 -8.404646533791008955e-02 -8.724275534825111367e-02
-5.213233410113377042e-02 -7.725192924960176677e-02 -8.910521466511005240e-02
-8.976861292535996684e-02 -8.997337863154851456e-02 0.000000000000000000e+00
-2.534706521546024938e+00 -2.547372215841258392e+00 -2.586499066157790239e+00
-4.556222860339838476e+00 -4.563763844515495549e+00 -4.573560130095467358e+00
-5.486583271254747984e+00 -5.486228706494860496e+00 -5.484283138175609196e+00
-5.939630577532211575e+00 -5.943758300294655683e+00 -5.949864217876261741e+00
-6.144731970948874356e+00 -6.140033027851348635e+00 -6.140827430333961168e+00
-6.179394767493105789e+00 -6.180692547562125938e+00 -6.182125024924998158e+00
-5.939890916136537413e+00 -5.934799563229069541e+00 -5.935462996041394490e+00
-5.095972922488742007e+00 -5.088298847485491549e+00 -5.084457107284679367e+00
-3.704007163056421525e+00 -3.652892291636000710e+00 -3.696183074684837422e+00
-7.236243705006872862e-01 -7.039500940850083044e-01 -6.878335457195426939e-01
-1.421363703971847137e-01 0.000000000000000000e+00 0.000000000000000000e+00
-1.177763180601539977e-01 -9.161439455230536988e-02 0.000000000000000000e+00
-8.755091276047691218e-02 -2.528524038940817009e-01 -9.038912812663288388e-02
0.000000000000000000e+00 0.000000000000000000e+00 0.000000000000000000e+00
0.000000000000000000e+00 0.000000000000000000e+00 0.000000000000000000e+00
-7.615143844234086024e-02 -8.386842243553775667e-02 -9.018737804390557222e-02
-8.864160845047884540e-02 0.000000000000000000e+00 0.000000000000000000e+00
-8.180604512641649617e-02 0.000000000000000000e+00 -7.000999778207425694e-02
-7.948699393320489415e-02 0.000000000000000000e+00 -9.399449136976381625e-02
0.000000000000000000e+00 0.000000000000000000e+00 -4.360632653545073317e-02
-2.062481269791437699e-01 -9.699403957204716376e-02 -1.815411346559990535e-01
-2.288050464116397009e+00 -2.319171712145132513e+00 -2.310953531051467280e+00
-4.448623223707002694e+00 -4.448891292473098780e+00 -4.448237280353906087e+00
-5.197637074259412238e+00 -5.199459526681481591e+00 -5.203389556396508020e+00
-5.495687290007426284e+00 -5.493368682450458174e+00 -5.492859397156133916e+00
-5.351672432044352945e+00 -5.346252671102460496e+00 -5.346920127675529599e+00
-4.960351384811302111e+00 -4.952164983551535116e+00 -4.955254488572509608e+00
-3.891976585469037353e+00 -3.871649386200674225e+00 -3.893030890082670670e+00
-1.520059072432776937e+00 -1.505246855463985733e+00 -1.517677387306725967e+00
-1.224083598631680869e-01 -1.111039898170412543e-01 -1.206505618763339532e-01
-8.166131916320695794e-02 0.000000000000000000e+00 -6.328567866812936926e-02
-9.199008647219507340e-02 -6.535632877873211177e-02 -8.892769192767346897e-02
-8.038581744423037301e-02 -8.798854774235011222e-02 0.000000000000000000e+00
0.000000000000000000e+00 0.000000000000000000e+00 0.000000000000000000e+00
0.000000000000000000e+00 0.000000000000000000e+00 0.000000000000000000e+00
-1.815370373547859351e-01 -8.644596531831418018e-02 0.000000000000000000e+00
-6.861353379360367322e-02 0.000000000000000000e+00 -9.222361636971390664e-02
-7.221099991334264945e-02 -7.828762613576749352e-02 -2.315121648926251816e-02
0.000000000000000000e+00 -1.791501031983163683e-01 -7.304825981651037747e-02
-9.102312867726035372e-02 0.000000000000000000e+00 0.000000000000000000e+00
-1.640014286483489070e-01 -9.595543776782104739e-02 -1.900059645022896537e-01
-1.521557939114457914e-01 -8.433569523115895528e-02 -1.378261343004745232e-01
-1.967221724348869438e+00 -1.967130805458271459e+00 -1.942248362771664905e+00
-4.062299011846309149e+00 -4.058271276666863159e+00 -4.058127238256104441e+00
-4.729956439805894419e+00 -4.732536507438953599e+00 -4.732467409590027430e+00
-4.409830926311117061e+00 -4.405645077136095544e+00 -4.403169418091073872e+00
-3.816877743457327110e+00 -3.809935664743924200e+00 -3.807051567534828429e+00
-2.334579761752689997e+00 -2.352481828830648602e+00 -2.343979284771904315e+00
-4.059216801230848271e-01 -3.772486769892673397e-01 -3.725173613714371501e-01
-8.149511168186134025e-02 -2.603650328011335446e-01 -6.605497890880088208e-02
-2.307432746002155421e-01 -9.591558265312484510e-02 -8.384477136913567885e-02
-9.011000148372795560e-02 -8.671747947978257487e-02 -9.405621774198483220e-02
-5.870517109329136812e-02 0.000000000000000000e+00 0.000000000000000000e+00
0.000000000000000000e+00 0.000000000000000000e+00 0.000000000000000000e+00
0.000000000000000000e+00 0.000000000000000000e+00 0.000000000000000000e+00
-7.054091999397230084e-02 -9.397346162027586658e-02 -9.149082734458127697e-02
0.000000000000000000e+00 0.000000000000000000e+00 0.000000000000000000e+00
0.000000000000000000e+00 0.000000000000000000e+00 0.000000000000000000e+00
-9.110041859761006111e-02 -9.151478360034394355e-02 -9.218402993464021311e-02
-1.697640387106475746e-01 -9.011281973839663229e-02 -7.703845948357151974e-02
-8.981676136753577455e-02 -9.234814360949636369e-02 0.000000000000000000e+00
0.000000000000000000e+00 -9.523570852148002808e-02 -8.181179493408384518e-02
-1.753883806139288626e-01 -2.584253985809320531e-01 -1.501340977622198092e-01
-1.059026886221406505e+00 -1.027528036318589022e+00 -1.006875646910629252e+00
-2.701207310299965414e+00 -2.699268955709433815e+00 -2.706147388136152188e+00
-2.591699808269173122e+00 -2.588954870772222527e+00 -2.592987306087509936e+00
-2.095644522911696672e+00 -2.085855206050326593e+00 -2.138121439184145878e+00
-8.911909336982080099e-01 -8.935231677530829364e-01 -8.953605972609748331e-01
-1.494014506880671500e-01 -1.589783652040792639e-01 -1.532750352509947844e-01
-1.513805564132436055e-01 -9.394204086506516282e-02 -9.684647872837288951e-02
0.000000000000000000e+00 0.000000000000000000e+00 0.000000000000000000e+00
-7.697523302469383433e-02 -9.414030790301834706e-02 -9.631373303470770753e-02
-1.415603255856540676e-01 -9.019243333837234644e-02 -8.607211221597534101e-02
0.000000000000000000e+00 0.000000000000000000e+00 0.000000000000000000e+00
0.000000000000000000e+00 0.000000000000000000e+00 0.000000000000000000e+00
0.000000000000000000e+00 0.000000000000000000e+00 0.000000000000000000e+00
-1.314612149350384562e-01 -7.405686500648885062e-02 -9.684280423029975604e-02
0.000000000000000000e+00 -7.495863501151588115e-02 0.000000000000000000e+00
-6.345706606793671822e-02 -9.071578059275987871e-02 0.000000000000000000e+00
-8.936613531091257279e-02 0.000000000000000000e+00 0.000000000000000000e+00
-9.558413258222027420e-02 0.000000000000000000e+00 0.000000000000000000e+00
0.000000000000000000e+00 -8.566878363500807225e-02 0.000000000000000000e+00
0.000000000000000000e+00 -7.908632256956829587e-02 0.000000000000000000e+00
-1.333329093353618489e-01 -1.765731817008769355e-01 -9.153413344720022493e-02
-9.006436636689393871e-02 0.000000000000000000e+00 0.000000000000000000e+00
0.000000000000000000e+00 0.000000000000000000e+00 0.000000000000000000e+00
0.000000000000000000e+00 0.000000000000000000e+00 -9.177282740293760122e-02
-8.954904525328671872e-02 -9.158480182770910305e-02 -2.035610299140439700e-02
-1.524922557916548183e-01 0.000000000000000000e+00 0.000000000000000000e+00
0.000000000000000000e+00 0.000000000000000000e+00 -9.054703733319593995e-02
-9.553825060214560239e-02 -9.671985099261316832e-02 0.000000000000000000e+00
-5.869020491353614533e-02 -9.220781080747320058e-02 -6.776473333449573033e-02
-6.977032048042862422e-02 0.000000000000000000e+00 -7.806828367527189616e-02
0.000000000000000000e+00 0.000000000000000000e+00 0.000000000000000000e+00
0.000000000000000000e+00 0.000000000000000000e+00 0.000000000000000000e+00
0.000000000000000000e+00 0.000000000000000000e+00 0.000000000000000000e+00
0.000000000000000000e+00 0.000000000000000000e+00 0.000000000000000000e+00
0.000000000000000000e+00 0.000000000000000000e+00 0.000000000000000000e+00
0.000000000000000000e+00 0.000000000000000000e+00 0.000000000000000000e+00
0.000000000000000000e+00 0.000000000000000000e+00 0.000000000000000000e+00
0.000000000000000000e+00 0.000000000000000000e+00 0.000000000000000000e+00
0.000000000000000000e+00 0.000000000000000000e+00 0.000000000000000000e+00
0.000000000000000000e+00 0.000000000000000000e+00 0.000000000000000000e+00
0.000000000000000000e+00 0.000000000000000000e+00 0.000000000000000000e+00
0.000000000000000000e+00 0.000000000000000000e+00 0.000000000000000000e+00
0.000000000000000000e+00 0.000000000000000000e+00 0.000000000000000000e+00
0.000000000000000000e+00 0.000000000000000000e+00 0.000000000000000000e+00
0.000000000000000000e+00 0.000000000000000000e+00 0.000000000000000000e+00
0.000000000000000000e+00 0.000000000000000000e+00 0.000000000000000000e+00
0.000000000000000000e+00 0.000000000000000000e+00 0.000000000000000000e+00
0.000000000000000000e+00 0.000000000000000000e+00 0.000000000000000000e+00
0.000000000000000000e+00 0.000000000000000000e+00 0.000000000000000000e+00
0.000000000000000000e+00 0.000000000000000000e+00 0.000000000000000000e+00
0.000000000000000000e+00 0.000000000000000000e+00 0.000000000000000000e+00
