0.000000000000000000e+00 0.000000000000000000e+00 0.000000000000000000e+00
0.000000000000000000e+00 -1.786358324726744235e-03 0.000000000000000000e+00
0.000000000000000000e+00 0.000000000000000000e+00 0.000000000000000000e+00
-1.970355564805288499e-03 -1.881263600152171221e-03 0.000000000000000000e+00
-8.988966325161563617e-03 -5.421558539540943106e-03 -5.453295229187233792e-03
-1.176812681150138373e-02 -1.291839696369066412e-02 -1.197149753872602321e-02
-5.460315084665740004e-02 -5.529191312798927699e-02 -5.309437588018018489e-02
-1.413758705272076532e-01 -1.408204989098176263e-01 -1.400462681554240363e-01
-2.402757725084269935e-01 -2.412928067423863732e-01 -2.405479688475993805e-01
-2.948094980014614452e-01 -2.943298669064899897e-01 -2.951713826154791498e-01
-6.584787132466537463e-01 -6.577638996778891745e-01 -6.583937721732232573e-01
-5.456289644334593181e-01 -5.458829387160870628e-01 -5.455039437847069017e-01
-2.681030981591161350e-02 -2.604463491165598041e-02 -2.467448196459944704e-02
-3.939733355499570704e-03 -3.219345790729760508e-03 0.000000000000000000e+00
0.000000000000000000e+00 0.000000000000000000e+00 0.000000000000000000e+00
-4.436169889820661821e-03 -6.461267089412990605e-03 0.000000000000000000e+00
-4.003834214890098289e-03 -5.582226839920498632e-03 0.000000000000000000e+00
-3.256809374879667072e-03 0.000000000000000000e+00 0.000000000000000000e+00
-6.226539546173736131e-03 -1.312462911531433584e-03 0.000000000000000000e+00
0.000000000000000000e+00 0.000000000000000000e+00 0.000000000000000000e+00
0.000000000000000000e+00 0.000000000000000000e+00 0.000000000000000000e+00
-4.717537936195171679e-03 -4.646129693876977287e-03 0.000000000000000000e+00
-4.709753789406612677e-03 -5.985444437648585261e-03 0.000000000000000000e+00
-5.713865103492889001e-03 -6.591819480540233103e-03 0.000000000000000000e+00
-1.086239041355020057e-02 -1.202068318663940955e-02 -1.141057596507394356e-02
-7.424974226015421119e-02 -7.406148675053342290e-02 -7.393134530403244753e-02
-2.601529057539439527e-01 -2.601721211204087170e-01 -2.597602035657182173e-01
-5.518857887988548594e-01 -5.513800309316683190e-01 -5.522407940673833560e-01
-7.652023925115385428e-01 -7.642707524748453274e-01 -7.647370206457081432e-01
-9.021610240598734176e-01 -9.019195276888344326e-01 -9.012862242088928166e-01
-9.198044343722880933e-01 -9.192102567022094606e-01 -9.201392648794087803e-01
-8.156904320779010398e-01 -8.165442482299390958e-01 -8.159123223427753313e-01
-7.885339445012210513e-01 -7.880362004726848557e-01 -7.874753528326837726e-01
-2.786592337329138469e-01 -2.798319730653752169e-01 -2.781914523033340858e-01
0.000000000000000000e+00 -1.076075003783790590e-02 -1.732656983727294238e-03
-7.424338161643298517e-03 -8.268515563634584037e-03 -3.599704523842336273e-03
-3.881566639326754220e-03 -7.092390171859222665e-03 -4.064756208668491438e-03
-5.413893531141158316e-03 0.000000000000000000e+00 -6.419928574784312253e-03
-6.004702148705439238e-03 0.000000000000000000e+00 0.000000000000000000e+00
0.000000000000000000e+00 0.000000000000000000e+00 0.000000000000000000e+00
0.000000000000000000e+00 0.000000000000000000e+00 0.000000000000000000e+00
-2.300771584862755514e-03 -1.585614393711577610e-03 -2.821603818286579340e-03
-9.233952972671172904e-03 -3.142615565176744459e-03 -5.358454660383576290e-03
0.000000000000000000e+00 -3.590024732247996432e-03 0.000000000000000000e+00
-5.068520394939145246e-02 -4.959875368335753265e-02 -5.065669377498695919e-02
-2.549230926881634884e-01 -2.553172790251648783e-01 -2.574585702141778953e-01
-6.574000457702399158e-01 -6.573047690812778843e-01 -6.580972736354382402e-01
-1.040650190076881199e+00 -1.040522222135785491e+00 -1.040806428442844656e+00
-1.393654328770959960e+00 -1.394743662196212153e+00 -1.393456210382817195e+00
-1.531569906865234643e+00 -1.532225775233664766e+00 -1.531776780567221552e+00
-1.550080992321936302e+00 -1.551395217898679402e+00 -1.550618806687243056e+00
-1.417326307002182650e+00 -1.417428102109146604e+00 -1.417058896365632314e+00
-1.088566331309299473e+00 -1.088015934526845641e+00 -1.088507800395184466e+00
-7.939746437798457235e-01 -7.953964373017970990e-01 -7.946402918805888227e-01
-2.919148077791726692e-01 -2.934398998929176883e-01 -2.931413959092539212e-01
-6.617069247235474010e-03 0.000000000000000000e+00 -3.857944381033701423e-03
-5.873719959358357848e-03 0.000000000000000000e+00 0.000000000000000000e+00
-6.484179370924016833e-03 -5.974093514464118640e-03 0.000000000000000000e+00
-6.414885198219632927e-03 -9.415994782126176771e-03 -9.563441699135873109e-03
0.000000000000000000e+00 0.000000000000000000e+00 0.000000000000000000e+00
0.000000000000000000e+00 0.000000000000000000e+00 0.000000000000000000e+00
-2.994673816236761554e-03 -5.008448612213731513e-03 0.000000000000000000e+00
-5.143314445480103719e-03 -5.611122729787473146e-03 -5.163664580098376554e-03
-1.788913980379544869e-02 -1.867921105225112469e-02 -1.766929807606796091e-02
-1.703605119095617237e-01 -1.704643205810935647e-01 -1.694470251105160974e-01
-6.201927802387366961e-01 -6.195276360446311248e-01 -6.199494305845966169e-01
-1.166844463454991487e+00 -1.166827055689736881e+00 -1.167065828563702334e+00
-1.704014663242221950e+00 -1.704692570245400995e+00 -1.703760343498986973e+00
-2.121206714199562970e+00 -2.121311026886798068e+00 -2.121697121276377551e+00
-2.346030923963678294e+00 -2.345295929986608741e+00 -2.345286316588660824e+00
-2.360974336067048540e+00 -2.361473399293121833e+00 -2.361560914185544036e+00
-2.162976682403844109e+00 -2.162954241604069239e+00 -2.163258327981705254e+00
-1.781233450745809854e+00 -1.781088970902754864e+00 -1.782458458373258336e+00
-1.244403282766673779e+00 -1.245418498874273361e+00 -1.246039431352979898e+00
-7.749987407900382763e-01 -7.738782591066338812e-01 -7.758067342796199917e-01
-1.765427750920177119e-01 -1.771912453760622064e-01 -1.760039552425738951e-01
-8.560645758247734105e-03 0.000000000000000000e+00 0.000000000000000000e+00
-4.157265653597077767e-03 -4.447096339369141504e-03 -6.424664040274620513e-03
0.000000000000000000e+00 0.000000000000000000e+00 -2.966038233989563237e-03
0.000000000000000000e+00 0.000000000000000000e+00 0.000000000000000000e+00
0.000000000000000000e+00 0.000000000000000000e+00 0.000000000000000000e+00
-3.698574316401916431e-03 0.000000000000000000e+00 0.000000000000000000e+00
-4.598001709712217812e-03 -1.014686787900806334e-03 0.000000000000000000e+00
-5.452472906923927498e-02 -5.902247653228873819e-02 -5.687928386543984749e-02
-4.039812228261779881e-01 -4.053178590690954541e-01 -4.043939179156375574e-01
-1.007887661836548876e+00 -1.008421769844163762e+00 -1.008460231496321580e+00
-1.709854135170980394e+00 -1.711171532012233154e+00 -1.709465540036378961e+00
-2.418666680275793901e+00 -2.419177591855433906e+00 -2.419265499698098676e+00
-2.917356467348317661e+00 -2.917392753598479160e+00 -2.916904890087862690e+00
-3.241195889984385570e+00 -3.241380516485454777e+00 -3.241057882278788327e+00
-3.239848155953070297e+00 -3.240330832754444668e+00 -3.239624554390873712e+00
-2.997830506295155129e+00 -2.996385929492771272e+00 -2.996260574853753411e+00
-2.488761651424609145e+00 -2.488712696090682464e+00 -2.488192470940904233e+00
-1.851494463121565515e+00 -1.852071292838982197e+00 -1.850932893434674709e+00
-1.142058752930784404e+00 -1.142360914585178744e+00 -1.142067370331733889e+00
-6.025937786748162273e-01 -6.018244026532096891e-01 -6.020267686007551022e-01
-2.818051210825135711e-02 -2.743781209930257897e-02 -2.763091355454807760e-02
-4.402807570869708177e-03 -9.739401427389708654e-03 -6.505250017234206865e-03
-1.895319899167190701e-03 0.000000000000000000e+00 -4.860213259457904326e-03
0.000000000000000000e+00 0.000000000000000000e+00 0.000000000000000000e+00
0.000000000000000000e+00 0.000000000000000000e+00 0.000000000000000000e+00
0.000000000000000000e+00 0.000000000000000000e+00 0.000000000000000000e+00
-9.434464697443781592e-03 -2.999698300899999656e-03 -3.044149901379999187e-03
-1.184762946273549555e-01 -1.187784200276994634e-01 -1.185391751834284774e-01
-6.182168248108634856e-01 -6.183614807943659253e-01 -6.183451505629448119e-01
-1.346252263125056414e+00 -1.346676604025503599e+00 -1.346952666786400465e+00
-2.209474221071402233e+00 -2.209346232773927277e+00 -2.209398704199925234e+00
-3.017189674865536020e+00 -3.016835366426442899e+00 -3.017628339430829421e+00
-3.676010996515735485e+00 -3.675675607576887494e+00 -3.678013822361932306e+00
-4.132669339371321193e+00 -4.132834267316265020e+00 -4.133013316293446593e+00
-4.126251886036143013e+00 -4.126490649049272541e+00 -4.126641754302873721e+00
-3.777636128000712024e+00 -3.778565599545901321e+00 -3.777553790059756889e+00
-3.168514496941809533e+00 -3.168687266239881506e+00 -3.169520202095054362e+00
-2.401115714730342798e+00 -2.401090293345409243e+00 -2.400448146651854575e+00
-1.592555282624121382e+00 -1.591607832754791563e+00 -1.592330434530164762e+00
-8.543645491842559725e-01 -8.538008764181166388e-01 -8.534124031381270514e-01
-1.999507383860112120e-01 -1.988827894818753772e-01 -1.981155320081981197e-01
-6.875243689680562292e-03 -8.618299865929613876e-03 -9.982932764879290030e-03
0.000000000000000000e+00 0.000000000000000000e+00 0.000000000000000000e+00
0.000000000000000000e+00 0.000000000000000000e+00 0.000000000000000000e+00
0.000000000000000000e+00 0.000000000000000000e+00 0.000000000000000000e+00
-4.865583272318267476e-03 -5.240395444430268751e-03 0.000000000000000000e+00
-4.397284328220397477e-03 -4.616946192292714982e-03 -5.178800461304926446e-03
-1.687417387056175944e-01 -1.667345264156323281e-01 -1.675893981949951039e-01
-7.332242621189022369e-01 -7.326345368056321750e-01 -7.327934759921863606e-01
-1.530856628791210206e+00 -1.531050375595603752e+00 -1.531520218826006197e+00
-2.475228179054489885e+00 -2.474890745011239623e+00 -2.474793834457345465e+00
-3.381762494992640367e+00 -3.381773608303207723e+00 -3.381995998827589389e+00
-4.378675017832286187e+00 -4.378379369995203163e+00 -4.378312667963089488e+00
-5.237198096396438629e+00 -5.238493964146217152e+00 -5.239066257812019956e+00
-5.445706323895829648e+00 -5.446592408582857203e+00 -5.445787429455937634e+00
-4.456847898651476569e+00 -4.456741960746756881e+00 -4.456429989705945616e+00
-3.621452864471662814e+00 -3.621659610393474615e+00 -3.621210515547480746e+00
-2.803090277396473429e+00 -2.804613039537101837e+00 -2.802865359354159036e+00
-1.902420400066368256e+00 -1.900761958806959973e+00 -1.901049380538855305e+00
-1.055132086698344240e+00 -1.055300430860177219e+00 -1.054464247455316972e+00
-4.009792781433973996e-01 -4.004430845010795159e-01 -4.003935332677278636e-01
-3.091704364202948856e-03 -3.006885806002195481e-03 -5.107449722263931839e-03
-5.783737482403214329e-03 -3.606066467506351559e-03 0.000000000000000000e+00
0.000000000000000000e+00 0.000000000000000000e+00 0.000000000000000000e+00
0.000000000000000000e+00 0.000000000000000000e+00 0.000000000000000000e+00
-2.422902357590491721e-03 0.000000000000000000e+00 0.000000000000000000e+00
-1.400451597246447043e-02 -6.924250938440402493e-03 -3.240705327792354866e-03
-1.577682051253891105e-01 -1.575132040792429911e-01 -1.569087974373824246e-01
-7.251940847075054597e-01 -7.258057356032744378e-01 -7.254443973005869628e-01
-1.530049691756986130e+00 -1.530667786233434136e+00 -1.531596678488529983e+00
-2.463423179528779094e+00 -2.463788514431981547e+00 -2.463433842044578714e+00
-3.360458380999033601e+00 -3.360555842221360390e+00 -3.359972000929829949e+00
-4.364704575467563075e+00 -4.364791542826401916e+00 -4.365083861490592909e+00
-5.611658180492443471e+00 -5.613806721656896315e+00 -5.612701866289429908e+00
-6.308933767071104981e+00 -6.309575122074218889e+00 -6.307250137841158732e+00
-4.971842337137882595e+00 -4.972025336365917703e+00 -4.971371205678029703e+00
-3.881770457007123198e+00 -3.881631178641099300e+00 -3.881751961570060416e+00
-2.958038715593518830e+00 -2.957606275023660913e+00 -2.957465170026323253e+00
-2.028180481653953482e+00 -2.027835601117506048e+00 -2.028149672524107938e+00
-1.134062447473872970e+00 -1.134004993386930948e+00 -1.134606641554924522e+00
-4.698977276250160262e-01 -4.707285109566116676e-01 -4.706750465859840249e-01
-6.464404947329839557e-03 -5.306086459060894989e-03 -5.998904378440742501e-03
-4.867300813239244794e-03 -4.224736932980891098e-03 0.000000000000000000e+00
0.000000000000000000e+00 0.000000000000000000e+00 0.000000000000000000e+00
0.000000000000000000e+00 0.000000000000000000e+00 0.000000000000000000e+00
-5.886299841338848635e-03 -5.185904617364713032e-03 0.000000000000000000e+00
-7.050958665059751593e-03 -9.974047505022251223e-03 -1.273591560839652109e-02
-1.020304492571442734e-01 -1.010913366561387444e-01 -1.007892559516058023e-01
-5.982411474514242045e-01 -5.982817354682024025e-01 -5.990708701927823787e-01
-1.349985286142124208e+00 -1.349306706406076639e+00 -1.351615672725204442e+00
-2.202572822972771238e+00 -2.203564839469707159e+00 -2.203284016689162073e+00
-3.047729458977270767e+00 -3.047411750378099082e+00 -3.047802636680099653e+00
-3.789945041399234604e+00 -3.790412075353936761e+00 -3.789763185969851733e+00
-4.625908575729376082e+00 -4.626342431658990506e+00 -4.626245867930217415e+00
-4.789359100096072908e+00 -4.788595017582916391e+00 -4.789229050356610173e+00
-4.360135540791562292e+00 -4.359216655076034286e+00 -4.359631195958821870e+00
-3.664584115919783169e+00 -3.665351413564507776e+00 -3.664345030735303155e+00
-2.822965083858387292e+00 -2.822864116065350704e+00 -2.822566512538598804e+00
-1.941955444461437530e+00 -1.943451450024836769e+00 -1.942352440171655203e+00
-1.097312368334771859e+00 -1.097683616144097041e+00 -1.097076443988860062e+00
-4.259999996134251066e-01 -4.259272289335474526e-01 -4.253513450022318176e-01
-7.926790877721565098e-03 -7.443547102434124561e-03 -1.080767213990982932e-02
0.000000000000000000e+00 -1.061232369738309561e-02 -5.449668944222126228e-03
0.000000000000000000e+00 0.000000000000000000e+00 0.000000000000000000e+00
0.000000000000000000e+00 0.000000000000000000e+00 0.000000000000000000e+00
-5.289026090342101478e-03 -2.886374670073499002e-03 0.000000000000000000e+00
-1.008407904569364258e-02 -4.353785476531058310e-03 0.000000000000000000e+00
-3.386259605939802297e-02 -3.346659059061875274e-02 -3.394614328231745221e-02
-4.013303457349375325e-01 -4.010089826707607386e-01 -4.017679646506120417e-01
-9.906058603303674603e-01 -9.898546317382955761e-01 -9.903041802589996889e-01
-1.763527780739030160e+00 -1.763831778715236664e+00 -1.764127053859509298e+00
-2.526209492912898646e+00 -2.526318035296858611e+00 -2.526413770111143542e+00
-3.155723036521834945e+00 -3.153907623661853954e+00 -3.154451613002757338e+00
-3.609503345879363501e+00 -3.609393838505064789e+00 -3.609619287023030587e+00
-3.734932713914773217e+00 -3.734456423339679532e+00 -3.734912425536892844e+00
-3.542002276841019981e+00 -3.541663720723328357e+00 -3.541807340479735888e+00
-3.054066863519033337e+00 -3.052952600300718355e+00 -3.053230734538983970e+00
-2.398672397771064890e+00 -2.398608568944371022e+00 -2.398764557004282150e+00
-1.613199400871998312e+00 -1.613143460781451655e+00 -1.613073369892890963e+00
-8.721891535900468950e-01 -8.717104895864872249e-01 -8.709278864518249508e-01
-2.606557539200497486e-01 -2.614443581580433440e-01 -2.600501721500783625e-01
-4.397912963543111967e-03 -6.901188048791542795e-03 -5.884585388728289478e-03
-1.103736059235662726e-03 -3.164267451722575699e-03 -3.971141545463656095e-03
0.000000000000000000e+00 0.000000000000000000e+00 0.000000000000000000e+00
0.000000000000000000e+00 0.000000000000000000e+00 0.000000000000000000e+00
0.000000000000000000e+00 0.000000000000000000e+00 -4.846711847538664325e-03
-5.178737091440017114e-03 -4.743366142081786169e-03 0.000000000000000000e+00
-2.023440996171720681e-03 -3.173217457670509008e-03 -7.881307647422527637e-03
-1.536688946706655789e-01 -1.558395068058359978e-01 -1.543789504378510202e-01
-6.432174161928957412e-01 -6.419676483996354932e-01 -6.415032408108801709e-01
-1.243917787620315130e+00 -1.244971675749130036e+00 -1.244122480216999449e+00
-1.872256506156399603e+00 -1.873326672338095467e+00 -1.872111783277094377e+00
-2.391401366332053691e+00 -2.391351264656926823e+00 -2.391547774541995075e+00
-2.725575794191423373e+00 -2.725521886786002934e+00 -2.727108328467777731e+00
-2.823290480988815965e+00 -2.823652847165212254e+00 -2.824093239932593313e+00
-2.720489441414035259e+00 -2.720784167942118081e+00 -2.720997045141757997e+00
-2.339224578046847913e+00 -2.337977877009912664e+00 -2.338132786047593559e+00
-1.800755229634758647e+00 -1.801023115539381880e+00 -1.800516210727403754e+00
-1.143113653516901085e+00 -1.142819735926933200e+00 -1.143181611123746277e+00
-5.836406624136025734e-01 -5.826225575118904043e-01 -5.838419747970662321e-01
-8.146985697846607921e-02 -8.082727774569187229e-02 -7.948785905184369005e-02
-3.152548893560147558e-03 -9.212674089794904708e-03 -6.237415628336824905e-03
0.000000000000000000e+00 0.000000000000000000e+00 0.000000000000000000e+00
-4.580063708314699965e-03 0.000000000000000000e+00 0.000000000000000000e+00
0.000000000000000000e+00 0.000000000000000000e+00 0.000000000000000000e+00
-8.518162529990151721e-03 -5.673919414851913597e-03 -5.155398756768556946e-03
-2.814530434748273389e-03 -4.883944796570597983e-03 -6.718891870881945824e-03
-1.077553454417794557e-02 -1.041651048705932378e-02 -1.143133143063021842e-02
-2.510725608943679965e-02 -2.452372470432891832e-02 -2.403616527490742144e-02
-2.922203898728217841e-01 -2.925015507171861429e-01 -2.927364079041520073e-01
-7.207236121334894552e-01 -7.197393977564704448e-01 -7.198741732341612520e-01
-1.205084447621465271e+00 -1.204997335151191784e+00 -1.204758395441849705e+00
-1.630424476197193107e+00 -1.629998890981376292e+00 -1.630540287482916018e+00
-1.927254618483923210e+00 -1.927368554615877194e+00 -1.926952372245503975e+00
-1.984680054849770059e+00 -1.985753067125815008e+00 -1.985491106101297420e+00
-1.906775526695706491e+00 -1.907216732508098644e+00 -1.906543805618696519e+00
-1.606609616854190570e+00 -1.606410891197749491e+00 -1.606733159752028461e+00
-1.145296618940895739e+00 -1.145391020529260562e+00 -1.145788582173874026e+00
-7.239937250103551936e-01 -7.239918534577107767e-01 -7.238847973751885156e-01
-2.344665860250808864e-01 -2.351104132586992190e-01 -2.339242187960906827e-01
-5.430897745250317689e-03 -6.400837853801528976e-03 -5.505661139750216843e-03
-6.187610329657224767e-03 -6.371133786416477256e-03 -5.307960594775359628e-03
-1.530870777750161296e-02 -1.639847456918287066e-02 -1.699719486220948803e-02
0.000000000000000000e+00 0.000000000000000000e+00 0.000000000000000000e+00
0.000000000000000000e+00 0.000000000000000000e+00 0.000000000000000000e+00
-6.090183322474295412e-03 -5.419219499239228376e-03 -5.519296645396259797e-03
-3.779118562112765770e-03 -3.411535651346064586e-03 -5.674842021572500984e-03
0.000000000000000000e+00 0.000000000000000000e+00 0.000000000000000000e+00
-3.973863921071156199e-03 -4.912530837126772437e-03 -8.976749064198690647e-03
-5.229611703247392246e-02 -5.189604432614132457e-02 -5.483570782332902738e-02
-3.327268832179050007e-01 -3.338635267871798429e-01 -3.345797681819940861e-01
-6.873873584496863476e-01 -6.875243828802808377e-01 -6.886777512004004231e-01
-9.611051802548667977e-01 -9.609327371751994473e-01 -9.610856469455980600e-01
-1.177678706821516874e+00 -1.177359311761091876e+00 -1.177663638586291306e+00
-1.226003197872230110e+00 -1.225797497814270276e+00 -1.226204816864402192e+00
-1.130402692221581518e+00 -1.129739955022644349e+00 -1.129551540408460397e+00
-9.466792884552602816e-01 -9.457861946507457596e-01 -9.464481724051605482e-01
-6.850488857898429096e-01 -6.859435610990372023e-01 -6.856022031563754338e-01
-3.021788263523278451e-01 -3.013582021018000323e-01 -3.014566063853292288e-01
-3.046119902323552245e-02 -3.013426474590430448e-02 -3.000274116652471360e-02
-5.677595106760665103e-03 0.000000000000000000e+00 -4.788246996079556853e-03
-2.735388066705397338e-03 -3.277222392701550305e-03 -5.969894259471925611e-03
-1.084906343737553763e-02 -6.289461104430110056e-03 -6.534603082112313416e-03
0.000000000000000000e+00 0.000000000000000000e+00 0.000000000000000000e+00
0.000000000000000000e+00 0.000000000000000000e+00 0.000000000000000000e+00
-1.901546856961848324e-03 -6.335598631324798440e-03 0.000000000000000000e+00
-5.266959514172163924e-03 0.000000000000000000e+00 0.000000000000000000e+00
-5.785029983058099894e-03 -1.343991316395617714e-03 -5.840135931898705543e-03
-4.678877150655427926e-03 -2.028709933832144059e-03 0.000000000000000000e+00
-5.707611667627730465e-03 -1.045427011484661647e-02 -5.863394300478171929e-03
-6.769415136710307812e-02 -6.752932201540504109e-02 -6.672853572548216594e-02
-3.006369211618972748e-01 -3.008010628132540831e-01 -2.996013292086635027e-01
-5.290814753236549040e-01 -5.302809416627860539e-01 -5.294666293010305003e-01
-6.728528523078222134e-01 -6.735655616162773418e-01 -6.730060812581279972e-01
-7.285129017957804320e-01 -7.286423081477960695e-01 -7.283886178859778626e-01
-6.810818880222752059e-01 -6.820203631313614956e-01 -6.811614846744221685e-01
-5.242591646523214743e-01 -5.236703172622544367e-01 -5.238608240086632950e-01
-2.683343185676638765e-01 -2.675678043455733124e-01 -2.678384269466209666e-01
-4.521981096297716246e-02 -4.607348152375667638e-02 -4.556949159375686675e-02
-5.303740972226182737e-03 0.000000000000000000e+00 0.000000000000000000e+00
-3.013541989806417173e-03 0.000000000000000000e+00 -4.000325098628688437e-03
0.000000000000000000e+00 0.000000000000000000e+00 0.000000000000000000e+00
-3.407714405365159897e-03 -6.541082598338656545e-03 0.000000000000000000e+00
0.000000000000000000e+00 0.000000000000000000e+00 0.000000000000000000e+00
0.000000000000000000e+00 0.000000000000000000e+00 0.000000000000000000e+00
-1.417964276858882031e-02 -1.275516626650530921e-02 -7.614815893535766683e-03
-3.477751856590259507e-03 -5.285593208689058110e-03 0.000000000000000000e+00
-2.352240835667210577e-03 -1.468540766551524115e-02 -6.590724748814908579e-03
-4.876733488924557373e-03 -4.743193124279780626e-03 -5.247258972586394538e-03
-2.308330446885204987e-03 -1.454378943032274066e-02 -6.893271688735580147e-03
-6.387109275874715622e-03 -3.022538255123301786e-03 -7.662563266474460393e-03
-4.321504544569160916e-02 -4.269632562870376291e-02 -4.360138784109832827e-02
-2.084438310968589336e-01 -2.077569826800113872e-01 -2.084623913038638476e-01
-3.353467867879252329e-01 -3.357487967321589051e-01 -3.356799608458782558e-01
-3.681501289562103540e-01 -3.627321549862534966e-01 -3.624853322605819939e-01
-3.338688009690600755e-01 -3.330306196472225255e-01 -3.339471538609803947e-01
-1.750906413299034015e-01 -1.748675022648507049e-01 -1.751448022513826530e-01
-3.967955123131611944e-02 -3.877727434222121017e-02 -3.954836361602587225e-02
-2.624054850955065757e-03 -8.577417068246004708e-03 -3.021775878441003080e-03
-3.611687126852789701e-03 -4.328829800824046149e-03 -5.040925386601861555e-03
-5.572321424658846153e-03 0.000000000000000000e+00 0.000000000000000000e+00
-3.791924673954387860e-03 -5.904140530267586347e-03 0.000000000000000000e+00
-1.780419987066675673e-03 -5.189796741061837755e-03 -5.897983084393566659e-03
0.000000000000000000e+00 0.000000000000000000e+00 0.000000000000000000e+00
0.000000000000000000e+00 0.000000000000000000e+00 0.000000000000000000e+00
-2.513407677887679204e-03 -1.225642495464343215e-02 -2.832751906753520031e-03
-3.914028836779799916e-03 0.000000000000000000e+00 0.000000000000000000e+00
-5.274207690109709336e-03 -2.070651772896531673e-03 -5.267088538814667861e-03
-6.208230096320111087e-03 -5.609536814376489891e-03 -1.062372046980230092e-02
-1.010634063788993196e-02 -5.815292011034355404e-03 0.000000000000000000e+00
-9.476943682454726237e-03 -8.496431986898218131e-03 -4.669079328604423644e-03
-5.038167873384934332e-03 -7.969971947961500269e-03 -4.184861826783277047e-03
-2.822560545944159324e-02 -2.873886131341667899e-02 -2.774002039892870669e-02
-7.106120819513613018e-02 -7.057590443329216090e-02 -7.016223868041118750e-02
-9.646820218361572274e-02 -9.664993332689852945e-02 -9.571658203449028013e-02
-6.325077078649417317e-02 -6.369525952118980372e-02 -6.283755241101675326e-02
-2.772043300016760817e-02 -2.710009170411567525e-02 -2.665264394215313346e-02
-1.332282535494343917e-02 -8.754926111130536745e-03 -9.071170915641489640e-03
0.000000000000000000e+00 0.000000000000000000e+00 0.000000000000000000e+00
-9.118743165687852661e-03 -1.111968182270304910e-02 -8.186384145388468300e-03
-3.753443666738999918e-03 -5.227474989519170778e-03 -5.035216080468610418e-03
-4.666939873483178305e-03 -5.237012794210787504e-03 0.000000000000000000e+00
-4.134438787935052970e-03 -3.999372068283796322e-03 0.000000000000000000e+00
0.000000000000000000e+00 0.000000000000000000e+00 0.000000000000000000e+00
0.000000000000000000e+00 0.000000000000000000e+00 0.000000000000000000e+00
-4.542906351631853176e-03 0.000000000000000000e+00 0.000000000000000000e+00
-4.517370016353728854e-03 -3.228169246640099320e-03 0.000000000000000000e+00
-5.457489011208108490e-03 -6.276444279296039368e-03 0.000000000000000000e+00
-9.264287108311834718e-03 -9.898820812723030382e-03 -8.162976746602219891e-03
-6.953360040544203854e-03 0.000000000000000000e+00 0.000000000000000000e+00
-1.080445097508595138e-02 -6.141353852576104770e-03 -6.317161647639108098e-03
-5.577631717655265504e-03 -4.803216429346050809e-03 -4.162482159111594894e-03
-9.590545992488184318e-03 -1.094795756829881894e-02 -1.126916166866321484e-02
-1.662343612261859421e-02 -1.815973333770799086e-02 -1.710955508633380667e-02
-2.232771679968394846e-02 -2.284817297727201324e-02 -2.195962025570418613e-02
-2.649099402094736572e-02 -2.601693470665107297e-02 -2.581840001828349454e-02
-1.051256063845569348e-02 -9.998524791773015161e-03 -1.246739346214109818e-02
-5.591098943769868754e-03 -5.843983750919144217e-03 0.000000000000000000e+00
-9.693860429414554586e-03 -6.135291716916623471e-03 -6.060555212675816650e-03
-4.517012920762353452e-03 0.000000000000000000e+00 0.000000000000000000e+00
-5.275385228211506607e-03 -6.061278314344688105e-03 -7.415295840406029189e-03
-9.051531567124123517e-03 -4.644597751833133385e-03 -6.653972658087193431e-03
0.000000000000000000e+00 0.000000000000000000e+00 0.000000000000000000e+00
0.000000000000000000e+00 0.000000000000000000e+00 0.000000000000000000e+00
0.000000000000000000e+00 0.000000000000000000e+00 0.000000000000000000e+00
-5.897035549910709107e-03 0.000000000000000000e+00 0.000000000000000000e+00
-6.620144274242293486e-03 0.000000000000000000e+00 -4.763273703630521196e-03
-4.584806531088689817e-03 -5.242742210208276889e-03 0.000000000000000000e+00
0.000000000000000000e+00 0.000000000000000000e+00 0.000000000000000000e+00
-1.545668034929586522e-02 -3.527075204056524024e-03 0.000000000000000000e+00
-1.048883641675970799e-02 -4.396069048601252208e-03 -4.507445167241952606e-03
-5.226309327729056729e-03 0.000000000000000000e+00 -9.625447553824249131e-03
0.000000000000000000e+00 0.000000000000000000e+00 0.000000000000000000e+00
-2.528796847639507017e-03 -5.706519756773617037e-03 0.000000000000000000e+00
-8.397993876030886151e-03 -7.376723429515838655e-03 -8.009518405947615993e-03
-9.982030190292010691e-03 -9.181438449483946690e-03 -9.511924482638415071e-03
-1.002698110899999905e-03 0.000000000000000000e+00 -2.950660185318354327e-03
-4.445109970396678850e-03 -5.626453491746674640e-03 -6.591042963852706063e-03
-3.897177173637873544e-03 -2.718879912613015107e-03 -6.112965896998082301e-03
-8.525296690586285989e-03 -9.635835249841549072e-03 -5.472268355729745758e-03
-7.447279324546984131e-03 -8.000374643665297478e-03 -8.657900945854918318e-03
0.000000000000000000e+00 0.000000000000000000e+00 0.000000000000000000e+00
-4.896053329435102498e-03 -5.412101657114588328e-03 0.000000000000000000e+00
0.000000000000000000e+00 0.000000000000000000e+00 0.000000000000000000e+00
0.000000000000000000e+00 0.000000000000000000e+00 0.000000000000000000e+00
0.000000000000000000e+00 0.000000000000000000e+00 0.000000000000000000e+00
0.000000000000000000e+00 0.000000000000000000e+00 -2.291459713846018785e-03
-4.080360376638832859e-03 -4.993336898426879028e-03 0.000000000000000000e+00
-3.789537016481221710e-03 -3.079098334956729185e-03 0.000000000000000000e+00
-5.904252590528192776e-03 0.000000000000000000e+00 -1.928932955969156005e-03
-4.649764845001655260e-03 -5.754760629406410928e-03 -6.137293236195808833e-03
0.000000000000000000e+00 -4.463826150797927696e-03 0.000000000000000000e+00
-3.288411611304463845e-03 0.000000000000000000e+00 -4.156717460733615199e-03
-3.093823629430398313e-03 -5.818216984877835722e-03 0.000000000000000000e+00
0.000000000000000000e+00 0.000000000000000000e+00 0.000000000000000000e+00
-5.218028882369638716e-03 0.000000000000000000e+00 -1.815695997178598574e-03
-3.160167917775646030e-03 0.000000000000000000e+00 0.000000000000000000e+00
0.000000000000000000e+00 0.000000000000000000e+00 -3.980452429797378885e-03
0.000000000000000000e+00 0.000000000000000000e+00 0.000000000000000000e+00
-5.936995396156401553e-03 0.000000000000000000e+00 -5.343375151596744740e-03
-1.226529899593786256e-03 -3.365177075393143129e-03 -4.037845839660155617e-03
-8.001006228738021323e-03 -1.184943450139094509e-02 -6.110864406873763553e-03
-4.673337050760350414e-03 -6.338795763527992934e-03 -3.542893640259045952e-03
0.000000000000000000e+00 0.000000000000000000e+00 0.000000000000000000e+00
0.000000000000000000e+00 0.000000000000000000e+00 0.000000000000000000e+00
0.000000000000000000e+00 0.000000000000000000e+00 0.000000000000000000e+00
0.000000000000000000e+00 0.000000000000000000e+00 0.000000000000000000e+00
0.000000000000000000e+00 0.000000000000000000e+00 0.000000000000000000e+00
0.000000000000000000e+00 0.000000000000000000e+00 0.000000000000000000e+00
0.000000000000000000e+00 0.000000000000000000e+00 0.000000000000000000e+00
0.000000000000000000e+00 0.000000000000000000e+00 0.000000000000000000e+00
0.000000000000000000e+00 0.000000000000000000e+00 0.000000000000000000e+00
0.000000000000000000e+00 0.000000000000000000e+00 0.000000000000000000e+00
0.000000000000000000e+00 0.000000000000000000e+00 0.000000000000000000e+00
0.000000000000000000e+00 0.000000000000000000e+00 0.000000000000000000e+00
0.000000000000000000e+00 0.000000000000000000e+00 0.000000000000000000e+00
0.000000000000000000e+00 0.000000000000000000e+00 0.000000000000000000e+00
0.000000000000000000e+00 0.000000000000000000e+00 0.000000000000000000e+00
0.000000000000000000e+00 0.000000000000000000e+00 0.000000000000000000e+00
0.000000000000000000e+00 0.000000000000000000e+00 0.000000000000000000e+00
0.000000000000000000e+00 0.000000000000000000e+00 0.000000000000000000e+00
0.000000000000000000e+00 0.000000000000000000e+00 0.000000000000000000e+00
0.000000000000000000e+00 0.000000000000000000e+00 0.000000000000000000e+00
0.000000000000000000e+00 0.000000000000000000e+00 0.000000000000000000e+00
