0.000000000000000000e+00 0.000000000000000000e+00 0.000000000000000000e+00
0.000000000000000000e+00 0.000000000000000000e+00 0.000000000000000000e+00
-1.991657242177822695e+00 0.000000000000000000e+00 0.000000000000000000e+00
-9.411811937867049949e+00 -9.458166604341521122e+00 -9.456444068222115362e+00
-9.896496652557461360e+00 -9.893873808409987092e+00 -9.892031723648551989e+00
-9.913987967385752498e+00 -9.903794604255910627e+00 -9.904998161797115230e+00
-9.906559589319375192e+00 -9.909201514960329860e+00 -9.941924929468772376e+00
-9.792961810744019502e+00 -9.937051799499071691e+00 -9.816842566763442690e+00
-9.825586990231208517e+00 -9.820506859635354857e+00 -9.947997734164104600e+00
-9.917950014233587908e+00 -9.860053415652915376e+00 -9.738156128598479455e+00
-9.926034410584486878e+00 -9.922119080869844510e+00 -9.918957650904724588e+00
-9.920176362488280830e+00 -9.914563010875092175e+00 -9.918065374860976391e+00
-9.887509619547323325e+00 -9.896822884010498811e+00 -9.890405972446600913e+00
-1.999194674879366307e+00 0.000000000000000000e+00 0.000000000000000000e+00
0.000000000000000000e+00 0.000000000000000000e+00 -3.378355778288461231e+00
-1.990442210163083203e+00 -1.999336922988897092e+00 0.000000000000000000e+00
-1.427534965304768422e+00 -1.998087566641293833e+00 0.000000000000000000e+00
0.000000000000000000e+00 0.000000000000000000e+00 0.000000000000000000e+00
-1.998759505225133459e+00 0.000000000000000000e+00 0.000000000000000000e+00
0.000000000000000000e+00 0.000000000000000000e+00 0.000000000000000000e+00
0.000000000000000000e+00 0.000000000000000000e+00 0.000000000000000000e+00
-1.951816609233708366e+00 -1.995294343543406290e+00 0.000000000000000000e+00
-1.807686558388323039e+00 -4.588760365790973239e+00 -3.549398296600387859e+00
-9.828800995168428756e+00 -9.835749959145340782e+00 -9.839163705428479290e+00
-9.896339715517422420e+00 -9.891653561214587498e+00 -9.897260484908590783e+00
-9.882792047579865624e+00 -9.951614021913593788e+00 -9.885755658955382330e+00
-9.912128788302279503e+00 -9.860985518891608237e+00 -9.901156431978609618e+00
-9.823305736703506597e+00 -9.918323678448965453e+00 -9.948218644897924179e+00
-9.876764173070430530e+00 -9.816146197003487117e+00 -9.886114072654539342e+00
-9.807554819151063086e+00 -9.767201441170900722e+00 -9.855191342279940869e+00
-9.747349376951111921e+00 -9.782132935350411174e+00 -9.761500648632894794e+00
-9.852572017071317134e+00 -9.868630353189079329e+00 -9.858842082393865169e+00
-9.937758838351657076e+00 -9.935797045817446715e+00 -9.933664221464109545e+00
-9.923932708670381686e+00 -9.923508668455824022e+00 -9.924548525365272766e+00
-5.613856069714625363e+00 -5.744914725103162922e+00 -4.793042742326784733e+00
-3.596950941095220955e+00 -1.999792297894988025e+00 -1.999148486535986979e+00
0.000000000000000000e+00 0.000000000000000000e+00 0.000000000000000000e+00
-3.597409391646976040e+00 -4.802558931729733693e+00 -3.597215425440031922e+00
-3.598979040039031130e+00 -1.999356518422411133e+00 -3.597179931906355321e+00
0.000000000000000000e+00 0.000000000000000000e+00 0.000000000000000000e+00
0.000000000000000000e+00 0.000000000000000000e+00 0.000000000000000000e+00
-1.951204841114082544e+00 -1.997097914198307622e+00 -1.998673056315050323e+00
-9.076044924872606501e+00 -9.194596418678472105e+00 -9.211661701868502306e+00
-9.848521129722252354e+00 -9.860019719069146760e+00 -9.889989129575857518e+00
-9.913975622224539208e+00 -9.903151349773319012e+00 -9.925792682493185026e+00
-9.898901958744140472e+00 -9.921660961755106811e+00 -9.915662479589929745e+00
-9.961484687905656443e+00 -9.929371799044448110e+00 -9.886944340157434397e+00
-9.869196319711912579e+00 -9.912730894450248798e+00 -9.924797064211473341e+00
-9.957412303004616660e+00 -9.963860729792461512e+00 -9.929636008026378136e+00
-9.958151917957440702e+00 -9.952511060714329005e+00 -9.944525818889907498e+00
-9.947456552019392717e+00 -9.945417988635377071e+00 -9.935200593908819044e+00
-9.923319998016291166e+00 -9.944812411505925098e+00 -9.925454953590389096e+00
-9.886853216501622299e+00 -9.886678014710437168e+00 -9.891552283092915232e+00
-9.919759123075429841e+00 -9.919864633592215597e+00 -9.920366822540685803e+00
-9.914674337834773254e+00 -9.915411054690862258e+00 -9.915482639664388032e+00
-6.643708843276065146e+00 -7.057090064906116567e+00 -6.395724101689204133e+00
0.000000000000000000e+00 0.000000000000000000e+00 0.000000000000000000e+00
-1.999231358653831281e+00 -1.923204795032680714e+00 -4.875314248669239348e+00
0.000000000000000000e+00 0.000000000000000000e+00 0.000000000000000000e+00
0.000000000000000000e+00 0.000000000000000000e+00 0.000000000000000000e+00
0.000000000000000000e+00 0.000000000000000000e+00 0.000000000000000000e+00
-1.996046864767097917e+00 -1.999489654351764401e+00 -1.999357020913759442e+00
-9.653735623307307279e+00 -9.637972353460250829e+00 -9.676702839163132452e+00
-9.886745063855142845e+00 -9.900107307168815041e+00 -9.895079932187838878e+00
-9.953553319455098247e+00 -9.953030795376573536e+00 -9.919645575335705345e+00
-9.963323611986474759e+00 -9.922945775314486738e+00 -9.961397244016275465e+00
-9.960357254301690944e+00 -9.957811401808740470e+00 -9.925424149382905625e+00
-9.968148300019178620e+00 -9.966876376934632020e+00 -9.964619299261462615e+00
-9.971746589080169088e+00 -9.973340878710224899e+00 -9.966392671403886183e+00
-9.971599442813529279e+00 -9.968530944367502755e+00 -9.974099730652421059e+00
-9.965130499097261563e+00 -9.967884222593641041e+00 -9.965884610909260033e+00
-9.959135712357417347e+00 -9.950266290000234548e+00 -9.957809502996736839e+00
-9.938382173328687230e+00 -9.946525767007607044e+00 -9.937320661126163301e+00
-9.892987048887190937e+00 -9.901730036015258918e+00 -9.890599377346227072e+00
-9.912658064578293349e+00 -9.911496921344875588e+00 -9.911132854249302682e+00
-9.905815898078369486e+00 -9.906596841916485374e+00 -9.907630687830838667e+00
-1.911002396714251761e+00 0.000000000000000000e+00 -1.974431273100986317e+00
-3.547484288455495793e+00 -1.972299609327296643e+00 0.000000000000000000e+00
-1.998628288712645418e+00 -1.999346324458072033e+00 0.000000000000000000e+00
-1.999438364342634777e+00 0.000000000000000000e+00 0.000000000000000000e+00
0.000000000000000000e+00 0.000000000000000000e+00 0.000000000000000000e+00
-1.992108037481033822e+00 -1.995361305019556220e+00 -1.999117235123735625e+00
-9.786870318315157746e+00 -9.717118079242544226e+00 -9.786092420728994767e+00
-9.906849683602336754e+00 -9.901764385859854301e+00 -9.906453479152828479e+00
-9.968569345762329448e+00 -9.962882310578486056e+00 -9.932736268825866688e+00
-9.968525799232955009e+00 -9.960075103498848392e+00 -9.969208576873343830e+00
-9.978189136232472833e+00 -9.967964042254839896e+00 -9.976874835464101920e+00
-9.977142855986288694e+00 -9.980802663273992792e+00 -9.976807189155698197e+00
-9.984221512555278011e+00 -9.980949032413931832e+00 -9.984457590398436722e+00
-9.982278809707500145e+00 -9.982505662280576786e+00 -9.980079312177666750e+00
-9.982919552524737838e+00 -9.978302611017985768e+00 -9.984576874050773654e+00
-9.970938934599169912e+00 -9.974824681497075574e+00 -9.969613978624117578e+00
-9.960990866244049613e+00 -9.961742582629254272e+00 -9.953771599376866064e+00
-9.940828637305509474e+00 -9.948660857935626822e+00 -9.926191096737955633e+00
-9.872025103394731715e+00 -9.876930769837469981e+00 -9.873127019178456365e+00
-9.910569197622256965e+00 -9.906039853925623362e+00 -9.911553787963603313e+00
-9.832322424182208920e+00 -9.817915006146019863e+00 -9.799458107272986496e+00
-1.992248395384592641e+00 -1.999135652851439904e+00 -1.999393871719230775e+00
-1.998564395976752950e+00 -4.867088114316087122e+00 -1.999415848769663828e+00
0.000000000000000000e+00 0.000000000000000000e+00 0.000000000000000000e+00
0.000000000000000000e+00 0.000000000000000000e+00 0.000000000000000000e+00
-1.976545905718187557e+00 -1.985553502999076958e+00 -1.698579677848433223e+00
-9.764480638761474651e+00 -9.819774168875460063e+00 -9.807048531639763311e+00
-9.912410171612096477e+00 -9.920794521433554891e+00 -9.959381589151554692e+00
-9.962577283062440614e+00 -9.966981188853562657e+00 -9.972426489913242875e+00
-9.972245682714584447e+00 -9.973873707232412400e+00 -9.975239045757160028e+00
-9.982826673054914224e+00 -9.981383433466989530e+00 -9.985379692066119972e+00
-9.984339547768010803e+00 -9.989508243523783193e+00 -9.990817184044690435e+00
-9.993699746914545656e+00 -9.993727048603362917e+00 -9.991975752189659943e+00
-9.993870910295669319e+00 -9.994028275765121094e+00 -9.993517065638334529e+00
-9.993688129247585650e+00 -9.993696623979186455e+00 -9.993195348602730732e+00
-9.992575551912443288e+00 -9.993541711911749559e+00 -9.992039144816549978e+00
-9.979874233301119446e+00 -9.969560286208377420e+00 -9.980355173741900288e+00
-9.962875873862078180e+00 -9.964214912471712537e+00 -9.940373747138012916e+00
-9.934000223227616999e+00 -9.929655635953334780e+00 -9.918344270329582102e+00
-9.902748519631257906e+00 -9.900294233906532071e+00 -9.902710249487601146e+00
-9.910596814502106611e+00 -9.909237557478544289e+00 -9.909554479926852011e+00
-4.218800347987042620e+00 -4.295656690067092498e+00 -1.992611774125804702e+00
-3.593779962160103203e+00 -3.590591921296301781e+00 -1.996893482073017756e+00
0.000000000000000000e+00 0.000000000000000000e+00 0.000000000000000000e+00
0.000000000000000000e+00 0.000000000000000000e+00 0.000000000000000000e+00
-3.960000000000000187e-01 -2.159388128620701508e+00 -4.443021133133315814e+00
-9.798667120837192712e+00 -9.818436116540413039e+00 -9.835474833512975579e+00
-9.917018158185177512e+00 -9.925940748561023597e+00 -9.917540321644521484e+00
-9.965960737904921984e+00 -9.974949584982660156e+00 -9.974402619348655463e+00
-9.978436452883221008e+00 -9.982474799495108186e+00 -9.982141898574850458e+00
-9.984528003026214904e+00 -9.986207152178030455e+00 -9.986676900395746515e+00
-9.989680835398722536e+00 -9.992291710613791622e+00 -9.991389565067104073e+00
-9.996466667254471972e+00 -9.995047759340801363e+00 -9.996832419361862065e+00
-9.999165325158875461e+00 -9.999180620611287651e+00 -9.999186761570650006e+00
-9.999482016420806474e+00 -9.999379084905715587e+00 -9.999488387604635875e+00
-9.997328764711314264e+00 -9.997337893684729693e+00 -9.996460348119487804e+00
-9.994127991221526841e+00 -9.994097897861822233e+00 -9.994247437881668361e+00
-9.981048874970122498e+00 -9.983554933124166197e+00 -9.967134423865857684e+00
-9.954161191796677244e+00 -9.944604839354594716e+00 -9.942797157929076590e+00
-9.886480969473531388e+00 -9.886107510173077983e+00 -9.891810372210446900e+00
-9.912100236014246946e+00 -9.911787806750997021e+00 -9.912985037301483615e+00
-9.517966328923959551e+00 -9.509026176446102596e+00 -9.503078723430045116e+00
-3.595630403567867894e+00 -3.454620310514159076e+00 -1.998605879770177340e+00
0.000000000000000000e+00 0.000000000000000000e+00 0.000000000000000000e+00
0.000000000000000000e+00 0.000000000000000000e+00 0.000000000000000000e+00
-1.993118460176987572e+00 -1.997672000410041449e+00 -1.999081812250514067e+00
-9.810781387824770050e+00 -9.811576730874545405e+00 -9.806715777645930388e+00
-9.908288950456256572e+00 -9.910135260135948698e+00 -9.914105625544255673e+00
-9.946555295281779507e+00 -9.968949858208626225e+00 -9.973926468076973251e+00
-9.964716105926523682e+00 -9.978630102619266751e+00 -9.979848012725918593e+00
-9.987715200889866196e+00 -9.988624845163514010e+00 -9.988365452990629834e+00
-9.991420316445605465e+00 -9.992373235242858698e+00 -9.992031803104232779e+00
-9.995084569214387926e+00 -9.996765452596504176e+00 -9.996830841170092796e+00
-9.998545827545115117e+00 -9.998529092111036576e+00 -9.999204612975512774e+00
-9.999511764879882136e+00 -9.999662643652188265e+00 -9.998847490838315366e+00
-9.998685694276437275e+00 -9.998600112983270449e+00 -9.998460102776849823e+00
-9.996801037038673954e+00 -9.996834108739518499e+00 -9.994675218507527603e+00
-9.991185909463034420e+00 -9.989729183843587990e+00 -9.986144271350925194e+00
-9.966524686963246893e+00 -9.964760093802604857e+00 -9.961654755562232566e+00
-9.900648182023793709e+00 -9.901880687133235881e+00 -9.888510628070234176e+00
-9.908414465924744619e+00 -9.912592137657606273e+00 -9.909951958617618573e+00
-9.621253428492925863e+00 -9.673205456150050452e+00 -9.645237437782103740e+00
0.000000000000000000e+00 -3.496124741239294398e+00 0.000000000000000000e+00
0.000000000000000000e+00 0.000000000000000000e+00 -1.946415630183977674e+00
0.000000000000000000e+00 0.000000000000000000e+00 0.000000000000000000e+00
-1.993641900727815219e+00 0.000000000000000000e+00 0.000000000000000000e+00
-9.783966252382288786e+00 -9.782083026850692420e+00 -9.788581268779500633e+00
-9.886789504293133746e+00 -9.896590346699897012e+00 -9.890685215378072215e+00
-9.945426524752116748e+00 -9.915354124023268767e+00 -9.960368274979273906e+00
-9.960296327907837366e+00 -9.979560333553267881e+00 -9.977850342204508394e+00
-9.986880918682244257e+00 -9.987424314543121184e+00 -9.987387100700127363e+00
-9.991660197187446357e+00 -9.991897551973057290e+00 -9.993135832437470611e+00
-9.995047333400780332e+00 -9.995174959404574011e+00 -9.994960507140508099e+00
-9.997301295258470333e+00 -9.997926078631959257e+00 -9.997936568936584223e+00
-9.998057045986074698e+00 -9.998027522574858494e+00 -9.998132991895676724e+00
-9.997918693991953987e+00 -9.997877965253847421e+00 -9.997870524656919500e+00
-9.996848127434578402e+00 -9.996139773227522340e+00 -9.996826954011764244e+00
-9.990844285049060858e+00 -9.990841746921640620e+00 -9.990496442232677410e+00
-9.975091772964024273e+00 -9.974840188922117434e+00 -9.968838540406652626e+00
-9.918408829367155732e+00 -9.918626987903479630e+00 -9.923054975568618374e+00
-9.916329955983925970e+00 -9.907861619102936501e+00 -9.898597771216028463e+00
-9.633508335229722164e+00 -9.570806720040721416e+00 -9.574709864124608671e+00
-1.999405590211763339e+00 0.000000000000000000e+00 0.000000000000000000e+00
0.000000000000000000e+00 0.000000000000000000e+00 0.000000000000000000e+00
0.000000000000000000e+00 0.000000000000000000e+00 0.000000000000000000e+00
-1.999656848849663549e+00 -1.999685145609320536e+00 0.000000000000000000e+00
-9.168671807392003714e+00 -9.070457551750937597e+00 -9.195214604206897846e+00
-9.647246834309106234e+00 -9.849047507785122946e+00 -9.854774668858311770e+00
-9.866744325614938305e+00 -9.914028068578067732e+00 -9.876920667955216615e+00
-9.973369016518645935e+00 -9.973112407630917886e+00 -9.940693565212898264e+00
-9.978619347650441895e+00 -9.981077884510209941e+00 -9.980776402450203477e+00
-9.986612059378138895e+00 -9.989541739721513380e+00 -9.988114167224832585e+00
-9.994273486568253873e+00 -9.993855761559681028e+00 -9.994286868880543295e+00
-9.995404188227688280e+00 -9.996136916441832554e+00 -9.995599607914414264e+00
-9.996375039871857382e+00 -9.996223664821604515e+00 -9.996382110972858115e+00
-9.995912242594185315e+00 -9.996760546757034405e+00 -9.996793560229701114e+00
-9.994448153744466268e+00 -9.994895788550405058e+00 -9.993352483703418443e+00
-9.989189946626364502e+00 -9.989691725915035292e+00 -9.988883788636803374e+00
-9.969574862309645624e+00 -9.973403215624252027e+00 -9.960939648141909686e+00
-9.938221460110744587e+00 -9.930317665795485027e+00 -9.931445648908995949e+00
-9.909791095597698884e+00 -9.915808438663024305e+00 -9.901495915015582128e+00
-9.613211269722460983e+00 -9.635469504843875654e+00 -9.597553745458835550e+00
-3.592680160616040119e+00 -3.597224523898545634e+00 -4.875734166163304018e+00
0.000000000000000000e+00 0.000000000000000000e+00 0.000000000000000000e+00
0.000000000000000000e+00 0.000000000000000000e+00 0.000000000000000000e+00
-1.999199161137131586e+00 -1.999146675057518197e+00 -1.998897009544172265e+00
-1.449163799020523502e+00 0.000000000000000000e+00 -1.894444834171995273e+00
-9.764738988353938609e+00 -9.733494939141609237e+00 -9.792896103462096491e+00
-9.861341165643379369e+00 -9.857128481771425754e+00 -9.858437872448440942e+00
-9.879138175769394792e+00 -9.956438668677311199e+00 -9.910038615469160206e+00
-9.948147876403892198e+00 -9.979575936696456040e+00 -9.975485754089474355e+00
-9.979874740789501431e+00 -9.977903967884383718e+00 -9.980443953856594774e+00
-9.987666274355159857e+00 -9.987151789139852909e+00 -9.987352886648166006e+00
-9.989738248088480432e+00 -9.990747051193272554e+00 -9.990823359224258127e+00
-9.991182511637829222e+00 -9.990988655798718199e+00 -9.991161160132145724e+00
-9.992001941180012281e+00 -9.991860041583144891e+00 -9.991927773765864274e+00
-9.989772955349208061e+00 -9.989679264248556123e+00 -9.989698216358263494e+00
-9.982983530533495298e+00 -9.970976424406948979e+00 -9.981401317004600315e+00
-9.962671007772813780e+00 -9.958314854508381941e+00 -9.958460067587122211e+00
-9.944737010613389216e+00 -9.940922086688962267e+00 -9.940730770431638774e+00
-9.901822570666427126e+00 -9.901998072164767351e+00 -9.847614073514046495e+00
-9.343152020823161763e+00 -9.377533395267230176e+00 -9.333957771540314141e+00
-1.999604957164523134e+00 -1.999723144065265634e+00 -1.978205380270037228e+00
0.000000000000000000e+00 0.000000000000000000e+00 0.000000000000000000e+00
0.000000000000000000e+00 0.000000000000000000e+00 0.000000000000000000e+00
-1.866894656200259961e+00 -1.999364444519953210e+00 0.000000000000000000e+00
-1.997490927535249927e+00 -3.597301907216923667e+00 -1.998061241661140741e+00
-8.754923399168076159e+00 -8.631606010672781437e+00 -8.360321724042822922e+00
-9.779520448005566635e+00 -9.787729808234717055e+00 -9.787289719555724687e+00
-9.847114177346611541e+00 -9.836627621007144384e+00 -9.838089659076750593e+00
-9.852895786445056814e+00 -9.887646756588013730e+00 -9.941179891546447323e+00
-9.941136451902568894e+00 -9.967841978489854426e+00 -9.968920486659701652e+00
-9.969390570382991257e+00 -9.977717395933266786e+00 -9.976182677033220259e+00
-9.977740493697929480e+00 -9.981945722248253716e+00 -9.980515871286172569e+00
-9.982505163134705484e+00 -9.984127521974789587e+00 -9.983166950787358829e+00
-9.983240804410536740e+00 -9.981281635951935627e+00 -9.975261534300926769e+00
-9.981373705920558947e+00 -9.981590791879924041e+00 -9.978970656712384368e+00
-9.970622716811966768e+00 -9.972505199770813178e+00 -9.970010927914721321e+00
-9.955015272565439943e+00 -9.958476778480097380e+00 -9.959264651469787566e+00
-9.936162759696713920e+00 -9.938043717375999009e+00 -9.939795703897813084e+00
-9.709190889411233982e+00 -9.700233650888364423e+00 -9.733048439728912982e+00
-7.370782427673137072e+00 -7.763697092684616052e+00 -7.644581509177100997e+00
-3.522060122060731935e+00 -1.999179029492152315e+00 -1.999688515011199819e+00
0.000000000000000000e+00 0.000000000000000000e+00 0.000000000000000000e+00
0.000000000000000000e+00 0.000000000000000000e+00 0.000000000000000000e+00
-1.999397784234663966e+00 0.000000000000000000e+00 0.000000000000000000e+00
-1.997378696964775990e+00 0.000000000000000000e+00 0.000000000000000000e+00
-1.913805002867883687e+00 -1.997228178343357419e+00 -3.596744550897599701e+00
-9.675515900276407066e+00 -9.689472190486890568e+00 -9.675057652619493354e+00
-9.735597368853552425e+00 -9.787317121324440095e+00 -9.791456874800422483e+00
-9.853008729291337531e+00 -9.852449953264615701e+00 -9.853489954099211801e+00
-9.866948399882526033e+00 -9.876448785993455104e+00 -9.914688557209789366e+00
-9.894495453662935702e+00 -9.956756385086670491e+00 -9.942060980854240171e+00
-9.937519272516615487e+00 -9.967403867775209036e+00 -9.970860011679087975e+00
-9.966987885242524214e+00 -9.965555889714906357e+00 -9.969459820501173297e+00
-9.967268875497937941e+00 -9.970081457880745290e+00 -9.969601652104014278e+00
-9.969827563891742628e+00 -9.969796792699963106e+00 -9.968939460802879182e+00
-9.966775508281443763e+00 -9.967009628751796413e+00 -9.965814408068592201e+00
-9.957450997105720347e+00 -9.957777003925704307e+00 -9.952573851409056260e+00
-9.886037205540350925e+00 -9.879274406257836816e+00 -9.717214738843470201e+00
-9.239994829242597518e+00 -9.227957293554844398e+00 -9.280781015275447743e+00
-1.621128856094049331e+00 -1.999221865063305792e+00 -3.522133934769102304e+00
-1.998357308440279034e+00 -1.999469204151347768e+00 -1.995628058755045675e+00
0.000000000000000000e+00 0.000000000000000000e+00 0.000000000000000000e+00
0.000000000000000000e+00 0.000000000000000000e+00 0.000000000000000000e+00
-3.596313598823265956e+00 -1.999488564791696676e+00 0.000000000000000000e+00
-1.999196435773251013e+00 0.000000000000000000e+00 0.000000000000000000e+00
-3.591195656317688556e+00 -3.143068033331025912e+00 -1.933989917027641114e+00
-1.938002535318934294e+00 -1.526881092939417206e+00 -1.999260616234092680e+00
-9.770020847194521352e+00 -9.790101207118448556e+00 -9.783999648395754534e+00
-9.801418696025770316e+00 -9.856135416518888803e+00 -9.853312367669971650e+00
-9.876752026215443792e+00 -9.878922088152529923e+00 -9.866182960789261713e+00
-9.897740754047635647e+00 -9.903673995791896445e+00 -9.919903641876837597e+00
-9.911829196990026958e+00 -9.949527125390208226e+00 -9.933816249099711726e+00
-9.932896609697325019e+00 -9.954050013762284266e+00 -9.945915495710188736e+00
-9.953073494782394448e+00 -9.957101473282587989e+00 -9.961683718081006944e+00
-9.961066120078939434e+00 -9.966050281055466087e+00 -9.966085577889318259e+00
-9.961944517220610251e+00 -9.962204392386103891e+00 -9.939680845105812068e+00
-9.929672844463238945e+00 -9.931946502547686961e+00 -9.934016729432576298e+00
-9.500771079016468335e+00 -9.562044825602638909e+00 -9.460247874177367677e+00
-7.063993071443034566e+00 -7.158995605853654354e+00 -6.829403509785726634e+00
-1.999465780698106432e+00 -3.597968233229885904e+00 -3.497888469953100099e+00
-1.999639814635816748e+00 0.000000000000000000e+00 0.000000000000000000e+00
0.000000000000000000e+00 0.000000000000000000e+00 0.000000000000000000e+00
0.000000000000000000e+00 0.000000000000000000e+00 0.000000000000000000e+00
-1.999320808369462688e+00 -1.976211514043130890e+00 -1.999446710863334253e+00
-3.587615432736721566e+00 -4.793616730188335673e+00 -3.589046499503528054e+00
-1.998182579111026813e+00 -1.998909813547482095e+00 0.000000000000000000e+00
-3.598289327421219319e+00 0.000000000000000000e+00 0.000000000000000000e+00
-1.997426350142848195e+00 -3.260333594886065889e+00 0.000000000000000000e+00
-9.842856336466651257e+00 -9.828237002552057788e+00 -9.839498402913461561e+00
-9.853894696814460730e+00 -9.901037634381255614e+00 -9.885332648769342256e+00
-9.887674061826711380e+00 -9.916368980834116442e+00 -9.919148866944675902e+00
-9.928080323843209598e+00 -9.916154451374342926e+00 -9.931605788139362900e+00
-9.938009178133382804e+00 -9.945517533503018370e+00 -9.949506641538102159e+00
-9.951448209033420866e+00 -9.955281761735115253e+00 -9.957775624983007390e+00
-9.954742981877114261e+00 -9.961842948532899200e+00 -9.961729721462138087e+00
-9.938094643963609087e+00 -9.951820256712238688e+00 -9.902466329198524875e+00
-9.742421664652724189e+00 -9.744293301528534457e+00 -9.613323544891612116e+00
-9.023287092197492143e+00 -9.053351935218010738e+00 -8.226571118612655553e+00
-1.999066299048092077e+00 -1.622633792931738927e+00 0.000000000000000000e+00
-1.999425805620070440e+00 -1.999531512131509148e+00 0.000000000000000000e+00
-1.999488736121153964e+00 0.000000000000000000e+00 0.000000000000000000e+00
0.000000000000000000e+00 0.000000000000000000e+00 0.000000000000000000e+00
0.000000000000000000e+00 0.000000000000000000e+00 0.000000000000000000e+00
-1.999523018287645559e+00 -3.598225837160896390e+00 -1.999399640598999328e+00
-3.596741635190548791e+00 -1.998069306738757822e+00 -1.998462323408668029e+00
-1.982417971152830916e+00 -1.999524437491658535e+00 0.000000000000000000e+00
-3.589464494575644871e+00 0.000000000000000000e+00 -1.998567995490110993e+00
-1.996520972781195002e+00 -1.999295140554074868e+00 0.000000000000000000e+00
-3.337901325454505574e+00 -3.596904447721322118e+00 -2.364538687745783463e+00
-9.871454980519610345e+00 -9.870695439092671108e+00 -9.872440923041349237e+00
-9.910098181687240881e+00 -9.915568052157395229e+00 -9.916782013352824166e+00
-9.943184353973762768e+00 -9.937834209453166423e+00 -9.943344875765623314e+00
-9.951120467929653657e+00 -9.953868501308731354e+00 -9.953561578838568735e+00
-9.956678642042456673e+00 -9.958010062211691604e+00 -9.957789918444641231e+00
-9.947249246228318853e+00 -9.945304337439022646e+00 -9.947008679157743671e+00
-9.771242781564245306e+00 -9.821606184221060687e+00 -9.668619096497669929e+00
-9.360498538284835135e+00 -9.390481264550789575e+00 -9.355096841085076775e+00
-6.586542834018687564e+00 -5.955306111675121805e+00 -5.952599922667687338e+00
-1.996454901958331085e+00 -1.999425248505265929e+00 -1.974642644952023574e+00
-1.998041996384228192e+00 -1.999384559496421021e+00 -1.999507722604471516e+00
0.000000000000000000e+00 -3.598183986340640850e+00 -3.596491193228938066e+00
0.000000000000000000e+00 0.000000000000000000e+00 0.000000000000000000e+00
0.000000000000000000e+00 0.000000000000000000e+00 0.000000000000000000e+00
-1.986872013515434521e+00 -1.993182156542796735e+00 -3.559626630076984988e+00
-1.997203434211696660e+00 0.000000000000000000e+00 -3.546823580558055689e+00
-1.927405839705913948e+00 -1.995786436420880383e+00 -1.878076553762983991e+00
-4.855159308360781800e+00 -3.595798125996132466e+00 -3.252267659561351998e+00
-1.997887460837901585e+00 0.000000000000000000e+00 0.000000000000000000e+00
-3.592309113448703961e+00 -1.998745883662201850e+00 0.000000000000000000e+00
-3.530014702712142238e+00 -1.989448436866116943e+00 -3.598234562642244949e+00
-9.857316526445748295e+00 -9.866114842844078581e+00 -9.855420767939749638e+00
-9.919405904318047362e+00 -9.933868917063055193e+00 -9.933673933335368744e+00
-9.945627939654830385e+00 -9.897265999091162669e+00 -9.945223657592418220e+00
-9.926303649130920448e+00 -9.921496665400146853e+00 -9.921857082201086087e+00
-9.858974995461727175e+00 -9.862427674486125895e+00 -9.850265968814357009e+00
-9.654438169270557424e+00 -9.599016522217070246e+00 -9.368835448946301270e+00
-8.255351969996624462e+00 -8.218039587338770602e+00 -8.000137708283261873e+00
-3.487422593810932447e+00 -4.872801400031326224e+00 -2.158733882644238822e+00
-3.590919578163499715e+00 -3.598192983041836435e+00 -3.598711978919652221e+00
-1.999048478297310361e+00 -1.995675887849863051e+00 0.000000000000000000e+00
0.000000000000000000e+00 -1.994606874556007048e+00 0.000000000000000000e+00
0.000000000000000000e+00 0.000000000000000000e+00 0.000000000000000000e+00
0.000000000000000000e+00 0.000000000000000000e+00 0.000000000000000000e+00
-1.997286758722083055e+00 -1.920443063011361140e+00 0.000000000000000000e+00
-1.997762487016703226e+00 -1.999238060894530156e+00 -3.598617448604440661e+00
-3.573488021376186374e+00 -1.998970825563077369e+00 -1.996726759801538797e+00
-1.994042627482524921e+00 -3.597490273490625334e+00 -1.963855626874486449e+00
-1.999172298870414366e+00 0.000000000000000000e+00 -1.999705414987363872e+00
-1.997865940773570159e+00 -1.997982508221554543e+00 -1.999628306611260786e+00
-1.998650257090888394e+00 -1.999517670142351378e+00 0.000000000000000000e+00
-5.898983841903581826e+00 0.000000000000000000e+00 0.000000000000000000e+00
-9.641569486489014906e+00 -9.644272772153323459e+00 -9.638838825702832125e+00
-9.687054160880062881e+00 -9.749283325394809907e+00 -9.749129402643871956e+00
-9.759286337323185734e+00 -9.793241681992444825e+00 -9.791222880994324029e+00
-9.805542724078842198e+00 -9.805615378364802126e+00 -9.805430259076763022e+00
-9.440286930638478680e+00 -9.262432844281027755e+00 -8.815476778999858709e+00
-7.615492672140979913e+00 -6.981987516924951009e+00 -6.975270170771225686e+00
-1.582098105760684659e+00 -1.998597711139718847e+00 -1.999615261857190962e+00
-3.588925641754530549e+00 -1.999486538769525090e+00 0.000000000000000000e+00
-3.598176852534776149e+00 -1.999097628691957285e+00 0.000000000000000000e+00
-3.596910764880077771e+00 -3.597665029513532176e+00 -3.598399241113093616e+00
0.000000000000000000e+00 0.000000000000000000e+00 0.000000000000000000e+00
0.000000000000000000e+00 0.000000000000000000e+00 0.000000000000000000e+00
-1.998235047544965504e+00 -1.999629819290233090e+00 0.000000000000000000e+00
-1.999375109452815380e+00 0.000000000000000000e+00 0.000000000000000000e+00
-1.999314898444068067e+00 0.000000000000000000e+00 0.000000000000000000e+00
-1.965603390673747120e+00 0.000000000000000000e+00 0.000000000000000000e+00
0.000000000000000000e+00 0.000000000000000000e+00 0.000000000000000000e+00
-1.999804636156304882e+00 0.000000000000000000e+00 0.000000000000000000e+00
0.000000000000000000e+00 -1.987347203483556202e+00 -1.563878333810326149e+00
-1.731434352522970954e+00 -1.998345393897062783e+00 0.000000000000000000e+00
-3.533584081952360734e+00 0.000000000000000000e+00 0.000000000000000000e+00
0.000000000000000000e+00 0.000000000000000000e+00 0.000000000000000000e+00
-1.998854398539942068e+00 0.000000000000000000e+00 0.000000000000000000e+00
-1.998530196897683631e+00 0.000000000000000000e+00 0.000000000000000000e+00
-1.998839086746041049e+00 -1.994962030737042147e+00 0.000000000000000000e+00
-1.999125906861010327e+00 0.000000000000000000e+00 0.000000000000000000e+00
-1.999394069725012546e+00 0.000000000000000000e+00 0.000000000000000000e+00
0.000000000000000000e+00 0.000000000000000000e+00 0.000000000000000000e+00
-1.989588347877736085e+00 -1.772765135077447374e+00 0.000000000000000000e+00
-1.999399295260652298e+00 0.000000000000000000e+00 0.000000000000000000e+00
-1.999578442324176697e+00 0.000000000000000000e+00 0.000000000000000000e+00
0.000000000000000000e+00 0.000000000000000000e+00 0.000000000000000000e+00
0.000000000000000000e+00 0.000000000000000000e+00 0.000000000000000000e+00
0.000000000000000000e+00 0.000000000000000000e+00 0.000000000000000000e+00
0.000000000000000000e+00 0.000000000000000000e+00 0.000000000000000000e+00
0.000000000000000000e+00 0.000000000000000000e+00 0.000000000000000000e+00
0.000000000000000000e+00 0.000000000000000000e+00 0.000000000000000000e+00
0.000000000000000000e+00 0.000000000000000000e+00 0.000000000000000000e+00
0.000000000000000000e+00 0.000000000000000000e+00 0.000000000000000000e+00
0.000000000000000000e+00 0.000000000000000000e+00 0.000000000000000000e+00
0.000000000000000000e+00 0.000000000000000000e+00 0.000000000000000000e+00
0.000000000000000000e+00 0.000000000000000000e+00 0.000000000000000000e+00
0.000000000000000000e+00 0.000000000000000000e+00 0.000000000000000000e+00
0.000000000000000000e+00 0.000000000000000000e+00 0.000000000000000000e+00
0.000000000000000000e+00 0.000000000000000000e+00 0.000000000000000000e+00
0.000000000000000000e+00 0.000000000000000000e+00 0.000000000000000000e+00
0.000000000000000000e+00 0.000000000000000000e+00 0.000000000000000000e+00
0.000000000000000000e+00 0.000000000000000000e+00 0.000000000000000000e+00
0.000000000000000000e+00 0.000000000000000000e+00 0.000000000000000000e+00
0.000000000000000000e+00 0.000000000000000000e+00 0.000000000000000000e+00
0.000000000000000000e+00 0.000000000000000000e+00 0.000000000000000000e+00
