0.000000000000000000e+00 0.000000000000000000e+00 0.000000000000000000e+00
0.000000000000000000e+00 0.000000000000000000e+00 0.000000000000000000e+00
-2.960777001548737207e-03 0.000000000000000000e+00 0.000000000000000000e+00
0.000000000000000000e+00 0.000000000000000000e+00 0.000000000000000000e+00
-1.001901757364627096e-03 -1.518345875828254476e-03 0.000000000000000000e+00
-1.720735098203725680e-02 -1.580762790976262405e-02 -1.682008109192928078e-02
-6.372312685051502446e-02 -6.442173768473996587e-02 -6.421182126882299390e-02
-1.622546661646663280e-01 -1.623839659990330975e-01 -1.616347502652214219e-01
-2.678655638208122247e-01 -2.674751083489542158e-01 -2.682526088526397956e-01
-3.264364791367894703e-01 -3.257999666420398621e-01 -3.269272544712148454e-01
-7.247071401014295589e-01 -7.253333037885614232e-01 -7.252566708837514531e-01
-5.988537035807657283e-01 -5.998150736522970261e-01 -5.996859134258125668e-01
-3.092214672298611300e-02 -3.028896434814698155e-02 -3.039060036233216799e-02
-4.994578878215659434e-03 0.000000000000000000e+00 -3.968619970787034580e-03
-8.321593759671602059e-03 0.000000000000000000e+00 0.000000000000000000e+00
-1.704022141504019788e-02 0.000000000000000000e+00 0.000000000000000000e+00
0.000000000000000000e+00 0.000000000000000000e+00 0.000000000000000000e+00
0.000000000000000000e+00 -4.947737394463525007e-03 0.000000000000000000e+00
0.000000000000000000e+00 0.000000000000000000e+00 0.000000000000000000e+00
0.000000000000000000e+00 0.000000000000000000e+00 0.000000000000000000e+00
0.000000000000000000e+00 0.000000000000000000e+00 0.000000000000000000e+00
0.000000000000000000e+00 -8.474652355015981076e-03 0.000000000000000000e+00
-1.036853922280431967e-02 -7.719338643869500319e-03 0.000000000000000000e+00
0.000000000000000000e+00 0.000000000000000000e+00 -9.276415240302121612e-03
-1.104418224497261646e-02 -1.181895058917077287e-02 -1.142930244884966112e-02
-7.014121742909466828e-02 -6.985429145800277351e-02 -7.040296450693153685e-02
-2.983553932341369008e-01 -2.985168635365820222e-01 -2.978225109113323832e-01
-5.890371618275253018e-01 -5.891043571183799399e-01 -5.887965178383647302e-01
-8.177937910441384073e-01 -8.176408633311496033e-01 -8.181785413574106380e-01
-9.478352628207833419e-01 -9.485858819976713541e-01 -9.487329640214903215e-01
-9.684135575794721174e-01 -9.689492908577861385e-01 -9.686008415698963425e-01
-8.639538733864360331e-01 -8.642554247144641488e-01 -8.645868597251692433e-01
-8.402804728212963647e-01 -8.404412922327252344e-01 -8.405436911627888197e-01
-3.086436054985276511e-01 -3.094060114633040981e-01 -3.084932408362285883e-01
-5.977190635603426075e-03 0.000000000000000000e+00 0.000000000000000000e+00
-5.056416622023146741e-03 -1.294676727966323840e-02 -8.396032877784559770e-03
0.000000000000000000e+00 0.000000000000000000e+00 0.000000000000000000e+00
-7.753411285736642664e-03 -6.898896667983174698e-03 -1.387105419852425331e-02
-5.994921782127568717e-03 -7.093865396201560689e-03 0.000000000000000000e+00
-6.940636120565947011e-03 0.000000000000000000e+00 0.000000000000000000e+00
0.000000000000000000e+00 0.000000000000000000e+00 0.000000000000000000e+00
-7.793256353990376216e-03 -1.686811307273588384e-03 -5.717185546316036308e-03
-4.169317563641151622e-03 -4.759860759245949403e-03 -8.744786245695372953e-03
-3.038320316025244772e-03 -2.015651759802038374e-03 -2.504952581495395632e-03
-5.285648032541345048e-02 -5.318257803299730052e-02 -5.396969503212437763e-02
-2.888343446583535035e-01 -2.902547499358834049e-01 -2.888404678805301384e-01
-6.992145247029064592e-01 -6.986468332393341862e-01 -6.984372087581592892e-01
-1.063921202867295301e+00 -1.064799244515197030e+00 -1.063798764525677454e+00
-1.410809160073492885e+00 -1.411737696089690575e+00 -1.411045563857500129e+00
-1.586597411371666988e+00 -1.587148309479869068e+00 -1.586949061591428789e+00
-1.603372224241021549e+00 -1.604544725278256090e+00 -1.603282629407321025e+00
-1.455262444713451231e+00 -1.454853834099845367e+00 -1.454824385113231644e+00
-1.118113979546018211e+00 -1.118163678991972443e+00 -1.118189643554097445e+00
-8.528006801921020896e-01 -8.518829334554927080e-01 -8.523008389182732403e-01
-3.207975361432912065e-01 -3.203277999079838789e-01 -3.215188974360919660e-01
-7.098109541253686851e-03 -3.297375984712073993e-03 -4.286766960164375105e-03
-8.964303276837608248e-03 -1.365323193491711253e-02 -5.857177347476332299e-03
-6.894331608072139586e-03 -7.554829476820351317e-03 -3.419792492091336920e-03
-1.234006011207021934e-02 -7.198898034639158311e-03 -5.227364997670175609e-03
0.000000000000000000e+00 0.000000000000000000e+00 0.000000000000000000e+00
0.000000000000000000e+00 0.000000000000000000e+00 0.000000000000000000e+00
-8.208327554172587665e-03 0.000000000000000000e+00 0.000000000000000000e+00
-8.484492351684604777e-03 -8.902096384272875640e-03 0.000000000000000000e+00
-1.938614696919388480e-02 -2.083911248290779353e-02 -2.033764302052050790e-02
-1.843342820000857807e-01 -1.835804145242344865e-01 -1.844726239577827442e-01
-6.588581434518840929e-01 -6.585166861778452008e-01 -6.602206957715454072e-01
-1.187650157329962264e+00 -1.188185841024092637e+00 -1.189497358566351304e+00
-1.788460326467190775e+00 -1.788618981627556170e+00 -1.788428962126891841e+00
-2.227214723972358534e+00 -2.227728534994747545e+00 -2.227479392804647240e+00
-2.468209219022030609e+00 -2.468891247040148507e+00 -2.468561062049407173e+00
-2.493125856566773990e+00 -2.492801686858270305e+00 -2.493301150460691673e+00
-2.258610752199548877e+00 -2.258472117224671560e+00 -2.258020768302525738e+00
-1.861095458971568695e+00 -1.861335246951539402e+00 -1.860816201488015409e+00
-1.264332422638268616e+00 -1.263539653064166712e+00 -1.264051539851091199e+00
-8.207679945435660818e-01 -8.213489375864884146e-01 -8.213668606226266489e-01
-1.844511614607470540e-01 -1.857016685996316363e-01 -1.853119413585395669e-01
-7.922867834579424770e-03 -5.570293526099891548e-03 0.000000000000000000e+00
-5.588362827865788439e-03 -1.057437841945365470e-02 -7.500467437802743088e-03
0.000000000000000000e+00 0.000000000000000000e+00 -8.572635359814973280e-03
0.000000000000000000e+00 0.000000000000000000e+00 0.000000000000000000e+00
0.000000000000000000e+00 0.000000000000000000e+00 0.000000000000000000e+00
-6.639733724240984986e-03 0.000000000000000000e+00 0.000000000000000000e+00
-8.418449453586222125e-03 -8.673210012647904199e-03 -3.560101505808227745e-03
-5.928152549814758726e-02 -6.037238240907532444e-02 -6.157964773024436622e-02
-4.315113683062675176e-01 -4.313598962856302621e-01 -4.313306133945468135e-01
-1.042625580119491469e+00 -1.042681266786065875e+00 -1.044955600373275395e+00
-1.805359208314108121e+00 -1.805475627166934771e+00 -1.806494837132235354e+00
-2.538185660341357508e+00 -2.539196768031391827e+00 -2.538062611270957003e+00
-3.110494411779780588e+00 -3.109534357782111513e+00 -3.109864518399721778e+00
-3.453645440578970049e+00 -3.452855244748429087e+00 -3.453283137517737078e+00
-3.487728914836480953e+00 -3.487814796397477046e+00 -3.487707025536427086e+00
-3.204608771904525089e+00 -3.204185523197769392e+00 -3.204203151263687488e+00
-2.631755034333187915e+00 -2.630649615044792444e+00 -2.632242520075977588e+00
-1.958670161406307120e+00 -1.957547258883060914e+00 -1.957518055007516855e+00
-1.178679493616104468e+00 -1.178356007337987732e+00 -1.178133100234617148e+00
-6.720385975931291167e-01 -6.721015073067152512e-01 -6.724173294397338685e-01
-2.287178911807304094e-02 -2.202181373774345780e-02 -2.271180148422039663e-02
-5.949431650818712107e-03 0.000000000000000000e+00 -1.571597038303932520e-02
-6.287510797809418850e-03 -3.304869096086393392e-03 0.000000000000000000e+00
0.000000000000000000e+00 0.000000000000000000e+00 0.000000000000000000e+00
0.000000000000000000e+00 0.000000000000000000e+00 0.000000000000000000e+00
0.000000000000000000e+00 0.000000000000000000e+00 -2.324400679861314718e-03
-5.404158962749653489e-03 -5.003411391683228529e-03 -5.093989436423545895e-03
-1.395633123575919787e-01 -1.391420466223891039e-01 -1.408280288907669542e-01
-6.658543232726661376e-01 -6.660669460923203111e-01 -6.655721822471096782e-01
-1.415014567208619622e+00 -1.414862192904468019e+00 -1.415700322902814001e+00
-2.304690489892016192e+00 -2.304849971607769721e+00 -2.304659914683052424e+00
-3.242300128785670310e+00 -3.242904022993564173e+00 -3.242811822693908219e+00
-4.040333383369787867e+00 -4.041708981535908407e+00 -4.040851967141829704e+00
-4.586686639701492041e+00 -4.587054336068725924e+00 -4.586172088494349985e+00
-4.578166091448787611e+00 -4.577970942073867455e+00 -4.578310685693996795e+00
-4.170490293708272844e+00 -4.169858308045538031e+00 -4.170012017318347475e+00
-3.427757957724141935e+00 -3.427027404823856926e+00 -3.427262160291247639e+00
-2.507208633184137003e+00 -2.506719064951505427e+00 -2.508485017993694832e+00
-1.658315434711026271e+00 -1.659752829208871461e+00 -1.658045560839941146e+00
-8.896643019201693203e-01 -8.897226121427790346e-01 -8.906405279246560891e-01
-2.212562865496647546e-01 -2.213542329184282342e-01 -2.225813343027832347e-01
0.000000000000000000e+00 -6.002007020971700246e-03 0.000000000000000000e+00
-7.124484740877666880e-03 -5.574903689812631472e-03 -2.970396389642240495e-03
0.000000000000000000e+00 0.000000000000000000e+00 0.000000000000000000e+00
0.000000000000000000e+00 0.000000000000000000e+00 0.000000000000000000e+00
-4.229548735865557366e-03 -3.420342257460673701e-03 -6.408630745716337868e-03
-9.654943187071721861e-03 -7.047123442646884180e-03 -1.378956545607397215e-02
-1.821814969552499330e-01 -1.819627308242638408e-01 -1.829812623284692297e-01
-7.777788207903568729e-01 -7.777861076969990739e-01 -7.797699717347750248e-01
-1.599532786352128921e+00 -1.599828972175139530e+00 -1.599307608781665779e+00
-2.587879721305095249e+00 -2.587935946718388003e+00 -2.588102692637530566e+00
-3.700619104299349260e+00 -3.700889858592189885e+00 -3.701060513739978575e+00
-4.949869965582346154e+00 -4.949367979421725572e+00 -4.951398686746642852e+00
-6.408965867690278095e+00 -6.407748320655865193e+00 -6.409159206327857738e+00
-6.823701142070928150e+00 -6.823119192548801948e+00 -6.821894865383669071e+00
-5.096941489824252436e+00 -5.094958506227754036e+00 -5.094176838412519892e+00
-4.007159242308548919e+00 -4.007312493761893357e+00 -4.007851055779689808e+00
-2.959068750391548264e+00 -2.959139314174171531e+00 -2.958777410544696451e+00
-2.010259394916131370e+00 -2.011054039432519147e+00 -2.010669070553608773e+00
-1.044267606925135983e+00 -1.044653665341011006e+00 -1.044466797002489011e+00
-4.324943586795883532e-01 -4.315739762980485006e-01 -4.313938664012798019e-01
-1.132660945214592320e-03 -2.003749839222409863e-03 -8.019821080894672799e-03
-4.535841116413761101e-03 -8.532644647249721520e-03 0.000000000000000000e+00
0.000000000000000000e+00 0.000000000000000000e+00 0.000000000000000000e+00
0.000000000000000000e+00 0.000000000000000000e+00 0.000000000000000000e+00
-1.778987730677353144e-03 -5.881276357725385290e-03 -7.209855486219759156e-03
-7.002061831140802411e-03 -8.816700716023589610e-03 -7.232120200989714323e-03
-1.850561305273533408e-01 -1.853396223026097245e-01 -1.862486648169258407e-01
-7.719882478453525820e-01 -7.723683580748795796e-01 -7.726220300783852579e-01
-1.580331729986940381e+00 -1.580867521718700264e+00 -1.580121222333137121e+00
-2.592624617739488713e+00 -2.592336669126386717e+00 -2.591677271454303266e+00
-3.662393149254118629e+00 -3.661461189398743432e+00 -3.661297191200326928e+00
-4.873782027429988339e+00 -4.874358357020593502e+00 -4.874325084860992696e+00
-6.914060306978138115e+00 -6.921152413310919904e+00 -6.921090531636044041e+00
-8.667030295626629410e+00 -8.663997847254169216e+00 -8.655245952311300783e+00
-5.794615581397743576e+00 -5.794913088891146202e+00 -5.795340137739346531e+00
-4.290060785707203728e+00 -4.290316700230955682e+00 -4.290450738643762030e+00
-3.141947448506432483e+00 -3.142478493575700860e+00 -3.141602398071376534e+00
-2.129616129402570834e+00 -2.128867647812569430e+00 -2.130196662290510190e+00
-1.140272387464098092e+00 -1.139942230904223308e+00 -1.140308303962241698e+00
-5.085943478839546339e-01 -5.087338467060417146e-01 -5.095088026795833169e-01
-5.054763189683441141e-03 -4.000715795720209515e-03 -7.613622045057016723e-03
-8.319572920771796387e-03 -7.240840516517233622e-03 -5.050610577867935443e-03
0.000000000000000000e+00 -5.406523151583911106e-03 0.000000000000000000e+00
0.000000000000000000e+00 0.000000000000000000e+00 0.000000000000000000e+00
0.000000000000000000e+00 0.000000000000000000e+00 0.000000000000000000e+00
-4.770071379598048167e-03 -1.526594652965740373e-02 -6.404688568976390703e-03
-1.003517282829885782e-01 -9.953748447257423915e-02 -9.955570162164024961e-02
-6.668498531250096617e-01 -6.676563866058292662e-01 -6.670139084073835045e-01
-1.376470738143293238e+00 -1.377048618129274038e+00 -1.376387723216414782e+00
-2.324658046592679383e+00 -2.327316445989231930e+00 -2.324589498151409028e+00
-3.257739902250554653e+00 -3.257398411458242382e+00 -3.257952177597471799e+00
-4.182015869970673982e+00 -4.182279837225642893e+00 -4.183195217909952746e+00
-5.229096805980086415e+00 -5.227018551943521274e+00 -5.227282736196375623e+00
-5.391940471404753410e+00 -5.391479291369691396e+00 -5.391602588270191454e+00
-4.874661525915466420e+00 -4.874594531535271003e+00 -4.873978266356530753e+00
-4.031583643736180278e+00 -4.032211141304118840e+00 -4.032651366493097633e+00
-3.016359231379608374e+00 -3.015921045149577928e+00 -3.015837924398887981e+00
-2.036192040597767150e+00 -2.036432717730643382e+00 -2.036198541155038289e+00
-1.107908991237769758e+00 -1.104887535466642756e+00 -1.105083257403743913e+00
-4.551486913240379018e-01 -4.547642063915425248e-01 -4.553852404516627317e-01
-1.287699351877129132e-02 -1.213784017657273603e-02 -1.252040730615090400e-02
0.000000000000000000e+00 -7.438868906872707527e-03 0.000000000000000000e+00
0.000000000000000000e+00 0.000000000000000000e+00 0.000000000000000000e+00
0.000000000000000000e+00 0.000000000000000000e+00 0.000000000000000000e+00
-8.817720882538378560e-03 -7.458807116913108992e-03 0.000000000000000000e+00
-1.023138399229561388e-02 -3.049944674821239866e-03 -5.456195351599122702e-03
-3.338932892167759819e-02 -3.254113678789079950e-02 -3.270799199249609102e-02
-4.380276210473186826e-01 -4.378412054123049790e-01 -4.379546570011397799e-01
-1.040236588598698386e+00 -1.045723557280184624e+00 -1.041279590540150179e+00
-1.854746173811162580e+00 -1.854806347686746903e+00 -1.855039592371001689e+00
-2.680719006092124879e+00 -2.680524412459817540e+00 -2.680941344848806196e+00
-3.371176674962414577e+00 -3.371706903636568775e+00 -3.371406518273110553e+00
-3.934341016196936103e+00 -3.934149229077031684e+00 -3.934158043115617787e+00
-4.085086181662261673e+00 -4.084684669789981903e+00 -4.084350301805856454e+00
-3.879868069588578994e+00 -3.880306735889129666e+00 -3.879104399292240046e+00
-3.275304035278103765e+00 -3.272803907091696995e+00 -3.272519654311348614e+00
-2.507852041345007610e+00 -2.508188912833435591e+00 -2.508112593735363660e+00
-1.675016099157028870e+00 -1.674522759590444831e+00 -1.674747559195336466e+00
-9.077435311195034551e-01 -9.070778937756345250e-01 -9.079515145432368595e-01
-2.852987296403012851e-01 -2.847479650256886097e-01 -2.840204083273651925e-01
-1.616836859059193193e-02 -1.549968660156688174e-02 -1.477577611862318854e-02
-2.540058452283911264e-03 -6.929819003634990135e-03 0.000000000000000000e+00
0.000000000000000000e+00 0.000000000000000000e+00 0.000000000000000000e+00
0.000000000000000000e+00 0.000000000000000000e+00 0.000000000000000000e+00
-6.854056498745063342e-03 0.000000000000000000e+00 0.000000000000000000e+00
-5.418849268116590449e-03 -8.643557564356594072e-03 -5.252630213830026921e-03
-1.109170807558554350e-02 -1.136807512089931492e-02 -1.093807057239410026e-02
-1.690380470961446724e-01 -1.675877716400194506e-01 -1.676253493034790820e-01
-6.958284607912599284e-01 -6.959509780644819177e-01 -6.962860549121604459e-01
-1.268568792037981341e+00 -1.268043187407009720e+00 -1.267976307975984485e+00
-1.954513645613930262e+00 -1.955019654525269157e+00 -1.956528236388579423e+00
-2.537457738367806304e+00 -2.537260386384184496e+00 -2.537423445541563627e+00
-2.934860585895890939e+00 -2.935126823057362611e+00 -2.935183175395745803e+00
-3.009570405922872283e+00 -3.009501608994904043e+00 -3.008843117028214831e+00
-2.894570435000917374e+00 -2.894165740198905379e+00 -2.894579498150471331e+00
-2.465748956388446267e+00 -2.466150043850547924e+00 -2.465271843432599752e+00
-1.883467433768023724e+00 -1.883245201072152764e+00 -1.883294020117644907e+00
-1.151264533515691912e+00 -1.151473810548331755e+00 -1.153327493439102902e+00
-6.404228086461665193e-01 -6.393818782444429250e-01 -6.397215387180734680e-01
-7.386286228010689736e-02 -7.326193463635534420e-02 -7.343501907267807605e-02
-1.065313153164101651e-03 -2.078856263129583246e-03 -7.856235424365479864e-03
-2.573097682565172236e-03 -7.368206026105204344e-03 -6.481228566970511674e-03
0.000000000000000000e+00 0.000000000000000000e+00 0.000000000000000000e+00
0.000000000000000000e+00 0.000000000000000000e+00 0.000000000000000000e+00
-8.361138933959712249e-03 -8.587547582774246457e-03 -2.520989485131834400e-03
-4.835550550629451848e-03 -1.093216260099312206e-02 -6.050102441266163276e-03
-8.639031569233171157e-03 -2.028644994394911052e-03 -3.783879238567985654e-03
-2.800201354971236511e-02 -2.829721934469587100e-02 -2.859032085618311639e-02
-3.263653180177768509e-01 -3.257131327529980691e-01 -3.267419785317312586e-01
-7.799428998332212926e-01 -7.810197351909258234e-01 -7.795813493015417706e-01
-1.223561450885448210e+00 -1.223097941056139115e+00 -1.223537384482135559e+00
-1.687635070861970954e+00 -1.688570756080461699e+00 -1.688010518693682904e+00
-2.008748596331067393e+00 -2.008909078073865206e+00 -2.009260253502451743e+00
-2.096051799649664815e+00 -2.095971636656290826e+00 -2.095688834838173698e+00
-1.968295906747580704e+00 -1.969136484227188344e+00 -1.968224698189383393e+00
-1.664750044411190455e+00 -1.664269574500751414e+00 -1.664286119357514249e+00
-1.179229513432514587e+00 -1.178693643894517251e+00 -1.178985859247001944e+00
-7.513441206540459882e-01 -7.519087604932888080e-01 -7.515853309645388336e-01
-2.497754723738405958e-01 -2.494454581917082692e-01 -2.494217791879534407e-01
-1.234536547464479619e-02 -1.234502550520425075e-02 -1.536132997458283453e-02
-5.468347228684471671e-03 0.000000000000000000e+00 -3.310852023573311251e-03
0.000000000000000000e+00 0.000000000000000000e+00 0.000000000000000000e+00
0.000000000000000000e+00 0.000000000000000000e+00 0.000000000000000000e+00
0.000000000000000000e+00 0.000000000000000000e+00 0.000000000000000000e+00
-7.303661987092428115e-03 0.000000000000000000e+00 0.000000000000000000e+00
-3.820452061080862379e-03 -9.245847568308589171e-03 -5.340210687113696418e-03
-7.542607040135716583e-03 -1.452259511250594132e-02 -1.260420657467208397e-02
-3.875863152675411601e-03 0.000000000000000000e+00 -1.098426890705683952e-02
-5.384246814493115485e-02 -5.290039448470027633e-02 -5.362574787254835440e-02
-3.941746758420203167e-01 -3.939371667465715876e-01 -3.940817821329177240e-01
-7.206127617774071847e-01 -7.211473769805535339e-01 -7.208963332152688031e-01
-1.010508514063767516e+00 -1.011435033662348548e+00 -1.010509466808693135e+00
-1.174520666574893291e+00 -1.175085131781367087e+00 -1.175051311310171265e+00
-1.237665572010285153e+00 -1.237896830719439567e+00 -1.237927666103753266e+00
-1.147417776793159927e+00 -1.146863342305347366e+00 -1.146488902229662710e+00
-9.722524794309274077e-01 -9.715196604763396415e-01 -9.720192910990805846e-01
-7.342251391663808802e-01 -7.339565659280191667e-01 -7.334723703919506788e-01
-3.336177158481228866e-01 -3.344212368616236164e-01 -3.338293026512935135e-01
-2.436474803410470721e-02 -2.418570956305576836e-02 -2.340137336058220954e-02
-2.893048508417992663e-03 -1.139995248831819977e-02 -8.587021014179107778e-03
-1.738744596827148520e-02 -1.411610109076838655e-02 -1.145601429278701906e-02
-8.512194321712969469e-03 -1.052922926055985947e-02 -1.449888575949183529e-02
0.000000000000000000e+00 0.000000000000000000e+00 0.000000000000000000e+00
0.000000000000000000e+00 0.000000000000000000e+00 0.000000000000000000e+00
-7.008156334865441560e-03 -9.009982219231221431e-03 0.000000000000000000e+00
-6.034558427741169503e-03 -1.047244155745925137e-02 -4.617763136276463627e-03
-1.024225986603061536e-02 -4.384466857960591518e-03 0.000000000000000000e+00
-1.051608645893077967e-02 -8.744555256845497337e-03 -5.930539428063109561e-03
-4.063702280351717301e-03 -8.239771093757390641e-03 -7.122902456582407699e-03
-6.096619300267751979e-02 -6.150562330212261397e-02 -5.957789468165717445e-02
-3.264678158827900578e-01 -3.250561428917006501e-01 -3.249050702095980792e-01
-5.901284702895236434e-01 -5.904905990747557620e-01 -5.903534120352050829e-01
-7.271436419620005420e-01 -7.263756234280087654e-01 -7.263534944141613048e-01
-7.657297251199943755e-01 -7.655724953816289702e-01 -7.650213095289590814e-01
-7.268203092412173216e-01 -7.267361711948820968e-01 -7.275399014210255366e-01
-5.897984391912044488e-01 -5.908285053159706424e-01 -5.889933289513192838e-01
-2.848954243519358775e-01 -2.843698218124395272e-01 -2.847808231174551730e-01
-4.789511438624724504e-02 -4.482368347046686990e-02 -4.392977461480675194e-02
-3.070865739069272675e-03 -5.112014543336449411e-03 -6.745557555294366160e-03
-1.143816872522922419e-02 -7.165071723036265695e-03 -6.800774196312598871e-03
-4.153263214446347752e-03 -5.518922284040629449e-03 -6.432752670828297339e-03
-9.093620732654513622e-03 -5.575624944628139977e-03 -9.595779108856934345e-03
0.000000000000000000e+00 0.000000000000000000e+00 0.000000000000000000e+00
0.000000000000000000e+00 0.000000000000000000e+00 0.000000000000000000e+00
-7.319578463696321119e-03 0.000000000000000000e+00 -1.222554068630317403e-03
-2.985699414925204950e-03 -5.389971597376460276e-03 -1.266745527612707367e-02
-1.502847081386742001e-02 -1.011846920275649361e-02 -1.132418734337950136e-02
-4.473529005417274662e-03 -5.582566312799949748e-03 0.000000000000000000e+00
-1.301972526078365965e-03 0.000000000000000000e+00 -1.520552103676242259e-02
-1.128679962513833533e-02 -1.258152945772906747e-02 -1.054714450742018188e-02
-5.043449269209489272e-02 -5.028731371339575235e-02 -5.172527785554865282e-02
-2.004998159892280030e-01 -1.997998721347067907e-01 -2.006780298427831843e-01
-3.519458267702600396e-01 -3.526983528983539951e-01 -3.527657273303616559e-01
-4.030409873798042053e-01 -4.032669409074124967e-01 -4.029828695172206765e-01
-3.350921270795481632e-01 -3.360058978712434086e-01 -3.352190746193311477e-01
-1.665574532265286234e-01 -1.661487687468349017e-01 -1.656818389144597281e-01
-3.515956823265521669e-02 -3.605286767100989581e-02 -3.555638531910673000e-02
-3.059708678035614159e-03 -8.634435930546038862e-03 -4.027788551395972312e-03
-1.420340136863698297e-02 -8.096181187560677964e-03 -4.532906638097870290e-03
-4.536182828390072398e-03 -8.599002081235276873e-03 0.000000000000000000e+00
-5.654358552431137247e-03 -5.530288732217891745e-03 -2.853612349533338199e-03
0.000000000000000000e+00 0.000000000000000000e+00 -3.844504856479199085e-03
0.000000000000000000e+00 0.000000000000000000e+00 -4.752240043535313832e-03
0.000000000000000000e+00 0.000000000000000000e+00 0.000000000000000000e+00
-6.039871807017110732e-03 0.000000000000000000e+00 0.000000000000000000e+00
-2.640180292993946597e-03 0.000000000000000000e+00 0.000000000000000000e+00
-1.257537900504351706e-02 -5.882303572163264001e-03 -6.485035304682225735e-03
-5.843977459200381044e-03 -1.124247233431750759e-02 -6.296600003063895779e-03
-1.282646117701913280e-02 -1.231186073734100161e-02 -1.448693374954757550e-02
-9.436102076160812063e-03 -6.661034359908223589e-03 0.000000000000000000e+00
-5.075142121715938044e-03 -4.484778611707187536e-03 -8.637749933216773077e-03
-3.154651380141332978e-02 -3.213450912474954263e-02 -3.213169867281654574e-02
-7.850475513521823490e-02 -7.839381625905839091e-02 -7.883487310412723437e-02
-9.870140615874482826e-02 -9.786203076095884024e-02 -9.850894202452986637e-02
-6.708129681839856973e-02 -6.697396982491278516e-02 -6.793438335490864510e-02
-3.264960874991403722e-02 -3.298577786797936284e-02 -3.203414935300791244e-02
-6.043965137041565697e-03 -1.000120681879907922e-02 -5.035619872548864617e-03
-6.867748995390990895e-03 -4.253271792268398764e-03 -6.847992560449656964e-03
-5.933511271817378321e-03 -7.178026498913824861e-03 -9.002002297117322333e-03
-5.429025461885892030e-03 0.000000000000000000e+00 0.000000000000000000e+00
-1.361033711488517789e-02 -1.404004742591758587e-02 -1.228179565998015546e-02
-5.830056036285268320e-03 0.000000000000000000e+00 -1.016342611712349464e-02
0.000000000000000000e+00 0.000000000000000000e+00 0.000000000000000000e+00
0.000000000000000000e+00 0.000000000000000000e+00 0.000000000000000000e+00
-2.370359194161069435e-03 -5.979136297351987130e-03 -5.335975916343045460e-03
-6.526167126445213060e-03 -1.219420535033137812e-02 -6.765961804804507783e-03
-3.647756513566964391e-03 -1.221700547596265944e-02 -6.684860883485599717e-03
0.000000000000000000e+00 -1.036635012987224130e-02 0.000000000000000000e+00
0.000000000000000000e+00 -5.965467276959456576e-03 -5.849375988568564222e-03
-1.075882086308518892e-02 -1.605916917253335380e-02 -1.678446105098546984e-02
-6.041032754485041283e-03 0.000000000000000000e+00 0.000000000000000000e+00
-6.445223079547192542e-03 -1.627322859943348965e-02 -5.043174027518663657e-03
-2.321505106500737145e-02 -2.289842306966133334e-02 -2.302283968322521926e-02
-2.691655529264206509e-02 -3.026267175658297476e-02 -2.297973186807690180e-02
-2.085265512504503801e-02 -2.027296072389046452e-02 -1.997331310766185461e-02
-1.684205121263448318e-02 -1.499228096030197181e-02 -1.442198762094480842e-02
-3.205363087276095341e-03 -5.220206452194414530e-03 -7.668488796361059776e-03
0.000000000000000000e+00 0.000000000000000000e+00 -3.618855153376747749e-03
-6.488599349941848345e-03 0.000000000000000000e+00 -5.320854820095111473e-03
-9.532897263973509963e-03 -3.038288552999452320e-03 0.000000000000000000e+00
-7.583217417453013733e-03 0.000000000000000000e+00 0.000000000000000000e+00
-6.029415801521395037e-03 -9.216007764060963822e-03 -4.033467830857770386e-03
0.000000000000000000e+00 0.000000000000000000e+00 0.000000000000000000e+00
0.000000000000000000e+00 0.000000000000000000e+00 0.000000000000000000e+00
0.000000000000000000e+00 0.000000000000000000e+00 0.000000000000000000e+00
-1.062631761009316667e-02 -7.464638285310317908e-03 -5.233545092340747065e-03
-5.183996070307523435e-03 -1.346779446909258243e-02 -6.532405341326101740e-03
-5.658589607091035756e-03 -6.385310149334888150e-03 -1.516162412250762108e-03
-6.257722449339232773e-03 0.000000000000000000e+00 0.000000000000000000e+00
0.000000000000000000e+00 -8.851975904841762055e-03 -5.475338333307701484e-03
-5.944373480593986674e-03 0.000000000000000000e+00 0.000000000000000000e+00
-3.340668276649676888e-03 -1.793270688039448786e-03 0.000000000000000000e+00
-4.614662709161560482e-03 -5.082001641202475717e-03 -5.037618245522243812e-03
-1.730319196928810366e-02 -1.722749683798286205e-02 -2.417060207800968835e-02
-1.120776473536876441e-02 -1.099630083987326347e-02 -1.087442436811981473e-02
-3.155741212042791413e-03 -1.327506105407974361e-02 -9.658157971895106608e-03
-1.097038795689329362e-02 -1.026543422642283354e-03 -9.215700229974954291e-03
-4.473529005417274662e-03 -4.631292230391331408e-03 -8.690044867605595941e-03
-1.403701327986527601e-02 -5.794589064741647103e-03 -1.176762014051080732e-02
-5.284015017603899654e-03 -7.884268402813475116e-03 0.000000000000000000e+00
-2.089132937588151270e-03 -4.975926561576601501e-03 0.000000000000000000e+00
-3.677346166703217810e-03 -4.323262930982252686e-03 -7.323406808189237942e-03
0.000000000000000000e+00 0.000000000000000000e+00 0.000000000000000000e+00
0.000000000000000000e+00 0.000000000000000000e+00 0.000000000000000000e+00
0.000000000000000000e+00 0.000000000000000000e+00 0.000000000000000000e+00
0.000000000000000000e+00 0.000000000000000000e+00 0.000000000000000000e+00
-3.937273629808756177e-03 -5.666551001946812209e-03 0.000000000000000000e+00
-4.103725193124017553e-03 -9.213154136234453714e-03 -1.383414747613343279e-02
-6.482641306669747680e-03 0.000000000000000000e+00 0.000000000000000000e+00
0.000000000000000000e+00 0.000000000000000000e+00 -3.342670834071081142e-03
0.000000000000000000e+00 0.000000000000000000e+00 -1.074197872154740094e-02
0.000000000000000000e+00 0.000000000000000000e+00 0.000000000000000000e+00
0.000000000000000000e+00 -4.400254664718204235e-03 0.000000000000000000e+00
0.000000000000000000e+00 0.000000000000000000e+00 0.000000000000000000e+00
0.000000000000000000e+00 0.000000000000000000e+00 0.000000000000000000e+00
-6.010830364629152385e-03 0.000000000000000000e+00 0.000000000000000000e+00
-9.080749845844593091e-03 -7.469588304838074150e-03 0.000000000000000000e+00
-4.971796540120116716e-03 -7.920064828574316027e-03 -4.172258168294834535e-03
0.000000000000000000e+00 -6.516581535838536325e-03 0.000000000000000000e+00
0.000000000000000000e+00 -1.644990418073564303e-03 -3.631079936851200514e-03
0.000000000000000000e+00 0.000000000000000000e+00 0.000000000000000000e+00
0.000000000000000000e+00 0.000000000000000000e+00 0.000000000000000000e+00
0.000000000000000000e+00 0.000000000000000000e+00 0.000000000000000000e+00
0.000000000000000000e+00 0.000000000000000000e+00 0.000000000000000000e+00
0.000000000000000000e+00 0.000000000000000000e+00 0.000000000000000000e+00
0.000000000000000000e+00 0.000000000000000000e+00 0.000000000000000000e+00
0.000000000000000000e+00 0.000000000000000000e+00 0.000000000000000000e+00
0.000000000000000000e+00 0.000000000000000000e+00 0.000000000000000000e+00
0.000000000000000000e+00 0.000000000000000000e+00 0.000000000000000000e+00
0.000000000000000000e+00 0.000000000000000000e+00 0.000000000000000000e+00
0.000000000000000000e+00 0.000000000000000000e+00 0.000000000000000000e+00
0.000000000000000000e+00 0.000000000000000000e+00 0.000000000000000000e+00
0.000000000000000000e+00 0.000000000000000000e+00 0.000000000000000000e+00
0.000000000000000000e+00 0.000000000000000000e+00 0.000000000000000000e+00
0.000000000000000000e+00 0.000000000000000000e+00 0.000000000000000000e+00
0.000000000000000000e+00 0.000000000000000000e+00 0.000000000000000000e+00
0.000000000000000000e+00 0.000000000000000000e+00 0.000000000000000000e+00
0.000000000000000000e+00 0.000000000000000000e+00 0.000000000000000000e+00
0.000000000000000000e+00 0.000000000000000000e+00 0.000000000000000000e+00
0.000000000000000000e+00 0.000000000000000000e+00 0.000000000000000000e+00
0.000000000000000000e+00 0.000000000000000000e+00 0.000000000000000000e+00
0.000000000000000000e+00 0.000000000000000000e+00 0.000000000000000000e+00
0.000000000000000000e+00 0.000000000000000000e+00 0.000000000000000000e+00
