0.000000000000000000e+00 0.000000000000000000e+00 0.000000000000000000e+00
-7.435283566353356299e+00 0.000000000000000000e+00 0.000000000000000000e+00
0.000000000000000000e+00 0.000000000000000000e+00 0.000000000000000000e+00
-9.701679904548999644e+00 -9.333449402751492485e+00 -9.717309265512447780e+00
-9.962899643550375828e+00 -9.956893864731528154e+00 -9.935448170641091536e+00
-9.959795668167428673e+00 -9.962586192361763793e+00 -9.940470926130956286e+00
-9.943720438890260027e+00 -9.956451922436091451e+00 -9.936829113765032417e+00
-9.961149528958340937e+00 -9.960062126482199574e+00 -9.958121974403692178e+00
-9.983047814657897590e+00 -9.968107761006546497e+00 -9.948643281190584275e+00
-9.945730676691381333e+00 -9.960221574954545076e+00 -9.960123293812937817e+00
-9.941904390292448213e+00 -9.946374753757778464e+00 -9.937310162936336511e+00
-9.951086565106130877e+00 -9.929168908870197541e+00 -9.939226022506195690e+00
-9.925430145998761944e+00 -9.924404099393258960e+00 -9.953044127359154558e+00
-7.045011274099408638e+00 -7.435840004955794669e+00 0.000000000000000000e+00
0.000000000000000000e+00 0.000000000000000000e+00 0.000000000000000000e+00
-7.283680253854020847e+00 -7.251261903486164506e+00 0.000000000000000000e+00
0.000000000000000000e+00 0.000000000000000000e+00 0.000000000000000000e+00
0.000000000000000000e+00 0.000000000000000000e+00 0.000000000000000000e+00
-7.681075994597756029e+00 -7.375959516803838767e+00 -7.217679657079174582e+00
0.000000000000000000e+00 0.000000000000000000e+00 0.000000000000000000e+00
0.000000000000000000e+00 0.000000000000000000e+00 0.000000000000000000e+00
-7.346091071008311602e+00 0.000000000000000000e+00 0.000000000000000000e+00
-7.364911795136153572e+00 -7.439367336072383985e+00 -7.497596857354420052e+00
-9.965719166154272557e+00 -9.953971998123316567e+00 -9.953469184549145865e+00
-9.956258119998871337e+00 -9.947086715171810312e+00 -9.960516800289932249e+00
-9.960271396216384687e+00 -9.950227903999872225e+00 -9.956976517564578799e+00
-9.959399701786974646e+00 -9.959488007970142220e+00 -9.960807641699561898e+00
-9.952183747052707474e+00 -9.958983604277396040e+00 -9.960163510887317884e+00
-9.954441684452918437e+00 -9.953912193323475321e+00 -9.953996988651503841e+00
-9.952914238474326325e+00 -9.952636130159586259e+00 -9.950490411556007331e+00
-9.955519186050253211e+00 -9.938299425290528788e+00 -9.954513428294802679e+00
-9.956774311365240493e+00 -9.940790731112130629e+00 -9.913549738519281007e+00
-9.926524399512784314e+00 -9.925912496526480666e+00 -9.922487124013986914e+00
-9.918280505856472473e+00 -9.921213154583112370e+00 -9.913206311217834354e+00
-9.685735024918672664e+00 -7.483102678387190565e+00 -9.349084738531228567e+00
-5.435101342956587089e+00 -7.490935990462385341e+00 -7.495306782189413930e+00
-7.457061995260191978e+00 -7.492190152219105670e+00 -7.497011651710880464e+00
-9.364159811339934691e+00 -9.360802331463712989e+00 -9.363409236686646153e+00
-7.490440464617584837e+00 0.000000000000000000e+00 0.000000000000000000e+00
-7.198096499330040032e+00 0.000000000000000000e+00 0.000000000000000000e+00
0.000000000000000000e+00 0.000000000000000000e+00 0.000000000000000000e+00
0.000000000000000000e+00 0.000000000000000000e+00 0.000000000000000000e+00
-9.100358095872014275e+00 -9.124943314169868813e+00 -7.785046022441679980e+00
-9.962190296179334936e+00 -9.956710919304843088e+00 -9.960660025534401996e+00
-9.960786836929322874e+00 -9.960301065889268557e+00 -9.960687564737373378e+00
-9.962814987644080134e+00 -9.959317477725745604e+00 -9.961663737282581366e+00
-9.961704538688252342e+00 -9.963135885444550865e+00 -9.955487469086444108e+00
-9.964297381637873485e+00 -9.962731875551144256e+00 -9.966993438708184883e+00
-9.954503151298609964e+00 -9.970717875071830605e+00 -9.970354048028815086e+00
-9.954786890309899050e+00 -9.969933991216951341e+00 -9.943676288209845282e+00
-9.967924870442608665e+00 -9.951755827372826602e+00 -9.947874526747714441e+00
-9.975614373858642026e+00 -9.973295168812915890e+00 -9.932922544910899987e+00
-9.958617663409690124e+00 -9.948234791741672467e+00 -9.931614032455179597e+00
-9.924021453145901006e+00 -9.909000620849656826e+00 -9.904218840615353514e+00
-9.903732476853141620e+00 -9.911314542000358330e+00 -9.901853303125937700e+00
-7.436285294507870347e+00 -7.496295909478208230e+00 -9.301107519534690837e+00
-7.377199529465277017e+00 -7.411724161643528319e+00 0.000000000000000000e+00
-6.664071230376844568e+00 -7.364215852489662595e+00 -9.326622838747086419e+00
-8.995855011777001309e+00 -7.433945473654141267e+00 -9.342359013372673715e+00
-7.349622448926113272e+00 0.000000000000000000e+00 0.000000000000000000e+00
0.000000000000000000e+00 0.000000000000000000e+00 0.000000000000000000e+00
0.000000000000000000e+00 -7.099401740810865391e+00 0.000000000000000000e+00
-9.966034911433617083e+00 -9.932328538289015185e+00 -9.951183144279214687e+00
-9.966565772406605461e+00 -9.965445986097851261e+00 -9.961698482368831264e+00
-9.964519653817825784e+00 -9.960381146698324528e+00 -9.964865181799769545e+00
-9.963766041742164958e+00 -9.967166944613001789e+00 -9.966096967328549994e+00
-9.971432463151010950e+00 -9.973480220407340724e+00 -9.973787420099146317e+00
-9.976382436016141497e+00 -9.975948221519203685e+00 -9.971934465914058521e+00
-9.976549495986047233e+00 -9.974719412145722330e+00 -9.979223563645637896e+00
-9.982198331510492295e+00 -9.981035892999987169e+00 -9.981841914074411903e+00
-9.980996454945358920e+00 -9.966560532117853199e+00 -9.980495914486823494e+00
-9.981821010868586086e+00 -9.947674417914054601e+00 -9.981596325401222103e+00
-9.978362851642380349e+00 -9.978106973394611501e+00 -9.939650732519826448e+00
-9.974989630856700984e+00 -9.940102484919330905e+00 -9.968264328855811485e+00
-9.898196314318848721e+00 -9.898945575983393752e+00 -9.904712309942015125e+00
-9.906243911660009616e+00 -9.932316948669354773e+00 -9.771181958970133863e+00
-9.303818098639069945e+00 -9.809485047968493632e+00 -9.300821529727844705e+00
-9.364670663535632045e+00 -7.475661162834130735e+00 -9.364845289179681842e+00
-7.499305584917783207e+00 -7.037132402750263083e+00 0.000000000000000000e+00
0.000000000000000000e+00 0.000000000000000000e+00 0.000000000000000000e+00
0.000000000000000000e+00 0.000000000000000000e+00 0.000000000000000000e+00
-9.357670847485902499e+00 -7.472134545219198287e+00 -7.498737770455623064e+00
-9.958583349443284050e+00 -9.959025072763395769e+00 -9.961471618379878379e+00
-9.966829217890902370e+00 -9.968475282253880465e+00 -9.967208067501914570e+00
-9.966029471233236237e+00 -9.967989636966358091e+00 -9.968957831625754551e+00
-9.963287387136421813e+00 -9.968663575987454450e+00 -9.968936441546320637e+00
-9.975125795534982132e+00 -9.976940044406713781e+00 -9.973271457169452958e+00
-9.972814982491485125e+00 -9.986623957439746846e+00 -9.982386975741407653e+00
-9.985473297352946531e+00 -9.983603655473018534e+00 -9.987786428248673687e+00
-9.991974543972043321e+00 -9.986200100726481566e+00 -9.960033293698316470e+00
-9.992251054189564385e+00 -9.992057905838329646e+00 -9.941789896773961743e+00
-9.950431980229923923e+00 -9.992602152869048737e+00 -9.941822967900622032e+00
-9.979456228100552551e+00 -9.930829873124491058e+00 -9.935402465702312114e+00
-9.940378981972877170e+00 -9.978849316801079894e+00 -9.942981303938552173e+00
-9.953752290112984014e+00 -9.945433039599510749e+00 -9.947746283286679869e+00
-9.899318508732601885e+00 -9.895386351158300897e+00 -9.735650819030389869e+00
-9.949905437664014585e+00 -9.908449287721229126e+00 -9.902499276882107182e+00
-7.487413849122917853e+00 -7.487688341284933102e+00 -7.492047911629350132e+00
0.000000000000000000e+00 0.000000000000000000e+00 0.000000000000000000e+00
-7.495515511443502810e+00 0.000000000000000000e+00 0.000000000000000000e+00
0.000000000000000000e+00 0.000000000000000000e+00 0.000000000000000000e+00
0.000000000000000000e+00 0.000000000000000000e+00 -7.390614411917594495e+00
-9.957902431085823736e+00 -9.966331952901731128e+00 -9.962777521367909728e+00
-9.969033616051351743e+00 -9.965923739715922380e+00 -9.970248150685025124e+00
-9.971724790020653373e+00 -9.971432746850730666e+00 -9.969958585619425051e+00
-9.975090252413787439e+00 -9.977227163654346143e+00 -9.975466611263289707e+00
-9.975568791626992393e+00 -9.978140253603157817e+00 -9.978253538993667959e+00
-9.984455648310575526e+00 -9.983992947141842933e+00 -9.985123356085630064e+00
-9.993888724425817216e+00 -9.994000143891208054e+00 -9.993076166494995860e+00
-9.994773135511623607e+00 -9.994596649855182591e+00 -9.988941651852897508e+00
-9.995376903373209387e+00 -9.993004197116611920e+00 -9.987454431340919925e+00
-9.989825100994373486e+00 -9.989613412998114228e+00 -9.992354943414849089e+00
-9.995341432159964512e+00 -9.994232865522411302e+00 -9.939426345364832827e+00
-9.925698620756090662e+00 -9.973249350589252771e+00 -9.923441289084003358e+00
-9.961221072379984776e+00 -9.961986395730972887e+00 -9.964695404103119714e+00
-9.900399087067663473e+00 -9.979257128332337246e+00 -9.890607324190508365e+00
-9.915881230959179504e+00 -9.909479867488336424e+00 -9.758452023650061591e+00
-7.418156386344479714e+00 -7.441097735670777702e+00 0.000000000000000000e+00
-9.268236329102828464e+00 -7.496847146375220206e+00 0.000000000000000000e+00
0.000000000000000000e+00 0.000000000000000000e+00 0.000000000000000000e+00
0.000000000000000000e+00 0.000000000000000000e+00 0.000000000000000000e+00
-2.617918512775604611e+00 -7.493774983186172634e+00 -7.499319310800208527e+00
-9.959877231933795372e+00 -9.965661286639928562e+00 -9.983137192666902138e+00
-9.971948063539588958e+00 -9.971018930962445737e+00 -9.973302901122657715e+00
-9.974464135993772018e+00 -9.974724731206908501e+00 -9.972668147692004936e+00
-9.979096140230081957e+00 -9.976436281913480641e+00 -9.979323966836480153e+00
-9.980529762953681328e+00 -9.980466024846988304e+00 -9.977609409760741954e+00
-9.989317789554291949e+00 -9.988733068625826661e+00 -9.983499243619750274e+00
-9.993270227818264573e+00 -9.993878351448618247e+00 -9.994229567531103697e+00
-9.999203869285540947e+00 -9.998740768170559789e+00 -9.998871803619040932e+00
-9.999309289935927936e+00 -9.999358156876803960e+00 -9.996413223550030480e+00
-9.995216689906822438e+00 -9.995645818197758103e+00 -9.989530860521712796e+00
-9.994263967209395361e+00 -9.994030851549362993e+00 -9.994549390732393235e+00
-9.993238770833247742e+00 -9.980611609494415504e+00 -9.986534309723008818e+00
-9.988008357870066689e+00 -9.934102353176610833e+00 -9.987548073135657845e+00
-9.967279552262038322e+00 -9.918890471101214246e+00 -9.975990022185527550e+00
-9.920787917838978842e+00 -9.920795066900938153e+00 -9.776859874007424622e+00
-9.889194425216700779e+00 -9.861778347668771261e+00 -9.779720354418403261e+00
0.000000000000000000e+00 0.000000000000000000e+00 -7.476945574236820491e+00
0.000000000000000000e+00 0.000000000000000000e+00 -7.498085739189706445e+00
0.000000000000000000e+00 0.000000000000000000e+00 0.000000000000000000e+00
-7.492966094737660399e+00 0.000000000000000000e+00 0.000000000000000000e+00
-9.958271626952406308e+00 -9.956310007073907897e+00 -9.966148670319846303e+00
-9.971364509043556978e+00 -9.970682136670479423e+00 -9.974368022836795689e+00
-9.974593732639027266e+00 -9.974638605833916927e+00 -9.974513091786400665e+00
-9.980225068096993724e+00 -9.980112990709653076e+00 -9.979095142979680588e+00
-9.980657495481491281e+00 -9.982357576773194907e+00 -9.981200547963368308e+00
-9.988173860272326010e+00 -9.989987730657240661e+00 -9.990028934364175939e+00
-9.986549365287199720e+00 -9.993050252378514742e+00 -9.992737452901881312e+00
-9.990789670280527446e+00 -9.998775710498499336e+00 -9.998873974064034442e+00
-9.995416309270826360e+00 -9.997926780430377747e+00 -9.994001531010397343e+00
-9.996664843700612479e+00 -9.996028478633260050e+00 -9.996584119442040617e+00
-9.995075345297550484e+00 -9.994922238080347299e+00 -9.995181856258760433e+00
-9.993945967275372766e+00 -9.948959185374803837e+00 -9.992835732624200773e+00
-9.988438612413050421e+00 -9.990412037584572857e+00 -9.939953817042544770e+00
-9.929667369805100563e+00 -9.935404863252990992e+00 -9.936880782990110461e+00
-9.937833518493771834e+00 -9.929839723102336535e+00 -9.976808835986449964e+00
-9.883834654340663661e+00 -9.882037564562081045e+00 -9.797661794805149427e+00
-7.495397619004912748e+00 0.000000000000000000e+00 0.000000000000000000e+00
0.000000000000000000e+00 0.000000000000000000e+00 0.000000000000000000e+00
0.000000000000000000e+00 0.000000000000000000e+00 0.000000000000000000e+00
-7.467525935025161488e+00 -7.498428100219820536e+00 -7.497677744382803766e+00
-9.874903451346098038e+00 -9.893580585400933103e+00 -9.971806196552856605e+00
-9.969558808352436685e+00 -9.972462997670092477e+00 -9.970032048876806385e+00
-9.971159396813826348e+00 -9.975295453343017371e+00 -9.974693009289152812e+00
-9.979699893141649625e+00 -9.981767770706978737e+00 -9.981823778610715792e+00
-9.981654711375311351e+00 -9.982615815087255484e+00 -9.983100954920203662e+00
-9.990741687204435451e+00 -9.989409394081295801e+00 -9.990693360040809878e+00
-9.992034393155904581e+00 -9.993088496775484941e+00 -9.992689243958283285e+00
-9.991974201423790447e+00 -9.997764056479816475e+00 -9.997367037844536952e+00
-9.995602769493640238e+00 -9.996468339987401919e+00 -9.996697778742069218e+00
-9.995662066360331721e+00 -9.995578255781079946e+00 -9.992808272184145579e+00
-9.995414901253235840e+00 -9.995487644476725109e+00 -9.993885807461682091e+00
-9.964284767712523916e+00 -9.994402752329314410e+00 -9.994864978504523378e+00
-9.966345712333714246e+00 -9.989298777332091817e+00 -9.991535705633372899e+00
-9.966201158686491368e+00 -9.959497039690749176e+00 -9.944224892475791222e+00
-9.933377389757826137e+00 -9.926121279633040473e+00 -9.928317581272331438e+00
-9.894983663471887070e+00 -9.824506791198276190e+00 -9.885377326936005460e+00
-9.317559515930849301e+00 0.000000000000000000e+00 -5.823180708002871242e+00
0.000000000000000000e+00 0.000000000000000000e+00 0.000000000000000000e+00
0.000000000000000000e+00 0.000000000000000000e+00 0.000000000000000000e+00
-7.496036384434881406e+00 0.000000000000000000e+00 0.000000000000000000e+00
-9.814408383206904674e+00 -9.841935713077255343e+00 -9.948495955929724133e+00
-9.969389224785416559e+00 -9.967609363999372363e+00 -9.967375874900344712e+00
-9.966757916013323282e+00 -9.976657421179476515e+00 -9.977335620085503010e+00
-9.975000917572369730e+00 -9.981505375900116661e+00 -9.979953167600275066e+00
-9.982803244729009151e+00 -9.982643294605260564e+00 -9.982576344945707447e+00
-9.983218530066361396e+00 -9.988267224115567444e+00 -9.989028964164999635e+00
-9.988520454101266211e+00 -9.990631848206357191e+00 -9.990091666584415719e+00
-9.991703049343819032e+00 -9.990385194369052257e+00 -9.992361275436159929e+00
-9.991365055320960309e+00 -9.992248358858777380e+00 -9.991862505425800123e+00
-9.991638383723426386e+00 -9.993047893803538528e+00 -9.993115047187366429e+00
-9.993362672424176196e+00 -9.992267244483905131e+00 -9.993097346705415163e+00
-9.993359527474186876e+00 -9.966102178165815673e+00 -9.993462428003550002e+00
-9.962363371091242925e+00 -9.990297021044710846e+00 -9.977991453249721587e+00
-9.976178989245820361e+00 -9.984763977484650610e+00 -9.965176879143571753e+00
-9.955248816603610607e+00 -9.934884397782813181e+00 -9.940694496268799085e+00
-9.940195488075278973e+00 -8.362192095003083026e+00 -9.919252419149678701e+00
-7.494900509569081493e+00 -9.066497831107099614e+00 -9.298604790030974954e+00
0.000000000000000000e+00 0.000000000000000000e+00 0.000000000000000000e+00
0.000000000000000000e+00 0.000000000000000000e+00 0.000000000000000000e+00
-7.459813149072596516e+00 0.000000000000000000e+00 0.000000000000000000e+00
0.000000000000000000e+00 0.000000000000000000e+00 0.000000000000000000e+00
-9.934325985962660255e+00 -9.957983712129092169e+00 -9.932712611128364344e+00
-9.967202738808643048e+00 -9.977084605819134921e+00 -9.965270557331219692e+00
-9.976791433602226533e+00 -9.976403125906941227e+00 -9.976710849062985886e+00
-9.969885320235658099e+00 -9.982311172131851151e+00 -9.984303192235071123e+00
-9.984321792117125227e+00 -9.983569922621999382e+00 -9.983469618423921332e+00
-9.989166582661720639e+00 -9.989861916509731543e+00 -9.983551826034993582e+00
-9.987224914570992595e+00 -9.989830889564444760e+00 -9.988105572589692116e+00
-9.988569592614924275e+00 -9.993037752821251729e+00 -9.991232924597003517e+00
-9.990654498081488200e+00 -9.992060097712828437e+00 -9.991920800406930425e+00
-9.985113320704787299e+00 -9.992696017756262705e+00 -9.992746483238192923e+00
-9.984195531358658116e+00 -9.994574245515012834e+00 -9.977524021051660696e+00
-9.992836002658652461e+00 -9.991214866297363884e+00 -9.960121169337014635e+00
-9.962943155385405092e+00 -9.957273983128040129e+00 -9.968312265115367055e+00
-9.947066237930838994e+00 -9.944568440333309667e+00 -9.942039663454352194e+00
-9.865105129825632702e+00 -9.819715765707632826e+00 -8.907505882771037165e+00
-7.499089810431096126e+00 -9.372336117285513524e+00 -7.496617314553768452e+00
0.000000000000000000e+00 -7.229021175130753818e+00 0.000000000000000000e+00
0.000000000000000000e+00 0.000000000000000000e+00 0.000000000000000000e+00
0.000000000000000000e+00 0.000000000000000000e+00 -7.489413939884574489e+00
-9.357746355422367657e+00 -9.370615896499680630e+00 -7.496921597195313147e+00
-9.874693099039618005e+00 -9.952373945230764463e+00 -9.818507448120104897e+00
-9.945358770864629605e+00 -9.939211487499337139e+00 -9.976571900526332470e+00
-9.948087846155615921e+00 -9.933699082382361212e+00 -9.963891643779209772e+00
-9.976957182919829137e+00 -9.972025682959445803e+00 -9.982586695005611688e+00
-9.966684425046340223e+00 -9.989539027428042672e+00 -9.981259620845111868e+00
-9.975243113963188080e+00 -9.969725491923007610e+00 -9.995277281567178207e+00
-9.984667097150756732e+00 -9.977928160789197420e+00 -9.979207926936775053e+00
-9.973709325432858819e+00 -9.990760131218751283e+00 -9.989765656571561792e+00
-9.980238530435794786e+00 -9.987044917925116394e+00 -9.987124631230004823e+00
-9.986531675434227040e+00 -9.992337896102919004e+00 -9.992556447542176201e+00
-9.963323892377356827e+00 -9.973215762467901868e+00 -9.970015363295066990e+00
-9.983374991251334762e+00 -9.962782774355472881e+00 -9.940508503290450548e+00
-9.952880311217016995e+00 -9.977576742663888609e+00 -9.564476024423292699e+00
-9.448309502031856155e+00 -9.952435450429875985e+00 -9.368641030888834820e+00
-8.976897758507957903e+00 -8.793761891170621681e+00 -8.616529013256149838e+00
-7.486646472097399752e+00 -7.355699053752127625e+00 -7.332437398372006143e+00
0.000000000000000000e+00 0.000000000000000000e+00 0.000000000000000000e+00
0.000000000000000000e+00 0.000000000000000000e+00 0.000000000000000000e+00
-7.484999261087388334e+00 0.000000000000000000e+00 0.000000000000000000e+00
-9.305171483334376603e+00 -9.102964994344564076e+00 -7.458374880024239317e+00
0.000000000000000000e+00 0.000000000000000000e+00 -7.417320418162826279e+00
-9.972742301488739969e+00 -9.982943835714131353e+00 -9.983634369253147511e+00
-9.979587823723292672e+00 -9.929403321795613024e+00 -9.964926677656471554e+00
-9.952915784627235141e+00 -9.960070974589022796e+00 -9.975752487987270101e+00
-9.984849540363445186e+00 -9.981347134470880178e+00 -9.958489033368763899e+00
-9.986306765023417853e+00 -9.973571585418152807e+00 -9.976313625607888369e+00
-9.989003673521018811e+00 -9.974335629386652968e+00 -9.988901412873206098e+00
-9.982132383934473552e+00 -9.989340233001414049e+00 -9.985649245417690167e+00
-9.984803469938805520e+00 -9.985020156988181128e+00 -9.991492444978074872e+00
-9.985536097411490175e+00 -9.990202768944289602e+00 -9.986311899064009623e+00
-9.988705861917132722e+00 -9.987737708729049757e+00 -9.970354645431514840e+00
-9.964926219982880085e+00 -9.962118206649767771e+00 -9.954865118587886030e+00
-9.955317618815914926e+00 -9.660145738270411897e+00 -9.571548365736950004e+00
-9.875336495841182227e+00 -9.614702164254447680e+00 -9.565398157248470312e+00
-9.118049878291786925e+00 -7.497711842872115895e+00 0.000000000000000000e+00
-7.476380448945070256e+00 -9.366137346487958482e+00 0.000000000000000000e+00
0.000000000000000000e+00 0.000000000000000000e+00 0.000000000000000000e+00
0.000000000000000000e+00 0.000000000000000000e+00 0.000000000000000000e+00
-7.058493954480454136e+00 -7.472457116505044183e+00 -7.499511876644701758e+00
-9.318419802104997984e+00 -9.342661857468964826e+00 -7.453924631641132947e+00
-7.481011327476381645e+00 -8.993245610193914885e+00 0.000000000000000000e+00
-7.483234370242087152e+00 0.000000000000000000e+00 0.000000000000000000e+00
-9.987811740507543945e+00 -9.959356688468812280e+00 -9.954464244907914150e+00
-9.973923657222321992e+00 -9.950739221167363979e+00 -9.974772511305753042e+00
-9.973670064438874050e+00 -9.976230374079475993e+00 -9.977261551557347730e+00
-9.976552191792272595e+00 -9.977419699490427618e+00 -9.978986742351715122e+00
-9.972338122974772290e+00 -9.982771063285987623e+00 -9.989349864281148683e+00
-9.984642563282861261e+00 -9.981756762732905131e+00 -9.982986390569960733e+00
-9.991994987743682444e+00 -9.983384989983917990e+00 -9.986495005160172411e+00
-9.983688285870579548e+00 -9.988201049840128576e+00 -9.986282601173890328e+00
-9.977413180615556598e+00 -9.986558635228330871e+00 -9.985957149316854853e+00
-9.984428954815477653e+00 -9.819417645571039799e+00 -9.982449436569373447e+00
-9.374318292032416622e+00 -9.907526054208508626e+00 -9.682222591305857051e+00
-9.118427266716516044e+00 -8.556391025114917781e+00 -8.534984695179918646e+00
-7.461939139253221498e+00 0.000000000000000000e+00 -9.312119974374091669e+00
-9.353420513759882482e+00 -7.351469805121508827e+00 0.000000000000000000e+00
0.000000000000000000e+00 0.000000000000000000e+00 0.000000000000000000e+00
0.000000000000000000e+00 0.000000000000000000e+00 0.000000000000000000e+00
-7.496244630771840889e+00 0.000000000000000000e+00 -9.203286753462137426e+00
-7.493221450356621460e+00 0.000000000000000000e+00 -7.167172026424631248e+00
-7.425014054021195520e+00 -7.498217521739386271e+00 -7.493010591062960302e+00
-7.497889851430022290e+00 -7.408418068372546017e+00 -7.499624866268440826e+00
-9.049786129541070423e+00 -7.487158358181416062e+00 -9.356728952664033372e+00
-9.984185696385491582e+00 -9.988345248504469254e+00 -9.955683429811728047e+00
-9.978184870143165242e+00 -9.976040278855508703e+00 -9.967997470026428886e+00
-9.975507029424623084e+00 -9.980570093561153655e+00 -9.981163421270691671e+00
-9.978517968439792440e+00 -9.982923073140902659e+00 -9.981614674382223384e+00
-9.982494369983291094e+00 -9.981313211339688962e+00 -9.982801328100372018e+00
-9.985666467636992394e+00 -9.988086498760658571e+00 -9.988015167351642631e+00
-9.987951982231432879e+00 -9.950362957909902661e+00 -9.989802530258824476e+00
-9.886020287668795703e+00 -9.979226219594339753e+00 -9.487854947759448265e+00
-9.891860543540326844e+00 -9.729249360553353654e+00 -9.226406260074771382e+00
-9.684984060596065092e+00 -9.144769739767411920e+00 -9.685292616996363790e+00
-9.370306267477245044e+00 -7.498580456737281352e+00 -7.495468993094606347e+00
-9.311314275747383462e+00 -6.727059297563724449e+00 0.000000000000000000e+00
0.000000000000000000e+00 0.000000000000000000e+00 -7.404529863572472337e+00
0.000000000000000000e+00 0.000000000000000000e+00 0.000000000000000000e+00
0.000000000000000000e+00 0.000000000000000000e+00 0.000000000000000000e+00
-7.458635780564097928e+00 0.000000000000000000e+00 0.000000000000000000e+00
-7.492614526816950615e+00 -7.482059462145729256e+00 -7.482960904984006234e+00
-9.363325133729462735e+00 -7.494247152829674796e+00 -5.828202827461673508e+00
0.000000000000000000e+00 0.000000000000000000e+00 0.000000000000000000e+00
-6.997760107269439089e+00 0.000000000000000000e+00 0.000000000000000000e+00
-8.952772880587097859e+00 -7.210031762093782604e+00 -9.290871915715936069e+00
-9.983866867147202839e+00 -9.975996602108036626e+00 -9.985895339968180906e+00
-9.983309219304334903e+00 -9.982315845879313088e+00 -9.983531338028690527e+00
-9.984622656293243637e+00 -9.981933282429995558e+00 -9.984046161493166593e+00
-9.987323437054255848e+00 -9.984391417313641881e+00 -9.986532845036997230e+00
-9.986222910348331538e+00 -9.988556551214294643e+00 -9.988663230231857426e+00
-9.981995788026784666e+00 -9.982087153127640278e+00 -9.926116809834018895e+00
-9.866832363295721109e+00 -9.808661625663050998e+00 -9.893434782249679316e+00
-9.609104230792716805e+00 -9.364712251667077325e+00 -9.367561048837877991e+00
-9.004252148315663007e+00 -7.499094554617236952e+00 -7.499066315588414078e+00
-9.363626647516058554e+00 -9.367067140410387793e+00 -7.496922004724272171e+00
-9.365972713422280549e+00 -9.348032071500504969e+00 -9.272370898225869240e+00
0.000000000000000000e+00 -7.431899881509167471e+00 -8.932340487349765823e+00
0.000000000000000000e+00 0.000000000000000000e+00 0.000000000000000000e+00
0.000000000000000000e+00 0.000000000000000000e+00 0.000000000000000000e+00
-7.489988235724825749e+00 -7.412479245410733775e+00 -7.489832394499225998e+00
-9.619579436167256858e+00 -9.263022840627694876e+00 -7.477691086085448191e+00
0.000000000000000000e+00 -7.491229031133885385e+00 -6.582532534686449388e+00
-7.480782578214667744e+00 -8.958734718775691164e+00 -9.792420866342613550e+00
-9.338113872408968064e+00 -9.767565533023146784e+00 -9.363933917057561729e+00
-7.497286550788206938e+00 -7.492628813413885425e+00 0.000000000000000000e+00
0.000000000000000000e+00 0.000000000000000000e+00 0.000000000000000000e+00
-9.984617922554207325e+00 -9.984706108636583366e+00 -9.984888540641998489e+00
-9.988843054272628308e+00 -9.981553083037063345e+00 -9.988864134243049975e+00
-9.987031753160863445e+00 -9.990347228493364540e+00 -9.991295855381055802e+00
-9.932264399745545091e+00 -9.933819774998717378e+00 -9.930290474198276485e+00
-9.914554066178476788e+00 -9.946230846330051278e+00 -9.942611572497746408e+00
-9.887215152238168159e+00 -9.125346393073765938e+00 -9.319812525576994133e+00
-9.122399105021720800e+00 -8.210451530010743681e+00 -8.285503131543814348e+00
-9.340616946526958841e+00 -7.458894573900784586e+00 -7.432478834905499099e+00
0.000000000000000000e+00 -7.276057939889366999e+00 0.000000000000000000e+00
-9.222253025103173130e+00 -9.332938373797311726e+00 -7.369377941184241720e+00
-7.340326652824936460e+00 0.000000000000000000e+00 0.000000000000000000e+00
0.000000000000000000e+00 0.000000000000000000e+00 0.000000000000000000e+00
0.000000000000000000e+00 0.000000000000000000e+00 0.000000000000000000e+00
-6.836397126305314487e+00 0.000000000000000000e+00 0.000000000000000000e+00
-9.304887647615380786e+00 -9.359785137725506132e+00 -7.496518556398534372e+00
0.000000000000000000e+00 0.000000000000000000e+00 -7.475551240432334765e+00
-7.419384997246433855e+00 -9.317451897712533793e+00 -7.460818798283848530e+00
-9.361279955928470287e+00 0.000000000000000000e+00 0.000000000000000000e+00
-7.377093821884537661e+00 -9.339459270921350864e+00 -7.088928259503010310e+00
-7.472300468436822385e+00 -7.488350315486178133e+00 -7.451718319169540194e+00
-6.395564100316708966e+00 -8.845795809964622336e+00 0.000000000000000000e+00
-9.964147104357156337e+00 -9.980712029370810257e+00 -9.983091587197661099e+00
-9.936446056172174579e+00 -9.945205317004571555e+00 -9.945759881896369947e+00
-9.933254658956503391e+00 -9.932403259534321904e+00 -9.934609792827671981e+00
-9.913574599970301549e+00 -9.893707088374213754e+00 -9.899975893263132320e+00
-8.911496147291849468e+00 -9.647750225580082883e+00 -8.987067068746508625e+00
-8.676533894851452544e+00 -8.720916621826333426e+00 -9.300717691713590085e+00
-7.496033765234606072e+00 0.000000000000000000e+00 -9.788190759572213295e+00
-8.790694300895214752e+00 -7.491901379321285859e+00 -9.360333059222886831e+00
-7.494062872073312676e+00 -7.493759335844778491e+00 0.000000000000000000e+00
-7.485519774028830398e+00 0.000000000000000000e+00 0.000000000000000000e+00
0.000000000000000000e+00 0.000000000000000000e+00 0.000000000000000000e+00
0.000000000000000000e+00 0.000000000000000000e+00 0.000000000000000000e+00
0.000000000000000000e+00 -7.492477210068299698e+00 0.000000000000000000e+00
-7.496362489718991107e+00 0.000000000000000000e+00 0.000000000000000000e+00
-6.200032433921609076e+00 0.000000000000000000e+00 0.000000000000000000e+00
0.000000000000000000e+00 0.000000000000000000e+00 -7.474371423761773769e+00
0.000000000000000000e+00 -7.349594118368537821e+00 0.000000000000000000e+00
-7.432864913952220931e+00 -9.162361008942461638e+00 -7.497575615896039380e+00
-9.533498312524995910e+00 0.000000000000000000e+00 0.000000000000000000e+00
-7.475841878377119443e+00 -5.390761217024762075e+00 0.000000000000000000e+00
0.000000000000000000e+00 0.000000000000000000e+00 0.000000000000000000e+00
0.000000000000000000e+00 0.000000000000000000e+00 0.000000000000000000e+00
-7.496134434350071096e+00 0.000000000000000000e+00 0.000000000000000000e+00
-7.491162130453004053e+00 0.000000000000000000e+00 0.000000000000000000e+00
0.000000000000000000e+00 -7.493805379595929850e+00 0.000000000000000000e+00
-7.394601242594061929e+00 -7.499470978398742105e+00 -7.482705283735085366e+00
-7.498246618335352665e+00 -7.498319340778939690e+00 -7.459866812255945945e+00
0.000000000000000000e+00 0.000000000000000000e+00 0.000000000000000000e+00
0.000000000000000000e+00 0.000000000000000000e+00 0.000000000000000000e+00
0.000000000000000000e+00 -7.491368430201024609e+00 -6.755980207769659351e+00
0.000000000000000000e+00 0.000000000000000000e+00 0.000000000000000000e+00
0.000000000000000000e+00 0.000000000000000000e+00 0.000000000000000000e+00
0.000000000000000000e+00 0.000000000000000000e+00 0.000000000000000000e+00
0.000000000000000000e+00 0.000000000000000000e+00 0.000000000000000000e+00
0.000000000000000000e+00 0.000000000000000000e+00 0.000000000000000000e+00
0.000000000000000000e+00 0.000000000000000000e+00 0.000000000000000000e+00
0.000000000000000000e+00 0.000000000000000000e+00 0.000000000000000000e+00
0.000000000000000000e+00 0.000000000000000000e+00 0.000000000000000000e+00
0.000000000000000000e+00 0.000000000000000000e+00 0.000000000000000000e+00
0.000000000000000000e+00 0.000000000000000000e+00 0.000000000000000000e+00
0.000000000000000000e+00 0.000000000000000000e+00 0.000000000000000000e+00
0.000000000000000000e+00 0.000000000000000000e+00 0.000000000000000000e+00
0.000000000000000000e+00 0.000000000000000000e+00 0.000000000000000000e+00
0.000000000000000000e+00 0.000000000000000000e+00 0.000000000000000000e+00
0.000000000000000000e+00 0.000000000000000000e+00 0.000000000000000000e+00
0.000000000000000000e+00 0.000000000000000000e+00 0.000000000000000000e+00
0.000000000000000000e+00 0.000000000000000000e+00 0.000000000000000000e+00
0.000000000000000000e+00 0.000000000000000000e+00 0.000000000000000000e+00
0.000000000000000000e+00 0.000000000000000000e+00 0.000000000000000000e+00
0.000000000000000000e+00 0.000000000000000000e+00 0.000000000000000000e+00
0.000000000000000000e+00 0.000000000000000000e+00 0.000000000000000000e+00
