0.000000000000000000e+00 0.000000000000000000e+00 0.000000000000000000e+00
0.000000000000000000e+00 0.000000000000000000e+00 0.000000000000000000e+00
-3.330331200973128070e+00 0.000000000000000000e+00 0.000000000000000000e+00
-6.655165823915751844e+00 -6.657805866543483830e+00 -6.661137423953973347e+00
-6.649944001986472841e+00 -6.663359466094893158e+00 -6.665064018404370572e+00
-6.665342349198264849e+00 -6.656370474652080205e+00 -6.660611594824409565e+00
-6.658216815953025502e+00 -6.664454550633045038e+00 -6.664582759672041945e+00
-6.662160312628460090e+00 -6.659368477134337105e+00 -6.659250436338170154e+00
-6.658798037853790319e+00 -6.659527221708650302e+00 -6.660112797714466737e+00
-6.659332106181484967e+00 -6.664578898672915308e+00 -6.659840246440318801e+00
-6.660677693399082777e+00 -6.661074723654701657e+00 -6.660681221825987208e+00
-6.660196437872969000e+00 -6.660386063361286801e+00 -6.660662479694205551e+00
-6.654903407058714748e+00 -6.653313879389521901e+00 -6.661545644705332059e+00
0.000000000000000000e+00 0.000000000000000000e+00 -3.330271006381377408e+00
-3.256173830446384532e+00 -3.327459731109861707e+00 0.000000000000000000e+00
-3.333097026019521625e+00 -3.333292334216442665e+00 0.000000000000000000e+00
-3.332904154905672822e+00 0.000000000000000000e+00 -4.998049337741539588e+00
0.000000000000000000e+00 0.000000000000000000e+00 0.000000000000000000e+00
-4.997462325038472208e+00 -4.999582058046587285e+00 -4.969810754256932306e+00
0.000000000000000000e+00 0.000000000000000000e+00 0.000000000000000000e+00
0.000000000000000000e+00 0.000000000000000000e+00 0.000000000000000000e+00
-3.332426613658055370e+00 -3.333251238573830655e+00 -3.292210283137380511e+00
-6.193281692873020994e+00 -5.826999991560298575e+00 -4.999835672011949228e+00
-6.663939998438584311e+00 -6.663259054972405337e+00 -6.663567538219558273e+00
-6.657954343843309530e+00 -6.661365608072960853e+00 -6.662320698882640002e+00
-6.661631889154243424e+00 -6.661048233123404216e+00 -6.658776518419482926e+00
-6.659967927611845973e+00 -6.661055141704098403e+00 -6.660398586253267084e+00
-6.660524545918499406e+00 -6.660599043319721524e+00 -6.660249204427117320e+00
-6.659324064416312083e+00 -6.664997434599927217e+00 -6.659318156627516139e+00
-6.661973749028692104e+00 -6.660969661596347180e+00 -6.656447525405898347e+00
-6.663965248355452786e+00 -6.655371312513173265e+00 -6.659064235602405901e+00
-6.660221602915199490e+00 -6.659224958175193443e+00 -6.658655363596085230e+00
-6.659217739495621124e+00 -6.659947173674998666e+00 -6.660144133373693265e+00
-6.657405295273360224e+00 -6.657862463097869110e+00 -6.658005826937429816e+00
-6.441899939432170541e+00 -6.449537999216804707e+00 -6.527674404752495718e+00
-3.281282729644071861e+00 0.000000000000000000e+00 0.000000000000000000e+00
-3.331878034892028939e+00 -3.333326112883686410e+00 0.000000000000000000e+00
-3.330209118045794447e+00 -4.999790844516426525e+00 -3.333082936845169097e+00
-3.333299744200603598e+00 -3.333311190265765500e+00 0.000000000000000000e+00
-3.333305923404902060e+00 0.000000000000000000e+00 0.000000000000000000e+00
0.000000000000000000e+00 0.000000000000000000e+00 0.000000000000000000e+00
-4.999411638212267306e+00 -4.999642201588240908e+00 -3.332992545439081855e+00
-5.908006933743344291e+00 -6.603576612032014737e+00 -6.567480035150934370e+00
-6.665362899268219898e+00 -6.659868164876274754e+00 -6.665067980144307569e+00
-6.662562580368885712e+00 -6.660357178760785146e+00 -6.665547753461855685e+00
-6.662572565689771409e+00 -6.661226957148837613e+00 -6.661983835927747677e+00
-6.661876892160325525e+00 -6.661693799735457944e+00 -6.660343444135754964e+00
-6.662025537446337964e+00 -6.665516703708552093e+00 -6.653594630796441756e+00
-6.655304129105601874e+00 -6.658981294574287446e+00 -6.653602483666757550e+00
-6.655361874210496964e+00 -6.653583746805222354e+00 -6.651983915852463625e+00
-6.654254028220324635e+00 -6.651289822368921634e+00 -6.650356923861459713e+00
-6.664879679654069022e+00 -6.650271042447380765e+00 -6.654247433125330957e+00
-6.645864809994884936e+00 -6.651742425801849379e+00 -6.654227662599321746e+00
-6.655775277116854127e+00 -6.656454046443764483e+00 -6.654768250147148123e+00
-6.654810487046553646e+00 -6.654543452511179069e+00 -6.649362033682058026e+00
-5.820741723793862121e+00 -5.745130040254926129e+00 -6.161228870467272856e+00
-5.832521293994513911e+00 -5.819798646388967711e+00 -5.817515646003860397e+00
-3.332536995827408255e+00 -4.999899334927918382e+00 -3.333260099020550538e+00
-3.326714610903913183e+00 -5.827238145684306758e+00 -3.332407984572972826e+00
0.000000000000000000e+00 0.000000000000000000e+00 0.000000000000000000e+00
0.000000000000000000e+00 0.000000000000000000e+00 0.000000000000000000e+00
-3.332683851695855015e+00 -3.333128184463908905e+00 0.000000000000000000e+00
-6.659936408220110238e+00 -6.660114555931786029e+00 -6.662099087454119939e+00
-6.660455871915853976e+00 -6.665638784055886390e+00 -6.666070883312650963e+00
-6.663210385508928191e+00 -6.664815505533599804e+00 -6.662202532163158608e+00
-6.662674553788013654e+00 -6.662886552307071497e+00 -6.661446206839981343e+00
-6.664806916896525379e+00 -6.664723868902566295e+00 -6.661396350003292888e+00
-6.661061616679115005e+00 -6.659200724862790466e+00 -6.662873157436671079e+00
-6.663796690143232837e+00 -6.662144378171122483e+00 -6.665073031287060523e+00
-6.662187175017457719e+00 -6.661759662118489800e+00 -6.662015002082335435e+00
-6.662844799639959348e+00 -6.664123379008829673e+00 -6.660399476971484489e+00
-6.659779530267659453e+00 -6.660077815538713253e+00 -6.659393181938654926e+00
-6.662263503220978045e+00 -6.660732911852001337e+00 -6.660226617608826061e+00
-6.655549943219686071e+00 -6.655371534628406138e+00 -6.654645616291816168e+00
-6.652572598331591536e+00 -6.653159894718846168e+00 -6.650200982848478048e+00
-6.649242815090111947e+00 -6.650963915587855269e+00 -6.643187109791401923e+00
-4.993079379520136918e+00 -3.332448678830147504e+00 -4.999944525098485748e+00
0.000000000000000000e+00 -5.808402794989415696e+00 -3.333325026670606928e+00
-4.999685162361720892e+00 -3.333308093494339097e+00 -4.996000793896499204e+00
-3.333286411249335668e+00 0.000000000000000000e+00 0.000000000000000000e+00
0.000000000000000000e+00 0.000000000000000000e+00 0.000000000000000000e+00
-3.333247528686912986e+00 0.000000000000000000e+00 -3.257467615136897976e+00
-6.663435909039703731e+00 -6.663701897271332442e+00 -6.664090193214974533e+00
-6.665574492718640442e+00 -6.663134623363221820e+00 -6.664611435657689320e+00
-6.662906001382721044e+00 -6.663905188293875348e+00 -6.663630129458045559e+00
-6.662929870724678239e+00 -6.664867629210622368e+00 -6.663886272829950386e+00
-6.663476414157491590e+00 -6.665061875041862649e+00 -6.665851176683249335e+00
-6.662466969633488389e+00 -6.664046810400420462e+00 -6.663231423749808258e+00
-6.665938907833118598e+00 -6.663384421631824317e+00 -6.665953281999406954e+00
-6.665770928034548959e+00 -6.661805487023041650e+00 -6.665790774451203937e+00
-6.665714435288341733e+00 -6.665762817339085267e+00 -6.664650561692409880e+00
-6.664721800998100854e+00 -6.664576693177368227e+00 -6.662123413462945898e+00
-6.662756392994868548e+00 -6.665017310771109038e+00 -6.658438250671752101e+00
-6.656957672738066378e+00 -6.657087203847875223e+00 -6.656472605482515625e+00
-6.659792215139114901e+00 -6.651482030683875557e+00 -6.652829108584551676e+00
-6.646438508470063233e+00 -6.646469909069786297e+00 -6.638368572409438784e+00
-6.634412063210209709e+00 -6.638776997546894876e+00 -6.636992214183022654e+00
-4.999835236719251341e+00 -3.333073196596732846e+00 0.000000000000000000e+00
-5.828675864333799694e+00 -5.830263406701648776e+00 -5.833104675130509342e+00
0.000000000000000000e+00 0.000000000000000000e+00 0.000000000000000000e+00
0.000000000000000000e+00 0.000000000000000000e+00 0.000000000000000000e+00
-3.333212764217097668e+00 -3.333219028825357810e+00 -4.993376745871589861e+00
-6.664459378095707542e+00 -6.664046696599230657e+00 -6.665186432384468063e+00
-6.664266159834754788e+00 -6.664798220280061081e+00 -6.663788680914667140e+00
-6.664019710812740804e+00 -6.664365354787961770e+00 -6.663918417779301606e+00
-6.665607023313505408e+00 -6.666168780330718135e+00 -6.663874574755777047e+00
-6.664214135456704824e+00 -6.666104385287438205e+00 -6.664095302633795015e+00
-6.662923245984639919e+00 -6.665887174145666449e+00 -6.666073940840106182e+00
-6.666063726216758134e+00 -6.666035687391646647e+00 -6.665850452176149687e+00
-6.666167539264506559e+00 -6.665957988771648246e+00 -6.665385284773994279e+00
-6.665709740146962048e+00 -6.665696900456481444e+00 -6.665150267337990542e+00
-6.666122639493551105e+00 -6.666111767994214787e+00 -6.665638693158059347e+00
-6.665090826414040492e+00 -6.666132011783465039e+00 -6.665961143098622088e+00
-6.662043607691234826e+00 -6.657982860480290199e+00 -6.654557829138124880e+00
-6.653434968489380097e+00 -6.656040011735541384e+00 -6.652559806468439696e+00
-6.647466460981195979e+00 -6.647523209058830318e+00 -6.648870068154706381e+00
-6.641758057348598143e+00 -6.637215472800704674e+00 -6.641847830860386992e+00
-4.979432199004811821e+00 -3.326394433912954973e+00 0.000000000000000000e+00
-3.331672362799837916e+00 -3.333323263224375221e+00 0.000000000000000000e+00
0.000000000000000000e+00 0.000000000000000000e+00 0.000000000000000000e+00
0.000000000000000000e+00 0.000000000000000000e+00 0.000000000000000000e+00
-2.165742852756470160e+00 -3.333172871622668065e+00 -4.982582675820546037e+00
-6.664517174424389623e+00 -6.664328642814306036e+00 -6.664478185779607600e+00
-6.664184927902502942e+00 -6.664799303991161494e+00 -6.664529894121212550e+00
-6.664313680499973636e+00 -6.665392021441334691e+00 -6.664791867684334292e+00
-6.664847974273246933e+00 -6.666028419124186755e+00 -6.666314542890637185e+00
-6.665885003381752938e+00 -6.664634774658503069e+00 -6.665933948339024084e+00
-6.665804986342785732e+00 -6.666315250285819616e+00 -6.665851952422203297e+00
-6.666130030537869899e+00 -6.666380529710621339e+00 -6.666384809590650384e+00
-6.666460901748132883e+00 -6.666660286798159696e+00 -6.666649816535936246e+00
-6.666648269560905504e+00 -6.666651066768467970e+00 -6.666422239729840271e+00
-6.666473608234587900e+00 -6.666622268500004722e+00 -6.666286694531504686e+00
-6.665493287549097978e+00 -6.666547988637561595e+00 -6.664960327755133918e+00
-6.665839345469285249e+00 -6.665853812229304509e+00 -6.661226619840745045e+00
-6.660714343820107075e+00 -6.656963624929051804e+00 -6.654503455624208641e+00
-6.647725376295399613e+00 -6.645306964092908331e+00 -6.648406284327541549e+00
-6.637912272129975477e+00 -6.637596972501190962e+00 -6.623756681172710437e+00
-6.642922311988545658e+00 -6.613293029740512807e+00 -6.622744204376362909e+00
-3.332244277496193785e+00 -3.333294214159583824e+00 0.000000000000000000e+00
0.000000000000000000e+00 0.000000000000000000e+00 0.000000000000000000e+00
0.000000000000000000e+00 0.000000000000000000e+00 0.000000000000000000e+00
-3.333309797178386269e+00 0.000000000000000000e+00 -3.326606740393597050e+00
-6.663731589731426652e+00 -6.664145585356472168e+00 -6.663936589987100589e+00
-6.665557133649698152e+00 -6.664703128799976284e+00 -6.665132813569715431e+00
-6.664876190121898247e+00 -6.666326800882545811e+00 -6.665260295411751024e+00
-6.664983943332562610e+00 -6.666374214029048062e+00 -6.665898665146130497e+00
-6.665818163039686439e+00 -6.665119895695301722e+00 -6.665956598118286891e+00
-6.666364343540191584e+00 -6.665651751655611967e+00 -6.666092591766377140e+00
-6.666142486738352524e+00 -6.666388035081821428e+00 -6.666424852381753752e+00
-6.666325172970447355e+00 -6.666655066193582613e+00 -6.666633407060776229e+00
-6.666509112719115393e+00 -6.666613874358992220e+00 -6.666646303866933465e+00
-6.666627508097224819e+00 -6.666626833775817218e+00 -6.666625256804771027e+00
-6.666631767091567795e+00 -6.666632253848028711e+00 -6.664854551617443335e+00
-6.665442699057868126e+00 -6.666549072083679306e+00 -6.665566551438949716e+00
-6.657391177155385975e+00 -6.662600015343828730e+00 -6.648991177513308592e+00
-6.649494905474517381e+00 -6.647518617785832973e+00 -6.636992391361209442e+00
-6.627789048551903761e+00 -6.633738792580869514e+00 -6.632438868590170955e+00
-6.611365799321600178e+00 -6.624454832509306001e+00 -6.612066395840075828e+00
-3.333260598302708821e+00 -3.332802782354078452e+00 -3.333182392313336351e+00
0.000000000000000000e+00 0.000000000000000000e+00 0.000000000000000000e+00
0.000000000000000000e+00 0.000000000000000000e+00 0.000000000000000000e+00
-3.333300807798594168e+00 0.000000000000000000e+00 0.000000000000000000e+00
-6.658395786095949731e+00 -6.658887215359236222e+00 -6.658859706460170003e+00
-6.663926998526875423e+00 -6.665180671136678114e+00 -6.665997693196183072e+00
-6.664229389607640996e+00 -6.665357485664301862e+00 -6.665758817531167502e+00
-6.665573686861046454e+00 -6.666416845380032541e+00 -6.666433350834641836e+00
-6.665587046447910780e+00 -6.666140558613049549e+00 -6.666278859542101642e+00
-6.665966204822492358e+00 -6.666177779411121662e+00 -6.666380510784764013e+00
-6.666288282734198489e+00 -6.666410631930369313e+00 -6.666401423427423367e+00
-6.666611200822273986e+00 -6.666529648439044387e+00 -6.666612683299890207e+00
-6.666561677612051540e+00 -6.666629038405522678e+00 -6.666631069999953141e+00
-6.666625870871635939e+00 -6.666605043512721096e+00 -6.666633980412717264e+00
-6.666613798169993998e+00 -6.666628088263964358e+00 -6.666627958294917278e+00
-6.666561266324253943e+00 -6.666521964323868232e+00 -6.666544853803248571e+00
-6.657938223140872580e+00 -6.656301877570708569e+00 -6.654618918354776369e+00
-6.654942885595975355e+00 -6.647200582876770625e+00 -6.642562320325684055e+00
-6.611347898968916503e+00 -6.636059081739603016e+00 -6.639536666131154341e+00
-6.609855781236414707e+00 -6.607513750042015133e+00 -6.598394901124533973e+00
0.000000000000000000e+00 0.000000000000000000e+00 0.000000000000000000e+00
0.000000000000000000e+00 0.000000000000000000e+00 0.000000000000000000e+00
0.000000000000000000e+00 0.000000000000000000e+00 0.000000000000000000e+00
-3.330215973605105351e+00 -3.319565942353674082e+00 0.000000000000000000e+00
-6.632440215627509517e+00 -6.641995556739466622e+00 -6.624265160896377402e+00
-6.665011380540121877e+00 -6.665952855472759175e+00 -6.665433938300351357e+00
-6.664162946613608973e+00 -6.665725806862614178e+00 -6.666197929403823608e+00
-6.665297858225442518e+00 -6.665994946742818783e+00 -6.666155275544450198e+00
-6.666381189278147268e+00 -6.666411664272734683e+00 -6.665901998095811187e+00
-6.666359010590101164e+00 -6.666483656070495201e+00 -6.666180170669619542e+00
-6.666319738565977815e+00 -6.666470644967668946e+00 -6.666536781783749532e+00
-6.666530113793922574e+00 -6.666494220973500973e+00 -6.666529234819889460e+00
-6.666531028509229628e+00 -6.666598104361806776e+00 -6.666589973117384105e+00
-6.666573000183416475e+00 -6.666612766655021893e+00 -6.666606655133392678e+00
-6.666598446254027976e+00 -6.666578533282583763e+00 -6.666597205054745956e+00
-6.666511849634996878e+00 -6.666530316564303504e+00 -6.666535676959238543e+00
-6.657067754087636402e+00 -6.662119587197375736e+00 -6.637478813964195368e+00
-6.656491431631623712e+00 -6.631779729199088536e+00 -6.635945693349304619e+00
-6.625059126437845336e+00 -6.626117384313745973e+00 -6.594127709833018436e+00
-6.648813239363775551e+00 -6.582935583636389865e+00 -6.582148387602897444e+00
-3.332363637274288859e+00 -3.332288165852468342e+00 -3.333245261617663768e+00
0.000000000000000000e+00 0.000000000000000000e+00 0.000000000000000000e+00
0.000000000000000000e+00 0.000000000000000000e+00 0.000000000000000000e+00
-3.329935653060626333e+00 0.000000000000000000e+00 0.000000000000000000e+00
-3.331642991293209732e+00 0.000000000000000000e+00 -3.332570080987179217e+00
-6.665204215207018557e+00 -6.664737085448365406e+00 -6.664731367494646008e+00
-6.665252650208278951e+00 -6.665392993807115474e+00 -6.665247289971634181e+00
-6.665617529368727645e+00 -6.665707436593912405e+00 -6.666261293757040463e+00
-6.665935209951856066e+00 -6.666244139142353475e+00 -6.666267737531244464e+00
-6.666444465020008536e+00 -6.666260587766819512e+00 -6.666458705656035377e+00
-6.666459988793512537e+00 -6.666505402509595335e+00 -6.666502502508230066e+00
-6.666523758968683211e+00 -6.666554388803394460e+00 -6.666546051514557369e+00
-6.666555586987039206e+00 -6.666566877357658960e+00 -6.666571875017334392e+00
-6.666575011723331556e+00 -6.666582602084723419e+00 -6.666583402035978878e+00
-6.666558030725502348e+00 -6.666547070544693199e+00 -6.666563443984205861e+00
-6.666347128981030323e+00 -6.666415505952221210e+00 -6.666296568800209599e+00
-6.662006405727099789e+00 -6.664274826429769760e+00 -6.612927159811135880e+00
-6.629012405045169309e+00 -6.656615390310715696e+00 -6.635966359157245087e+00
-6.580082496181994145e+00 -6.629381091709294793e+00 -6.562876230447816539e+00
-6.547538028410590627e+00 -6.552673139461852259e+00 -6.538465235580507517e+00
-3.330367637226926192e+00 -3.333258576190842870e+00 -3.333267787340981503e+00
0.000000000000000000e+00 0.000000000000000000e+00 0.000000000000000000e+00
0.000000000000000000e+00 0.000000000000000000e+00 0.000000000000000000e+00
-3.333254059109473033e+00 -3.333302205261194029e+00 -3.333292171626764944e+00
-3.329754967666844756e+00 -3.333186786089450848e+00 -3.333287581377988307e+00
-6.556576757750813833e+00 -6.583213542023675480e+00 -6.501109813760610479e+00
-6.665089464959184973e+00 -6.664943522029194156e+00 -6.664981825032307405e+00
-6.665802303781116045e+00 -6.665747100965440097e+00 -6.665725826289621736e+00
-6.665955997018241597e+00 -6.666035786266995444e+00 -6.666097677078893113e+00
-6.666220679502680824e+00 -6.666153140290958845e+00 -6.666198607575106294e+00
-6.666297914477516073e+00 -6.666276594302368963e+00 -6.666217087350096548e+00
-6.666331033010919782e+00 -6.666398593169748032e+00 -6.666403336149798520e+00
-6.666365198893433153e+00 -6.666326618728520614e+00 -6.666347580703075870e+00
-6.666352291917710282e+00 -6.666339527805217102e+00 -6.666352169636826197e+00
-6.666299150315992961e+00 -6.666300415778340316e+00 -6.666255593912042698e+00
-6.666279473039286252e+00 -6.656468079686192141e+00 -6.666256136043791969e+00
-6.664922383117980687e+00 -6.664312981763321986e+00 -6.598540175762443560e+00
-6.602699903457358133e+00 -6.637768339611224810e+00 -6.555868140989590032e+00
-6.579455310932065260e+00 -6.577333165404153803e+00 -6.528292458402210841e+00
-3.276880964689473874e+00 -3.330722472702869918e+00 -5.158030414757897475e+00
-4.997696528571859531e+00 -4.995273511589891413e+00 -3.331671272314964405e+00
0.000000000000000000e+00 0.000000000000000000e+00 0.000000000000000000e+00
0.000000000000000000e+00 0.000000000000000000e+00 0.000000000000000000e+00
0.000000000000000000e+00 0.000000000000000000e+00 -3.331345525800944785e+00
-4.999937262805024929e+00 -4.999804064969612938e+00 -5.822409617352272804e+00
-4.998721488849149353e+00 -4.999563085452962241e+00 -5.832563101642604053e+00
-6.657124268899229591e+00 -6.655111899191403779e+00 -6.657161524061791624e+00
-6.665188053152622416e+00 -6.665030567052934174e+00 -6.665404125772839805e+00
-6.665946896930293519e+00 -6.665934174832015557e+00 -6.665909320168879049e+00
-6.665964255400036009e+00 -6.665985497025911144e+00 -6.666000585739052298e+00
-6.666075287469825028e+00 -6.666149799977342028e+00 -6.666164859669899911e+00
-6.666130657985018360e+00 -6.666118926275908407e+00 -6.666101260834624398e+00
-6.666115357075666381e+00 -6.666122837454615535e+00 -6.666116557782919116e+00
-6.666209129947935352e+00 -6.666168891048999789e+00 -6.666207284049335158e+00
-6.666190351176952689e+00 -6.666238465621679765e+00 -6.666253643721947952e+00
-6.666194647743600932e+00 -6.655607242253195110e+00 -6.655672623428208645e+00
-6.649762413691911789e+00 -6.627261830414644450e+00 -6.639607009868733201e+00
-6.551212518430309828e+00 -6.565823821325949439e+00 -6.496472329743109952e+00
-6.571770539723766902e+00 -6.581294941946728372e+00 -6.515160073678288200e+00
0.000000000000000000e+00 0.000000000000000000e+00 -3.301131214720535834e+00
-4.998570652595518027e+00 -3.333232700224097567e+00 0.000000000000000000e+00
-3.333172528856955363e+00 0.000000000000000000e+00 0.000000000000000000e+00
0.000000000000000000e+00 0.000000000000000000e+00 0.000000000000000000e+00
0.000000000000000000e+00 0.000000000000000000e+00 0.000000000000000000e+00
-4.999786752246310861e+00 -3.333225433924863257e+00 -3.333286138045173264e+00
-4.989775058193293589e+00 0.000000000000000000e+00 -3.332531773116963691e+00
0.000000000000000000e+00 0.000000000000000000e+00 -3.333296837491573683e+00
-6.659553968020508918e+00 -6.658445352917020443e+00 -6.661414458026033714e+00
-6.665358914227951459e+00 -6.665418527475948096e+00 -6.665446152204012265e+00
-6.665934587500011332e+00 -6.665908843266652006e+00 -6.665893531015348650e+00
-6.665937374685762862e+00 -6.665931340215740519e+00 -6.666041593357535433e+00
-6.666053950493616043e+00 -6.666038904204561355e+00 -6.666076791339406782e+00
-6.666085710616093785e+00 -6.666123303462871519e+00 -6.666101691387138928e+00
-6.666138847081738206e+00 -6.666148548213267411e+00 -6.666139036623462744e+00
-6.666174661748502928e+00 -6.666201380957170741e+00 -6.666191244900089075e+00
-6.665783914725754045e+00 -6.665739463260200282e+00 -6.650175392652123207e+00
-6.537486744936018113e+00 -6.469284495700327930e+00 -6.323536913228049450e+00
-6.392161834763236072e+00 -6.531456216944665272e+00 -6.531362626197270593e+00
-5.721949694360136007e+00 -4.884358281220574582e+00 -4.999564990784556073e+00
-4.998194820609304756e+00 -5.823375764964437096e+00 -4.999764166254145437e+00
-3.333272271987568480e+00 0.000000000000000000e+00 0.000000000000000000e+00
0.000000000000000000e+00 0.000000000000000000e+00 0.000000000000000000e+00
0.000000000000000000e+00 0.000000000000000000e+00 0.000000000000000000e+00
-3.333045137851536666e+00 0.000000000000000000e+00 0.000000000000000000e+00
-4.995419461732636179e+00 -3.333263553873932139e+00 -3.332297032549594196e+00
-3.331349600799115684e+00 -3.332306834172896526e+00 0.000000000000000000e+00
-3.333266939092536241e+00 -3.333266269935658777e+00 0.000000000000000000e+00
-4.997660978397527209e+00 -4.999473704244701722e+00 -4.982915180492942575e+00
-6.661129638494037941e+00 -6.662957578417124438e+00 -6.662423120293188283e+00
-6.665400318791537160e+00 -6.665352679509886968e+00 -6.665454158870890211e+00
-6.665666634345296160e+00 -6.665487248772560491e+00 -6.665657345187760541e+00
-6.666017363897701387e+00 -6.665972467606989582e+00 -6.665991697533761418e+00
-6.665983771426473581e+00 -6.665976271871336678e+00 -6.665991935814268743e+00
-6.665982257048574944e+00 -6.666003128673008149e+00 -6.666011188587766867e+00
-6.665878052302307566e+00 -6.638210650135469848e+00 -6.623481751837426046e+00
-6.595855763994946663e+00 -6.645464677231966988e+00 -6.548268704041770860e+00
-6.507647929688353372e+00 -6.480308982145642105e+00 -5.901459541208099679e+00
-6.429745401228176505e+00 -6.007619501083553359e+00 -6.421574902747028801e+00
-3.333293784501315304e+00 0.000000000000000000e+00 -3.333330788816366130e+00
-5.827279938897744316e+00 -3.332486262766326757e+00 -3.333047460847012200e+00
-3.313751277134644013e+00 -3.332952378230692680e+00 0.000000000000000000e+00
0.000000000000000000e+00 0.000000000000000000e+00 0.000000000000000000e+00
0.000000000000000000e+00 0.000000000000000000e+00 0.000000000000000000e+00
-3.332358094595543996e+00 -3.333307787929430610e+00 -3.325188100057816509e+00
-3.333303879563869199e+00 -3.333309718093937501e+00 0.000000000000000000e+00
-3.333272314788604529e+00 -4.950510839463532875e+00 0.000000000000000000e+00
-3.333261969606175157e+00 -3.333062454072949432e+00 0.000000000000000000e+00
-4.999478904568759319e+00 -5.828250107971127747e+00 -4.991497201287399932e+00
-3.332585118383743161e+00 0.000000000000000000e+00 -3.292350384948809161e+00
-6.661585196105720641e+00 -6.663155148198381283e+00 -6.661797751842057025e+00
-6.665394494946770720e+00 -6.665192124934225859e+00 -6.665074989405146866e+00
-6.665446352664463170e+00 -6.665708825568806617e+00 -6.665714420051143563e+00
-6.665763943662491364e+00 -6.665764214740070415e+00 -6.665808030278034479e+00
-6.665814036602061066e+00 -6.665882776064926851e+00 -6.665878558240438068e+00
-6.635728108745672316e+00 -6.645976485476512430e+00 -6.619226189291273599e+00
-6.523850057864081009e+00 -6.519214118425795235e+00 -6.128262059151657226e+00
-6.287287712481318458e+00 -6.119744040598673607e+00 -5.704058442364031478e+00
-3.332976546837962406e+00 -3.333002043358727295e+00 -2.166155784866296230e+00
-3.333296362040104821e+00 0.000000000000000000e+00 0.000000000000000000e+00
-3.333111443894333004e+00 -3.333170435418421285e+00 0.000000000000000000e+00
-3.332644109583627667e+00 -3.333283271551863880e+00 0.000000000000000000e+00
0.000000000000000000e+00 0.000000000000000000e+00 0.000000000000000000e+00
0.000000000000000000e+00 0.000000000000000000e+00 0.000000000000000000e+00
-4.999767991114936194e+00 -3.325123745597478475e+00 -3.333301936825962652e+00
-4.995650819199555670e+00 -4.999918518715443128e+00 -3.333304525635986337e+00
0.000000000000000000e+00 0.000000000000000000e+00 0.000000000000000000e+00
0.000000000000000000e+00 -3.332686537737021837e+00 0.000000000000000000e+00
-4.975730560547724224e+00 0.000000000000000000e+00 -3.333299889640299885e+00
-3.330123033503484375e+00 0.000000000000000000e+00 0.000000000000000000e+00
-4.990749230013086013e+00 -3.332464288407522623e+00 -3.333243628011805182e+00
-6.663947775398574080e+00 -6.663233377694815829e+00 -6.662936328499737826e+00
-6.663726540886489857e+00 -6.664471009554027603e+00 -6.664453115850422549e+00
-6.664740460231200814e+00 -6.664767392129163248e+00 -6.664740392732341867e+00
-6.641449549962951338e+00 -6.632282887596241849e+00 -6.635005655204807340e+00
-6.612494957157277753e+00 -6.608593205450317143e+00 -6.598000776497817021e+00
-6.467132999634021218e+00 -6.450711595368233020e+00 -6.300069174985314824e+00
-5.545755694091717203e+00 -5.821482024486538620e+00 -5.016866299980762278e+00
-4.994946282416565353e+00 -2.740346879254466295e+00 -3.332987752933367354e+00
-4.977580504269366379e+00 -4.972476947011799986e+00 -4.999432942598610374e+00
-4.998786933928352383e+00 -3.330831771770092598e+00 -4.999879429469823222e+00
-3.333254086383798498e+00 0.000000000000000000e+00 0.000000000000000000e+00
0.000000000000000000e+00 0.000000000000000000e+00 0.000000000000000000e+00
0.000000000000000000e+00 0.000000000000000000e+00 0.000000000000000000e+00
0.000000000000000000e+00 0.000000000000000000e+00 -3.333146052366630752e+00
0.000000000000000000e+00 0.000000000000000000e+00 -3.330228650389349454e+00
-3.333268782851742440e+00 -4.998651922833852623e+00 -4.986612387481969222e+00
0.000000000000000000e+00 0.000000000000000000e+00 -3.331555672887458464e+00
0.000000000000000000e+00 0.000000000000000000e+00 -3.301223424902070658e+00
0.000000000000000000e+00 -3.332263122943629696e+00 -3.233252354674444717e+00
0.000000000000000000e+00 -1.373511805953979259e+00 0.000000000000000000e+00
-4.999882383892541249e+00 -4.994070084196360781e+00 -3.333314405372715505e+00
-6.664615450807501063e+00 -6.663962586232655028e+00 -6.664614918354232032e+00
-6.664600217356049683e+00 -6.665134945951618484e+00 -6.665557347979857994e+00
-6.638357848584999665e+00 -6.635498098002881484e+00 -6.636995518169325869e+00
-6.656371666486549543e+00 -6.656143242186137954e+00 -6.499240185945053483e+00
-6.448867973659146102e+00 -6.539031135963636387e+00 -6.395100125194613128e+00
-5.279561430221090035e+00 -4.322297014690711592e+00 -4.247023818730500722e+00
-3.298654369374099726e+00 -3.333297270931041556e+00 0.000000000000000000e+00
-3.330505899095763223e+00 -3.333290771503068406e+00 -3.333311334475235643e+00
-5.815608363046808726e+00 -4.999457917102505533e+00 -3.333279902436267150e+00
0.000000000000000000e+00 0.000000000000000000e+00 -3.321764241820524433e+00
0.000000000000000000e+00 0.000000000000000000e+00 0.000000000000000000e+00
0.000000000000000000e+00 0.000000000000000000e+00 0.000000000000000000e+00
-4.998583047991656869e+00 -3.333126051729779160e+00 0.000000000000000000e+00
-3.333178666173903792e+00 -3.333312090886394685e+00 0.000000000000000000e+00
0.000000000000000000e+00 0.000000000000000000e+00 0.000000000000000000e+00
-3.332979527281899834e+00 0.000000000000000000e+00 0.000000000000000000e+00
0.000000000000000000e+00 0.000000000000000000e+00 0.000000000000000000e+00
-5.824780566934737891e+00 -5.830000054501911499e+00 -5.832900389747019965e+00
0.000000000000000000e+00 0.000000000000000000e+00 0.000000000000000000e+00
0.000000000000000000e+00 -3.332603324930275779e+00 -4.982262188722547336e+00
-3.332637524539263207e+00 0.000000000000000000e+00 0.000000000000000000e+00
0.000000000000000000e+00 0.000000000000000000e+00 0.000000000000000000e+00
-3.333302113720359117e+00 0.000000000000000000e+00 -4.919041800552849786e+00
-3.333313858769005211e+00 0.000000000000000000e+00 0.000000000000000000e+00
-3.333045200041373946e+00 -3.329276355887500483e+00 -3.333215612860843002e+00
-3.333329059668938665e+00 0.000000000000000000e+00 0.000000000000000000e+00
-3.318750881780493600e+00 -3.332642034767137496e+00 0.000000000000000000e+00
-3.332037917482508771e+00 -4.986206134848215399e+00 -3.333300914414785154e+00
0.000000000000000000e+00 -3.332083635550411316e+00 0.000000000000000000e+00
-3.333183249026596240e+00 -3.333254258387486235e+00 -3.324044068911877758e+00
0.000000000000000000e+00 0.000000000000000000e+00 0.000000000000000000e+00
0.000000000000000000e+00 0.000000000000000000e+00 0.000000000000000000e+00
0.000000000000000000e+00 0.000000000000000000e+00 0.000000000000000000e+00
0.000000000000000000e+00 0.000000000000000000e+00 0.000000000000000000e+00
0.000000000000000000e+00 0.000000000000000000e+00 0.000000000000000000e+00
0.000000000000000000e+00 0.000000000000000000e+00 0.000000000000000000e+00
0.000000000000000000e+00 0.000000000000000000e+00 0.000000000000000000e+00
0.000000000000000000e+00 0.000000000000000000e+00 0.000000000000000000e+00
0.000000000000000000e+00 0.000000000000000000e+00 0.000000000000000000e+00
0.000000000000000000e+00 0.000000000000000000e+00 0.000000000000000000e+00
0.000000000000000000e+00 0.000000000000000000e+00 0.000000000000000000e+00
0.000000000000000000e+00 0.000000000000000000e+00 0.000000000000000000e+00
0.000000000000000000e+00 0.000000000000000000e+00 0.000000000000000000e+00
0.000000000000000000e+00 0.000000000000000000e+00 0.000000000000000000e+00
0.000000000000000000e+00 0.000000000000000000e+00 0.000000000000000000e+00
0.000000000000000000e+00 0.000000000000000000e+00 0.000000000000000000e+00
0.000000000000000000e+00 0.000000000000000000e+00 0.000000000000000000e+00
0.000000000000000000e+00 0.000000000000000000e+00 0.000000000000000000e+00
0.000000000000000000e+00 0.000000000000000000e+00 0.000000000000000000e+00
0.000000000000000000e+00 0.000000000000000000e+00 0.000000000000000000e+00
0.000000000000000000e+00 0.000000000000000000e+00 0.000000000000000000e+00
