0.000000000000000000e+00 0.000000000000000000e+00 0.000000000000000000e+00
0.000000000000000000e+00 0.000000000000000000e+00 0.000000000000000000e+00
0.000000000000000000e+00 -4.779391492463760244e-02 0.000000000000000000e+00
-5.612435369646458228e-02 0.000000000000000000e+00 0.000000000000000000e+00
-8.413762567962431715e-01 -8.254361514384443987e-01 -8.601085790500866413e-01
-3.398548325914211077e+00 -3.403157661600332951e+00 -3.411211514424929980e+00
-4.577266724268032938e+00 -4.565388784450995274e+00 -4.563760670281097553e+00
-4.409329294675383260e+00 -4.386936548657752510e+00 -4.402288628762342171e+00
-4.080022001609105331e+00 -4.068944187159082126e+00 -4.071406408023140244e+00
-4.814538285045508736e+00 -4.808495608243697816e+00 -4.813002845985326239e+00
-7.437461980085464219e+00 -7.434399298855436378e+00 -7.435596638677338888e+00
-6.380503985693094293e+00 -6.384856675620520505e+00 -6.378218589226711366e+00
-4.686884969610169982e+00 -4.693525467016809394e+00 -4.680981267223011777e+00
0.000000000000000000e+00 0.000000000000000000e+00 0.000000000000000000e+00
0.000000000000000000e+00 0.000000000000000000e+00 0.000000000000000000e+00
-3.622539908671493225e-02 -4.009775995624741823e-02 -6.359332790021360315e-02
0.000000000000000000e+00 0.000000000000000000e+00 -5.070955375745157118e-02
0.000000000000000000e+00 0.000000000000000000e+00 0.000000000000000000e+00
0.000000000000000000e+00 -3.872419570091714669e-02 0.000000000000000000e+00
0.000000000000000000e+00 0.000000000000000000e+00 0.000000000000000000e+00
0.000000000000000000e+00 0.000000000000000000e+00 0.000000000000000000e+00
-3.116917065792719835e-02 0.000000000000000000e+00 0.000000000000000000e+00
-1.068903098092114645e-01 -4.826157388514182300e-02 -5.927740142212200442e-02
-1.242375948556466853e-01 -1.318136292532079978e-01 -1.249006043024394885e-01
-1.489083108171366021e+00 -1.500133275751518003e+00 -1.493347712075713707e+00
-3.542939103641954635e+00 -3.545716787847521090e+00 -3.546649360419013686e+00
-4.366284717601487841e+00 -4.364595859398871625e+00 -4.365908808130871677e+00
-4.900924492861457260e+00 -4.905012393991118991e+00 -4.900405054424771478e+00
-5.408505030550151638e+00 -5.414879708035575945e+00 -5.412086628923011844e+00
-5.827780069026342602e+00 -5.825971776990875206e+00 -5.832579907869859248e+00
-6.139911695423466931e+00 -6.143429012626896224e+00 -6.148691476915156606e+00
-6.488348946861961508e+00 -6.488289471758271532e+00 -6.494451732666881583e+00
-7.206371181524533931e+00 -7.206121574030126098e+00 -7.205983137983477782e+00
-6.613572828152696204e+00 -6.613224686097640692e+00 -6.616276848974126601e+00
-8.740826974128215743e-02 -4.667202972476863776e-02 -3.269432611138955308e-02
-1.034304843235369364e-01 -9.794973115108424055e-02 -1.119802641252981568e-01
-1.002241352791888029e-01 -1.031629572979724796e-01 -1.343342913816985562e-01
-1.331496381461968748e-01 0.000000000000000000e+00 0.000000000000000000e+00
-4.239932155675570080e-02 0.000000000000000000e+00 -4.773802076902353142e-02
0.000000000000000000e+00 0.000000000000000000e+00 0.000000000000000000e+00
0.000000000000000000e+00 0.000000000000000000e+00 0.000000000000000000e+00
0.000000000000000000e+00 -5.700546714764614942e-02 0.000000000000000000e+00
-5.441248926394985988e-03 -4.393562681955440891e-02 0.000000000000000000e+00
-5.832498967861960981e-01 -5.836569447825528112e-01 -5.774824891185900144e-01
-2.898102379594138522e+00 -2.899434539143638911e+00 -2.893461979957755670e+00
-4.210810023276030378e+00 -4.210871012673090164e+00 -4.210833701292000519e+00
-5.251234748826002274e+00 -5.251627938772142734e+00 -5.250477410865444838e+00
-5.972245064710351770e+00 -5.966484827114426182e+00 -5.973062976723024775e+00
-6.471456445201329899e+00 -6.469051840986511870e+00 -6.472205016949724055e+00
-6.774625781361051757e+00 -6.775703335926997362e+00 -6.779659658111349962e+00
-6.850629554535348831e+00 -6.843932870153896175e+00 -6.844428255763992830e+00
-6.720803338391875492e+00 -6.720150836773914449e+00 -6.722421573913381465e+00
-6.516538832362944511e+00 -6.518605133570257948e+00 -6.517471584292533038e+00
-6.565338427903668617e+00 -6.564438638923003388e+00 -6.565101070082124401e+00
-6.305501421427282871e+00 -6.303839733697612857e+00 -6.305077231581901920e+00
-6.356550008158222409e-02 -2.561414600294242491e-02 -4.414019991801924891e-02
-9.441644934925103039e-02 -1.183998129794824050e-01 -1.230710036810389041e-01
-5.697823700514290102e-02 -1.226186373279991859e-01 -5.822544166851953418e-02
0.000000000000000000e+00 0.000000000000000000e+00 0.000000000000000000e+00
0.000000000000000000e+00 0.000000000000000000e+00 0.000000000000000000e+00
0.000000000000000000e+00 0.000000000000000000e+00 0.000000000000000000e+00
-4.822151433435098444e-02 0.000000000000000000e+00 -2.885039032830067490e-02
-1.528481942502759039e-01 -1.489302662107254427e-01 -1.408685715077413469e-01
-1.931249390070509442e+00 -1.934806622627521344e+00 -1.934733679153531227e+00
-3.831853399016358352e+00 -3.827991298571552736e+00 -3.830751646546843414e+00
-5.148079969380370713e+00 -5.160285782728086801e+00 -5.158496302758932117e+00
-6.197142558074118845e+00 -6.193368205754582689e+00 -6.198026610011864612e+00
-6.974028573201215053e+00 -6.976503029001725587e+00 -6.981845521745995597e+00
-7.524999411791251980e+00 -7.522550033902516198e+00 -7.526423794683500645e+00
-7.786064452864859042e+00 -7.785398656611178581e+00 -7.786422527787070891e+00
-7.795857712988005339e+00 -7.795461495389293560e+00 -7.801495716285494098e+00
-7.554414003663742605e+00 -7.552614102560899489e+00 -7.552559227873291370e+00
-7.108899335014736920e+00 -7.111066102994574756e+00 -7.110491875214611568e+00
-6.564768153321810296e+00 -6.562041504866684249e+00 -6.566508249210778914e+00
-6.243437759092883788e+00 -6.241967601027901935e+00 -6.242838874350846723e+00
-5.678446963173049866e+00 -5.682908146235762459e+00 -5.678836465607204786e+00
-6.194023607711651724e-02 -5.536742414930694717e-02 0.000000000000000000e+00
0.000000000000000000e+00 0.000000000000000000e+00 0.000000000000000000e+00
-4.544232588990925609e-02 -4.542500822584430442e-02 0.000000000000000000e+00
0.000000000000000000e+00 0.000000000000000000e+00 0.000000000000000000e+00
0.000000000000000000e+00 0.000000000000000000e+00 0.000000000000000000e+00
-6.159799394785139132e-02 0.000000000000000000e+00 0.000000000000000000e+00
-4.131035908655691369e-01 -4.214498117996416382e-01 -4.116376434947447982e-01
-2.892132360297320126e+00 -2.886966924096967979e+00 -2.884052767591851030e+00
-4.623422358500846485e+00 -4.627048450610074859e+00 -4.613366754916313539e+00
-5.945042359110340513e+00 -5.943122062149455154e+00 -5.944502691485163304e+00
-7.015969689283263477e+00 -7.020213592416219228e+00 -7.029581051563695837e+00
-7.892037527227603988e+00 -7.894906196431676904e+00 -7.888553124185869514e+00
-8.593676824042585594e+00 -8.591653504901778149e+00 -8.591443149698447357e+00
-8.952611343551902578e+00 -8.960535974061533793e+00 -8.957214490401149476e+00
-8.965929244190887104e+00 -8.966734676643815405e+00 -8.967142746968224998e+00
-8.650303362250433281e+00 -8.649765927007400990e+00 -8.655959637484802016e+00
-7.968566463855372817e+00 -7.975168819867713310e+00 -7.970656905106006995e+00
-7.147094596797042954e+00 -7.141967387623539665e+00 -7.146890857841465383e+00
-6.443009726817158445e+00 -6.443308986951199024e+00 -6.441749797071489425e+00
-5.970036401594951414e+00 -5.968274516483555558e+00 -5.965117191692695719e+00
-2.294778811550217235e+00 -2.289195143667603016e+00 -2.286607944704582174e+00
-7.653786813409738099e-02 -6.361700725790946087e-02 -7.377707180901843520e-02
-2.709069734648313424e-02 0.000000000000000000e+00 0.000000000000000000e+00
0.000000000000000000e+00 0.000000000000000000e+00 0.000000000000000000e+00
0.000000000000000000e+00 0.000000000000000000e+00 0.000000000000000000e+00
-5.000000000000000104e-03 -4.588161728742323059e-02 -6.196838691568892082e-03
-8.551041826526610823e-01 -8.655281304208889415e-01 -8.656938142556479532e-01
-3.537882531733019587e+00 -3.540316234316990496e+00 -3.539829899085064291e+00
-5.148145394489736404e+00 -5.148535190793491978e+00 -5.148148319538858431e+00
-6.512597117380785505e+00 -6.512616408802182733e+00 -6.513710558724390864e+00
-7.655404677135432046e+00 -7.654365829747105998e+00 -7.657404231575561937e+00
-8.837544396940950620e+00 -8.838561081112581874e+00 -8.834582143465892656e+00
-9.826873771833817273e+00 -9.831968680605848832e+00 -9.829497119315520948e+00
-1.050432764982470424e+01 -1.051393605996686276e+01 -1.051504014537441378e+01
-1.037142108473933000e+01 -1.037149480275551383e+01 -1.037030270047242198e+01
-9.826631517875338062e+00 -9.825102807345585276e+00 -9.822934432692088436e+00
-8.905304108434435761e+00 -8.910200736740634397e+00 -8.917308861472633907e+00
-7.823621847452568723e+00 -7.822007392585969221e+00 -7.827080217637429449e+00
-6.891757717942726735e+00 -6.892317495401299787e+00 -6.889161977702098483e+00
-6.114930677810032300e+00 -6.113211726851413452e+00 -6.113621745462966217e+00
-5.970230289632842968e+00 -5.968250494974726372e+00 -5.967553982494886888e+00
-4.589694720831614949e-02 0.000000000000000000e+00 -5.246618204851101995e-03
-1.096465362402945232e-01 0.000000000000000000e+00 0.000000000000000000e+00
0.000000000000000000e+00 0.000000000000000000e+00 0.000000000000000000e+00
0.000000000000000000e+00 0.000000000000000000e+00 0.000000000000000000e+00
-4.435199662961545469e-02 -5.000000000000000104e-03 -3.711643432722598612e-02
-9.282809711358932514e-01 -9.311242356013630372e-01 -9.395552632586857689e-01
-3.813123671721604158e+00 -3.812781077627924287e+00 -3.813235276733998536e+00
-5.379211852891794265e+00 -5.380228563747678550e+00 -5.378001753626755921e+00
-6.785616193057134815e+00 -6.789397243533097814e+00 -6.791329598987763561e+00
-7.968991733794666743e+00 -7.968051774371092577e+00 -7.974275473097443445e+00
-9.414668349115604684e+00 -9.417812071342716251e+00 -9.416410198533602838e+00
-1.089828006786732395e+01 -1.090783687366755750e+01 -1.090931847452053738e+01
-1.178788326948275333e+01 -1.178665218614567856e+01 -1.178914328411235068e+01
-1.216442379212356251e+01 -1.215741471343497437e+01 -1.216281789070114172e+01
-1.062599442386943771e+01 -1.062414834464133584e+01 -1.062849509963232286e+01
-9.710479862255887440e+00 -9.709339222030093808e+00 -9.697390015585751755e+00
-8.416036215466336401e+00 -8.418239090447663386e+00 -8.419004008282144014e+00
-7.236531134319079683e+00 -7.232444449404851206e+00 -7.233909628206140141e+00
-6.216773183203500253e+00 -6.215835602267973492e+00 -6.214659758938591239e+00
-5.812222537590820082e+00 -5.816760774205195439e+00 -5.813698280667130014e+00
-2.615527928220973131e-01 -2.266627797372531838e-01 -2.218057975144419602e-01
-8.704924841235749111e-02 -4.941222631660174835e-02 -4.841512446213037946e-02
0.000000000000000000e+00 0.000000000000000000e+00 0.000000000000000000e+00
0.000000000000000000e+00 0.000000000000000000e+00 0.000000000000000000e+00
-5.000000000000000104e-03 0.000000000000000000e+00 0.000000000000000000e+00
-7.409901322671847979e-01 -7.572321170357169118e-01 -7.471582147762561021e-01
-3.748612065167745477e+00 -3.816616223284346354e+00 -3.824016480536826190e+00
-5.329850359178331942e+00 -5.339223000441809752e+00 -5.332403679726247070e+00
-6.711834682010495712e+00 -6.710919737606657165e+00 -6.710071943728192601e+00
-7.974829635412454820e+00 -7.977634639967014607e+00 -7.979551669151518034e+00
-9.308528333543589994e+00 -9.309501612973267726e+00 -9.317176940859919654e+00
-1.101048623104048474e+01 -1.100918944850706183e+01 -1.101221006497866384e+01
-1.191922352209411962e+01 -1.192139621324464827e+01 -1.191951850049301775e+01
-1.334966757622067490e+01 -1.336153965839364943e+01 -1.336114230196137953e+01
-1.154105470495638208e+01 -1.153550277935787172e+01 -1.153747529069211453e+01
-1.007538565818702381e+01 -1.006726344290975206e+01 -1.006695836176767500e+01
-8.710163728935516048e+00 -8.711929479378571983e+00 -8.707050878580966824e+00
-7.476442615655415125e+00 -7.475068957506058709e+00 -7.472871900609955986e+00
-6.343085524308265555e+00 -6.348113154055659457e+00 -6.340937253894229464e+00
-5.533326648937902270e+00 -5.534711048180923854e+00 -5.416090330501582173e+00
-8.566680698547471939e-01 -8.662009919652517986e-01 -8.568948006172414367e-01
-3.652804975816535682e-02 -3.400149339676269977e-02 -7.141808293236981409e-02
0.000000000000000000e+00 0.000000000000000000e+00 0.000000000000000000e+00
0.000000000000000000e+00 0.000000000000000000e+00 0.000000000000000000e+00
0.000000000000000000e+00 0.000000000000000000e+00 0.000000000000000000e+00
-3.171311658303413994e-01 -3.069189655411720952e-01 -3.139241712666482886e-01
-3.507521325076022212e+00 -3.513730478960120696e+00 -3.507058159521049490e+00
-5.001511086037576881e+00 -5.006153677468825336e+00 -5.009077537951138304e+00
-6.469137216471521512e+00 -6.479816669226915238e+00 -6.481933903788152485e+00
-7.601423799818517679e+00 -7.605107215006769117e+00 -7.609365067371072655e+00
-8.730193597475214062e+00 -8.730004142070926676e+00 -8.729728579409714584e+00
-9.948224813535111011e+00 -9.956054612849893459e+00 -9.972911705210478317e+00
-1.120409611469551692e+01 -1.120877535670317116e+01 -1.120861744118341008e+01
-1.155522945017756165e+01 -1.156197462848821722e+01 -1.156294450949364361e+01
-1.085294132041112469e+01 -1.084908191437358660e+01 -1.084738447850647169e+01
-9.808809165474549729e+00 -9.804825598745248172e+00 -9.811929339433781649e+00
-8.531538153333062979e+00 -8.530317776841281230e+00 -8.525821959936532579e+00
-7.429378093420141660e+00 -7.430732148713284246e+00 -7.432461869704143353e+00
-6.297851584186517471e+00 -6.295676290164482936e+00 -6.298467848554857085e+00
-5.471167808302380031e+00 -5.472665761514399207e+00 -5.471298462763139803e+00
-1.267662228286972281e+00 -1.271021881001343168e+00 -1.251277840453186352e+00
0.000000000000000000e+00 0.000000000000000000e+00 -1.252420458880902643e-01
0.000000000000000000e+00 0.000000000000000000e+00 0.000000000000000000e+00
0.000000000000000000e+00 0.000000000000000000e+00 0.000000000000000000e+00
-5.616064678873818050e-02 -5.809851332411634234e-02 0.000000000000000000e+00
-7.487726569086612660e-02 -7.816334434631225236e-02 -7.511522791044983327e-02
-2.879882681779495801e+00 -2.885186891041991775e+00 -2.878464383975625207e+00
-4.469705237851684387e+00 -4.471976431325172641e+00 -4.463794183551460293e+00
-5.939563142307468624e+00 -5.934896827346065606e+00 -5.943740263298916915e+00
-7.002679546364368512e+00 -7.003873102016856755e+00 -7.007012797682715899e+00
-7.956701385685643224e+00 -7.964061410062455160e+00 -7.960319996705997880e+00
-8.880287630824001965e+00 -8.873145523963607673e+00 -8.878694911836642945e+00
-9.516145288894623633e+00 -9.518549747771368530e+00 -9.518952255750292579e+00
-9.750589949904531650e+00 -9.742274228115681112e+00 -9.742492509491253116e+00
-9.529076205973538549e+00 -9.528978719374675777e+00 -9.530448498587681172e+00
-8.842872600676301431e+00 -8.843124714930068464e+00 -8.839647719939465631e+00
-7.947868517807223476e+00 -7.949115373799570783e+00 -7.953114806854561181e+00
-7.018934258629028200e+00 -7.019813118060351798e+00 -7.021737936643161149e+00
-6.064322419427022659e+00 -6.060667662029514347e+00 -6.058093129711085822e+00
-4.877408081830625797e+00 -4.872116838906364045e+00 -4.877929568818871964e+00
-9.215882425756564134e-01 -9.196095726304295281e-01 -9.109360784031662606e-01
-6.913638474504857356e-02 0.000000000000000000e+00 0.000000000000000000e+00
0.000000000000000000e+00 0.000000000000000000e+00 0.000000000000000000e+00
0.000000000000000000e+00 0.000000000000000000e+00 0.000000000000000000e+00
0.000000000000000000e+00 0.000000000000000000e+00 0.000000000000000000e+00
-4.247493412299654242e-02 -5.437252889364206643e-02 0.000000000000000000e+00
-1.026863088514858857e+00 -1.032476901193746022e+00 -1.029097088034756746e+00
-3.767041156464776552e+00 -3.773269481227980116e+00 -3.772817714259584676e+00
-5.133471905056643081e+00 -5.134135502927807515e+00 -5.140314345558345543e+00
-6.287293227547136709e+00 -6.291407905340152595e+00 -6.292108118273065820e+00
-7.171077991534454021e+00 -7.158184520636865500e+00 -7.158159260133409418e+00
-7.824554021867349718e+00 -7.825359281538336376e+00 -7.820229630309265545e+00
-8.284709042140601554e+00 -8.286858638077594819e+00 -8.285782194290293390e+00
-8.435769028526234337e+00 -8.431690115632221705e+00 -8.433754160234927966e+00
-8.324488044568139955e+00 -8.326569627351833702e+00 -8.327402294931699700e+00
-7.910550890085371378e+00 -7.914299840840442357e+00 -7.914673757991246283e+00
-7.240837541958468293e+00 -7.240352941773463336e+00 -7.238431354994712130e+00
-6.404514353917238445e+00 -6.405908542845290654e+00 -6.405456384469669473e+00
-5.448026658518443810e+00 -5.447608177469676072e+00 -5.452893843933388496e+00
-3.888582082108201998e+00 -3.878936197952371323e+00 -3.879361414033688948e+00
-2.156026533452629068e-01 -2.245521825191386101e-01 -1.963756802314981509e-01
-3.517266378595178267e-02 0.000000000000000000e+00 -4.930001546171674381e-02
0.000000000000000000e+00 0.000000000000000000e+00 0.000000000000000000e+00
0.000000000000000000e+00 0.000000000000000000e+00 0.000000000000000000e+00
-5.156105619087272135e-02 0.000000000000000000e+00 0.000000000000000000e+00
0.000000000000000000e+00 0.000000000000000000e+00 0.000000000000000000e+00
-5.207075294219079553e-02 -7.038473389228291910e-02 -6.635332960026636695e-02
-2.655435693004899900e+00 -2.659233575435051566e+00 -2.669167903447347889e+00
-4.253585506708097874e+00 -4.280458236564535390e+00 -4.271680996147960485e+00
-5.390522147417142307e+00 -5.392089357322638499e+00 -5.394885345243207730e+00
-6.322893594935961481e+00 -6.324333518770066220e+00 -6.325004357422013612e+00
-6.899303237949819589e+00 -6.899391126213287428e+00 -6.905578359200252869e+00
-7.293015800068999077e+00 -7.293979630818889781e+00 -7.297877757756916495e+00
-7.403256197351362644e+00 -7.402312416358924452e+00 -7.401760213252521758e+00
-7.259679586993212475e+00 -7.258467561565844939e+00 -7.257479495715275064e+00
-6.951864721913914913e+00 -6.950507244235554438e+00 -6.955211977255747691e+00
-6.411233379749973871e+00 -6.408326055331839299e+00 -6.411795455557536272e+00
-5.638040441020891080e+00 -5.647394720450802375e+00 -5.639968633213121585e+00
-4.679602927817561486e+00 -4.681382542894966470e+00 -4.678709814369767628e+00
-1.930392117421666720e+00 -1.921549563408205819e+00 -1.914244978814920950e+00
-6.371820647177353636e-02 -4.596465451941673941e-02 -6.672146539051154734e-02
-4.429066293139989618e-02 -6.130713139343225287e-02 -8.976815190962933455e-02
0.000000000000000000e+00 0.000000000000000000e+00 0.000000000000000000e+00
0.000000000000000000e+00 0.000000000000000000e+00 0.000000000000000000e+00
0.000000000000000000e+00 -7.863541376898458557e-02 0.000000000000000000e+00
-7.632657004499580899e-02 -4.957577554402441827e-02 -9.110452944416246035e-02
0.000000000000000000e+00 0.000000000000000000e+00 -2.781413340375401416e-02
-2.770283045152126533e-01 -2.749407961623067109e-01 -2.812992843370443197e-01
-3.342234182881494320e+00 -3.345562637125787386e+00 -3.339874082601621108e+00
-4.513138896326740479e+00 -4.516511607690385510e+00 -4.514892314855928568e+00
-5.407462760534516022e+00 -5.408179836596941570e+00 -5.406691202125954554e+00
-6.016581047817152417e+00 -6.010557435625599076e+00 -6.014587164052586310e+00
-6.306865615703210359e+00 -6.306140564849775032e+00 -6.306144077728820463e+00
-6.359831210428123605e+00 -6.358694767322225161e+00 -6.358936466672902910e+00
-6.268249513019820363e+00 -6.269998728544805111e+00 -6.266643354521133524e+00
-6.023341623947917611e+00 -6.023150899369024813e+00 -6.024051995080582422e+00
-5.607086791000277515e+00 -5.602324361573969291e+00 -5.599695655322285859e+00
-4.887396452871108465e+00 -4.888487647266831715e+00 -4.884424126985413395e+00
-3.151818877902261118e+00 -3.141075143100588107e+00 -3.143801190965684000e+00
-2.324846939286476233e-01 -2.242502721067035909e-01 -2.294728572375050457e-01
-1.027167826138461054e-01 -8.671170361781127545e-02 -1.098149156680287286e-01
-1.069058161558320841e-01 -1.269409549154199845e-01 -6.372277870475595574e-02
0.000000000000000000e+00 0.000000000000000000e+00 0.000000000000000000e+00
0.000000000000000000e+00 0.000000000000000000e+00 0.000000000000000000e+00
-6.351791567135608996e-02 0.000000000000000000e+00 0.000000000000000000e+00
-1.015190106130032799e-01 -1.074315404323331752e-01 -1.644631812609867461e-01
0.000000000000000000e+00 -2.485433747762257062e-02 0.000000000000000000e+00
-3.661352124234295430e-02 -5.543622681973712357e-02 0.000000000000000000e+00
-7.374420175875984196e-01 -7.332972960679722263e-01 -7.263649427347901311e-01
-3.535659377440877105e+00 -3.535539115176671743e+00 -3.542268424133960369e+00
-4.556873365479633620e+00 -4.561428252996966748e+00 -4.562545594800933024e+00
-5.213406627239073998e+00 -5.216389053307625367e+00 -5.210676888779785187e+00
-5.661206488061349518e+00 -5.659828639374122616e+00 -5.662265261320133192e+00
-5.803955002409246333e+00 -5.804880891270450149e+00 -5.803951130304040085e+00
-5.773767619880228352e+00 -5.774760638395501466e+00 -5.771471517206628654e+00
-5.519459626934927421e+00 -5.525686200389571923e+00 -5.516285974507155743e+00
-4.829977405830095272e+00 -4.828118809877087969e+00 -4.828112262710479996e+00
-3.531005548629963631e+00 -3.535392758900167909e+00 -3.533374642923397424e+00
-7.414189810342969311e-01 -7.234337327605097068e-01 -7.593457999192529950e-01
-6.341051969658932641e-02 -7.148656216714947831e-03 -8.230577179953244352e-03
-5.687936530375983790e-02 0.000000000000000000e+00 0.000000000000000000e+00
-1.185889286805432707e-01 -5.867905083589367715e-02 -5.368308539108050670e-02
0.000000000000000000e+00 0.000000000000000000e+00 0.000000000000000000e+00
0.000000000000000000e+00 0.000000000000000000e+00 0.000000000000000000e+00
-4.963389485721621253e-02 0.000000000000000000e+00 0.000000000000000000e+00
-8.363138135563477626e-02 -6.591652197786176948e-02 0.000000000000000000e+00
-3.393946776935477527e-02 -5.170992586961224713e-02 -4.135551817273550035e-02
-7.882624877182123346e-02 -9.438894685678633767e-02 -1.175000313844376532e-01
-9.347569792535240230e-02 -6.202399553956639694e-02 0.000000000000000000e+00
-9.089286680332050450e-01 -8.984429459732866663e-01 -9.031550340126808241e-01
-3.377501749294867572e+00 -3.402437111056543895e+00 -3.375994264583564775e+00
-4.358287654269966005e+00 -4.358837974174550212e+00 -4.361382917602454334e+00
-4.863411511785542096e+00 -4.862217633752902834e+00 -4.863357031849173673e+00
-5.130962601096674014e+00 -5.128816586382300535e+00 -5.130568621767163329e+00
-4.987657402150601271e+00 -4.990874503777470217e+00 -4.989192767069265955e+00
-4.563118894993863250e+00 -4.559806652800732607e+00 -4.557281151978427758e+00
-3.352011920969479419e+00 -3.352632132020262112e+00 -3.344619849444948390e+00
-1.127103116901551516e+00 -1.109696455980489382e+00 -1.103528261524030274e+00
-7.764176350063679843e-02 -8.753847735216585546e-02 -8.653828862302111180e-02
-5.012972972135951860e-02 -6.365463459876080643e-02 -3.058072413569232553e-02
-5.517229137825215707e-02 -9.629831036388054877e-02 -1.113659452409853368e-01
-3.488944905980343597e-02 -4.859979350737504006e-02 0.000000000000000000e+00
0.000000000000000000e+00 0.000000000000000000e+00 0.000000000000000000e+00
0.000000000000000000e+00 0.000000000000000000e+00 0.000000000000000000e+00
-1.244544690699225797e-01 -5.950149215859105306e-02 0.000000000000000000e+00
-1.006368047386114878e-01 -1.066646554601912156e-01 -1.557556364771359447e-01
-3.569015699449087919e-02 -5.500385658834041486e-02 0.000000000000000000e+00
-3.175513345149873212e-02 -5.880638033470847285e-03 -6.366733886806626164e-02
-5.074464027496360108e-02 -2.612893864610641922e-02 -6.407023370538116047e-02
-5.769975295559996720e-02 -1.195890313706500924e-01 -5.754824559650226212e-02
-9.011267436710437284e-01 -9.028378832371908302e-01 -9.139892611222347751e-01
-2.916557146879534823e+00 -2.921932910069179101e+00 -2.915630445310747998e+00
-3.758973050303867858e+00 -3.755453709343517854e+00 -3.758946404060864666e+00
-4.050553190395217662e+00 -4.049616574972097816e+00 -4.051778160297180520e+00
-3.731292023746349162e+00 -3.725306446517557379e+00 -3.734343968700766236e+00
-2.849422077882262538e+00 -2.854523086856027181e+00 -2.848929956268156261e+00
-1.243769170804898572e+00 -1.259883227081674661e+00 -1.254456250304282428e+00
-1.927180884291292695e-01 -1.930245571682691341e-01 -1.892346060150754683e-01
-5.713531319209846221e-02 -1.083063579404794363e-02 -5.453230698023261297e-02
-4.808094817723956166e-02 -9.689412481623113638e-02 -4.522528838121167571e-02
-4.931047468867651856e-02 -5.862607078941324545e-02 0.000000000000000000e+00
0.000000000000000000e+00 -2.309521964366096497e-02 0.000000000000000000e+00
0.000000000000000000e+00 0.000000000000000000e+00 0.000000000000000000e+00
0.000000000000000000e+00 0.000000000000000000e+00 0.000000000000000000e+00
-1.117406177427621716e-01 -6.349018506980524945e-02 0.000000000000000000e+00
-4.106233388369865539e-02 0.000000000000000000e+00 0.000000000000000000e+00
-6.352411506304554700e-02 -6.434539620454012010e-02 -6.026486690585047129e-02
-7.903574157728374128e-02 -4.576105909640168501e-02 -5.799592259222616231e-02
-8.554133598438831698e-03 -3.551303936048706700e-02 -6.743779859728708803e-02
-4.921900010585674584e-02 -9.242617496659991105e-02 -8.876262948951538223e-02
-7.665506304423518047e-02 -3.442869195584810638e-02 -4.610133692438855846e-02
-7.418495094144239577e-01 -7.498052417995439978e-01 -7.544919493269279798e-01
-2.372840322630698662e+00 -2.383506664754635462e+00 -2.374391719733341954e+00
-2.802644012298708187e+00 -2.801984771721986789e+00 -2.806387458091381237e+00
-2.472876482911011919e+00 -2.476652897848333978e+00 -2.475982120620512816e+00
-1.407866519697999586e+00 -1.403320102716516304e+00 -1.399166383289862203e+00
-4.494506098775247205e-01 -4.431822059924096502e-01 -4.429504789417836319e-01
-4.776948078593290514e-02 -2.845845967194667384e-02 -2.498750312460939690e-02
-5.481166520911945339e-02 0.000000000000000000e+00 0.000000000000000000e+00
-5.071603204438513562e-02 0.000000000000000000e+00 0.000000000000000000e+00
-8.312258399352634441e-02 -1.212701383172415937e-01 -1.087089182234250440e-01
-6.347735001886115058e-02 0.000000000000000000e+00 0.000000000000000000e+00
0.000000000000000000e+00 0.000000000000000000e+00 0.000000000000000000e+00
0.000000000000000000e+00 0.000000000000000000e+00 0.000000000000000000e+00
0.000000000000000000e+00 -5.840944017520504489e-02 0.000000000000000000e+00
0.000000000000000000e+00 -3.169799529792792503e-02 0.000000000000000000e+00
-6.338235625714999655e-02 -1.673411666535635015e-02 0.000000000000000000e+00
-4.008158294080445272e-02 -3.696043546474572783e-02 -6.285345186516302918e-02
-4.798004758627672645e-02 -6.122713093588535299e-02 0.000000000000000000e+00
0.000000000000000000e+00 -6.520911149958060621e-03 -4.933349813366337544e-02
-5.823542200359305837e-02 -6.354471822709951978e-02 0.000000000000000000e+00
-4.668785299668919836e-02 -5.827714754050956208e-02 0.000000000000000000e+00
-3.751030015889866842e-01 -3.594836112649087978e-01 -3.568033773561141708e-01
-1.273276454894970655e+00 -1.272588634787388262e+00 -1.272812952627803140e+00
-8.181641352078176110e-01 -8.158058297061443476e-01 -8.169506035805736976e-01
-6.235860743529851868e-01 -6.226399882035491551e-01 -6.250232379336613242e-01
-1.705265116670180159e-01 -1.293579269262318532e-01 -1.330143201703011813e-01
-1.058945015289960295e-02 -4.255635848018635148e-02 -6.274116143254770961e-02
-5.357431590194052656e-02 -6.341317698266332736e-02 -5.683165831650418241e-03
0.000000000000000000e+00 -5.843949024615512078e-02 0.000000000000000000e+00
-1.587332468719420547e-02 -6.322062517563267758e-02 -4.580957035859709731e-02
-4.497826313256645531e-02 -4.759933700232252263e-02 -6.387296356277495646e-02
0.000000000000000000e+00 0.000000000000000000e+00 0.000000000000000000e+00
0.000000000000000000e+00 0.000000000000000000e+00 0.000000000000000000e+00
0.000000000000000000e+00 0.000000000000000000e+00 0.000000000000000000e+00
-7.510034630597771377e-02 -1.045680532358033710e-01 -1.132309022915084507e-01
-5.619991997600161382e-02 -5.463168161558651370e-02 0.000000000000000000e+00
-1.784056628447956358e-02 -6.340450518446895389e-02 0.000000000000000000e+00
-3.764708752688201293e-02 -5.380759372604505125e-02 -5.891045306230097145e-02
-5.481724724721979275e-02 -5.609730917595082827e-02 0.000000000000000000e+00
-6.153789811401710885e-02 -6.171350433251319989e-02 -8.979540772456925946e-02
-5.068083524168912751e-02 -5.456040556944603132e-02 0.000000000000000000e+00
0.000000000000000000e+00 -2.416389734934280137e-02 0.000000000000000000e+00
0.000000000000000000e+00 0.000000000000000000e+00 -4.804844151122962537e-02
0.000000000000000000e+00 0.000000000000000000e+00 0.000000000000000000e+00
-6.373156801366901270e-02 0.000000000000000000e+00 -6.353317095778532320e-02
-2.634689130559245487e-02 0.000000000000000000e+00 -3.821873685168106910e-02
-5.478151320941337943e-02 0.000000000000000000e+00 -5.807260762230290196e-02
0.000000000000000000e+00 0.000000000000000000e+00 0.000000000000000000e+00
-5.170877409071270026e-02 -6.369962286314001521e-02 -3.949542822870396458e-02
-6.343317999890038528e-02 0.000000000000000000e+00 0.000000000000000000e+00
0.000000000000000000e+00 0.000000000000000000e+00 -4.842093196081286022e-02
0.000000000000000000e+00 0.000000000000000000e+00 0.000000000000000000e+00
0.000000000000000000e+00 0.000000000000000000e+00 0.000000000000000000e+00
0.000000000000000000e+00 0.000000000000000000e+00 0.000000000000000000e+00
0.000000000000000000e+00 0.000000000000000000e+00 0.000000000000000000e+00
0.000000000000000000e+00 0.000000000000000000e+00 0.000000000000000000e+00
0.000000000000000000e+00 0.000000000000000000e+00 0.000000000000000000e+00
0.000000000000000000e+00 0.000000000000000000e+00 0.000000000000000000e+00
0.000000000000000000e+00 0.000000000000000000e+00 0.000000000000000000e+00
0.000000000000000000e+00 0.000000000000000000e+00 0.000000000000000000e+00
0.000000000000000000e+00 0.000000000000000000e+00 0.000000000000000000e+00
0.000000000000000000e+00 0.000000000000000000e+00 0.000000000000000000e+00
0.000000000000000000e+00 0.000000000000000000e+00 0.000000000000000000e+00
0.000000000000000000e+00 0.000000000000000000e+00 0.000000000000000000e+00
0.000000000000000000e+00 0.000000000000000000e+00 0.000000000000000000e+00
0.000000000000000000e+00 0.000000000000000000e+00 0.000000000000000000e+00
0.000000000000000000e+00 0.000000000000000000e+00 0.000000000000000000e+00
0.000000000000000000e+00 0.000000000000000000e+00 0.000000000000000000e+00
0.000000000000000000e+00 0.000000000000000000e+00 0.000000000000000000e+00
0.000000000000000000e+00 0.000000000000000000e+00 0.000000000000000000e+00
0.000000000000000000e+00 0.000000000000000000e+00 0.000000000000000000e+00
0.000000000000000000e+00 0.000000000000000000e+00 0.000000000000000000e+00
