0.000000000000000000e+00 0.000000000000000000e+00 0.000000000000000000e+00
0.000000000000000000e+00 0.000000000000000000e+00 0.000000000000000000e+00
0.000000000000000000e+00 0.000000000000000000e+00 0.000000000000000000e+00
-1.095324999986621917e+00 -1.178627915871481413e+00 -1.178627901811849954e+00
-1.333333331721349824e+00 -1.333333331948447276e+00 -1.333333331449010561e+00
-1.333333332911565527e+00 -1.333333332896885048e+00 -1.333333332959599993e+00
-1.333333333145713784e+00 -1.333333333212507910e+00 -1.333333333155371836e+00
-1.333333333237314733e+00 -1.333333333233098328e+00 -1.333333333189021808e+00
-1.333333332625887602e+00 -1.333333332732173471e+00 -1.333333332915819680e+00
-1.333333332891094347e+00 -1.333333333024913969e+00 -1.333333332816637906e+00
-1.333333333256085274e+00 -1.333333333268566179e+00 -1.333333333140022336e+00
-1.333333333329993708e+00 -1.333333333135991561e+00 -1.333333332418234818e+00
-1.333333329978086956e+00 -1.333333328307470200e+00 -1.333333329089467778e+00
-4.666666666666666186e-01 0.000000000000000000e+00 0.000000000000000000e+00
-4.666666666666665075e-01 -4.666666666666666186e-01 0.000000000000000000e+00
-4.666666666640374994e-01 0.000000000000000000e+00 0.000000000000000000e+00
0.000000000000000000e+00 0.000000000000000000e+00 0.000000000000000000e+00
-4.666666666664155971e-01 0.000000000000000000e+00 0.000000000000000000e+00
-4.666666666663927265e-01 0.000000000000000000e+00 0.000000000000000000e+00
0.000000000000000000e+00 0.000000000000000000e+00 0.000000000000000000e+00
0.000000000000000000e+00 0.000000000000000000e+00 0.000000000000000000e+00
0.000000000000000000e+00 -4.666666666665040264e-01 0.000000000000000000e+00
-7.664868100137576246e-01 -4.666666666666486329e-01 -4.666666666666666186e-01
-1.325612662425923238e+00 -1.327772501947679817e+00 -1.332717168714899758e+00
-1.333333332805726634e+00 -1.333333333024971035e+00 -1.333333332951766037e+00
-1.333333333267853416e+00 -1.333333333274423049e+00 -1.333333333264926646e+00
-1.333333333311415014e+00 -1.333333333308576396e+00 -1.333333333306785828e+00
-1.333333333250535713e+00 -1.333333333270673826e+00 -1.333333333226242923e+00
-1.333333333162568746e+00 -1.333333333106587748e+00 -1.333333333088268846e+00
-1.333333333076155203e+00 -1.333333332947928662e+00 -1.333333333014524502e+00
-1.333333333113316588e+00 -1.333333333040622071e+00 -1.333333333097123097e+00
-1.333333333308144075e+00 -1.333333333307485491e+00 -1.333333333307930912e+00
-1.333333333322590075e+00 -1.333333333306315760e+00 -1.333333333301109258e+00
-1.333333333251044195e+00 -1.333333333243589935e+00 -1.333333332723568132e+00
-9.671666666664077150e-01 -9.671662744101130471e-01 -9.642180384442912144e-01
-4.666666493671810523e-01 -4.666666666666614005e-01 0.000000000000000000e+00
-4.666666666661243856e-01 0.000000000000000000e+00 -4.666666666666666186e-01
-4.666666666666666186e-01 -4.666666558834054457e-01 -7.699999999999991296e-01
-4.666666663722460751e-01 -4.666666666666652863e-01 -4.666666666666431373e-01
0.000000000000000000e+00 0.000000000000000000e+00 0.000000000000000000e+00
0.000000000000000000e+00 0.000000000000000000e+00 0.000000000000000000e+00
-4.666666666666663965e-01 -7.140729166666666128e-01 -4.666666666661540841e-01
-1.257830210213549016e+00 -1.232516383888889067e+00 -1.245251335268960036e+00
-1.330903908898397159e+00 -1.333325054988225844e+00 -1.332971257213730665e+00
-1.333333333270498189e+00 -1.333333333179823388e+00 -1.333333333283930111e+00
-1.333333333327027193e+00 -1.333333333324949077e+00 -1.333333333326245818e+00
-1.333333333296682355e+00 -1.333333333303211354e+00 -1.333333333309149049e+00
-1.333333333229257400e+00 -1.333333333241217167e+00 -1.333333333250316777e+00
-1.333333332718594333e+00 -1.333333332561449591e+00 -1.333333332140379968e+00
-1.333333329381842791e+00 -1.333333328243827998e+00 -1.333333328644235038e+00
-1.333333322290053191e+00 -1.333333323602843956e+00 -1.333333322529759890e+00
-1.333333325880458275e+00 -1.333333327408404712e+00 -1.333333327371921007e+00
-1.333333333103545071e+00 -1.333333333055406689e+00 -1.333333333016961220e+00
-1.333333332978074548e+00 -1.333333332921342373e+00 -1.333333332191466658e+00
-1.333333331764900098e+00 -1.333333331280428968e+00 -1.333333327887386677e+00
-9.671631881487150473e-01 -1.094431770052767927e+00 -9.671666666203466711e-01
-4.666666666602842239e-01 -7.699999999945920104e-01 0.000000000000000000e+00
-7.699999999999996847e-01 -4.666666666666666186e-01 -9.671666666660427847e-01
-4.666666659025798247e-01 -4.666666666665679197e-01 -4.666666666666662855e-01
0.000000000000000000e+00 0.000000000000000000e+00 0.000000000000000000e+00
0.000000000000000000e+00 0.000000000000000000e+00 0.000000000000000000e+00
0.000000000000000000e+00 -7.699999989535758482e-01 -4.666666666666665075e-01
-1.332187204693103144e+00 -1.332132925908873222e+00 -1.332287149190086950e+00
-1.333235307642946399e+00 -1.333242916930162725e+00 -1.333332033469734945e+00
-1.333333333328438286e+00 -1.333333333325227299e+00 -1.333333333316699232e+00
-1.333333333330265713e+00 -1.333333333329864923e+00 -1.333333333329937531e+00
-1.333333333320156466e+00 -1.333333333314745683e+00 -1.333333333315023905e+00
-1.333333333243174490e+00 -1.333333333269976606e+00 -1.333333333242197272e+00
-1.333333333331001791e+00 -1.333333333330616766e+00 -1.333333333330898318e+00
-1.333333333332504589e+00 -1.333333333329635773e+00 -1.333333333332705983e+00
-1.333333333331247594e+00 -1.333333333328968973e+00 -1.333333333303288182e+00
-1.333333333278986510e+00 -1.333333333193557957e+00 -1.333333333234152374e+00
-1.333333332212717437e+00 -1.333333332449782027e+00 -1.333333332305112195e+00
-1.333333332133908478e+00 -1.333333332581994046e+00 -1.333333331327902327e+00
-1.333333329919050847e+00 -1.333333322146114552e+00 -1.333333323716923369e+00
-1.333333313859814684e+00 -1.333333312508359736e+00 -1.333333303444934170e+00
-4.666666666642645955e-01 -4.666666666666665075e-01 -4.666666421149205379e-01
-7.699999999999568301e-01 -9.671666666656836275e-01 -7.700000000000000178e-01
-4.666666666666661190e-01 -4.666666666666665075e-01 0.000000000000000000e+00
0.000000000000000000e+00 0.000000000000000000e+00 0.000000000000000000e+00
0.000000000000000000e+00 0.000000000000000000e+00 0.000000000000000000e+00
-4.666666666666666186e-01 0.000000000000000000e+00 -4.666666666666666186e-01
-1.332888595046294977e+00 -1.333032793670371863e+00 -1.333307051202028193e+00
-1.333333013554383939e+00 -1.333312384009518681e+00 -1.333332267475951127e+00
-1.333333333332601400e+00 -1.333333333332785253e+00 -1.333333333332389348e+00
-1.333333333330989356e+00 -1.333333333330981141e+00 -1.333333333331299997e+00
-1.333333333332092030e+00 -1.333333333328231785e+00 -1.333333333326648384e+00
-1.333333333333117210e+00 -1.333333333333184267e+00 -1.333333333333182047e+00
-1.333333333333312165e+00 -1.333333333333316162e+00 -1.333333333333287074e+00
-1.333333333333321713e+00 -1.333333333333327264e+00 -1.333333333333098780e+00
-1.333333333333204251e+00 -1.333333333333177384e+00 -1.333333333332285653e+00
-1.333333333333192039e+00 -1.333333333333210025e+00 -1.333333333329967507e+00
-1.333333333331309101e+00 -1.333333333327312964e+00 -1.333333333249043129e+00
-1.333333332677169025e+00 -1.333333333312222369e+00 -1.333333333154008482e+00
-1.333333333204865578e+00 -1.333333315957144993e+00 -1.333333333228703177e+00
-1.333333271961133493e+00 -1.333333273194874824e+00 -1.333333197658243874e+00
-1.333333267998923599e+00 -1.333333112303707324e+00 -1.333332855390636951e+00
-4.666666666666469676e-01 -4.666666666666594021e-01 -4.666666666666664520e-01
-4.666666666297537014e-01 -4.666666666666666186e-01 -4.666666666666655083e-01
-4.666666666666666186e-01 0.000000000000000000e+00 0.000000000000000000e+00
0.000000000000000000e+00 0.000000000000000000e+00 0.000000000000000000e+00
-4.666666666666666186e-01 -4.666666666666666186e-01 0.000000000000000000e+00
-1.333224059537944317e+00 -1.333256770420262471e+00 -1.333231605201252279e+00
-1.333330736058280896e+00 -1.333333172971302272e+00 -1.333333323864204001e+00
-1.333333333333059478e+00 -1.333333333333049930e+00 -1.333333333333110993e+00
-1.333333333332964221e+00 -1.333333333332309190e+00 -1.333333333332511916e+00
-1.333333333333104331e+00 -1.333333333333121429e+00 -1.333333333333107884e+00
-1.333333333333323267e+00 -1.333333333333309945e+00 -1.333333333333326820e+00
-1.333333333333331705e+00 -1.333333333333332371e+00 -1.333333333333331705e+00
-1.333333333333333037e+00 -1.333333333333332815e+00 -1.333333333333332815e+00
-1.333333333333331927e+00 -1.333333333333331927e+00 -1.333333333333331483e+00
-1.333333333333315718e+00 -1.333333333333315274e+00 -1.333333333333311943e+00
-1.333333333332960446e+00 -1.333333333332499704e+00 -1.333333333333011295e+00
-1.333333333305470880e+00 -1.333333333333143855e+00 -1.333333333225809492e+00
-1.333333325701783645e+00 -1.333333328228867520e+00 -1.333333317640431170e+00
-1.333333329036927362e+00 -1.333333332567433471e+00 -1.333332967376704481e+00
-1.333333130223517848e+00 -1.333333094541155672e+00 -1.333331511831583605e+00
-7.575075165085078943e-01 -4.665743108837002162e-01 -4.666666666666666186e-01
-4.666666666666666186e-01 -7.699999999995832400e-01 -7.699999999904137971e-01
0.000000000000000000e+00 0.000000000000000000e+00 0.000000000000000000e+00
0.000000000000000000e+00 0.000000000000000000e+00 0.000000000000000000e+00
-4.666666666666663965e-01 0.000000000000000000e+00 0.000000000000000000e+00
-1.333302276546886489e+00 -1.333308938591081461e+00 -1.333317322277207007e+00
-1.333333257568516617e+00 -1.333333141731901206e+00 -1.333333326356990201e+00
-1.333333330283744456e+00 -1.333333333332185067e+00 -1.333333333332300530e+00
-1.333333333332892057e+00 -1.333333333333094117e+00 -1.333333333333154735e+00
-1.333333333333313053e+00 -1.333333333333301063e+00 -1.333333333333319493e+00
-1.333333333333331705e+00 -1.333333333333332815e+00 -1.333333333333331705e+00
-1.333333333333333037e+00 -1.333333333333333037e+00 -1.333333333333333037e+00
-1.333333333333333037e+00 -1.333333333333333037e+00 -1.333333333333333037e+00
-1.333333333333333037e+00 -1.333333333333333037e+00 -1.333333333333333037e+00
-1.333333333333333037e+00 -1.333333333333333037e+00 -1.333333333333333037e+00
-1.333333333333333037e+00 -1.333333333333333037e+00 -1.333333333333333037e+00
-1.333333333333333037e+00 -1.333333333333333037e+00 -1.333333333333333037e+00
-1.333333333332556547e+00 -1.333333333178210234e+00 -1.333333333049767866e+00
-1.333333326541240815e+00 -1.333333310808466621e+00 -1.333333325607132691e+00
-1.333333043472416213e+00 -1.333333035321772719e+00 -1.333328581228583998e+00
-1.333326509631243884e+00 -1.333328504035371287e+00 -1.333331038381350364e+00
-4.666666666666666186e-01 -7.699999999951825380e-01 -7.699999999999895817e-01
-4.666666666666666186e-01 0.000000000000000000e+00 0.000000000000000000e+00
0.000000000000000000e+00 0.000000000000000000e+00 0.000000000000000000e+00
-4.666666666663263907e-01 -4.666666666666608454e-01 -4.666666666666666186e-01
-1.333325227647061961e+00 -1.333327564529503517e+00 -1.333333180165153120e+00
-1.333332166009378650e+00 -1.333333315508613559e+00 -1.333333283264739766e+00
-1.333333324623003913e+00 -1.333333331422371426e+00 -1.333333332467325771e+00
-1.333333333328279080e+00 -1.333333333329120851e+00 -1.333333333332975323e+00
-1.333333333333318826e+00 -1.333333333333322379e+00 -1.333333333333319048e+00
-1.333333333333332371e+00 -1.333333333333333037e+00 -1.333333333333333037e+00
-1.333333333333333037e+00 -1.333333333333333037e+00 -1.333333333333333037e+00
-1.333333333333333037e+00 -1.333333333333333037e+00 -1.333333333333333037e+00
-1.333333333333333037e+00 -1.333333333333333037e+00 -1.333333333333333037e+00
-1.333333333333333037e+00 -1.333333333333333037e+00 -1.333333333333333037e+00
-1.333333333333333037e+00 -1.333333333333333037e+00 -1.333333333333333037e+00
-1.333333333333333037e+00 -1.333333333333333037e+00 -1.333333333333333037e+00
-1.333333333333154735e+00 -1.333333333333064363e+00 -1.333333333332596959e+00
-1.333333317643061955e+00 -1.333333333043323465e+00 -1.333333313898877437e+00
-1.333333270108078006e+00 -1.333333280315951219e+00 -1.333333270767886880e+00
-1.333329749660805641e+00 -1.333329486189009483e+00 -1.333329182604480634e+00
-4.666666666666365315e-01 -4.666666666666666186e-01 0.000000000000000000e+00
0.000000000000000000e+00 0.000000000000000000e+00 0.000000000000000000e+00
0.000000000000000000e+00 0.000000000000000000e+00 0.000000000000000000e+00
0.000000000000000000e+00 0.000000000000000000e+00 0.000000000000000000e+00
-1.333332826721945974e+00 -1.333331589662662964e+00 -1.333331971824865514e+00
-1.333333266060461098e+00 -1.333333315101872696e+00 -1.333333326179907852e+00
-1.333333324280829846e+00 -1.333333329085047758e+00 -1.333333330789532978e+00
-1.333333333317599179e+00 -1.333333332036180874e+00 -1.333333333325302350e+00
-1.333333333333140303e+00 -1.333333333333065918e+00 -1.333333333333110104e+00
-1.333333333333333037e+00 -1.333333333333333037e+00 -1.333333333333333037e+00
-1.333333333333333037e+00 -1.333333333333333037e+00 -1.333333333333333037e+00
-1.333333333333333037e+00 -1.333333333333333037e+00 -1.333333333333333037e+00
-1.333333333333333037e+00 -1.333333333333333037e+00 -1.333333333333333037e+00
-1.333333333333333037e+00 -1.333333333333333037e+00 -1.333333333333333037e+00
-1.333333333333333037e+00 -1.333333333333333037e+00 -1.333333333333333037e+00
-1.333333333333333037e+00 -1.333333333333333037e+00 -1.333333333333333037e+00
-1.333333333332973325e+00 -1.333333333332433535e+00 -1.333333333330764203e+00
-1.333333332866395882e+00 -1.333333333268378773e+00 -1.333333333146795585e+00
-1.333333153196994525e+00 -1.333333143034064028e+00 -1.333327267524735404e+00
-1.333333035145511491e+00 -1.333325329644926338e+00 -1.333326113176356298e+00
-4.666666666666663965e-01 -4.666666666666662855e-01 -4.666666666666666186e-01
0.000000000000000000e+00 0.000000000000000000e+00 0.000000000000000000e+00
0.000000000000000000e+00 0.000000000000000000e+00 0.000000000000000000e+00
-4.666666666666663965e-01 0.000000000000000000e+00 0.000000000000000000e+00
-1.330818204495996859e+00 -1.331586383413724928e+00 -1.331528522864415587e+00
-1.333331374770300393e+00 -1.333333105656983708e+00 -1.333333313391094066e+00
-1.333333332528874982e+00 -1.333331809736344242e+00 -1.333332837588570019e+00
-1.333332573069423654e+00 -1.333333331846781045e+00 -1.333333333287259004e+00
-1.333333333238530871e+00 -1.333333332577265162e+00 -1.333333333321970793e+00
-1.333333333330505965e+00 -1.333333333330542825e+00 -1.333333333265337428e+00
-1.333333333333323489e+00 -1.333333333333320603e+00 -1.333333333333321713e+00
-1.333333333333332593e+00 -1.333333333333332815e+00 -1.333333333333331261e+00
-1.333333333333333037e+00 -1.333333333333333037e+00 -1.333333333333333037e+00
-1.333333333333333037e+00 -1.333333333333333037e+00 -1.333333333333333037e+00
-1.333333333333333037e+00 -1.333333333333332815e+00 -1.333333333333332815e+00
-1.333333333333332149e+00 -1.333333333333332815e+00 -1.333333333333333037e+00
-1.333333333331316650e+00 -1.333333333331076398e+00 -1.333333333324687509e+00
-1.333333333256128794e+00 -1.333333333253588160e+00 -1.333333328318547784e+00
-1.333332724698439886e+00 -1.333332877474326494e+00 -1.333332931256920872e+00
-1.333318795286513314e+00 -1.333325974818836190e+00 -1.333322211423731307e+00
-7.699999999999995737e-01 0.000000000000000000e+00 0.000000000000000000e+00
-4.666666666666665075e-01 0.000000000000000000e+00 0.000000000000000000e+00
0.000000000000000000e+00 0.000000000000000000e+00 0.000000000000000000e+00
-4.666666666662696583e-01 -4.666666666666664520e-01 0.000000000000000000e+00
0.000000000000000000e+00 0.000000000000000000e+00 -4.666666666649815776e-01
-1.333180087142542103e+00 -1.333330130368479249e+00 -1.333330380519621050e+00
-1.333330036130413232e+00 -1.333332941051537546e+00 -1.333332105359891884e+00
-1.333332868009989847e+00 -1.333333331733507432e+00 -1.333333325467602304e+00
-1.333333333282218591e+00 -1.333333191625741820e+00 -1.333333333301598866e+00
-1.333333333229391515e+00 -1.333333333261645048e+00 -1.333333333260516840e+00
-1.333333333318392322e+00 -1.333333333321955472e+00 -1.333333333322157976e+00
-1.333333333332174631e+00 -1.333333333332217929e+00 -1.333333333332076709e+00
-1.333333333333299731e+00 -1.333333333333042603e+00 -1.333333333333233561e+00
-1.333333333333272863e+00 -1.333333333333268200e+00 -1.333333333333287074e+00
-1.333333333333314608e+00 -1.333333333333312609e+00 -1.333333333333331261e+00
-1.333333333333332593e+00 -1.333333333333332371e+00 -1.333333333333331705e+00
-1.333333333324069558e+00 -1.333333333314331348e+00 -1.333333333304733248e+00
-1.333333329587811145e+00 -1.333333329995974204e+00 -1.333333329765634012e+00
-1.333333153946541838e+00 -1.333330837095602517e+00 -1.333330422664395831e+00
-1.333135687814337889e+00 -1.333320421426216873e+00 -1.333075737213681444e+00
-7.699999822671379501e-01 -4.666666666126163543e-01 -7.699999999999992406e-01
-4.666666666666666186e-01 0.000000000000000000e+00 0.000000000000000000e+00
0.000000000000000000e+00 0.000000000000000000e+00 0.000000000000000000e+00
-4.666666666666663965e-01 -4.666666666666660079e-01 -4.666666666666666186e-01
-4.666666666664829877e-01 -4.666666666666657304e-01 -7.699999999978275333e-01
-1.325672893323446289e+00 -1.325457469544133460e+00 -1.321641882285625957e+00
-1.333321676363714348e+00 -1.332945578996726832e+00 -1.333323369494120891e+00
-1.333333186992013086e+00 -1.333331429655242761e+00 -1.333331646762390577e+00
-1.333330007992266308e+00 -1.333333333063446036e+00 -1.333332209161129933e+00
-1.333332863681892633e+00 -1.333333333293407197e+00 -1.333333333297793466e+00
-1.333333292801793135e+00 -1.333333333322725966e+00 -1.333333316481824626e+00
-1.333333311992999537e+00 -1.333333333332754833e+00 -1.333333333331736315e+00
-1.333333333333183379e+00 -1.333333333333251325e+00 -1.333333333332982873e+00
-1.333333333332989090e+00 -1.333333333325688042e+00 -1.333333333333256210e+00
-1.333333333333326598e+00 -1.333333333332312742e+00 -1.333333333333324600e+00
-1.333333333333314163e+00 -1.333333333333329929e+00 -1.333333333333330595e+00
-1.333333333286070399e+00 -1.333333331806449307e+00 -1.333333331499994223e+00
-1.333333235000836225e+00 -1.333333327467847607e+00 -1.333333327730343632e+00
-1.333327608670444642e+00 -1.333326834002724448e+00 -1.333242189383601284e+00
-7.699805814559037564e-01 -7.699999790172208369e-01 -7.688570117730142428e-01
-4.666666666666663965e-01 -7.699999999999970202e-01 -4.666666666666662855e-01
0.000000000000000000e+00 0.000000000000000000e+00 0.000000000000000000e+00
0.000000000000000000e+00 0.000000000000000000e+00 0.000000000000000000e+00
-4.666666666516531281e-01 -4.666666666666656194e-01 0.000000000000000000e+00
-4.666666666666663965e-01 -4.666666666600541857e-01 0.000000000000000000e+00
-4.666666666666664520e-01 0.000000000000000000e+00 -4.666666659847133469e-01
-1.333316725198147923e+00 -1.333315081098360277e+00 -1.333317411353074133e+00
-1.333237301317644841e+00 -1.333332098619119721e+00 -1.333332794277560351e+00
-1.333332111587475666e+00 -1.333332588436493715e+00 -1.333333090379918096e+00
-1.333332880918472352e+00 -1.333333246097506475e+00 -1.333333209975699596e+00
-1.333333333314721036e+00 -1.333333333317636260e+00 -1.333333265768595677e+00
-1.333333318366427767e+00 -1.333333333330215975e+00 -1.333333332754289779e+00
-1.333333333130192200e+00 -1.333333333332722637e+00 -1.333333331170990954e+00
-1.333333333050932934e+00 -1.333333333332467063e+00 -1.333333333315643188e+00
-1.333333333333276194e+00 -1.333333333308712065e+00 -1.333333333333292403e+00
-1.333333333332606951e+00 -1.333333333333324822e+00 -1.333333333333325710e+00
-1.333333333205900306e+00 -1.333333332970607188e+00 -1.333333310899596613e+00
-1.333333227254033693e+00 -1.333333214838102743e+00 -1.333333000721760087e+00
-1.333234867917608257e+00 -1.332689198505536909e+00 -1.332491721970205267e+00
0.000000000000000000e+00 -4.666666666664972540e-01 0.000000000000000000e+00
-4.666666664083908289e-01 0.000000000000000000e+00 0.000000000000000000e+00
0.000000000000000000e+00 0.000000000000000000e+00 0.000000000000000000e+00
0.000000000000000000e+00 0.000000000000000000e+00 0.000000000000000000e+00
-4.666666601344505727e-01 0.000000000000000000e+00 0.000000000000000000e+00
-4.666666666666666186e-01 -4.666666666666666186e-01 -4.666666630455419407e-01
-4.666666666628900284e-01 -4.666666666666666186e-01 -4.666666666666666186e-01
-4.666666666666666186e-01 0.000000000000000000e+00 -4.666666666666666186e-01
-1.333332500523456199e+00 -1.333331886759158813e+00 -1.333331567311003329e+00
-1.333332726805378954e+00 -1.333332869240574814e+00 -1.333333125865517887e+00
-1.333333247954886724e+00 -1.333333146688702620e+00 -1.333333280051524738e+00
-1.333333285750904595e+00 -1.333333322693758483e+00 -1.333333320945371936e+00
-1.333333326952435005e+00 -1.333333320829479307e+00 -1.333333333327088477e+00
-1.333333331107640740e+00 -1.333333333140638288e+00 -1.333333333330405823e+00
-1.333333333181820235e+00 -1.333333333327155756e+00 -1.333333333317111569e+00
-1.333333333324522751e+00 -1.333333333328437842e+00 -1.333333333326621073e+00
-1.333333333332345827e+00 -1.333333331778051356e+00 -1.333333333333047932e+00
-1.333333293410802645e+00 -1.333333284056915868e+00 -1.333333295311108113e+00
-1.333332297806214539e+00 -1.333332015535702020e+00 -1.333331830501529591e+00
-9.629634548860902532e-01 -9.655167674545115375e-01 -9.170493393938892179e-01
-4.666666666666483554e-01 0.000000000000000000e+00 0.000000000000000000e+00
-4.666666666497309990e-01 -4.666666666666666186e-01 -4.666666666537562791e-01
-4.666666666666666186e-01 0.000000000000000000e+00 0.000000000000000000e+00
0.000000000000000000e+00 0.000000000000000000e+00 0.000000000000000000e+00
0.000000000000000000e+00 -4.666666666666414165e-01 0.000000000000000000e+00
-4.666666666666648977e-01 -4.666666666666664520e-01 0.000000000000000000e+00
-4.666666666666665075e-01 -4.666649180297993693e-01 -4.666666666666665075e-01
-7.699229018782033362e-01 -4.666666666666666186e-01 -4.666666666666666186e-01
-4.666666666665656438e-01 -7.699996295898988707e-01 0.000000000000000000e+00
-1.333248338250440534e+00 -1.333333258458398118e+00 -1.333333019268895692e+00
-1.332676810639306320e+00 -1.332789538613195379e+00 -1.333333331817823986e+00
-1.333333333069543825e+00 -1.333324616550479069e+00 -1.333333328050496203e+00
-1.333327625736029809e+00 -1.333332854557184310e+00 -1.333333333312400448e+00
-1.333331825053324371e+00 -1.333333333330046111e+00 -1.333333333188219338e+00
-1.333332970825022556e+00 -1.333333333312116675e+00 -1.333333304658479657e+00
-1.333333317216731428e+00 -1.333333333333295956e+00 -1.333333333327056502e+00
-1.333333333333252879e+00 -1.333333333256933484e+00 -1.333333332747936195e+00
-1.333333179187378814e+00 -1.333333195758854783e+00 -1.333327346526231194e+00
-1.330473469851753077e+00 -1.330299262027734519e+00 -1.330775518351797526e+00
0.000000000000000000e+00 0.000000000000000000e+00 0.000000000000000000e+00
0.000000000000000000e+00 -7.699999999998446976e-01 0.000000000000000000e+00
0.000000000000000000e+00 0.000000000000000000e+00 0.000000000000000000e+00
0.000000000000000000e+00 0.000000000000000000e+00 0.000000000000000000e+00
0.000000000000000000e+00 0.000000000000000000e+00 0.000000000000000000e+00
-4.666666666666613450e-01 -4.666666666666666186e-01 0.000000000000000000e+00
-4.666666666666658969e-01 -4.666666666666653418e-01 -4.666666666666666186e-01
0.000000000000000000e+00 -4.666666666666402508e-01 0.000000000000000000e+00
-4.666666666604433744e-01 -4.666666664389295671e-01 -4.666666666666662300e-01
0.000000000000000000e+00 -7.699999999996270938e-01 -4.666666666666652308e-01
-9.671665812468352996e-01 -7.700000000000000178e-01 -7.699999999999993516e-01
-1.332978075863052059e+00 -1.333255440471221798e+00 -1.333069082798188365e+00
-1.333214158913056169e+00 -1.333205090297447049e+00 -1.333278204958493252e+00
-1.333096362413771718e+00 -1.333323609491138262e+00 -1.333333333218160721e+00
-1.333333333295920742e+00 -1.333305829142614085e+00 -1.333333333328858616e+00
-1.333333333326100156e+00 -1.333333333332737292e+00 -1.333333262103981731e+00
-1.333333273717750789e+00 -1.333333331973315161e+00 -1.333333331436551861e+00
-1.333333332175493879e+00 -1.333333333332939130e+00 -1.333333333332900050e+00
-1.333289692474933785e+00 -1.333281204045791757e+00 -1.333273345235511442e+00
-7.699256557009729329e-01 -7.700000000000000178e-01 -7.696682275846888910e-01
-7.699999996852202599e-01 -4.666666665355493904e-01 -4.666666666666478558e-01
-4.666666666665803542e-01 -4.666666666666653418e-01 -7.699999999990845279e-01
-4.666666666666666186e-01 -4.666666666662094287e-01 -4.666666665152997551e-01
0.000000000000000000e+00 0.000000000000000000e+00 0.000000000000000000e+00
0.000000000000000000e+00 0.000000000000000000e+00 0.000000000000000000e+00
0.000000000000000000e+00 0.000000000000000000e+00 0.000000000000000000e+00
-7.699999994572638284e-01 -4.666666666666665075e-01 0.000000000000000000e+00
-7.699999999999997957e-01 -7.699999999999953548e-01 -7.699999999999977973e-01
-7.699999999999995737e-01 -7.699999999999997957e-01 -7.699999999999992406e-01
-4.666666666666164920e-01 -7.699999999999269651e-01 -4.666666666666660634e-01
-4.666666666666666186e-01 0.000000000000000000e+00 0.000000000000000000e+00
-7.699999999999993516e-01 -4.666666666666666186e-01 0.000000000000000000e+00
-1.333260772343441314e+00 -1.333319665390932274e+00 -1.333333333317314517e+00
-1.333320548417550988e+00 -1.333328315880267345e+00 -1.333331245882798166e+00
-1.333330509187748314e+00 -1.333333199916187928e+00 -1.333333099893931450e+00
-1.333332656214661238e+00 -1.333333228423371208e+00 -1.333333264989281952e+00
-1.333333316760676457e+00 -1.333333333333277082e+00 -1.333333333330860349e+00
-1.333333333293377443e+00 -1.333333333290850131e+00 -1.333333330634562275e+00
-1.331141976086148038e+00 -1.330479151819904615e+00 -1.331339377568678373e+00
-4.666666666666660079e-01 0.000000000000000000e+00 0.000000000000000000e+00
-4.666666666665877372e-01 -4.666666666666665075e-01 0.000000000000000000e+00
-7.699999999986320010e-01 -4.666666666666591246e-01 -7.699999999994897593e-01
0.000000000000000000e+00 0.000000000000000000e+00 0.000000000000000000e+00
0.000000000000000000e+00 0.000000000000000000e+00 0.000000000000000000e+00
0.000000000000000000e+00 0.000000000000000000e+00 0.000000000000000000e+00
-4.666666666666666186e-01 0.000000000000000000e+00 0.000000000000000000e+00
0.000000000000000000e+00 0.000000000000000000e+00 0.000000000000000000e+00
-4.666666666666665075e-01 -7.699999999998590194e-01 -4.666666666666587360e-01
-7.699999999997846345e-01 -4.666666666666666186e-01 -4.666666666664169294e-01
0.000000000000000000e+00 0.000000000000000000e+00 0.000000000000000000e+00
-4.666666666591854917e-01 -4.666666666666642871e-01 -4.666666666666660634e-01
-4.666666665391840385e-01 -4.666666666666662855e-01 0.000000000000000000e+00
-4.666666666666663965e-01 -7.699999999999997957e-01 0.000000000000000000e+00
-1.333333333017842737e+00 -1.333333332864682585e+00 -1.333333332892258305e+00
-1.333332780264900874e+00 -1.333333333324927095e+00 -1.333333333323202030e+00
-1.333333333332294979e+00 -1.333333333332182846e+00 -1.333333333332186399e+00
-1.333333333333102555e+00 -1.333333333333120541e+00 -1.333333333322153536e+00
-1.333333332732748566e+00 -1.333333332812431271e+00 -1.333333332551559058e+00
-1.203824590042797960e+00 -1.230269502726358599e+00 -1.213935757367227364e+00
-4.666666666666666186e-01 -7.700000000000000178e-01 0.000000000000000000e+00
-7.699999999998361488e-01 -7.699999999965041475e-01 -7.699999999999980194e-01
-4.666666666666666186e-01 0.000000000000000000e+00 -9.671666666666663970e-01
-4.666666666666666186e-01 0.000000000000000000e+00 -4.666666567920555453e-01
0.000000000000000000e+00 0.000000000000000000e+00 0.000000000000000000e+00
0.000000000000000000e+00 0.000000000000000000e+00 0.000000000000000000e+00
-4.666666666666666186e-01 0.000000000000000000e+00 -4.666666666582606759e-01
0.000000000000000000e+00 0.000000000000000000e+00 0.000000000000000000e+00
-7.699999999993474287e-01 -4.666666666666607899e-01 0.000000000000000000e+00
-7.699999999997524380e-01 -7.699999999952411578e-01 -7.699999999999993516e-01
0.000000000000000000e+00 0.000000000000000000e+00 0.000000000000000000e+00
-4.666666666666666186e-01 0.000000000000000000e+00 -4.666666666666666186e-01
-4.666666666666666186e-01 -4.666666666666611785e-01 -4.666666661870979560e-01
-4.666666666665010843e-01 -7.699999999996867128e-01 0.000000000000000000e+00
-7.699999999998914380e-01 -4.666666666666666186e-01 -4.666666666666666186e-01
-4.666666467528878814e-01 -7.699999873484328905e-01 0.000000000000000000e+00
0.000000000000000000e+00 0.000000000000000000e+00 0.000000000000000000e+00
-4.666666666666574592e-01 0.000000000000000000e+00 0.000000000000000000e+00
-4.666666666666666186e-01 0.000000000000000000e+00 -4.666666666666663965e-01
-4.666666666666666186e-01 -4.666666666666666186e-01 0.000000000000000000e+00
-4.666666666425858256e-01 -4.666666666666662300e-01 -4.666666666658662033e-01
-4.666666666666299257e-01 -4.666666666657915963e-01 -7.699999999999853628e-01
0.000000000000000000e+00 0.000000000000000000e+00 -4.666666666666392516e-01
-4.666666666666662300e-01 -4.666666666635693184e-01 0.000000000000000000e+00
0.000000000000000000e+00 0.000000000000000000e+00 0.000000000000000000e+00
0.000000000000000000e+00 0.000000000000000000e+00 0.000000000000000000e+00
0.000000000000000000e+00 0.000000000000000000e+00 0.000000000000000000e+00
0.000000000000000000e+00 0.000000000000000000e+00 0.000000000000000000e+00
0.000000000000000000e+00 0.000000000000000000e+00 0.000000000000000000e+00
0.000000000000000000e+00 0.000000000000000000e+00 0.000000000000000000e+00
0.000000000000000000e+00 0.000000000000000000e+00 0.000000000000000000e+00
0.000000000000000000e+00 0.000000000000000000e+00 0.000000000000000000e+00
0.000000000000000000e+00 0.000000000000000000e+00 0.000000000000000000e+00
0.000000000000000000e+00 0.000000000000000000e+00 0.000000000000000000e+00
0.000000000000000000e+00 0.000000000000000000e+00 0.000000000000000000e+00
0.000000000000000000e+00 0.000000000000000000e+00 0.000000000000000000e+00
0.000000000000000000e+00 0.000000000000000000e+00 0.000000000000000000e+00
0.000000000000000000e+00 0.000000000000000000e+00 0.000000000000000000e+00
0.000000000000000000e+00 0.000000000000000000e+00 0.000000000000000000e+00
0.000000000000000000e+00 0.000000000000000000e+00 0.000000000000000000e+00
0.000000000000000000e+00 0.000000000000000000e+00 0.000000000000000000e+00
0.000000000000000000e+00 0.000000000000000000e+00 0.000000000000000000e+00
0.000000000000000000e+00 0.000000000000000000e+00 0.000000000000000000e+00
0.000000000000000000e+00 0.000000000000000000e+00 0.000000000000000000e+00
0.000000000000000000e+00 0.000000000000000000e+00 0.000000000000000000e+00
