0.000000000000000000e+00 0.000000000000000000e+00 0.000000000000000000e+00
0.000000000000000000e+00 0.000000000000000000e+00 0.000000000000000000e+00
-3.145354032412525647e-02 0.000000000000000000e+00 0.000000000000000000e+00
-2.618271580291678391e-02 -2.465578643096835373e-02 0.000000000000000000e+00
-6.405942331339966600e-01 -6.170849229817396697e-01 -6.236592977121876435e-01
-2.500360984887139981e+00 -2.510573078411918679e+00 -2.512655975018824872e+00
-3.271648414299590968e+00 -3.272701568600083100e+00 -3.263844944151010452e+00
-3.333049697548351897e+00 -3.329645863933680339e+00 -3.327856504496848444e+00
-3.115788634885173991e+00 -3.126460209904469600e+00 -3.118978026573969498e+00
-3.526188603171771074e+00 -3.533653527558919372e+00 -3.534028008866259896e+00
-5.098415529477443364e+00 -5.098685816843977037e+00 -5.098272787617501578e+00
-4.847191337676323819e+00 -4.845705462097244620e+00 -4.846896409043513820e+00
-3.069764277638961314e+00 -3.071620554883302656e+00 -3.063011979292629139e+00
-2.887349419962979835e-02 -3.146207774672275803e-02 -3.153796623184532827e-02
-2.975022940220438047e-02 0.000000000000000000e+00 0.000000000000000000e+00
0.000000000000000000e+00 0.000000000000000000e+00 0.000000000000000000e+00
-3.063570017843659371e-02 0.000000000000000000e+00 -2.224916529419928776e-02
-3.173625551104934661e-02 0.000000000000000000e+00 0.000000000000000000e+00
-2.851988280695669231e-02 -3.227133100912994018e-02 0.000000000000000000e+00
0.000000000000000000e+00 0.000000000000000000e+00 0.000000000000000000e+00
0.000000000000000000e+00 0.000000000000000000e+00 0.000000000000000000e+00
-2.848432316956546126e-02 -2.637806577387326323e-02 0.000000000000000000e+00
-3.095103152815486050e-02 0.000000000000000000e+00 0.000000000000000000e+00
-1.226531483432006242e-01 -1.308385200312029983e-01 -1.417733653194082621e-01
-1.318237848702160875e+00 -1.320331440483304863e+00 -1.319864552304988559e+00
-2.885813623521716664e+00 -2.881246084533430452e+00 -2.899544675731863475e+00
-3.472129268742175867e+00 -3.468994040816187230e+00 -3.468493547958820145e+00
-3.742892092743365318e+00 -3.740044398335006903e+00 -3.740739068260356515e+00
-4.011998411673957321e+00 -4.016762888243113672e+00 -4.013324730443891042e+00
-4.255399383261917912e+00 -4.256908365268953887e+00 -4.256182273353642742e+00
-4.399878069392118896e+00 -4.401173080942392346e+00 -4.397562633309853197e+00
-4.592295987132483326e+00 -4.592350997281284819e+00 -4.593849938827582413e+00
-5.022027630616365812e+00 -5.021704339595660649e+00 -5.021035061552456824e+00
-4.659002618202841894e+00 -4.656676470190450168e+00 -4.657559156459162075e+00
-2.802212330197262694e-02 -3.442475038584223712e-02 -2.133021330859644071e-02
-3.115025951557687245e-02 -6.212617702975153922e-02 -8.625953044803122416e-02
-3.049399398238060444e-02 -3.148997957748252141e-02 -2.943609995052885384e-02
0.000000000000000000e+00 0.000000000000000000e+00 0.000000000000000000e+00
-2.479665981923516449e-02 -2.307893565212417938e-02 0.000000000000000000e+00
0.000000000000000000e+00 0.000000000000000000e+00 0.000000000000000000e+00
0.000000000000000000e+00 0.000000000000000000e+00 0.000000000000000000e+00
-3.140910951946959684e-02 -5.775873203323081406e-02 -2.874840750087515398e-02
-5.985884232759838657e-03 -5.000000000000000104e-03 -3.766688827111327326e-02
-5.530475808997927789e-01 -5.535744390250321167e-01 -5.593638166686841773e-01
-2.465473143997618521e+00 -2.474793790586291564e+00 -2.479296636234486151e+00
-3.421378107264063217e+00 -3.420769943789479406e+00 -3.419927065554777545e+00
-3.958425964944827680e+00 -3.957978047967179780e+00 -3.956867143843702639e+00
-4.373854966978802494e+00 -4.372612124556034097e+00 -4.373970311255966692e+00
-4.650375833037702300e+00 -4.650711175431314182e+00 -4.651128019486757914e+00
-4.780275257177340364e+00 -4.781051435396601157e+00 -4.780905152251724743e+00
-4.792755339118919267e+00 -4.793110444367127521e+00 -4.792961844043553299e+00
-4.706926642961236418e+00 -4.705527984938017383e+00 -4.708461075403791440e+00
-4.594681923742829355e+00 -4.595846700304632826e+00 -4.596738642626610805e+00
-4.706064234615208619e+00 -4.706155878612814369e+00 -4.705677239909553222e+00
-4.518785683332197323e+00 -4.518631504360299367e+00 -4.519766415454027353e+00
-6.164204237595528879e-02 -9.354744765971821641e-02 -7.864771919409470347e-02
-4.747249746399050813e-02 -6.262191618239157376e-02 -6.255329249605146025e-02
-1.978132366440731732e-02 -3.012988200384141696e-02 -3.246678651407987337e-02
-5.947998039283228233e-02 -3.058224922831616691e-02 -3.142538627217987546e-02
0.000000000000000000e+00 0.000000000000000000e+00 0.000000000000000000e+00
0.000000000000000000e+00 0.000000000000000000e+00 0.000000000000000000e+00
0.000000000000000000e+00 -3.004261313960878213e-02 0.000000000000000000e+00
-9.379591248000947179e-02 -9.644710682979339145e-02 -9.183899540046862320e-02
-1.753847026974167722e+00 -1.756981385778592530e+00 -1.757013373944348533e+00
-3.168259924106694214e+00 -3.166507667693887917e+00 -3.169748044809076681e+00
-3.905067866126735510e+00 -3.903547081645501127e+00 -3.902912373684234826e+00
-4.479746545052534223e+00 -4.478759766623159777e+00 -4.480620807444802622e+00
-4.836387052685042320e+00 -4.836363680860641168e+00 -4.838238501621147769e+00
-5.048769288062964655e+00 -5.048104096430475529e+00 -5.048946282439863431e+00
-5.158523527418990895e+00 -5.158926602890916868e+00 -5.158027370209225637e+00
-5.161128006887905073e+00 -5.161192273683249176e+00 -5.161229205984789736e+00
-5.064192483694072600e+00 -5.064312508129625634e+00 -5.064866399319027046e+00
-4.868270165983890507e+00 -4.867582439100421432e+00 -4.868553971798402102e+00
-4.606353666257874124e+00 -4.605947907445449907e+00 -4.606125132914272058e+00
-4.501390318707925609e+00 -4.501272403741928940e+00 -4.501169068907999282e+00
-4.158642335791129518e+00 -4.165567151923156963e+00 -4.160580582337537692e+00
-2.180685510549609449e-02 -3.139450646637144404e-02 -2.524547191231120077e-02
0.000000000000000000e+00 0.000000000000000000e+00 -5.631955804523497422e-02
-3.060133414692253404e-02 0.000000000000000000e+00 0.000000000000000000e+00
-3.101522268437511068e-02 -2.493470623309768444e-02 0.000000000000000000e+00
0.000000000000000000e+00 0.000000000000000000e+00 0.000000000000000000e+00
-3.109895354760129627e-02 -2.301126992053419140e-02 0.000000000000000000e+00
-4.321857010443648783e-01 -4.436228997651273653e-01 -4.439453632316332499e-01
-2.524820231795203984e+00 -2.528957292111440935e+00 -2.526850560941475976e+00
-3.634885954196707125e+00 -3.636064566087247929e+00 -3.640054811814586344e+00
-4.337873980757246173e+00 -4.340588414345436519e+00 -4.338339307598278793e+00
-4.857658253108612989e+00 -4.859284627715071636e+00 -4.858788855603696888e+00
-5.211007711812460030e+00 -5.212334164167701900e+00 -5.210691543272128357e+00
-5.446652880967381094e+00 -5.447488450601203347e+00 -5.446312355595528842e+00
-5.575932889548448124e+00 -5.576090967704415924e+00 -5.575539003840578545e+00
-5.564177723604998071e+00 -5.564182175382959450e+00 -5.564076278091349081e+00
-5.438325467256990287e+00 -5.438236556417986201e+00 -5.438878324039841949e+00
-5.208908181664218873e+00 -5.209227847775708575e+00 -5.209672596729856942e+00
-4.902715225749456174e+00 -4.904067389334819005e+00 -4.902284560913409805e+00
-4.535511968483949552e+00 -4.538243429799400985e+00 -4.534115938785498123e+00
-4.366235038945001534e+00 -4.363877481630530575e+00 -4.365588514634502815e+00
-1.825648318792448377e+00 -1.788811574853437003e+00 -1.793525985693522395e+00
-6.166312352748246073e-02 -3.226971311324247638e-02 -6.097058178568183495e-02
-5.938952282512816039e-02 -2.865866108198403261e-02 -3.044688952171912752e-02
-2.964100596456069325e-02 0.000000000000000000e+00 -2.532167910687031093e-02
0.000000000000000000e+00 0.000000000000000000e+00 0.000000000000000000e+00
0.000000000000000000e+00 0.000000000000000000e+00 0.000000000000000000e+00
-7.845214433271353593e-01 -7.762707030590277890e-01 -7.869218404426817637e-01
-2.979684528757364337e+00 -2.978982243196039992e+00 -2.978993548930194635e+00
-3.926651709850295102e+00 -3.934727161120015637e+00 -3.928102153446431988e+00
-4.621287208698666937e+00 -4.621613413484435995e+00 -4.626284852283215621e+00
-5.126155586371015538e+00 -5.125113008555276295e+00 -5.127044124517596835e+00
-5.497448238499008433e+00 -5.497993871148866063e+00 -5.498555603294443372e+00
-5.818072242461453492e+00 -5.816855611914303559e+00 -5.817903426062627226e+00
-6.000390227048592706e+00 -6.000483437779061013e+00 -6.000648276863611130e+00
-5.958650740301804305e+00 -5.958984548457513242e+00 -5.958483987406516746e+00
-5.800589185920761004e+00 -5.799709479284389957e+00 -5.801012973689708474e+00
-5.518542512495759667e+00 -5.517338126788122743e+00 -5.516689527904782508e+00
-5.165090378017275441e+00 -5.167412925525316503e+00 -5.166135411378373732e+00
-4.766047860754998311e+00 -4.768482824212265214e+00 -4.765826783036035685e+00
-4.438846425905007109e+00 -4.437929341525673088e+00 -4.438810819685008013e+00
-4.394322371823102813e+00 -4.392962487200668953e+00 -4.393344776217573688e+00
-3.063572777328592289e-02 -3.170580999892209928e-02 -2.951775218668538370e-02
-2.727283377100454473e-02 -3.146536818807238456e-02 0.000000000000000000e+00
0.000000000000000000e+00 0.000000000000000000e+00 0.000000000000000000e+00
0.000000000000000000e+00 0.000000000000000000e+00 0.000000000000000000e+00
0.000000000000000000e+00 0.000000000000000000e+00 0.000000000000000000e+00
-8.949636968383569702e-01 -8.944196044009019575e-01 -8.922651274744978211e-01
-3.186626367871411514e+00 -3.192836471158550182e+00 -3.187618335578539241e+00
-4.063187611850477943e+00 -4.063616654997741939e+00 -4.065849902189237142e+00
-4.763827438410173087e+00 -4.763097206010587392e+00 -4.764294127675762880e+00
-5.223228822985588771e+00 -5.223653537328602603e+00 -5.223030916554778358e+00
-5.674855158057520832e+00 -5.674898380796724595e+00 -5.677160108976053721e+00
-6.067490217079944514e+00 -6.067537146252610647e+00 -6.067453985273442818e+00
-6.329147287144922807e+00 -6.329413620518249850e+00 -6.329161286489068949e+00
-6.366470629372365408e+00 -6.366589557775246710e+00 -6.365061140586706578e+00
-6.049893511509525368e+00 -6.049687945414142121e+00 -6.048633929191606917e+00
-5.753754550012198266e+00 -5.753492581941756612e+00 -5.752179244356924848e+00
-5.367459155181397712e+00 -5.366192611507763388e+00 -5.367670319439066695e+00
-4.954554960379071282e+00 -4.953356500148168529e+00 -4.953840650791533129e+00
-4.460567690583268075e+00 -4.460818246749337135e+00 -4.460509768724163493e+00
-4.409861605174149268e+00 -4.411861671425509002e+00 -4.370693354935268005e+00
-2.096715727403171137e-01 -2.104239050378186315e-01 -2.143512637077741034e-01
-2.872657846260148751e-02 -2.847863352078389490e-02 -3.226377238847517176e-02
0.000000000000000000e+00 0.000000000000000000e+00 0.000000000000000000e+00
0.000000000000000000e+00 0.000000000000000000e+00 0.000000000000000000e+00
0.000000000000000000e+00 0.000000000000000000e+00 -8.144804455420224382e-03
-7.456527981721016163e-01 -7.444631261820549017e-01 -7.477240969183218677e-01
-3.213085787505269408e+00 -3.214247377790984572e+00 -3.228096597608684615e+00
-4.008868069794495170e+00 -4.012508791252482609e+00 -4.015984745665282851e+00
-4.754006345707892045e+00 -4.756836660224985636e+00 -4.755875905834819228e+00
-5.205426970700063549e+00 -5.204294625414717324e+00 -5.205450524649536170e+00
-5.649807935225660493e+00 -5.649470878491229975e+00 -5.649267438139054853e+00
-6.070010322440529293e+00 -6.070332144472802227e+00 -6.069917197104236273e+00
-6.347221457858940319e+00 -6.348274847909138430e+00 -6.348305514216266765e+00
-6.466854002324473605e+00 -6.474114653244366302e+00 -6.472672419368555197e+00
-6.201188343359088861e+00 -6.200664900036128913e+00 -6.200993067561176630e+00
-5.869449381792689380e+00 -5.869624428071067435e+00 -5.869672332191345987e+00
-5.464631028969723303e+00 -5.465795236683091751e+00 -5.464463778079093004e+00
-5.040777765551647249e+00 -5.040548061446833650e+00 -5.040078793789669831e+00
-4.505995875271427309e+00 -4.504527462195129672e+00 -4.503107415601942165e+00
-4.306968075040600752e+00 -4.314983537484867959e+00 -4.172098348854389904e+00
-7.417096349824280344e-01 -7.248329015824991339e-01 -7.252381791955920809e-01
0.000000000000000000e+00 0.000000000000000000e+00 0.000000000000000000e+00
0.000000000000000000e+00 0.000000000000000000e+00 0.000000000000000000e+00
0.000000000000000000e+00 0.000000000000000000e+00 0.000000000000000000e+00
-3.149259202840658939e-02 0.000000000000000000e+00 0.000000000000000000e+00
-3.265142678675165278e-01 -3.315822189358497707e-01 -3.293015627616692753e-01
-2.969691642834759282e+00 -3.020871701659233910e+00 -3.015060774342004812e+00
-3.877282288043637504e+00 -3.879855830868309319e+00 -3.879999251093919632e+00
-4.609186832097124764e+00 -4.610840172813689186e+00 -4.610027691112821735e+00
-5.058083526112869599e+00 -5.059067575006911177e+00 -5.058520568122223615e+00
-5.469961203652101034e+00 -5.468670189076075161e+00 -5.470016272006442470e+00
-5.818628728985315135e+00 -5.820328236421387302e+00 -5.820234855629959014e+00
-6.105997817856624543e+00 -6.105823567003376695e+00 -6.107477768331786905e+00
-6.179369205557798672e+00 -6.179408609880486125e+00 -6.179325489205369060e+00
-6.048577572762314780e+00 -6.047284205934674084e+00 -6.047264464148691232e+00
-5.787314346189047498e+00 -5.787917433210622242e+00 -5.787849464117224230e+00
-5.418911573551927319e+00 -5.417986692388196523e+00 -5.418257511132337001e+00
-5.012009899477360975e+00 -5.014814042831242880e+00 -5.011571047682742197e+00
-4.489885823356759786e+00 -4.487795664600273682e+00 -4.487109612237556888e+00
-4.192536999304649292e+00 -4.189818825567200200e+00 -4.173116853435567819e+00
-9.671826456077585732e-01 -9.755087687549455211e-01 -9.692494530235318262e-01
-6.079222452140835287e-02 -8.195465806136670306e-02 -6.122243089905919644e-02
0.000000000000000000e+00 0.000000000000000000e+00 0.000000000000000000e+00
0.000000000000000000e+00 0.000000000000000000e+00 0.000000000000000000e+00
-3.143083475999685489e-02 0.000000000000000000e+00 -2.898966781983260133e-02
-3.445026712573025923e-02 -4.350005811117396703e-02 -3.400592582449919049e-02
-2.476040135125455066e+00 -2.516904838818937673e+00 -2.510057656607707965e+00
-3.610034236298510280e+00 -3.610562709747223487e+00 -3.612039186612909791e+00
-4.289106068519127568e+00 -4.288379123815109217e+00 -4.287145742671508053e+00
-4.847384488806929070e+00 -4.844976864429570540e+00 -4.848416777292969826e+00
-5.205670510366284809e+00 -5.207548424322315128e+00 -5.205132777853396675e+00
-5.501773149625784676e+00 -5.502324161009316761e+00 -5.503431385689293798e+00
-5.711209874425431821e+00 -5.711659819690939166e+00 -5.711960180847663437e+00
-5.770369787308856857e+00 -5.770454669090338662e+00 -5.771274469005138741e+00
-5.726254722760364402e+00 -5.725542641775914099e+00 -5.725154134298612085e+00
-5.526090400225809773e+00 -5.524509734885973522e+00 -5.525699498458191528e+00
-5.232232068477270737e+00 -5.232116716988341132e+00 -5.230167322667800711e+00
-4.833892299189840536e+00 -4.831511250242355615e+00 -4.833956041277266635e+00
-4.397220869749227212e+00 -4.397268922101733146e+00 -4.396634536767905388e+00
-3.867735183286542533e+00 -3.869025501477748374e+00 -3.866537452899387883e+00
-5.646465385903089995e-01 -5.470590089356516250e-01 -5.561218808156150883e-01
-1.424438612154741053e-02 -5.399792167357370110e-02 0.000000000000000000e+00
0.000000000000000000e+00 0.000000000000000000e+00 0.000000000000000000e+00
0.000000000000000000e+00 0.000000000000000000e+00 0.000000000000000000e+00
0.000000000000000000e+00 0.000000000000000000e+00 0.000000000000000000e+00
-2.525654219751639548e-02 0.000000000000000000e+00 -5.777213609423481611e-02
-9.745444572188111110e-01 -9.632843302444370481e-01 -9.666317910413105841e-01
-3.122775489708975893e+00 -3.153875546932505713e+00 -3.158655315060135749e+00
-3.935818752329200976e+00 -3.932395561124190753e+00 -3.934186001211402051e+00
-4.487427256932692288e+00 -4.487869884459758651e+00 -4.490089330125256240e+00
-4.907953700790709917e+00 -4.910322853120897335e+00 -4.909193874331117868e+00
-5.149913487940397161e+00 -5.150820726972105135e+00 -5.150632277552907645e+00
-5.342223716117151966e+00 -5.341983800772219126e+00 -5.342166555277900741e+00
-5.405886983415731706e+00 -5.405743927875298560e+00 -5.405301280189430457e+00
-5.345548884840588322e+00 -5.345330204044461908e+00 -5.344237383643661410e+00
-5.197717042232369522e+00 -5.197981911495899610e+00 -5.199237234074371550e+00
-4.935889186211896984e+00 -4.935866948662710030e+00 -4.934338580033922561e+00
-4.547004055770595521e+00 -4.544018372935177297e+00 -4.545178987624952427e+00
-4.217136809951854914e+00 -4.220662183466196815e+00 -4.218470182626703036e+00
-3.118207244956357815e+00 -3.105487319009013980e+00 -3.098482215795461236e+00
-7.337322129919275626e-02 -1.023611185492068476e-01 -1.063751478782650056e-01
-5.373486498703966552e-02 -3.140520474249338528e-02 -4.445341270092728614e-02
0.000000000000000000e+00 0.000000000000000000e+00 0.000000000000000000e+00
0.000000000000000000e+00 0.000000000000000000e+00 0.000000000000000000e+00
-7.338662938616613562e-02 -3.149027845254125102e-02 0.000000000000000000e+00
-2.995422133980363624e-02 -6.189644318344783569e-02 -3.122063190959029760e-02
-7.785004410298303201e-02 -7.466118715334774114e-02 -7.064143795989860641e-02
-2.314813298423547661e+00 -2.310550034685368459e+00 -2.313290943334965544e+00
-3.478241829610511093e+00 -3.480904477825491394e+00 -3.476321905272550694e+00
-4.066011986558253355e+00 -4.066802180433234604e+00 -4.065170494760756981e+00
-4.502820736698549098e+00 -4.505753806171540532e+00 -4.503900505764838691e+00
-4.794638103034934318e+00 -4.795862457867361428e+00 -4.795823186708960684e+00
-4.980941562952463819e+00 -4.979372482658873444e+00 -4.978482405040150383e+00
-5.026392426431487870e+00 -5.025481751532749009e+00 -5.025750661583644252e+00
-4.956854482796921424e+00 -4.958664556002647217e+00 -4.958742405442665202e+00
-4.817721420590912906e+00 -4.815912385354700120e+00 -4.816358289708855267e+00
-4.542117713745349228e+00 -4.541167440025137836e+00 -4.539655790930440915e+00
-4.293961320043602647e+00 -4.296589609333142157e+00 -4.294936931664366853e+00
-3.729952935187821339e+00 -3.737722860813859960e+00 -3.737162986313676161e+00
-1.340190521612493857e+00 -1.341816376916250331e+00 -1.329342892427820555e+00
-3.204052256940784216e-02 -5.303164727752499030e-02 -6.371025946540564977e-02
0.000000000000000000e+00 0.000000000000000000e+00 0.000000000000000000e+00
0.000000000000000000e+00 0.000000000000000000e+00 0.000000000000000000e+00
0.000000000000000000e+00 0.000000000000000000e+00 0.000000000000000000e+00
-2.816185669228485344e-02 -3.020288014875877752e-02 0.000000000000000000e+00
-2.803328254141518663e-02 -4.525608487125085816e-02 -5.684473027307290760e-02
-2.874025000951369382e-02 0.000000000000000000e+00 0.000000000000000000e+00
-2.763096015801593253e-01 -2.638808874142515304e-01 -2.738232406673462571e-01
-2.729378767356761326e+00 -2.776417912011913014e+00 -2.776489076865599426e+00
-3.667675307573419641e+00 -3.667040437447238066e+00 -3.670085741690726877e+00
-4.103866650085548962e+00 -4.107671240212293462e+00 -4.105450853154029467e+00
-4.360971313769386626e+00 -4.362682665934709547e+00 -4.364097094550368539e+00
-4.513454622579433639e+00 -4.511051028950677555e+00 -4.511176240736265441e+00
-4.538183118538237970e+00 -4.538073893336060927e+00 -4.537478539700910751e+00
-4.478882209180532925e+00 -4.477735076551786264e+00 -4.478425459916705265e+00
-4.375051719612041978e+00 -4.375610646411423943e+00 -4.375304744927144718e+00
-4.281624232454144696e+00 -4.282968939428093869e+00 -4.282228472014438125e+00
-3.864026457031316752e+00 -3.864968680254296629e+00 -3.860807068020415844e+00
-2.517275384361420620e+00 -2.523305872714609155e+00 -2.515786022427894064e+00
-1.191553819045815393e-01 -1.091802525185705253e-01 -1.227480571828084288e-01
-5.899061895099422248e-02 -2.909804245682280632e-02 -3.095228059633029633e-02
-5.564650713026543516e-02 -6.281792927123161507e-02 -3.141221802986294415e-02
0.000000000000000000e+00 0.000000000000000000e+00 0.000000000000000000e+00
0.000000000000000000e+00 0.000000000000000000e+00 0.000000000000000000e+00
0.000000000000000000e+00 -2.238922716637700011e-02 0.000000000000000000e+00
-4.734193039661503677e-02 -5.560129212214189043e-02 -3.010943338195959038e-02
-2.725958728154170146e-02 -2.681375912635940856e-02 0.000000000000000000e+00
-3.408349973957740253e-02 -3.152028248940456218e-02 0.000000000000000000e+00
-7.070394722737977089e-01 -6.988041750531681640e-01 -6.887512927748602465e-01
-2.881872393995253301e+00 -2.898894676872700860e+00 -2.904561404749269826e+00
-3.668636047639159514e+00 -3.666916561147600007e+00 -3.670329219872033200e+00
-4.061826323113097104e+00 -4.059687536892644388e+00 -4.059360249859438774e+00
-4.243457397398893605e+00 -4.244534882713677959e+00 -4.243162141871045456e+00
-4.308788690318419157e+00 -4.306625868924551348e+00 -4.307322557754288184e+00
-4.312640435526648552e+00 -4.313450059641466439e+00 -4.312260561768098910e+00
-4.226140050873071985e+00 -4.224112936072387470e+00 -4.225358717918322959e+00
-3.861551885578440313e+00 -3.860711516976275348e+00 -3.860618167386327126e+00
-2.869342154451568483e+00 -2.864085358968378792e+00 -2.857984334927024861e+00
-4.692093658226504371e-01 -4.794537765255954542e-01 -4.767913399241154870e-01
-3.151816596057491898e-02 -4.975195725489862247e-02 -3.163124472722825958e-02
-2.713243844995265330e-02 -3.151020992813468452e-02 0.000000000000000000e+00
-3.158523685928199543e-02 -3.185017406973718324e-02 -3.601274741840777838e-02
-3.246165434202568506e-02 0.000000000000000000e+00 0.000000000000000000e+00
0.000000000000000000e+00 0.000000000000000000e+00 0.000000000000000000e+00
-3.091774698382448311e-02 0.000000000000000000e+00 -2.293176502623491333e-02
-2.465897921737524728e-02 0.000000000000000000e+00 0.000000000000000000e+00
-1.041991090114845753e-01 0.000000000000000000e+00 0.000000000000000000e+00
-2.639797360547158425e-02 0.000000000000000000e+00 0.000000000000000000e+00
-5.080973862610209391e-02 -5.490792112138377645e-02 -8.983306156354983751e-02
-8.387485507299139442e-01 -8.291775655925478494e-01 -8.353045512223534752e-01
-2.817799914445396237e+00 -2.815156836332087575e+00 -2.835081921366339408e+00
-3.563743965901560173e+00 -3.560654822491710281e+00 -3.561636784497259178e+00
-3.949158827350037537e+00 -3.945070776260738210e+00 -3.947867772674197973e+00
-4.102002748671123022e+00 -4.102786910355085581e+00 -4.102694882964707190e+00
-4.038102708659050855e+00 -4.033717001690033221e+00 -4.035604000296806326e+00
-3.713910389042245797e+00 -3.714233457706670460e+00 -3.716081242878608748e+00
-2.750968788359853701e+00 -2.738382319513578800e+00 -2.743688733658094403e+00
-7.723417997570654059e-01 -7.764251828558310642e-01 -7.743771599404181138e-01
-7.616773024823120242e-02 -4.743781029123364523e-02 -3.940389246679685403e-02
0.000000000000000000e+00 0.000000000000000000e+00 -3.227003260704390530e-02
0.000000000000000000e+00 0.000000000000000000e+00 -2.731140076952741011e-02
0.000000000000000000e+00 -2.560856662799093977e-02 0.000000000000000000e+00
0.000000000000000000e+00 0.000000000000000000e+00 0.000000000000000000e+00
0.000000000000000000e+00 0.000000000000000000e+00 0.000000000000000000e+00
-2.921853845085287116e-02 0.000000000000000000e+00 0.000000000000000000e+00
-3.057168518375288566e-02 0.000000000000000000e+00 -2.816118051663085362e-02
-2.249748405010397120e-02 -2.875871584887011029e-02 -2.712518134006688605e-02
-2.493381614546660505e-02 -3.027070521409460160e-02 -5.273866765087503738e-02
-3.034091112476226815e-02 -3.006055075822170256e-02 0.000000000000000000e+00
-2.053703410842397034e-02 -2.651013953553052124e-02 -3.153503887343216128e-02
-7.423099083154107714e-01 -7.754160852914936397e-01 -7.549452430753529342e-01
-2.492137001970224031e+00 -2.495919573926469681e+00 -2.497551968013064005e+00
-3.170805675424528403e+00 -3.180126762871089419e+00 -3.176476789802719747e+00
-3.397888728971130590e+00 -3.397656519286757160e+00 -3.396369288175825840e+00
-3.140131082573842214e+00 -3.141768747800695039e+00 -3.142936578613903631e+00
-2.412980158334245395e+00 -2.407940981555643845e+00 -2.397910888499530380e+00
-9.197784700527482649e-01 -9.219921271875461954e-01 -9.217560968622522388e-01
-6.679624351663189519e-02 -6.915082029613549286e-02 -6.471052331591845008e-02
-3.012908438625333529e-02 0.000000000000000000e+00 0.000000000000000000e+00
-2.537636911627180400e-02 -2.925582467244975532e-02 -2.748469923563488099e-02
-3.101091926098633114e-02 -2.728645967048354964e-02 0.000000000000000000e+00
-5.000000000000000104e-03 0.000000000000000000e+00 -2.607702453179999019e-02
0.000000000000000000e+00 0.000000000000000000e+00 0.000000000000000000e+00
0.000000000000000000e+00 0.000000000000000000e+00 0.000000000000000000e+00
-5.553442594645600916e-02 -2.789816375421759476e-02 0.000000000000000000e+00
-2.915152325837335259e-02 -3.246632083113049766e-02 0.000000000000000000e+00
-2.980791521501143307e-02 -3.145188288893378120e-02 -3.033786668622097046e-02
-3.231460258944518493e-02 -6.602648717351009347e-03 -3.043718753228575810e-02
-3.152081030926522781e-02 -3.152957738435031854e-02 -5.575180741537784368e-02
-2.975937872198751097e-02 -3.144285713272154670e-02 -3.247275498327445442e-02
-1.006678711278895244e-02 -2.807449883276914859e-02 -3.173441807616249333e-02
-5.617257097934891252e-01 -5.495226838061366692e-01 -5.515958525998467810e-01
-1.988920467260001379e+00 -1.984703502399598474e+00 -1.984657583767175160e+00
-2.336067014825237820e+00 -2.331034752241985863e+00 -2.349648256193090479e+00
-2.021296756834205510e+00 -2.022693563382595983e+00 -2.021371613235122933e+00
-9.954247468196433246e-01 -9.902109759165865777e-01 -9.881938533217582421e-01
-2.727602817716383021e-01 -2.740934708549545573e-01 -2.690297414898790151e-01
0.000000000000000000e+00 0.000000000000000000e+00 -5.571051513781193759e-02
-3.038347724721505300e-02 -2.811692748027765781e-02 0.000000000000000000e+00
-4.752272044014984459e-02 -2.697806445157679631e-02 -3.116716332856524913e-02
-3.044183343306857900e-02 0.000000000000000000e+00 -5.369595367396093333e-02
-2.924578643864078620e-02 -5.905444368111834735e-02 -3.151119645636305672e-02
0.000000000000000000e+00 0.000000000000000000e+00 0.000000000000000000e+00
0.000000000000000000e+00 0.000000000000000000e+00 0.000000000000000000e+00
-2.678440406979928912e-02 -3.122641017456775914e-02 0.000000000000000000e+00
-2.792658267290429666e-02 0.000000000000000000e+00 -2.751379919640133120e-02
0.000000000000000000e+00 0.000000000000000000e+00 0.000000000000000000e+00
-3.171491958727509775e-02 0.000000000000000000e+00 0.000000000000000000e+00
-4.989644206635918122e-02 -3.104004982849354125e-02 0.000000000000000000e+00
0.000000000000000000e+00 0.000000000000000000e+00 0.000000000000000000e+00
-2.866752033388688878e-02 -6.004267950705342860e-02 -2.985626240845647497e-02
-3.118781780810803844e-02 0.000000000000000000e+00 0.000000000000000000e+00
-2.738827024865946869e-01 -2.639022289581753333e-01 -2.662805424910942298e-01
-1.042774187894439875e+00 -1.042607994756638901e+00 -1.046633640541347221e+00
-6.778850430303320351e-01 -6.733827148919468986e-01 -6.749668806352259187e-01
-3.704038075524188622e-01 -3.668066384821688231e-01 -3.662710288712799356e-01
-7.893759662253430065e-02 -9.493173859589359997e-02 -7.407155035543501465e-02
-3.155851446076687883e-02 0.000000000000000000e+00 -3.147920892110452062e-02
0.000000000000000000e+00 0.000000000000000000e+00 -1.373621941926465341e-02
-5.931032760652253655e-02 0.000000000000000000e+00 0.000000000000000000e+00
-5.818641381285027947e-02 -5.869537865070992289e-02 -3.140105269058219434e-02
-2.104643567885221972e-02 -5.064137020031631020e-02 -4.926757534672050742e-02
0.000000000000000000e+00 0.000000000000000000e+00 0.000000000000000000e+00
0.000000000000000000e+00 0.000000000000000000e+00 0.000000000000000000e+00
0.000000000000000000e+00 0.000000000000000000e+00 0.000000000000000000e+00
0.000000000000000000e+00 0.000000000000000000e+00 -2.874536955823780646e-02
-2.847389694707981936e-02 -3.147056702147960766e-02 -3.134270365735786212e-02
-2.774823778044578637e-02 0.000000000000000000e+00 0.000000000000000000e+00
-2.752367953743600076e-02 -3.016684596089840020e-02 0.000000000000000000e+00
-2.352426616961897018e-02 -3.140155685122630880e-02 0.000000000000000000e+00
-3.140552820205567280e-02 0.000000000000000000e+00 0.000000000000000000e+00
-2.878853034343187289e-02 -2.365387758164469098e-02 0.000000000000000000e+00
0.000000000000000000e+00 -2.169048674683507483e-02 0.000000000000000000e+00
-3.138184746511376438e-02 -3.151637336207784024e-02 -1.865724243349184408e-02
-2.876612687988345032e-02 -3.026430372798885951e-02 -2.873680261147229867e-02
-3.123406700171198896e-02 -6.027276334819091363e-02 -3.145532802679966433e-02
-3.226976418125244300e-02 0.000000000000000000e+00 -3.071232945972493175e-02
-3.167442878642036386e-02 0.000000000000000000e+00 0.000000000000000000e+00
-3.061710979617306150e-02 0.000000000000000000e+00 -3.028826460807806237e-02
0.000000000000000000e+00 0.000000000000000000e+00 0.000000000000000000e+00
-2.357594014385640951e-02 -3.031618795105466002e-02 -3.173528376535127149e-02
-3.148861324977936249e-02 0.000000000000000000e+00 0.000000000000000000e+00
0.000000000000000000e+00 0.000000000000000000e+00 0.000000000000000000e+00
0.000000000000000000e+00 0.000000000000000000e+00 0.000000000000000000e+00
0.000000000000000000e+00 0.000000000000000000e+00 0.000000000000000000e+00
0.000000000000000000e+00 0.000000000000000000e+00 0.000000000000000000e+00
0.000000000000000000e+00 0.000000000000000000e+00 0.000000000000000000e+00
0.000000000000000000e+00 0.000000000000000000e+00 0.000000000000000000e+00
0.000000000000000000e+00 0.000000000000000000e+00 0.000000000000000000e+00
0.000000000000000000e+00 0.000000000000000000e+00 0.000000000000000000e+00
0.000000000000000000e+00 0.000000000000000000e+00 0.000000000000000000e+00
0.000000000000000000e+00 0.000000000000000000e+00 0.000000000000000000e+00
0.000000000000000000e+00 0.000000000000000000e+00 0.000000000000000000e+00
0.000000000000000000e+00 0.000000000000000000e+00 0.000000000000000000e+00
0.000000000000000000e+00 0.000000000000000000e+00 0.000000000000000000e+00
0.000000000000000000e+00 0.000000000000000000e+00 0.000000000000000000e+00
0.000000000000000000e+00 0.000000000000000000e+00 0.000000000000000000e+00
0.000000000000000000e+00 0.000000000000000000e+00 0.000000000000000000e+00
0.000000000000000000e+00 0.000000000000000000e+00 0.000000000000000000e+00
0.000000000000000000e+00 0.000000000000000000e+00 0.000000000000000000e+00
0.000000000000000000e+00 0.000000000000000000e+00 0.000000000000000000e+00
0.000000000000000000e+00 0.000000000000000000e+00 0.000000000000000000e+00
0.000000000000000000e+00 0.000000000000000000e+00 0.000000000000000000e+00
