0.000000000000000000e+00 0.000000000000000000e+00 0.000000000000000000e+00
-1.017811959076179384e+01 0.000000000000000000e+00 0.000000000000000000e+00
0.000000000000000000e+00 0.000000000000000000e+00 0.000000000000000000e+00
-2.372249472747604671e+01 -8.437061220933115280e+00 -5.513793253420018026e+00
-4.561935353661093018e+01 -4.554325525547028519e+01 -4.864408170225375727e+01
-4.637673744127855002e+01 -4.672862580720320125e+01 -4.737918819767712364e+01
-4.638561783675955752e+01 -4.745515368225527197e+01 -4.740586262081900060e+01
-4.671509726407874297e+01 -4.767585728008852186e+01 -4.783293284350966701e+01
-4.736300012986708907e+01 -4.709268363367768728e+01 -4.787800535142105218e+01
-4.676285879175761551e+01 -4.660940252433571374e+01 -4.713151094006699537e+01
-4.626430851353848084e+01 -4.627718675390402581e+01 -4.621664272781351457e+01
-4.587588548440653113e+01 -4.592732712194759870e+01 -4.591421192660064321e+01
-4.286179107087409079e+01 -4.346052602379958074e+01 -4.488232688017618699e+01
-1.273462779010447221e+01 -1.396553207095518623e+01 0.000000000000000000e+00
0.000000000000000000e+00 0.000000000000000000e+00 0.000000000000000000e+00
-7.385874015989809749e+00 -1.341473130549454496e+01 0.000000000000000000e+00
-1.901214519654716639e+01 -1.298368729734324667e+01 -1.441002132483363951e+01
0.000000000000000000e+00 0.000000000000000000e+00 0.000000000000000000e+00
-2.502347684693418728e+01 0.000000000000000000e+00 0.000000000000000000e+00
0.000000000000000000e+00 0.000000000000000000e+00 0.000000000000000000e+00
0.000000000000000000e+00 0.000000000000000000e+00 0.000000000000000000e+00
-1.041913642656118810e+01 -7.567418081539859287e+00 -1.373523926181048083e+01
-8.769413186745794064e+00 -1.444839466520440396e+01 -1.138853731654586099e+01
-4.603718165924377814e+01 -4.621741008006479490e+01 -4.619238338798687238e+01
-4.752704765047660374e+01 -4.739657013361898663e+01 -4.796862013317517892e+01
-5.270948967515397499e+01 -4.810737470616188460e+01 -4.878525254065778682e+01
-4.854055849022493874e+01 -5.195400120479797579e+01 -4.903344254265820723e+01
-5.376975231569547731e+01 -4.976153945998866135e+01 -4.999765550737435404e+01
-5.138618580503808175e+01 -4.958711276914879562e+01 -4.884447333724942553e+01
-4.892290336551539554e+01 -4.850614609576805236e+01 -5.066123836487769694e+01
-4.744003729020410276e+01 -4.769064534676044786e+01 -4.733852546869957933e+01
-4.679967890405583120e+01 -4.700049270637578047e+01 -4.706858428524547122e+01
-4.587678392505346636e+01 -4.594061103728215301e+01 -4.558951325402669141e+01
-4.472515731235149872e+01 -4.457703889508567840e+01 -4.462662140585887016e+01
-8.623677794710863154e+00 -7.579660773633593251e+00 0.000000000000000000e+00
-1.250622956414031961e+01 -1.286770354478621314e+01 0.000000000000000000e+00
-3.018073948989175648e+01 -2.378288238675956379e+01 -2.214367478469830530e+01
-1.942478460757852332e+01 -2.122436646739936350e+01 -2.253508355390930262e+01
-1.077671464006766477e+01 -1.142416953189620976e+01 -1.249834624011759843e+01
0.000000000000000000e+00 0.000000000000000000e+00 0.000000000000000000e+00
0.000000000000000000e+00 0.000000000000000000e+00 0.000000000000000000e+00
0.000000000000000000e+00 0.000000000000000000e+00 0.000000000000000000e+00
-1.838078543199772241e+01 -1.195965752704716145e+01 -2.548034671673826068e+01
-4.698988159068766635e+01 -4.828289505548559646e+01 -4.887835224251757182e+01
-4.955657300942552723e+01 -4.853160464720915002e+01 -4.951579358495190064e+01
-4.980167125754974933e+01 -5.032765671460347079e+01 -4.939989753426182517e+01
-5.140886244562620533e+01 -5.105760928900808437e+01 -5.148296146435976794e+01
-5.104738529961233695e+01 -5.062450980758155339e+01 -5.115714069273359854e+01
-5.062292574362039232e+01 -5.283356532069750244e+01 -5.156195435825389950e+01
-5.141459477914164466e+01 -5.143056016103160744e+01 -5.117235271188749124e+01
-5.176527234397055111e+01 -5.109860874102052719e+01 -5.196579793953144843e+01
-4.944677177968941351e+01 -4.875084262762370457e+01 -5.037614973145025488e+01
-4.806923509629800861e+01 -5.116596154804165053e+01 -4.830909957915903874e+01
-4.523423554854539930e+01 -4.486456980754820023e+01 -4.514748489424626143e+01
-4.396499345130394687e+01 -4.393008685577481032e+01 -4.390560129238740217e+01
-1.428575589132548629e+01 -1.414638421823021730e+01 -1.337049814875132014e+01
-1.577552430508320036e+01 -8.750042581050747614e+00 -2.309092236097572481e+01
-1.528587301098169071e+01 -1.286360924419854612e+01 0.000000000000000000e+00
0.000000000000000000e+00 -4.831254802783742086e+00 -2.271609695128466200e+01
0.000000000000000000e+00 0.000000000000000000e+00 0.000000000000000000e+00
0.000000000000000000e+00 0.000000000000000000e+00 0.000000000000000000e+00
-1.336032671961272200e+01 0.000000000000000000e+00 0.000000000000000000e+00
-4.305292666327491702e+01 -4.037179885734337859e+01 -3.994776958343712181e+01
-4.875066302148905351e+01 -4.991077366699422413e+01 -4.964083808648250340e+01
-5.065966681379246239e+01 -5.012732397180119648e+01 -5.038902407050926513e+01
-5.210664907784714472e+01 -5.208059538759736995e+01 -5.203254568689153103e+01
-5.293852902968750129e+01 -5.260744488206681524e+01 -5.278891683397192480e+01
-5.581119872042498287e+01 -5.593757466977577053e+01 -5.478794283947834032e+01
-5.762072706438049607e+01 -5.733818997618684676e+01 -5.642468280730636110e+01
-5.683382594480521277e+01 -5.683553783480378030e+01 -5.682926114462292588e+01
-5.666388440674975868e+01 -5.699334179424245406e+01 -5.652707298903249011e+01
-5.664842007331061069e+01 -5.648386642907476585e+01 -5.616631469395606757e+01
-5.402645338052020207e+01 -5.245955879675477718e+01 -5.397834352322090012e+01
-4.891466116020472299e+01 -4.618481961914520895e+01 -4.687787058801822582e+01
-4.412028387069329938e+01 -4.349827429115405408e+01 -4.381585941460390643e+01
-4.252609384672832959e+01 -4.257441435909426275e+01 -4.257371579851311338e+01
-1.205855004653643903e+01 -1.819389906830103243e+01 -2.170243523015379594e+01
0.000000000000000000e+00 -2.221796915570709885e+01 -1.284482371034232528e+01
-6.455984760266851197e+00 0.000000000000000000e+00 0.000000000000000000e+00
0.000000000000000000e+00 0.000000000000000000e+00 0.000000000000000000e+00
0.000000000000000000e+00 0.000000000000000000e+00 0.000000000000000000e+00
-1.129412705610002376e+01 -4.636342708335575047e+00 0.000000000000000000e+00
-4.988455728732476047e+01 -4.985464526440173216e+01 -4.980207986776068196e+01
-4.993721137431938928e+01 -5.065443863873640851e+01 -5.120689135814915716e+01
-5.155045060918045863e+01 -5.173168040881436980e+01 -5.157343297866347598e+01
-5.326843727248618166e+01 -5.351174443181604090e+01 -5.339147037242413063e+01
-5.506573207458456665e+01 -5.452424616033037807e+01 -5.511848709655536993e+01
-5.839819402364047818e+01 -5.819646412445373329e+01 -5.827673743875466528e+01
-5.940806075189698277e+01 -5.939719365215007230e+01 -5.945398874602577877e+01
-5.993974035338720796e+01 -5.998887226372843173e+01 -5.972746210492647378e+01
-5.974075276756008179e+01 -5.974566032965395834e+01 -5.955172308911480883e+01
-5.941531123072883958e+01 -5.937471297013664184e+01 -5.955708432891207593e+01
-5.763719717228771344e+01 -5.732592097018896027e+01 -5.775781378671448607e+01
-5.474060573001996488e+01 -5.491998654712772776e+01 -5.377942883349258096e+01
-4.854114718201815037e+01 -4.758819767778325627e+01 -4.671560990361503229e+01
-4.272604987914090202e+01 -4.271623538407780529e+01 -4.254763398304049105e+01
-4.107486769987780661e+01 -4.498632483523449110e+01 -4.108794583398935174e+01
-7.648175949282656205e+00 -1.613580950063887443e+01 -1.734979276607919019e+01
-1.137920528940447262e+01 -1.321353191717249764e+01 -1.299339674294861879e+01
0.000000000000000000e+00 0.000000000000000000e+00 0.000000000000000000e+00
0.000000000000000000e+00 0.000000000000000000e+00 0.000000000000000000e+00
-1.158015781536858668e+01 -1.378897511211070537e+01 0.000000000000000000e+00
-5.035056005993550343e+01 -5.269118739922223682e+01 -5.460908140839750047e+01
-5.245470595715578099e+01 -5.182843168412588142e+01 -5.142092499037794795e+01
-5.306110503303608539e+01 -5.297904112143056921e+01 -5.336207520746259547e+01
-5.385976773231058701e+01 -5.435679185679778413e+01 -5.475822862601805951e+01
-5.722239260632108682e+01 -5.787315595089913245e+01 -5.808078866217419289e+01
-5.904445362837119404e+01 -5.914069403774942657e+01 -5.963976948335420758e+01
-6.216553569827882342e+01 -6.275796433077351821e+01 -6.301915518265601435e+01
-6.609800607710374720e+01 -6.614456895660694613e+01 -6.501276802866543392e+01
-6.530616435638594908e+01 -6.599819682467847315e+01 -6.278988358249438306e+01
-6.484137803176948012e+01 -6.213045445829491342e+01 -6.296514024541642129e+01
-6.018433896180905407e+01 -6.035087684117632278e+01 -6.031897817694274266e+01
-5.727332226881230071e+01 -5.772329650025412207e+01 -5.728031013217835721e+01
-5.409516967579138225e+01 -5.349433389104887482e+01 -5.067892552279415241e+01
-4.337366627876178171e+01 -4.398255398515745185e+01 -4.241816024498135818e+01
-4.139063979561672824e+01 -4.160657611038572412e+01 -4.139487063839144554e+01
-3.097903605402167670e+01 -2.888232797638584515e+01 -2.704640321732390262e+01
-9.405795544140650222e+00 -9.863709410480485218e+00 0.000000000000000000e+00
-1.286074671004963221e+01 0.000000000000000000e+00 0.000000000000000000e+00
0.000000000000000000e+00 0.000000000000000000e+00 0.000000000000000000e+00
-9.016351408480963059e+00 -1.036577082996368659e+01 -1.284324169517538650e+01
-5.114238996634950496e+01 -5.138917386943922594e+01 -5.152412097394096691e+01
-5.225341312725227283e+01 -5.244027124748982516e+01 -5.252949117129561785e+01
-5.498285550037086011e+01 -5.418910346667468048e+01 -5.454868648472064052e+01
-5.475577268381949381e+01 -5.497407266032966788e+01 -5.554760189205621401e+01
-6.044750717109389626e+01 -5.937851987318585856e+01 -5.948047711098939772e+01
-5.979870842891264715e+01 -6.012240607303336759e+01 -6.061392089665905303e+01
-6.318946915735113379e+01 -6.451805175151302763e+01 -6.365241828269281399e+01
-7.350898654193741777e+01 -7.313625301739880058e+01 -7.349488224368398903e+01
-7.334304469731655729e+01 -7.211333622261200560e+01 -7.098089761468753522e+01
-6.875389683096199178e+01 -6.830193398485126011e+01 -6.640398167353887970e+01
-6.379769872882299353e+01 -6.447017737387770353e+01 -6.434605212077315173e+01
-6.196884424141229886e+01 -6.214060882873589264e+01 -6.196394720646714660e+01
-5.637008191857105288e+01 -5.668816651024145159e+01 -5.340687627476743415e+01
-4.641133256666717699e+01 -4.570863619544960699e+01 -4.308959628292743815e+01
-4.125261836029433482e+01 -4.106771407081032521e+01 -4.102290775719029625e+01
-3.770193587669980673e+01 -3.777430360864931203e+01 -3.751724232852827612e+01
-7.030658551985226268e+00 -1.201056959326659523e+01 -1.955812793719167786e+01
0.000000000000000000e+00 0.000000000000000000e+00 0.000000000000000000e+00
0.000000000000000000e+00 0.000000000000000000e+00 0.000000000000000000e+00
-1.421611345691409056e+01 0.000000000000000000e+00 -7.594239066654930426e+00
-5.127786662318636246e+01 -5.120826325669253976e+01 -5.123398956241788227e+01
-5.257219035553540465e+01 -5.301081787252767441e+01 -5.467716164931532319e+01
-5.479350264189389463e+01 -5.479842567736094594e+01 -5.468327686428107626e+01
-5.537946687985021299e+01 -5.569132142733056412e+01 -5.589514400972901598e+01
-5.805511702333691915e+01 -5.924279722377197999e+01 -5.927254586852163953e+01
-6.095882845455532362e+01 -6.076533116337309082e+01 -6.097229080050117744e+01
-6.367766350770797601e+01 -6.382795333476826727e+01 -6.460703282302134198e+01
-6.398229665196738125e+01 -7.078640668696513671e+01 -6.927195417107657249e+01
-7.006592558185823805e+01 -7.046418047606547930e+01 -6.919803349703488493e+01
-6.914701180681088033e+01 -6.915170136509956933e+01 -6.814384377580068985e+01
-6.646891011230074753e+01 -6.647499628531103610e+01 -6.579915758351360466e+01
-6.358199915809852598e+01 -6.302624283937411320e+01 -6.308460421439200871e+01
-5.839664757503582138e+01 -5.802657681369290543e+01 -5.362692825047239609e+01
-4.881209700146753505e+01 -4.732490033282807929e+01 -4.352710533836761186e+01
-4.106620295685583955e+01 -4.086990076844627851e+01 -4.007592165497080572e+01
-3.914760162558793155e+01 -3.873127305055976421e+01 -3.874933697843351865e+01
-1.074532925849550935e+01 -2.741328782919102736e+01 -1.320243403968120077e+01
0.000000000000000000e+00 0.000000000000000000e+00 0.000000000000000000e+00
0.000000000000000000e+00 0.000000000000000000e+00 0.000000000000000000e+00
-1.383666633146808067e+01 -1.269187307908664231e+01 0.000000000000000000e+00
-4.907053855616683791e+01 -4.891697159784530413e+01 -4.848431871691306583e+01
-5.494758354636350361e+01 -5.367923979146853242e+01 -5.332238978645751359e+01
-5.471583246022051839e+01 -5.472897997888791366e+01 -5.463634231596929425e+01
-5.573882862196891352e+01 -5.606100744486968068e+01 -5.599249536578152231e+01
-5.873076068124557025e+01 -5.914639718178556649e+01 -5.915837534222636407e+01
-5.998494508948945736e+01 -5.979931660723462272e+01 -5.971953991891320612e+01
-6.153793151319146659e+01 -6.257233122645153145e+01 -6.266084908185878533e+01
-6.410470614056646355e+01 -6.590119206321585921e+01 -6.619699181836182333e+01
-6.621094248995680687e+01 -6.724595467992941167e+01 -6.727917388496491924e+01
-6.641068859319351247e+01 -6.711079570035799691e+01 -6.715623357737605659e+01
-6.645249529074440886e+01 -6.640757974373913441e+01 -6.644378830848266659e+01
-6.441544910222197018e+01 -6.370387316226454999e+01 -6.331924110779582549e+01
-5.940575767709819388e+01 -5.910706897068993015e+01 -5.265246959104131008e+01
-4.867236939897903625e+01 -4.830669700670517130e+01 -4.415850848981872900e+01
-4.039353360113456404e+01 -3.963682972104022895e+01 -4.021965551567389241e+01
-3.892559835773927546e+01 -3.899482331778349220e+01 -3.898123928709642882e+01
-1.245041061866797349e+01 -2.040660883582282992e+01 -1.362848787238868375e+01
0.000000000000000000e+00 0.000000000000000000e+00 0.000000000000000000e+00
0.000000000000000000e+00 0.000000000000000000e+00 0.000000000000000000e+00
-1.330528119157945177e+01 0.000000000000000000e+00 -1.285170741961526986e+01
-2.782101676586646022e+01 -2.228165894162472682e+01 -3.086601029440497257e+01
-5.306968681801696874e+01 -5.365252692274835056e+01 -5.348831935172707119e+01
-5.795042235276485343e+01 -5.419965359729654608e+01 -5.437420597223570695e+01
-5.582969815160293336e+01 -5.618958825233842447e+01 -5.610353805775245206e+01
-5.776209542186180812e+01 -5.790205626023585239e+01 -5.848362111724382828e+01
-5.922919133870819763e+01 -5.985069968641033000e+01 -5.996395894992445363e+01
-6.030972698388913500e+01 -6.090930037293173172e+01 -6.070328307003259027e+01
-6.305668170186156374e+01 -6.307786280749264307e+01 -6.349290151827640472e+01
-6.350189995644588237e+01 -6.366768432874413719e+01 -6.369365434477632704e+01
-6.391710728726161506e+01 -6.386350098132351860e+01 -6.398613681086030880e+01
-6.399856986215174715e+01 -6.350669586892925622e+01 -6.407188391116928017e+01
-6.344525996341027962e+01 -6.295076405460153524e+01 -6.330663571900198150e+01
-5.646270208248432709e+01 -5.746784272048708431e+01 -5.779617017728754291e+01
-4.600675143981523973e+01 -4.559402012545657357e+01 -4.505344876490422479e+01
-3.905925080067363098e+01 -3.939629121941841561e+01 -3.966523990716155623e+01
-4.242315288127795014e+01 -3.891085406870227814e+01 -4.210873808727230738e+01
-8.733478079672861938e+00 -1.131642778629027823e+01 0.000000000000000000e+00
-1.402830465110715608e+01 0.000000000000000000e+00 0.000000000000000000e+00
0.000000000000000000e+00 0.000000000000000000e+00 0.000000000000000000e+00
-8.883545026105519327e+00 -1.865354635793571347e+01 -1.274497036131612049e+01
-1.280978729563018703e+01 -1.832027942820087318e+01 -1.327707492910567666e+01
-5.308793424568810337e+01 -5.290097092519653899e+01 -5.314538181150044949e+01
-5.397097973413394101e+01 -5.435142472587986617e+01 -5.472539575339557416e+01
-5.550698276287184996e+01 -5.560352281749845815e+01 -5.553578170508109224e+01
-5.715020932964362999e+01 -5.777205557454462337e+01 -5.756793293343064022e+01
-6.050939051739556618e+01 -5.923062161057250563e+01 -5.928644683258533377e+01
-6.018636627068750045e+01 -6.038707268301791942e+01 -6.045317961587192457e+01
-6.100031699963744813e+01 -6.117309785062292349e+01 -6.115728661203481664e+01
-6.177530199001910205e+01 -6.177510844511603949e+01 -6.165596059525761774e+01
-6.255223285864133942e+01 -6.245165194622649096e+01 -6.252433093580399515e+01
-6.364991014688062165e+01 -6.299145330620559946e+01 -6.299743250444341669e+01
-6.131348277640626065e+01 -6.148600314956927093e+01 -6.118975848861683176e+01
-5.489055392278774548e+01 -5.582241824972639677e+01 -4.902638667790321847e+01
-4.425315086045254276e+01 -4.432481618187637906e+01 -4.363467630414328369e+01
-3.826912392645169092e+01 -3.810976720371710513e+01 -3.756588861181500505e+01
-4.036262374396203256e+01 -3.382728867976505427e+01 -3.215284898935050251e+01
-1.361940068587443697e+01 0.000000000000000000e+00 -1.437683475106687503e+01
0.000000000000000000e+00 0.000000000000000000e+00 0.000000000000000000e+00
0.000000000000000000e+00 0.000000000000000000e+00 0.000000000000000000e+00
-1.604094072231018231e+01 -1.241256044104617473e+01 -1.932757633441969602e+01
-7.641956096460676306e+00 -2.046123491204762956e+01 -4.877035215420205461e+00
-2.668392803787856593e+01 -2.887397346133930753e+01 -3.316668455329107701e+01
-5.406086056720457123e+01 -5.420514623674431931e+01 -5.423694952193370966e+01
-5.481596707371810595e+01 -5.539400978985253232e+01 -5.522370485727462608e+01
-5.670757960972487410e+01 -5.688231633574774548e+01 -5.692189038626653996e+01
-5.797912877908659368e+01 -5.815075151735155856e+01 -5.799120205377904824e+01
-5.946986369890750979e+01 -5.912903851367043728e+01 -5.948164564584499914e+01
-5.984580057817530729e+01 -6.001869707965205691e+01 -6.019277747327223693e+01
-6.081548868899301397e+01 -6.077050374118493181e+01 -6.067890761794094345e+01
-6.207678765556531886e+01 -6.151184254077098501e+01 -6.166100165476201056e+01
-6.120629093548210875e+01 -6.052403408419679209e+01 -6.056770392893874089e+01
-5.991261959239390933e+01 -6.044403959988056840e+01 -5.993094398608135265e+01
-5.334228336295421968e+01 -4.716973257943941888e+01 -4.490074588330899275e+01
-4.019184811846678684e+01 -3.789593933504335155e+01 -3.566606790163790208e+01
-3.765195064103041034e+01 -3.631715597794496375e+01 -3.698388630297461077e+01
-1.908294989743753689e+01 -1.140403402100688979e+01 -1.516776853905757605e+01
-2.069112644266335366e+01 -1.867151618687021042e+01 -2.018507612288168929e+01
0.000000000000000000e+00 0.000000000000000000e+00 0.000000000000000000e+00
0.000000000000000000e+00 0.000000000000000000e+00 0.000000000000000000e+00
-9.197711423421598198e+00 0.000000000000000000e+00 0.000000000000000000e+00
-8.190700935321372000e+00 -8.191304972002972917e+00 0.000000000000000000e+00
-2.334302937815731838e+01 -2.714685082158781526e+01 -1.314802121524765610e+01
-5.477504112596086827e+01 -5.048615403370424559e+01 -5.105647605088448415e+01
-5.449754561271551268e+01 -5.449587854202706438e+01 -5.449919517859319740e+01
-5.500167824215827039e+01 -5.565256360818486314e+01 -5.554002247801527403e+01
-5.673037640195627773e+01 -5.676884922149430679e+01 -5.693523628329028696e+01
-5.812025848753626178e+01 -5.847146550109860641e+01 -5.846512312877271000e+01
-6.001932815841189495e+01 -5.948540741958552047e+01 -5.994944436484949080e+01
-6.017027829036214115e+01 -6.038733222432959025e+01 -6.046651734764557773e+01
-6.089087602238330277e+01 -6.081426039259808647e+01 -6.093334367505288185e+01
-5.956252431166202399e+01 -5.967960056481012288e+01 -5.988921603749767542e+01
-5.101245288261607413e+01 -5.433078732754236739e+01 -4.756878093634496452e+01
-4.257962940942741881e+01 -4.179950112701409637e+01 -4.201093423273638194e+01
-3.711943250479721712e+01 -3.559997583131973897e+01 -3.619994234454763671e+01
-3.421062541035780669e+01 -3.408411674180248241e+01 -3.398976362715703203e+01
-2.235423130263728098e+01 -1.191802194201036436e+01 -1.600480398613901656e+01
-5.531517803398946498e+00 0.000000000000000000e+00 0.000000000000000000e+00
0.000000000000000000e+00 0.000000000000000000e+00 0.000000000000000000e+00
0.000000000000000000e+00 0.000000000000000000e+00 0.000000000000000000e+00
-1.289248080897532134e+01 0.000000000000000000e+00 0.000000000000000000e+00
-6.145829764763356629e+00 0.000000000000000000e+00 0.000000000000000000e+00
-5.878023721711502780e+00 -1.286203585903395563e+01 -1.396205260214153476e+01
-2.111812354245381584e+01 -1.332301353526692367e+01 -8.867856299959752775e+00
-5.202867376816743672e+01 -5.183161820504659545e+01 -5.155300969147504730e+01
-5.517773605880768173e+01 -5.446589890445036986e+01 -5.460496038156598075e+01
-5.554171055855628225e+01 -5.561069331819602013e+01 -5.559638641257334513e+01
-5.806667163937515852e+01 -5.956470970153306155e+01 -5.709457002380986523e+01
-5.816386709469225025e+01 -5.811275782439020077e+01 -5.845154855088679824e+01
-5.871658139771471241e+01 -5.984925097792186932e+01 -5.875831386850076399e+01
-5.850070847290407983e+01 -5.819690510781828152e+01 -5.843307489976951530e+01
-5.303257583248269924e+01 -5.383708108854180097e+01 -5.147093187343647713e+01
-4.540479636127354723e+01 -4.599668649611669480e+01 -4.423947108147498142e+01
-3.544406910354053508e+01 -3.416059733154693134e+01 -3.136542828292306950e+01
-3.391585934522430534e+01 -3.301811032423482573e+01 -3.379616137037097445e+01
-2.658375970412578582e+01 -1.969070693544482964e+01 -2.623185414634482981e+01
-1.396041361640084588e+01 -1.067312001894421059e+01 0.000000000000000000e+00
-9.398934814102014812e+00 -1.248335242856807525e+01 -1.336535275164331793e+01
0.000000000000000000e+00 0.000000000000000000e+00 0.000000000000000000e+00
0.000000000000000000e+00 0.000000000000000000e+00 0.000000000000000000e+00
-1.185232894647075774e+01 -1.441738056196682649e+01 0.000000000000000000e+00
-1.937514144077191247e+01 -1.150376489453191198e+01 -2.193989519501338492e+01
-2.189598352827400873e+01 -1.353508509806519911e+01 -8.401460350393628929e+00
0.000000000000000000e+00 0.000000000000000000e+00 0.000000000000000000e+00
-5.024824361470662915e+00 0.000000000000000000e+00 -1.225996903255251347e+01
-5.344074877096587528e+01 -5.417103169243445393e+01 -5.351695267466192263e+01
-5.492219287527309035e+01 -5.528542554622068650e+01 -5.541575585327819198e+01
-5.621712349632421279e+01 -5.624461565673551888e+01 -5.592318352786320901e+01
-5.668074464575450833e+01 -5.865006285260337648e+01 -5.727040106137524589e+01
-5.757959265827328466e+01 -5.804354399218203042e+01 -5.769629002545705276e+01
-5.610321961467717955e+01 -5.471790253175091578e+01 -5.535082651262794684e+01
-4.856890986358477846e+01 -4.539553869260907959e+01 -4.601651184722885546e+01
-3.750850691659147174e+01 -3.715484645185031809e+01 -2.888037075102527851e+01
-3.338037902474008689e+01 -3.173935022986528764e+01 -2.998258381431836384e+01
-2.548925488866755273e+01 -2.696687355572554878e+01 -2.941903868360635954e+01
0.000000000000000000e+00 0.000000000000000000e+00 -6.125379564672115862e+00
-1.295557696860177543e+01 -7.341412768417533208e+00 -1.395627251254420997e+01
0.000000000000000000e+00 0.000000000000000000e+00 -1.404298271251913377e+01
0.000000000000000000e+00 -3.943961894142315572e+00 0.000000000000000000e+00
0.000000000000000000e+00 0.000000000000000000e+00 0.000000000000000000e+00
-9.506238177051596239e+00 0.000000000000000000e+00 0.000000000000000000e+00
-1.250287189851622571e+01 -1.333880980008317252e+01 0.000000000000000000e+00
-1.333275828106449801e+01 0.000000000000000000e+00 0.000000000000000000e+00
-1.190744693577474145e+01 -1.273522808174249654e+01 0.000000000000000000e+00
-2.429832523009480383e+01 -2.359483491696185098e+01 -1.400048610000181704e+01
-1.245277361514936310e+01 -1.454734231158800384e+01 0.000000000000000000e+00
-5.352093550381152909e+01 -5.359814177855984241e+01 -5.347734945741684243e+01
-5.478970778731750357e+01 -5.471131650747848596e+01 -5.481973569622157783e+01
-5.549917502522443158e+01 -5.556363934154506978e+01 -5.618709002628750682e+01
-5.634126831920379885e+01 -5.656277492843890542e+01 -5.659897876305292641e+01
-4.864326454663606114e+01 -4.735762010385226262e+01 -4.557205399063631290e+01
-3.907834854468377017e+01 -4.040434941242644129e+01 -4.037856439577913648e+01
-3.237305532262991647e+01 -3.349070396394186133e+01 -2.562346340186508797e+01
-2.626037018892095887e+01 -2.816138841972646034e+01 -3.008790133265600275e+01
-1.762530901832258934e+01 -2.172621064996167473e+00 -3.959459556907712230e+00
-1.413753071854033294e+01 -1.323570220684766063e+01 0.000000000000000000e+00
-1.064652118710090178e+01 -1.206164959951187043e+01 -2.059318818487365377e+01
-2.367288134064269656e+01 -1.280328943862991231e+01 -2.082322113363529326e+01
0.000000000000000000e+00 0.000000000000000000e+00 0.000000000000000000e+00
0.000000000000000000e+00 0.000000000000000000e+00 0.000000000000000000e+00
0.000000000000000000e+00 -7.804363751810988958e+00 0.000000000000000000e+00
-1.206150765516146706e+01 -9.329790324056190798e+00 0.000000000000000000e+00
-3.994842379754484973e+00 -6.514458356459684296e+00 -8.664343893075754366e+00
-2.201417458355629009e+01 -1.249346509454905885e+01 -1.287519555262344539e+01
-2.393435011317676242e+01 -1.761886862005474086e+01 -2.260313473597999945e+01
-9.402156269494446050e+00 -7.045108810645212216e+00 -1.696683707999230251e+01
-1.117180618132520920e+01 -2.292181249474066362e+01 0.000000000000000000e+00
-4.942234815325658559e+01 -4.827717094310519741e+01 -4.846307064152737354e+01
-5.333995871846855152e+01 -5.233857129378882433e+01 -5.356908436146252939e+01
-5.209480703963544101e+01 -5.165282063290813852e+01 -5.172751380147425238e+01
-3.929442348771167559e+01 -3.991712684019402957e+01 -3.733004854017794827e+01
-3.577104544805619213e+01 -3.174705554319226053e+01 -3.616051921342856446e+01
-2.741875794567870628e+01 -2.238819686396123387e+01 -2.191257823429599227e+01
-1.617956601429181163e+01 -2.115169899651208851e+01 -1.739768885532317455e+01
-2.399560247088768961e+01 -1.325726537436814390e+01 -1.411110371742342906e+01
-2.954922458127225582e+01 -2.357530039892455420e+01 -3.139325462733189909e+01
-1.254404579292611466e+01 0.000000000000000000e+00 0.000000000000000000e+00
-9.347612691932736695e+00 0.000000000000000000e+00 -8.499186478667990485e+00
0.000000000000000000e+00 0.000000000000000000e+00 0.000000000000000000e+00
0.000000000000000000e+00 0.000000000000000000e+00 0.000000000000000000e+00
-6.178793993618645786e+00 -1.400569370475038333e+01 -1.342293222779787243e+01
-2.007851761456715423e+01 -2.309748859811990229e+01 -1.342843240710512731e+01
-2.326165186254947770e+01 -1.349882475513739166e+01 0.000000000000000000e+00
-1.002808650494947962e+01 -1.750672803938115862e+01 -1.213459211116733627e+01
0.000000000000000000e+00 -9.644123329080725782e+00 -1.422899770139328091e+01
-1.293321648642371002e+01 -2.098733835563650985e+01 -1.285714540134102180e+01
-1.800121054793534370e+01 -9.193033299177606921e+00 -1.982662869665437455e+01
0.000000000000000000e+00 -1.081839285154227071e+01 -8.057353762003248931e+00
-3.929434472913219167e+01 -3.464928516835769301e+01 -3.465168075461981090e+01
-3.984431215878086618e+01 -3.815507912043187133e+01 -3.804118519084074279e+01
-3.323400583058832325e+01 -3.445696144239899894e+01 -3.068433613314924457e+01
-2.613901638270266048e+01 -2.603172320455814415e+01 -2.375608083312748064e+01
-2.001218867391223810e+01 -1.987762815601841737e+01 -2.009101539448729312e+01
-7.873582743157294672e+00 -6.075010115935252308e+00 -6.017546195036458379e+00
-1.329301476329860776e+01 0.000000000000000000e+00 0.000000000000000000e+00
-1.327286730817303706e+01 -5.233974136541992728e+00 -1.029650022644841023e+01
-1.137215434771043121e+01 0.000000000000000000e+00 -8.780281937264549086e+00
-1.855505059677615520e+01 0.000000000000000000e+00 0.000000000000000000e+00
0.000000000000000000e+00 0.000000000000000000e+00 0.000000000000000000e+00
0.000000000000000000e+00 0.000000000000000000e+00 0.000000000000000000e+00
0.000000000000000000e+00 -1.329180241129663642e+01 0.000000000000000000e+00
-1.065442887669760630e+01 -1.229919071641084649e+01 0.000000000000000000e+00
0.000000000000000000e+00 0.000000000000000000e+00 0.000000000000000000e+00
-8.451514529441626067e+00 0.000000000000000000e+00 0.000000000000000000e+00
-1.313114121205341434e+01 -1.285384468501558786e+01 -1.336520945564566354e+01
0.000000000000000000e+00 0.000000000000000000e+00 0.000000000000000000e+00
0.000000000000000000e+00 0.000000000000000000e+00 -5.789646079331522088e+00
-1.179933736468036187e+01 -1.983018768195536552e+01 -1.392665095776455964e+01
-1.297650841019034651e+01 -1.141416077587405908e+01 -1.544489747973425509e+01
0.000000000000000000e+00 0.000000000000000000e+00 0.000000000000000000e+00
-1.225612896690048004e+01 -1.259662975651829164e+01 0.000000000000000000e+00
-9.933535762609185582e+00 -1.154017829606771706e+01 -1.167548673380957958e+01
0.000000000000000000e+00 0.000000000000000000e+00 -9.880820082128696669e+00
0.000000000000000000e+00 -1.121753416989206364e+01 -1.205529527916172761e+01
0.000000000000000000e+00 0.000000000000000000e+00 0.000000000000000000e+00
-1.395446897539746978e+01 0.000000000000000000e+00 0.000000000000000000e+00
-1.268543269121079753e+01 0.000000000000000000e+00 0.000000000000000000e+00
-1.258469045531164809e+01 0.000000000000000000e+00 0.000000000000000000e+00
0.000000000000000000e+00 0.000000000000000000e+00 0.000000000000000000e+00
0.000000000000000000e+00 0.000000000000000000e+00 0.000000000000000000e+00
0.000000000000000000e+00 0.000000000000000000e+00 0.000000000000000000e+00
0.000000000000000000e+00 0.000000000000000000e+00 0.000000000000000000e+00
0.000000000000000000e+00 0.000000000000000000e+00 0.000000000000000000e+00
0.000000000000000000e+00 0.000000000000000000e+00 0.000000000000000000e+00
0.000000000000000000e+00 0.000000000000000000e+00 0.000000000000000000e+00
0.000000000000000000e+00 0.000000000000000000e+00 0.000000000000000000e+00
0.000000000000000000e+00 0.000000000000000000e+00 0.000000000000000000e+00
0.000000000000000000e+00 0.000000000000000000e+00 0.000000000000000000e+00
0.000000000000000000e+00 0.000000000000000000e+00 0.000000000000000000e+00
0.000000000000000000e+00 0.000000000000000000e+00 0.000000000000000000e+00
0.000000000000000000e+00 0.000000000000000000e+00 0.000000000000000000e+00
0.000000000000000000e+00 0.000000000000000000e+00 0.000000000000000000e+00
0.000000000000000000e+00 0.000000000000000000e+00 0.000000000000000000e+00
0.000000000000000000e+00 0.000000000000000000e+00 0.000000000000000000e+00
0.000000000000000000e+00 0.000000000000000000e+00 0.000000000000000000e+00
0.000000000000000000e+00 0.000000000000000000e+00 0.000000000000000000e+00
0.000000000000000000e+00 0.000000000000000000e+00 0.000000000000000000e+00
0.000000000000000000e+00 0.000000000000000000e+00 0.000000000000000000e+00
0.000000000000000000e+00 0.000000000000000000e+00 0.000000000000000000e+00
