0.000000000000000000e+00 0.000000000000000000e+00 0.000000000000000000e+00
0.000000000000000000e+00 0.000000000000000000e+00 0.000000000000000000e+00
0.000000000000000000e+00 0.000000000000000000e+00 0.000000000000000000e+00
-1.000000000000000056e-01 -1.000000000000000056e-01 0.000000000000000000e+00
-1.000000000000000056e-01 -1.000000000000000056e-01 0.000000000000000000e+00
-1.900000000000000022e-01 -1.000000000000000056e-01 -1.000000000000000056e-01
-4.685590000000000588e-01 -4.685590000000000588e-01 -4.095100000000000406e-01
-7.458134171671000345e-01 -7.458134171671000345e-01 -7.175704635190000014e-01
-9.418502629969599527e-01 -9.353891811077332807e-01 -9.353891811077332807e-01
-9.817519963685992224e-01 -9.817519963685992224e-01 -9.817519963685992224e-01
-9.997815254994715239e-01 -9.997815254994715239e-01 -9.997815254994715239e-01
-9.972610725500467010e-01 -9.969567472778296802e-01 -9.969567472778296802e-01
-3.439000000000000390e-01 -2.710000000000000187e-01 -3.439000000000000390e-01
-1.000000000000000056e-01 -1.000000000000000056e-01 0.000000000000000000e+00
0.000000000000000000e+00 0.000000000000000000e+00 0.000000000000000000e+00
0.000000000000000000e+00 0.000000000000000000e+00 0.000000000000000000e+00
-1.000000000000000056e-01 -1.000000000000000056e-01 -1.000000000000000056e-01
0.000000000000000000e+00 0.000000000000000000e+00 -1.000000000000000056e-01
0.000000000000000000e+00 -1.000000000000000056e-01 0.000000000000000000e+00
0.000000000000000000e+00 0.000000000000000000e+00 0.000000000000000000e+00
0.000000000000000000e+00 0.000000000000000000e+00 0.000000000000000000e+00
-1.000000000000000056e-01 -1.000000000000000056e-01 0.000000000000000000e+00
-1.000000000000000056e-01 -1.000000000000000056e-01 -1.000000000000000056e-01
-1.000000000000000056e-01 -1.000000000000000056e-01 0.000000000000000000e+00
-1.000000000000000056e-01 -1.000000000000000056e-01 -1.000000000000000056e-01
-6.513215599000000688e-01 -5.695327900000001220e-01 -5.695327900000001220e-01
-9.476652366972639907e-01 -9.353891811077332807e-01 -9.282102012308147687e-01
-9.995889016832942842e-01 -9.995432240925492540e-01 -9.995432240925492540e-01
-9.999992612520905988e-01 -9.999991791689895049e-01 -9.999991791689895049e-01
-9.999999999999180655e-01 -9.999999999999089617e-01 -9.999999999999089617e-01
-9.999999999999813483e-01 -9.999999999999792388e-01 -9.999999999999792388e-01
-9.999999272502554382e-01 -9.999999191669505239e-01 -9.999999191669505239e-01
-9.999806367402108709e-01 -9.999806367402108709e-01 -9.999784852669010293e-01
-9.353891811077332807e-01 -9.353891811077332807e-01 -9.353891811077332807e-01
-1.000000000000000056e-01 -1.000000000000000056e-01 0.000000000000000000e+00
-1.900000000000000022e-01 -1.000000000000000056e-01 0.000000000000000000e+00
-1.900000000000000022e-01 -1.900000000000000022e-01 -1.000000000000000056e-01
-1.900000000000000022e-01 -1.900000000000000022e-01 -1.000000000000000056e-01
-1.000000000000000056e-01 -1.000000000000000056e-01 -1.000000000000000056e-01
-1.000000000000000056e-01 -1.000000000000000056e-01 0.000000000000000000e+00
0.000000000000000000e+00 0.000000000000000000e+00 0.000000000000000000e+00
0.000000000000000000e+00 -1.000000000000000056e-01 -1.000000000000000056e-01
-1.000000000000000056e-01 -1.000000000000000056e-01 0.000000000000000000e+00
-1.900000000000000022e-01 -1.900000000000000022e-01 -2.710000000000000187e-01
-2.710000000000000187e-01 -4.095100000000000406e-01 -3.439000000000000390e-01
-9.476652366972639907e-01 -9.476652366972639907e-01 -9.476652366972639907e-01
-9.999059538913014356e-01 -9.999059538913014356e-01 -9.999059538913014356e-01
-9.999999999999792388e-01 -9.999999999999792388e-01 -9.999999999999792388e-01
-9.999999999999995559e-01 -9.999999999999995559e-01 -9.999999999999995559e-01
-9.999999999999995559e-01 -9.999999999999995559e-01 -9.999999999999995559e-01
-9.999999999999995559e-01 -9.999999999999995559e-01 -9.999999999999995559e-01
-9.999999999999995559e-01 -9.999999999999995559e-01 -9.999999999999995559e-01
-9.999999999999995559e-01 -9.999999999999995559e-01 -9.999999999999995559e-01
-9.999939236039032675e-01 -9.999939236039032675e-01 -9.999932484487814577e-01
-9.576088417247838880e-01 -9.576088417247838880e-01 -9.528987130275375916e-01
-1.900000000000000022e-01 -1.900000000000000022e-01 -1.900000000000000022e-01
0.000000000000000000e+00 -1.900000000000000022e-01 0.000000000000000000e+00
-1.000000000000000056e-01 -1.000000000000000056e-01 -1.000000000000000056e-01
-1.000000000000000056e-01 -1.000000000000000056e-01 0.000000000000000000e+00
0.000000000000000000e+00 0.000000000000000000e+00 0.000000000000000000e+00
0.000000000000000000e+00 0.000000000000000000e+00 0.000000000000000000e+00
-1.000000000000000056e-01 0.000000000000000000e+00 -1.000000000000000056e-01
-1.000000000000000056e-01 -1.000000000000000056e-01 -1.000000000000000056e-01
-2.710000000000000187e-01 -1.000000000000000056e-01 -1.000000000000000056e-01
-7.941088679053510679e-01 -8.146979811148159500e-01 -7.941088679053510679e-01
-9.997815254994715239e-01 -9.997302783944093107e-01 -9.997572505549683353e-01
-9.999999999999743538e-01 -9.999999999999714673e-01 -9.999999999999714673e-01
-9.999999999999995559e-01 -9.999999999999995559e-01 -9.999999999999995559e-01
-9.999999999999995559e-01 -9.999999999999995559e-01 -9.999999999999995559e-01
-9.999999999999995559e-01 -9.999999999999995559e-01 -9.999999999999995559e-01
-9.999999999999995559e-01 -9.999999999999995559e-01 -9.999999999999995559e-01
-9.999999999999995559e-01 -9.999999999999995559e-01 -9.999999999999995559e-01
-9.999999999999995559e-01 -9.999999999999995559e-01 -9.999999999999995559e-01
-9.999999999999995559e-01 -9.999999999999995559e-01 -9.999999999999995559e-01
-9.999950781191615512e-01 -9.999950781191615512e-01 -9.999950781191615512e-01
-8.146979811148159500e-01 -8.146979811148159500e-01 -8.146979811148159500e-01
-1.900000000000000022e-01 -2.710000000000000187e-01 0.000000000000000000e+00
-1.000000000000000056e-01 0.000000000000000000e+00 0.000000000000000000e+00
-1.000000000000000056e-01 -1.000000000000000056e-01 0.000000000000000000e+00
0.000000000000000000e+00 0.000000000000000000e+00 0.000000000000000000e+00
0.000000000000000000e+00 0.000000000000000000e+00 0.000000000000000000e+00
0.000000000000000000e+00 -1.000000000000000056e-01 0.000000000000000000e+00
-1.000000000000000056e-01 0.000000000000000000e+00 0.000000000000000000e+00
-4.685590000000000588e-01 -4.685590000000000588e-01 -4.095100000000000406e-01
-9.903022627021246249e-01 -9.903022627021246249e-01 -9.903022627021246249e-01
-9.999999345252299499e-01 -9.999999345252299499e-01 -9.999999345252299499e-01
-9.999999999999995559e-01 -9.999999999999995559e-01 -9.999999999999995559e-01
-9.999999999999995559e-01 -9.999999999999995559e-01 -9.999999999999995559e-01
-9.999999999999995559e-01 -9.999999999999995559e-01 -9.999999999999995559e-01
-9.999999999999995559e-01 -9.999999999999995559e-01 -9.999999999999995559e-01
-9.999999999999995559e-01 -9.999999999999995559e-01 -9.999999999999995559e-01
-9.999999999999995559e-01 -9.999999999999995559e-01 -9.999999999999995559e-01
-9.999999999999995559e-01 -9.999999999999995559e-01 -9.999999999999995559e-01
-9.999999999999995559e-01 -9.999999999999995559e-01 -9.999999999999995559e-01
-9.999999999998750999e-01 -9.999999999998876454e-01 -9.999999999998612221e-01
-9.995432240925492540e-01 -9.995432240925492540e-01 -9.995432240925492540e-01
-2.710000000000000187e-01 -3.439000000000000390e-01 -2.710000000000000187e-01
-2.710000000000000187e-01 -2.710000000000000187e-01 -2.710000000000000187e-01
-1.000000000000000056e-01 -1.900000000000000022e-01 -1.000000000000000056e-01
0.000000000000000000e+00 0.000000000000000000e+00 0.000000000000000000e+00
0.000000000000000000e+00 0.000000000000000000e+00 0.000000000000000000e+00
0.000000000000000000e+00 0.000000000000000000e+00 0.000000000000000000e+00
-1.000000000000000056e-01 -1.000000000000000056e-01 0.000000000000000000e+00
-7.175704635190000014e-01 -7.175704635190000014e-01 -6.861894039100000509e-01
-9.998407320891147254e-01 -9.998407320891147254e-01 -9.998407320891147254e-01
-9.999999999841062692e-01 -9.999999999823402375e-01 -9.999999999803780293e-01
-9.999999999999995559e-01 -9.999999999999995559e-01 -9.999999999999995559e-01
-9.999999999999995559e-01 -9.999999999999995559e-01 -9.999999999999995559e-01
-9.999999999999995559e-01 -9.999999999999995559e-01 -9.999999999999995559e-01
-9.999999999999995559e-01 -9.999999999999995559e-01 -9.999999999999995559e-01
-9.999999999999995559e-01 -9.999999999999995559e-01 -9.999999999999995559e-01
-9.999999999999995559e-01 -9.999999999999995559e-01 -9.999999999999995559e-01
-9.999999999999995559e-01 -9.999999999999995559e-01 -9.999999999999995559e-01
-9.999999999999995559e-01 -9.999999999999995559e-01 -9.999999999999995559e-01
-9.999999999999995559e-01 -9.999999999999995559e-01 -9.999999999999995559e-01
-9.999996466591649646e-01 -9.999996466591649646e-01 -9.999996073990722323e-01
-8.784233454094307891e-01 -8.649148282327008275e-01 -8.649148282327008275e-01
-1.000000000000000056e-01 0.000000000000000000e+00 -1.000000000000000056e-01
-1.000000000000000056e-01 -1.000000000000000056e-01 -1.000000000000000056e-01
0.000000000000000000e+00 0.000000000000000000e+00 0.000000000000000000e+00
0.000000000000000000e+00 0.000000000000000000e+00 0.000000000000000000e+00
-1.000000000000000056e-01 0.000000000000000000e+00 0.000000000000000000e+00
-1.000000000000000056e-01 -1.000000000000000056e-01 -1.000000000000000056e-01
-8.332281830033343439e-01 -8.332281830033343439e-01 -8.332281830033343439e-01
-9.999897095698544458e-01 -9.999897095698544458e-01 -9.999907386128690234e-01
-9.999999999999995559e-01 -9.999999999999995559e-01 -9.999999999999995559e-01
-9.999999999999995559e-01 -9.999999999999995559e-01 -9.999999999999995559e-01
-9.999999999999995559e-01 -9.999999999999995559e-01 -9.999999999999995559e-01
-9.999999999999995559e-01 -9.999999999999995559e-01 -9.999999999999995559e-01
-9.999999999999995559e-01 -9.999999999999995559e-01 -9.999999999999995559e-01
-9.999999999999995559e-01 -9.999999999999995559e-01 -9.999999999999995559e-01
-9.999999999999995559e-01 -9.999999999999995559e-01 -9.999999999999995559e-01
-9.999999999999995559e-01 -9.999999999999995559e-01 -9.999999999999995559e-01
-9.999999999999995559e-01 -9.999999999999995559e-01 -9.999999999999995559e-01
-9.999999999999995559e-01 -9.999999999999995559e-01 -9.999999999999995559e-01
-9.999999996963021553e-01 -9.999999996625579257e-01 -9.999999996625579257e-01
-9.903022627021246249e-01 -9.903022627021246249e-01 -9.903022627021246249e-01
-2.710000000000000187e-01 -1.000000000000000056e-01 -1.000000000000000056e-01
-1.900000000000000022e-01 -1.900000000000000022e-01 -1.000000000000000056e-01
-1.000000000000000056e-01 0.000000000000000000e+00 0.000000000000000000e+00
0.000000000000000000e+00 0.000000000000000000e+00 0.000000000000000000e+00
0.000000000000000000e+00 0.000000000000000000e+00 0.000000000000000000e+00
-1.000000000000000056e-01 -1.000000000000000056e-01 0.000000000000000000e+00
-8.332281830033343439e-01 -7.941088679053510679e-01 -7.941088679053510679e-01
-9.999924982764238912e-01 -9.999924982764238912e-01 -9.999924982764238912e-01
-9.999999999999877875e-01 -9.999999999999864553e-01 -9.999999999999864553e-01
-9.999999999999995559e-01 -9.999999999999995559e-01 -9.999999999999995559e-01
-9.999999999999995559e-01 -9.999999999999995559e-01 -9.999999999999995559e-01
-9.999999999999995559e-01 -9.999999999999995559e-01 -9.999999999999995559e-01
-9.999999999999995559e-01 -9.999999999999995559e-01 -9.999999999999995559e-01
-9.999999999999995559e-01 -9.999999999999995559e-01 -9.999999999999995559e-01
-9.999999999999995559e-01 -9.999999999999995559e-01 -9.999999999999995559e-01
-9.999999999999995559e-01 -9.999999999999995559e-01 -9.999999999999995559e-01
-9.999999999999995559e-01 -9.999999999999995559e-01 -9.999999999999995559e-01
-9.999999999999995559e-01 -9.999999999999995559e-01 -9.999999999999995559e-01
-9.999999998386025490e-01 -9.999999998386025490e-01 -9.999999998386025490e-01
-9.983826907300771270e-01 -9.983826907300771270e-01 -9.982029897000856966e-01
-2.710000000000000187e-01 -2.710000000000000187e-01 -1.900000000000000022e-01
-1.000000000000000056e-01 0.000000000000000000e+00 0.000000000000000000e+00
0.000000000000000000e+00 0.000000000000000000e+00 0.000000000000000000e+00
0.000000000000000000e+00 0.000000000000000000e+00 0.000000000000000000e+00
-1.000000000000000056e-01 -1.000000000000000056e-01 -1.000000000000000056e-01
-1.000000000000000056e-01 -1.900000000000000022e-01 0.000000000000000000e+00
-6.513215599000000688e-01 -6.125795110000000765e-01 -6.513215599000000688e-01
-9.998955043236682494e-01 -9.998955043236682494e-01 -9.998838936929647092e-01
-9.999999998823413394e-01 -9.999999998823413394e-01 -9.999999998692681302e-01
-9.999999999999995559e-01 -9.999999999999995559e-01 -9.999999999999995559e-01
-9.999999999999995559e-01 -9.999999999999995559e-01 -9.999999999999995559e-01
-9.999999999999995559e-01 -9.999999999999995559e-01 -9.999999999999995559e-01
-9.999999999999995559e-01 -9.999999999999995559e-01 -9.999999999999995559e-01
-9.999999999999995559e-01 -9.999999999999995559e-01 -9.999999999999995559e-01
-9.999999999999995559e-01 -9.999999999999995559e-01 -9.999999999999995559e-01
-9.999999999999995559e-01 -9.999999999999995559e-01 -9.999999999999995559e-01
-9.999999999999995559e-01 -9.999999999999995559e-01 -9.999999999999995559e-01
-9.999999999999995559e-01 -9.999999999999995559e-01 -9.999999999999995559e-01
-9.999999986724623646e-01 -9.999999985249581336e-01 -9.999999985249581336e-01
-9.936373145588640599e-01 -9.921448327887210095e-01 -9.921448327887210095e-01
-3.439000000000000390e-01 -3.439000000000000390e-01 -2.710000000000000187e-01
-1.000000000000000056e-01 -1.900000000000000022e-01 0.000000000000000000e+00
-1.000000000000000056e-01 0.000000000000000000e+00 0.000000000000000000e+00
0.000000000000000000e+00 0.000000000000000000e+00 0.000000000000000000e+00
0.000000000000000000e+00 -1.000000000000000056e-01 0.000000000000000000e+00
-1.900000000000000022e-01 -1.000000000000000056e-01 -1.000000000000000056e-01
-4.685590000000000588e-01 -4.685590000000000588e-01 -4.095100000000000406e-01
-9.912720364319121957e-01 -9.892247363356940770e-01 -9.892247363356940770e-01
-9.999999686836203994e-01 -9.999999718152583483e-01 -9.999999652040226783e-01
-9.999999999999864553e-01 -9.999999999999864553e-01 -9.999999999999864553e-01
-9.999999999999995559e-01 -9.999999999999995559e-01 -9.999999999999995559e-01
-9.999999999999995559e-01 -9.999999999999995559e-01 -9.999999999999995559e-01
-9.999999999999995559e-01 -9.999999999999995559e-01 -9.999999999999995559e-01
-9.999999999999995559e-01 -9.999999999999995559e-01 -9.999999999999995559e-01
-9.999999999999995559e-01 -9.999999999999995559e-01 -9.999999999999995559e-01
-9.999999999999995559e-01 -9.999999999999995559e-01 -9.999999999999995559e-01
-9.999999999999995559e-01 -9.999999999999995559e-01 -9.999999999999995559e-01
-9.999999999999089617e-01 -9.999999999999089617e-01 -9.999999999998988587e-01
-9.999994614527740744e-01 -9.999994614527740744e-01 -9.999995153074966447e-01
-9.418502629969599527e-01 -9.353891811077332807e-01 -9.282102012308147687e-01
-1.900000000000000022e-01 -1.900000000000000022e-01 -1.900000000000000022e-01
-1.000000000000000056e-01 -1.000000000000000056e-01 0.000000000000000000e+00
0.000000000000000000e+00 0.000000000000000000e+00 0.000000000000000000e+00
0.000000000000000000e+00 0.000000000000000000e+00 0.000000000000000000e+00
0.000000000000000000e+00 0.000000000000000000e+00 0.000000000000000000e+00
-1.900000000000000022e-01 -1.000000000000000056e-01 -1.000000000000000056e-01
-1.000000000000000056e-01 0.000000000000000000e+00 -1.000000000000000056e-01
-8.146979811148159500e-01 -7.941088679053510679e-01 -7.941088679053510679e-01
-9.999314403867587409e-01 -9.999238226519541195e-01 -9.999238226519541195e-01
-9.999999992161023865e-01 -9.999999991290026147e-01 -9.999999991290026147e-01
-9.999999999999849010e-01 -9.999999999999849010e-01 -9.999999999999849010e-01
-9.999999999999995559e-01 -9.999999999999995559e-01 -9.999999999999995559e-01
-9.999999999999995559e-01 -9.999999999999995559e-01 -9.999999999999995559e-01
-9.999999999999995559e-01 -9.999999999999995559e-01 -9.999999999999995559e-01
-9.999999999999995559e-01 -9.999999999999995559e-01 -9.999999999999995559e-01
-9.999999999999995559e-01 -9.999999999999995559e-01 -9.999999999999995559e-01
-9.999999999999646949e-01 -9.999999999999646949e-01 -9.999999999999564793e-01
-9.999999990322251398e-01 -9.999999989246945997e-01 -9.999999989246945997e-01
-9.991404955442829694e-01 -9.993038013908691619e-01 -9.991404955442829694e-01
-5.695327900000001220e-01 -4.685590000000000588e-01 -4.685590000000000588e-01
0.000000000000000000e+00 -1.000000000000000056e-01 -1.000000000000000056e-01
-1.000000000000000056e-01 -1.900000000000000022e-01 -1.000000000000000056e-01
0.000000000000000000e+00 0.000000000000000000e+00 0.000000000000000000e+00
0.000000000000000000e+00 0.000000000000000000e+00 0.000000000000000000e+00
-1.900000000000000022e-01 -1.900000000000000022e-01 -1.000000000000000056e-01
-1.900000000000000022e-01 -1.900000000000000022e-01 -1.900000000000000022e-01
-1.000000000000000056e-01 -1.000000000000000056e-01 -1.900000000000000022e-01
-4.095100000000000406e-01 -2.710000000000000187e-01 -2.710000000000000187e-01
-9.353891811077332807e-01 -9.282102012308147687e-01 -9.282102012308147687e-01
-9.999916647515820767e-01 -9.999916647515820767e-01 -9.999907386128690234e-01
-9.999999995834047972e-01 -9.999999995834047972e-01 -9.999999995834047972e-01
-9.999999999993935962e-01 -9.999999999993935962e-01 -9.999999999993262056e-01
-9.999999999999769074e-01 -9.999999999999769074e-01 -9.999999999999743538e-01
-9.999999999999942268e-01 -9.999999999999942268e-01 -9.999999999999947820e-01
-9.999999999999743538e-01 -9.999999999999714673e-01 -9.999999999999743538e-01
-9.999999999989731547e-01 -9.999999999989731547e-01 -9.999999999989731547e-01
-9.999999993650429131e-01 -9.999999993650429131e-01 -9.999999993650429131e-01
-9.999595162339771637e-01 -9.999595162339771637e-01 -9.999550180377524411e-01
-9.202335569231274714e-01 -9.202335569231274714e-01 -9.202335569231274714e-01
-1.000000000000000056e-01 -1.000000000000000056e-01 -1.000000000000000056e-01
-2.710000000000000187e-01 -1.900000000000000022e-01 -1.900000000000000022e-01
-1.900000000000000022e-01 -1.000000000000000056e-01 -1.000000000000000056e-01
0.000000000000000000e+00 0.000000000000000000e+00 0.000000000000000000e+00
0.000000000000000000e+00 0.000000000000000000e+00 0.000000000000000000e+00
-1.000000000000000056e-01 -1.000000000000000056e-01 0.000000000000000000e+00
-1.000000000000000056e-01 -1.000000000000000056e-01 -1.000000000000000056e-01
-1.900000000000000022e-01 -2.710000000000000187e-01 -1.900000000000000022e-01
-1.000000000000000056e-01 -1.000000000000000056e-01 -1.000000000000000056e-01
-5.217031000000000862e-01 -5.217031000000000862e-01 -5.695327900000001220e-01
-9.618479575523054548e-01 -9.618479575523054548e-01 -9.576088417247838880e-01
-9.999595162339771637e-01 -9.999595162339771637e-01 -9.999595162339771637e-01
-9.999999522688926001e-01 -9.999999570420032846e-01 -9.999999570420032846e-01
-9.999999998386025490e-01 -9.999999998386025490e-01 -9.999999998206694496e-01
-9.999999999757752667e-01 -9.999999999730836420e-01 -9.999999999730836420e-01
-9.999999998206694496e-01 -9.999999998206694496e-01 -9.999999998206694496e-01
-9.999999410727069549e-01 -9.999999345252299499e-01 -9.999999345252299499e-01
-9.998566588802032529e-01 -9.998407320891147254e-01 -9.998407320891147254e-01
-9.476652366972639907e-01 -9.528987130275375916e-01 -9.418502629969599527e-01
-2.710000000000000187e-01 -2.710000000000000187e-01 -2.710000000000000187e-01
-1.000000000000000056e-01 -1.000000000000000056e-01 0.000000000000000000e+00
-1.000000000000000056e-01 -1.000000000000000056e-01 -1.000000000000000056e-01
-1.000000000000000056e-01 -1.000000000000000056e-01 -1.000000000000000056e-01
0.000000000000000000e+00 0.000000000000000000e+00 0.000000000000000000e+00
0.000000000000000000e+00 0.000000000000000000e+00 0.000000000000000000e+00
0.000000000000000000e+00 0.000000000000000000e+00 -1.000000000000000056e-01
0.000000000000000000e+00 0.000000000000000000e+00 0.000000000000000000e+00
-2.710000000000000187e-01 0.000000000000000000e+00 -1.000000000000000056e-01
-1.000000000000000056e-01 -1.000000000000000056e-01 0.000000000000000000e+00
-1.000000000000000056e-01 -1.000000000000000056e-01 -1.000000000000000056e-01
-5.217031000000000862e-01 -3.439000000000000390e-01 -5.695327900000001220e-01
-9.576088417247838880e-01 -9.476652366972639907e-01 -9.476652366972639907e-01
-9.975349652950420420e-01 -9.972610725500467010e-01 -9.972610725500467010e-01
-9.999595162339771637e-01 -9.999595162339771637e-01 -9.999595162339771637e-01
-9.999784852669010293e-01 -9.999784852669010293e-01 -9.999760947410011314e-01
-9.999500200419471074e-01 -9.999444667132745268e-01 -9.999444667132745268e-01
-9.969567472778296802e-01 -9.962428978738637753e-01 -9.962428978738637753e-01
-9.418502629969599527e-01 -9.353891811077332807e-01 -9.353891811077332807e-01
-4.685590000000000588e-01 -4.095100000000000406e-01 -4.095100000000000406e-01
-1.900000000000000022e-01 -1.900000000000000022e-01 -1.000000000000000056e-01
-1.900000000000000022e-01 -1.900000000000000022e-01 -1.000000000000000056e-01
-1.000000000000000056e-01 0.000000000000000000e+00 -1.000000000000000056e-01
-1.900000000000000022e-01 -1.900000000000000022e-01 -1.000000000000000056e-01
0.000000000000000000e+00 0.000000000000000000e+00 0.000000000000000000e+00
0.000000000000000000e+00 0.000000000000000000e+00 0.000000000000000000e+00
0.000000000000000000e+00 0.000000000000000000e+00 -1.900000000000000022e-01
0.000000000000000000e+00 -1.000000000000000056e-01 0.000000000000000000e+00
-1.900000000000000022e-01 -1.000000000000000056e-01 -1.000000000000000056e-01
-1.000000000000000056e-01 -1.000000000000000056e-01 0.000000000000000000e+00
-1.900000000000000022e-01 -1.900000000000000022e-01 -1.000000000000000056e-01
-1.900000000000000022e-01 -1.000000000000000056e-01 -1.900000000000000022e-01
-3.439000000000000390e-01 -4.095100000000000406e-01 -4.095100000000000406e-01
-8.499053647030009317e-01 -8.499053647030009317e-01 -8.332281830033343439e-01
-9.656631617970748982e-01 -9.656631617970748982e-01 -9.618479575523054548e-01
-9.852191170585653524e-01 -9.835767967317392557e-01 -9.835767967317392557e-01
-9.576088417247838880e-01 -9.576088417247838880e-01 -9.528987130275375916e-01
-8.499053647030009317e-01 -8.499053647030009317e-01 -8.332281830033343439e-01
-3.439000000000000390e-01 -3.439000000000000390e-01 -3.439000000000000390e-01
-1.000000000000000056e-01 -1.000000000000000056e-01 -1.000000000000000056e-01
-1.900000000000000022e-01 -1.900000000000000022e-01 -1.000000000000000056e-01
-1.900000000000000022e-01 -1.000000000000000056e-01 -1.000000000000000056e-01
-1.900000000000000022e-01 -1.900000000000000022e-01 -1.000000000000000056e-01
-1.000000000000000056e-01 0.000000000000000000e+00 0.000000000000000000e+00
0.000000000000000000e+00 0.000000000000000000e+00 0.000000000000000000e+00
0.000000000000000000e+00 0.000000000000000000e+00 0.000000000000000000e+00
-1.000000000000000056e-01 0.000000000000000000e+00 0.000000000000000000e+00
-1.000000000000000056e-01 0.000000000000000000e+00 0.000000000000000000e+00
-1.900000000000000022e-01 -1.000000000000000056e-01 -1.000000000000000056e-01
-1.900000000000000022e-01 -1.900000000000000022e-01 -1.900000000000000022e-01
-1.000000000000000056e-01 -1.000000000000000056e-01 -1.000000000000000056e-01
0.000000000000000000e+00 0.000000000000000000e+00 0.000000000000000000e+00
-1.900000000000000022e-01 -1.000000000000000056e-01 -1.900000000000000022e-01
-4.685590000000000588e-01 -3.439000000000000390e-01 -2.710000000000000187e-01
-6.513215599000000688e-01 -5.695327900000001220e-01 -5.695327900000001220e-01
-6.513215599000000688e-01 -6.125795110000000765e-01 -6.125795110000000765e-01
-4.685590000000000588e-01 -5.217031000000000862e-01 -5.217031000000000862e-01
-3.439000000000000390e-01 -3.439000000000000390e-01 -3.439000000000000390e-01
-1.900000000000000022e-01 -1.000000000000000056e-01 -1.000000000000000056e-01
-1.900000000000000022e-01 -1.900000000000000022e-01 -1.000000000000000056e-01
-1.000000000000000056e-01 0.000000000000000000e+00 0.000000000000000000e+00
-1.900000000000000022e-01 -1.000000000000000056e-01 -1.000000000000000056e-01
-1.000000000000000056e-01 0.000000000000000000e+00 0.000000000000000000e+00
-1.000000000000000056e-01 -1.000000000000000056e-01 0.000000000000000000e+00
0.000000000000000000e+00 -1.000000000000000056e-01 0.000000000000000000e+00
0.000000000000000000e+00 0.000000000000000000e+00 0.000000000000000000e+00
0.000000000000000000e+00 0.000000000000000000e+00 0.000000000000000000e+00
-1.000000000000000056e-01 0.000000000000000000e+00 -1.900000000000000022e-01
-2.710000000000000187e-01 -1.000000000000000056e-01 -1.000000000000000056e-01
-1.000000000000000056e-01 -1.000000000000000056e-01 -1.000000000000000056e-01
-1.000000000000000056e-01 -1.000000000000000056e-01 -1.000000000000000056e-01
-1.000000000000000056e-01 0.000000000000000000e+00 -1.000000000000000056e-01
-1.900000000000000022e-01 -1.900000000000000022e-01 -1.000000000000000056e-01
-1.900000000000000022e-01 -1.000000000000000056e-01 -1.000000000000000056e-01
-3.439000000000000390e-01 -2.710000000000000187e-01 -3.439000000000000390e-01
-4.095100000000000406e-01 -1.000000000000000056e-01 -1.900000000000000022e-01
-1.900000000000000022e-01 -1.900000000000000022e-01 -1.000000000000000056e-01
-1.000000000000000056e-01 -1.000000000000000056e-01 -1.000000000000000056e-01
-1.000000000000000056e-01 -1.000000000000000056e-01 -1.000000000000000056e-01
-1.000000000000000056e-01 0.000000000000000000e+00 0.000000000000000000e+00
-1.900000000000000022e-01 -1.900000000000000022e-01 -1.000000000000000056e-01
0.000000000000000000e+00 0.000000000000000000e+00 0.000000000000000000e+00
-1.900000000000000022e-01 -1.900000000000000022e-01 -1.000000000000000056e-01
-1.900000000000000022e-01 -1.000000000000000056e-01 -1.000000000000000056e-01
0.000000000000000000e+00 0.000000000000000000e+00 0.000000000000000000e+00
0.000000000000000000e+00 0.000000000000000000e+00 0.000000000000000000e+00
-1.900000000000000022e-01 -1.000000000000000056e-01 -1.000000000000000056e-01
-1.000000000000000056e-01 -1.000000000000000056e-01 -1.000000000000000056e-01
-1.000000000000000056e-01 -1.000000000000000056e-01 0.000000000000000000e+00
-1.900000000000000022e-01 -1.900000000000000022e-01 -1.000000000000000056e-01
-1.000000000000000056e-01 0.000000000000000000e+00 -1.000000000000000056e-01
-1.000000000000000056e-01 -1.900000000000000022e-01 -1.900000000000000022e-01
-1.900000000000000022e-01 0.000000000000000000e+00 -1.000000000000000056e-01
-1.000000000000000056e-01 0.000000000000000000e+00 -1.000000000000000056e-01
-1.900000000000000022e-01 -1.000000000000000056e-01 -1.000000000000000056e-01
-1.000000000000000056e-01 -1.000000000000000056e-01 0.000000000000000000e+00
-1.900000000000000022e-01 -1.000000000000000056e-01 -1.900000000000000022e-01
-2.710000000000000187e-01 -2.710000000000000187e-01 -2.710000000000000187e-01
0.000000000000000000e+00 -1.900000000000000022e-01 -1.000000000000000056e-01
-1.000000000000000056e-01 -1.000000000000000056e-01 0.000000000000000000e+00
-3.439000000000000390e-01 -2.710000000000000187e-01 -2.710000000000000187e-01
0.000000000000000000e+00 -1.000000000000000056e-01 0.000000000000000000e+00
-1.900000000000000022e-01 0.000000000000000000e+00 0.000000000000000000e+00
-1.000000000000000056e-01 -1.000000000000000056e-01 -1.000000000000000056e-01
0.000000000000000000e+00 0.000000000000000000e+00 -1.000000000000000056e-01
0.000000000000000000e+00 0.000000000000000000e+00 0.000000000000000000e+00
0.000000000000000000e+00 0.000000000000000000e+00 0.000000000000000000e+00
-1.000000000000000056e-01 0.000000000000000000e+00 0.000000000000000000e+00
0.000000000000000000e+00 0.000000000000000000e+00 0.000000000000000000e+00
-1.000000000000000056e-01 0.000000000000000000e+00 0.000000000000000000e+00
-1.000000000000000056e-01 0.000000000000000000e+00 0.000000000000000000e+00
0.000000000000000000e+00 -1.000000000000000056e-01 0.000000000000000000e+00
0.000000000000000000e+00 0.000000000000000000e+00 0.000000000000000000e+00
-1.000000000000000056e-01 -1.000000000000000056e-01 -1.000000000000000056e-01
-1.000000000000000056e-01 -1.000000000000000056e-01 0.000000000000000000e+00
0.000000000000000000e+00 0.000000000000000000e+00 0.000000000000000000e+00
0.000000000000000000e+00 0.000000000000000000e+00 -1.000000000000000056e-01
-1.000000000000000056e-01 -1.000000000000000056e-01 0.000000000000000000e+00
-1.900000000000000022e-01 0.000000000000000000e+00 0.000000000000000000e+00
-1.000000000000000056e-01 -1.000000000000000056e-01 0.000000000000000000e+00
-2.710000000000000187e-01 -1.900000000000000022e-01 -1.000000000000000056e-01
-1.900000000000000022e-01 -1.900000000000000022e-01 -1.000000000000000056e-01
-1.000000000000000056e-01 0.000000000000000000e+00 0.000000000000000000e+00
0.000000000000000000e+00 0.000000000000000000e+00 0.000000000000000000e+00
0.000000000000000000e+00 0.000000000000000000e+00 0.000000000000000000e+00
0.000000000000000000e+00 0.000000000000000000e+00 0.000000000000000000e+00
0.000000000000000000e+00 0.000000000000000000e+00 0.000000000000000000e+00
0.000000000000000000e+00 0.000000000000000000e+00 0.000000000000000000e+00
0.000000000000000000e+00 0.000000000000000000e+00 0.000000000000000000e+00
0.000000000000000000e+00 0.000000000000000000e+00 0.000000000000000000e+00
0.000000000000000000e+00 0.000000000000000000e+00 0.000000000000000000e+00
0.000000000000000000e+00 0.000000000000000000e+00 0.000000000000000000e+00
0.000000000000000000e+00 0.000000000000000000e+00 0.000000000000000000e+00
0.000000000000000000e+00 0.000000000000000000e+00 0.000000000000000000e+00
0.000000000000000000e+00 0.000000000000000000e+00 0.000000000000000000e+00
0.000000000000000000e+00 0.000000000000000000e+00 0.000000000000000000e+00
0.000000000000000000e+00 0.000000000000000000e+00 0.000000000000000000e+00
0.000000000000000000e+00 0.000000000000000000e+00 0.000000000000000000e+00
0.000000000000000000e+00 0.000000000000000000e+00 0.000000000000000000e+00
0.000000000000000000e+00 0.000000000000000000e+00 0.000000000000000000e+00
0.000000000000000000e+00 0.000000000000000000e+00 0.000000000000000000e+00
0.000000000000000000e+00 0.000000000000000000e+00 0.000000000000000000e+00
0.000000000000000000e+00 0.000000000000000000e+00 0.000000000000000000e+00
0.000000000000000000e+00 0.000000000000000000e+00 0.000000000000000000e+00
0.000000000000000000e+00 0.000000000000000000e+00 0.000000000000000000e+00
