0.000000000000000000e+00 0.000000000000000000e+00 0.000000000000000000e+00
0.000000000000000000e+00 0.000000000000000000e+00 0.000000000000000000e+00
-1.111111111111111160e+00 0.000000000000000000e+00 0.000000000000000000e+00
-1.111111111111111160e+00 0.000000000000000000e+00 -1.111111111111111160e+00
-1.111111111111111160e+00 -1.111111111111111160e+00 -1.111111111111111160e+00
-1.111111111111111160e+00 0.000000000000000000e+00 0.000000000000000000e+00
-1.111111111111111160e+00 -1.111111111111111160e+00 -1.111111111111111160e+00
-1.111111111111111160e+00 -1.111111111111111160e+00 -1.111111111111111160e+00
-1.111111111111111160e+00 -1.111111111111111160e+00 -1.111111111111111160e+00
-1.111111111111111160e+00 -1.111111111111111160e+00 -1.111111111111111160e+00
-1.111111111111111160e+00 -1.111111111111111160e+00 -1.111111111111111160e+00
-1.111111111111111160e+00 -1.111111111111111160e+00 -1.111111111111111160e+00
-1.111111111111111160e+00 -1.111111111111110050e+00 -1.111111111111111160e+00
-1.111111111111111160e+00 -1.111111111111111160e+00 0.000000000000000000e+00
-1.111111111111111160e+00 0.000000000000000000e+00 0.000000000000000000e+00
-1.111111111111111160e+00 0.000000000000000000e+00 0.000000000000000000e+00
-1.111111111111111160e+00 -1.111111111111111160e+00 -1.111111111111111160e+00
-1.111111111111111160e+00 0.000000000000000000e+00 0.000000000000000000e+00
-1.111111111111111160e+00 -1.111111111111111160e+00 0.000000000000000000e+00
0.000000000000000000e+00 0.000000000000000000e+00 0.000000000000000000e+00
0.000000000000000000e+00 0.000000000000000000e+00 0.000000000000000000e+00
-1.111111111111111160e+00 0.000000000000000000e+00 0.000000000000000000e+00
-1.111111111111111160e+00 -1.111111111111111160e+00 -1.111111111111111160e+00
-1.111111111111111160e+00 -1.111111111111111160e+00 0.000000000000000000e+00
-1.111111100000000018e+00 -1.111111111111111160e+00 0.000000000000000000e+00
-1.111111111111111160e+00 -1.111111111111111160e+00 -1.111111111111111160e+00
-1.111111111111111160e+00 -1.111111111111111160e+00 -1.111111111111111160e+00
-1.111111111111111160e+00 -1.111111111111111160e+00 -1.111111111111111160e+00
-1.111111111111111160e+00 -1.111111111111111160e+00 -1.111111111111111160e+00
-1.111111111111111160e+00 -1.111111111111111160e+00 -1.111111111111111160e+00
-1.111111111111111160e+00 -1.111111111111111160e+00 -1.111111111111111160e+00
-1.111111111111111160e+00 -1.111111111111111160e+00 -1.111111111111111160e+00
-1.111111111111111160e+00 -1.111111111111111160e+00 -1.111111111111111160e+00
-1.111111111111111160e+00 -1.111111111111111160e+00 -1.111111111111111160e+00
-1.111111111111111160e+00 -1.111111111111111160e+00 -1.111111111111111160e+00
-1.111111111111111160e+00 -1.111111111111111160e+00 0.000000000000000000e+00
-1.111111111111111160e+00 0.000000000000000000e+00 0.000000000000000000e+00
-1.111111111111111160e+00 -1.111111111111111160e+00 -1.111111111111111160e+00
-1.111111111111111160e+00 -1.111111111111111160e+00 0.000000000000000000e+00
0.000000000000000000e+00 0.000000000000000000e+00 0.000000000000000000e+00
0.000000000000000000e+00 0.000000000000000000e+00 0.000000000000000000e+00
0.000000000000000000e+00 -1.111111111111111160e+00 -1.111111111100000048e+00
-1.111111111111111160e+00 -1.111111111111110938e+00 -1.111111111111111160e+00
-1.111111111111111160e+00 -1.111111111111111160e+00 0.000000000000000000e+00
-1.111111111111111160e+00 -1.000000000000000000e+00 -1.111111111111111160e+00
-1.111111111111111160e+00 -1.111111111111111160e+00 -1.111111111111111160e+00
-1.111111111111111160e+00 -1.111111111111111160e+00 -1.111111111111111160e+00
-1.111111111111111160e+00 -1.111111111111111160e+00 -1.111111111111111160e+00
-1.111111111111111160e+00 -1.111111111111111160e+00 -1.111111111111111160e+00
-1.111111111111111160e+00 -1.111111111111111160e+00 -1.111111111111111160e+00
-1.111111111111111160e+00 -1.111111111111111160e+00 -1.111111111111111160e+00
-1.111111111111111160e+00 -1.111111111111111160e+00 -1.111111111111111160e+00
-1.111111111111111160e+00 -1.111111111111111160e+00 -1.111111111111111160e+00
-1.111111111111111160e+00 -1.111111111111111160e+00 -1.111111111111111160e+00
-1.111111111111111160e+00 -1.111111111111111160e+00 -1.111111111111111160e+00
-1.111111111111100058e+00 -1.111111111111111160e+00 -1.111111111111111160e+00
-1.111111111111111160e+00 -1.111111111111111160e+00 -1.111111111111111160e+00
-1.111111111111111160e+00 0.000000000000000000e+00 0.000000000000000000e+00
-1.111111111110999916e+00 0.000000000000000000e+00 -1.111111111111111160e+00
0.000000000000000000e+00 0.000000000000000000e+00 0.000000000000000000e+00
0.000000000000000000e+00 0.000000000000000000e+00 0.000000000000000000e+00
-1.111111111111111160e+00 -1.111111111111111160e+00 0.000000000000000000e+00
-1.111111111111111160e+00 -1.111111111111111160e+00 -1.111111111111111160e+00
-1.111111111111111160e+00 -1.111111111111111160e+00 -1.111111111111111160e+00
-1.111111111111111160e+00 -1.111111111111111160e+00 -1.111111111110999916e+00
-1.111111111111111160e+00 -1.111111111111111160e+00 -1.111111111111111160e+00
-1.111111111111111160e+00 -1.111111111111111160e+00 -1.111111111111111160e+00
-1.111111111111111160e+00 -1.111111111111111160e+00 -1.111111111111111160e+00
-1.111111111111111160e+00 -1.111111111111111160e+00 -1.111111111111111160e+00
-1.111111111111111160e+00 -1.111111111111111160e+00 -1.111111111111111160e+00
-1.111111111111111160e+00 -1.111111111111111160e+00 -1.111111111111111160e+00
-1.111111111111111160e+00 -1.111111111111111160e+00 -1.111111111111111160e+00
-1.111111111111111160e+00 -1.111111111111111160e+00 -1.111111111111111160e+00
-1.111111111111111160e+00 -1.111111111111111160e+00 -1.111111111111111160e+00
-1.111111111111111160e+00 -1.111111111111111160e+00 -1.111111111111111160e+00
-1.111111111111111160e+00 -1.111111111111111160e+00 -1.111111111111111160e+00
-1.111111111111111160e+00 -1.111111111111111160e+00 -1.111111111111111160e+00
-1.111111111111111160e+00 0.000000000000000000e+00 0.000000000000000000e+00
-1.111111111111111160e+00 -1.111111111111111160e+00 -1.111111111111111160e+00
0.000000000000000000e+00 0.000000000000000000e+00 0.000000000000000000e+00
0.000000000000000000e+00 0.000000000000000000e+00 0.000000000000000000e+00
0.000000000000000000e+00 0.000000000000000000e+00 0.000000000000000000e+00
-1.111111111111111160e+00 -1.111111111111111160e+00 0.000000000000000000e+00
-1.111111111111111160e+00 -1.111111111111110050e+00 -1.111111111111111160e+00
-1.111111111111111160e+00 -1.111111111111111160e+00 -1.111111111111111160e+00
-1.111111111111111160e+00 -1.111111111111111160e+00 -1.111111111111111160e+00
-1.111111111111111160e+00 -1.111111111111111160e+00 -1.111111111111111160e+00
-1.111111111111111160e+00 -1.111111111111111160e+00 -1.111111111111111160e+00
-1.111111111111111160e+00 -1.111111111111111160e+00 -1.111111111111111160e+00
-1.111111111111111160e+00 -1.111111111111111160e+00 -1.111111111111111160e+00
-1.111111111111111160e+00 -1.111111111111111160e+00 -1.111111111111111160e+00
-1.111111111111111160e+00 -1.111111111111111160e+00 -1.111111111111111160e+00
-1.111111111111111160e+00 -1.111111111111111160e+00 -1.111111111111111160e+00
-1.111111111111111160e+00 -1.111111111111111160e+00 -1.111111111111111160e+00
-1.111111111111111160e+00 -1.111111111111111160e+00 -1.111111111111111160e+00
-1.111111111111111160e+00 -1.111111111111111160e+00 -1.111111111111111160e+00
-1.111111111111111160e+00 -1.111111111111111160e+00 -1.111111111111111160e+00
0.000000000000000000e+00 -1.111111111111111160e+00 0.000000000000000000e+00
-1.111111111111111160e+00 0.000000000000000000e+00 0.000000000000000000e+00
0.000000000000000000e+00 0.000000000000000000e+00 0.000000000000000000e+00
0.000000000000000000e+00 0.000000000000000000e+00 0.000000000000000000e+00
-1.111111111111111160e+00 -1.111111111111111160e+00 -1.111111111111111160e+00
-1.111111111111111160e+00 -1.111111111111111160e+00 -1.111111111111111160e+00
-1.111111111111111160e+00 -1.111111111111111160e+00 -1.111111111111111160e+00
-1.111111111111111160e+00 -1.111111111111111160e+00 -1.111111111111111160e+00
-1.111111111111111160e+00 -1.111111111111111160e+00 -1.111111111111111160e+00
-1.111111111111111160e+00 -1.111111111111111160e+00 -1.111111111111111160e+00
-1.111111111111111160e+00 -1.111111111111111160e+00 -1.111111111111111160e+00
-1.111111111111111160e+00 -1.111111111111111160e+00 -1.111111111111111160e+00
-1.111111111111111160e+00 -1.111111111111111160e+00 -1.111111111111111160e+00
-1.111111111111111160e+00 -1.111111111111111160e+00 -1.111111111111111160e+00
-1.111111111111111160e+00 -1.111111111111111160e+00 -1.111111111111111160e+00
-1.111111111111111160e+00 -1.111111111111111160e+00 -1.111111111111111160e+00
-1.111111111111111160e+00 -1.111111111111111160e+00 -1.111111111111111160e+00
-1.111111111111111160e+00 -1.111111111111111160e+00 -1.111111111111111160e+00
-1.111111111111111160e+00 -1.111111111111111160e+00 -1.111111111111111160e+00
-1.111111111111100058e+00 -1.111111111110999916e+00 -1.111111111110999916e+00
-1.111111111111111160e+00 -1.111111111111111160e+00 -1.111111111111111160e+00
0.000000000000000000e+00 -1.111111111111111160e+00 0.000000000000000000e+00
0.000000000000000000e+00 0.000000000000000000e+00 0.000000000000000000e+00
0.000000000000000000e+00 0.000000000000000000e+00 0.000000000000000000e+00
0.000000000000000000e+00 -1.111111111111111160e+00 -1.111111111111111160e+00
-1.111111111111111160e+00 -1.111111111111111160e+00 -1.111111111111111160e+00
-1.111111109999999957e+00 -1.111111100000000018e+00 -1.111111111000000040e+00
-1.111111111111111160e+00 -1.111111111111111160e+00 -1.111111111111111160e+00
-1.111111111111111160e+00 -1.111111111111111160e+00 -1.111111111111111160e+00
-1.111111111111111160e+00 -1.111111111111111160e+00 -1.111111111111111160e+00
-1.111111111111111160e+00 -1.111111111111111160e+00 -1.111111111111111160e+00
-1.111111111111111160e+00 -1.111111111111111160e+00 -1.111111111111111160e+00
-1.111111111111111160e+00 -1.111111111111111160e+00 -1.111111111111111160e+00
-1.111111111111111160e+00 -1.111111111111111160e+00 -1.111111111111111160e+00
-1.111111111111111160e+00 -1.111111111111111160e+00 -1.111111111111111160e+00
-1.111111111111111160e+00 -1.111111111111111160e+00 -1.111111111111111160e+00
-1.111111111111111160e+00 -1.111111111111111160e+00 -1.111111111111111160e+00
-1.111111111111111160e+00 -1.111111111111111160e+00 -1.111111111111111160e+00
-1.111111111111111160e+00 -1.111111111111111160e+00 -1.111111111111111160e+00
-1.111111111111111160e+00 -1.111111111111111160e+00 -1.111111111111111160e+00
-1.111111111111111160e+00 -1.111111111111111160e+00 0.000000000000000000e+00
-1.111111111111111160e+00 -1.111111111111111160e+00 -1.111111111111111160e+00
0.000000000000000000e+00 0.000000000000000000e+00 0.000000000000000000e+00
0.000000000000000000e+00 0.000000000000000000e+00 0.000000000000000000e+00
0.000000000000000000e+00 0.000000000000000000e+00 0.000000000000000000e+00
-1.111111111111111160e+00 -1.111111111111111160e+00 -1.111111111110999916e+00
-1.111111111000000040e+00 -1.111111111111111160e+00 -1.111111111111111160e+00
-1.111111111111111160e+00 -1.111111111111111160e+00 -1.111111111111111160e+00
-1.111111111111111160e+00 -1.111111111111111160e+00 -1.111111111111111160e+00
-1.111111111111111160e+00 -1.111111111111111160e+00 -1.111111111111111160e+00
-1.111111111111111160e+00 -1.111111111111111160e+00 -1.111111111111111160e+00
-1.111111111111111160e+00 -1.111111111111111160e+00 -1.111111111111111160e+00
-1.111111111111111160e+00 -1.111111111111111160e+00 -1.111111111111111160e+00
-1.111111111111111160e+00 -1.111111111111111160e+00 -1.111111111111111160e+00
-1.111111111111111160e+00 -1.111111111111111160e+00 -1.111111111111111160e+00
-1.111111111111111160e+00 -1.111111111111111160e+00 -1.111111111111111160e+00
-1.111111111111111160e+00 -1.111111111111111160e+00 -1.111111111111111160e+00
-1.111111111111111160e+00 -1.111111111111111160e+00 -1.111111111111111160e+00
-1.111111111111111160e+00 -1.111111111111111160e+00 -1.111111111111111160e+00
-1.111111111111111160e+00 -1.111111111111110050e+00 -1.111111111110999916e+00
-1.111111111111111160e+00 -1.111111111111111160e+00 -1.111111111111111160e+00
-1.111111111111111160e+00 0.000000000000000000e+00 -1.111111111111111160e+00
0.000000000000000000e+00 0.000000000000000000e+00 0.000000000000000000e+00
0.000000000000000000e+00 0.000000000000000000e+00 0.000000000000000000e+00
-1.111111111111111160e+00 0.000000000000000000e+00 0.000000000000000000e+00
-1.111111111111111160e+00 -1.111111111111111160e+00 -1.111111111111111160e+00
-1.111111111111111160e+00 -1.111111111000000040e+00 -1.111111111111111160e+00
-1.111111111111111160e+00 -1.111111111111111160e+00 -1.111111111111111160e+00
-1.111111111111111160e+00 -1.111111111111111160e+00 -1.111111111111111160e+00
-1.111111111111111160e+00 -1.111111111111111160e+00 -1.111111111111111160e+00
-1.111111111111111160e+00 -1.111111111111111160e+00 -1.111111111111111160e+00
-1.111111111111111160e+00 -1.111111111111111160e+00 -1.111111111111111160e+00
-1.111111111111111160e+00 -1.111111111111111160e+00 -1.111111111111111160e+00
-1.111111111111111160e+00 -1.111111111111111160e+00 -1.111111111111111160e+00
-1.111111111111111160e+00 -1.111111111111111160e+00 -1.111111111111111160e+00
-1.111111111111111160e+00 -1.111111111111111160e+00 -1.111111111111111160e+00
-1.111111111111111160e+00 -1.111111111111111160e+00 -1.111111111111111160e+00
-1.111111111111111160e+00 -1.111111111111111160e+00 -1.111111111111111160e+00
-1.111111111111111160e+00 -1.111111111111111160e+00 -1.111111111111111160e+00
-1.111111111111111160e+00 -1.111111111111100058e+00 -1.111111111110999916e+00
-1.111111111111111160e+00 0.000000000000000000e+00 -1.111111111111111160e+00
0.000000000000000000e+00 -1.111111111111111160e+00 -1.111111111110000049e+00
0.000000000000000000e+00 -1.111111111111111160e+00 0.000000000000000000e+00
0.000000000000000000e+00 0.000000000000000000e+00 0.000000000000000000e+00
0.000000000000000000e+00 0.000000000000000000e+00 0.000000000000000000e+00
-1.111111111111111160e+00 -1.111111111111111160e+00 -1.111111111111111160e+00
-1.111111111111111160e+00 -1.111111111111111160e+00 -1.111110999999999960e+00
-1.111111111111110050e+00 -1.111111111111111160e+00 -1.111111111111111160e+00
-1.111111111111111160e+00 -1.111111111111111160e+00 -1.111111111111111160e+00
-1.111111111111111160e+00 -1.111111111111111160e+00 -1.111111111111111160e+00
-1.111111111111111160e+00 -1.111111111111111160e+00 -1.111111111111111160e+00
-1.111111111111111160e+00 -1.111111111111111160e+00 -1.111111111111111160e+00
-1.111111111111111160e+00 -1.111111111111111160e+00 -1.111111111111111160e+00
-1.111111111111111160e+00 -1.111111111111111160e+00 -1.111111111111111160e+00
-1.111111111111111160e+00 -1.111111111111111160e+00 -1.111111111111111160e+00
-1.111111111111111160e+00 -1.111111111111111160e+00 -1.111111111111111160e+00
-1.111111111111111160e+00 -1.111111111111111160e+00 -1.111111111111111160e+00
-1.111111111111111160e+00 -1.111111111111111160e+00 -1.111111111111111160e+00
-1.111111111111111160e+00 -1.111111111111111160e+00 -1.111111111111111160e+00
-1.111111111111111160e+00 -1.111111111111111160e+00 -1.111111111111111160e+00
-1.111111111111111160e+00 -1.111111111111111160e+00 -1.111111111111111160e+00
-1.111111111111111160e+00 0.000000000000000000e+00 0.000000000000000000e+00
0.000000000000000000e+00 0.000000000000000000e+00 0.000000000000000000e+00
0.000000000000000000e+00 0.000000000000000000e+00 0.000000000000000000e+00
0.000000000000000000e+00 0.000000000000000000e+00 0.000000000000000000e+00
-1.111111111111111160e+00 -1.111111111111111160e+00 0.000000000000000000e+00
0.000000000000000000e+00 0.000000000000000000e+00 -1.111111111111111160e+00
-1.111111111111111160e+00 -1.111111111111111160e+00 -1.111111109999999957e+00
-1.111111111111111160e+00 -1.111111111111111160e+00 -1.111111111111111160e+00
-1.111111111111111160e+00 -1.111111111111111160e+00 -1.111111111111111160e+00
-1.111111111111111160e+00 -1.111111111111111160e+00 -1.111111111111111160e+00
-1.111111111111111160e+00 -1.111111111111111160e+00 -1.111111111111111160e+00
-1.111111111111111160e+00 -1.111111111111111160e+00 -1.111111111111111160e+00
-1.111111111111111160e+00 -1.111111111111111160e+00 -1.111111111111111160e+00
-1.111111111111111160e+00 -1.111111111111111160e+00 -1.111111111111111160e+00
-1.111111111111111160e+00 -1.111111111111111160e+00 -1.111111111111111160e+00
-1.111111111111111160e+00 -1.111111111111111160e+00 -1.111111111111111160e+00
-1.111111111111111160e+00 -1.111111111111111160e+00 -1.111111111111111160e+00
-1.111111111111100058e+00 -1.110000000000000098e+00 -1.111111111110999916e+00
-1.111111109999999957e+00 -1.111111111111100058e+00 -1.111111109999999957e+00
-1.111111111111110938e+00 -1.111111111111111160e+00 -1.111111111111111160e+00
-1.111111111111111160e+00 0.000000000000000000e+00 0.000000000000000000e+00
0.000000000000000000e+00 0.000000000000000000e+00 0.000000000000000000e+00
0.000000000000000000e+00 0.000000000000000000e+00 0.000000000000000000e+00
-1.111111111111111160e+00 0.000000000000000000e+00 0.000000000000000000e+00
-1.111111111111111160e+00 -1.111111111111111160e+00 -1.111111111111111160e+00
-1.111111111111111160e+00 -1.111111111111111160e+00 0.000000000000000000e+00
-1.111111111111111160e+00 -1.111111111111111160e+00 -1.111111111111111160e+00
-1.111111111111111160e+00 -1.111111111111111160e+00 -1.111111111111111160e+00
-1.111111111111111160e+00 -1.111111111110000049e+00 -1.111111111110000049e+00
-1.111111111111111160e+00 -1.111111111111111160e+00 -1.111111111111111160e+00
-1.111111111111111160e+00 -1.111111111111111160e+00 -1.111111111111111160e+00
-1.111111111111111160e+00 -1.111111111111111160e+00 -1.111111111111111160e+00
-1.111111111111111160e+00 -1.111111111111111160e+00 -1.111111111111111160e+00
-1.111111111111111160e+00 -1.111111111111111160e+00 -1.111111111111111160e+00
-1.111111111111111160e+00 -1.111111111111111160e+00 -1.111111111111111160e+00
-1.111111111111111160e+00 -1.111111111111111160e+00 -1.111111111111111160e+00
-1.111111111111111160e+00 -1.111111111111111160e+00 -1.111111111111111160e+00
-1.111111111111111160e+00 -1.111111111110999916e+00 -1.111111111111111160e+00
-1.111111111111111160e+00 -1.111111111111111160e+00 -1.111111111111111160e+00
-1.111111111111111160e+00 -1.111111111111111160e+00 -1.111111111111111160e+00
-1.111111111111111160e+00 -1.111111111111111160e+00 -1.111111111111111160e+00
0.000000000000000000e+00 0.000000000000000000e+00 0.000000000000000000e+00
0.000000000000000000e+00 0.000000000000000000e+00 0.000000000000000000e+00
0.000000000000000000e+00 0.000000000000000000e+00 0.000000000000000000e+00
-1.111111111111111160e+00 -1.111111111111111160e+00 0.000000000000000000e+00
-1.111111111111111160e+00 0.000000000000000000e+00 0.000000000000000000e+00
-1.111111111111111160e+00 0.000000000000000000e+00 0.000000000000000000e+00
-1.111111111111111160e+00 -1.111111109999999957e+00 -1.111111111111111160e+00
-1.111111111111111160e+00 -1.111111111111111160e+00 -1.111111111111111160e+00
-1.111111111111111160e+00 -1.111111111111110938e+00 -1.111111111111111160e+00
-1.111111111111111160e+00 -1.111111111111111160e+00 -1.111111111111111160e+00
-1.111111111111111160e+00 -1.111111111111110938e+00 -1.111111111111111160e+00
-1.111111111111111160e+00 -1.111111111111111160e+00 -1.111111111111110938e+00
-1.111111111111110938e+00 -1.111111111111110050e+00 -1.111111111111111160e+00
-1.111111111111110938e+00 -1.111111111111110938e+00 -1.111111111111110938e+00
-1.111111111111111160e+00 -1.111111111111110050e+00 -1.111111111111110050e+00
-1.111111111111111160e+00 -1.111111111111111160e+00 -1.111111111110000049e+00
-1.111111111111111160e+00 -1.111111111111111160e+00 -1.111111111111111160e+00
-1.111111111111111160e+00 -1.111111111111111160e+00 -1.111111111111111160e+00
-1.111111111111111160e+00 -1.111111111111111160e+00 -1.111111111111111160e+00
-1.111111111111111160e+00 -1.111111111111111160e+00 -1.111111111111111160e+00
0.000000000000000000e+00 0.000000000000000000e+00 -1.111111111111111160e+00
0.000000000000000000e+00 0.000000000000000000e+00 0.000000000000000000e+00
0.000000000000000000e+00 0.000000000000000000e+00 -1.111111111111111160e+00
-1.111111111111111160e+00 0.000000000000000000e+00 -1.111111111111111160e+00
0.000000000000000000e+00 -1.111111111111110938e+00 0.000000000000000000e+00
-1.111111111111111160e+00 -1.111111111111111160e+00 -1.111111111111111160e+00
-1.111111111111111160e+00 -1.111111111111111160e+00 -1.111111111111111160e+00
-1.111111111100000048e+00 -1.111111111111111160e+00 -1.111111111111111160e+00
-1.111111111111111160e+00 -1.111111111111111160e+00 -1.111111111000000040e+00
-1.111111111111111160e+00 -1.111111111111111160e+00 -1.111111111111111160e+00
-1.111111111111100058e+00 -1.111111111111111160e+00 -1.111111111100000048e+00
-1.111111111111111160e+00 -1.111111111111111160e+00 -1.111111111111111160e+00
-1.111111111110000049e+00 -1.111111111110000049e+00 -1.111111111110000049e+00
-1.111111111100000048e+00 -1.111111111100000048e+00 -1.111110999999999960e+00
-1.111111111110000049e+00 -1.111111111111111160e+00 -1.110000000000000098e+00
-1.111111111111111160e+00 -1.111111111111111160e+00 -1.111111111111111160e+00
-1.111111111111111160e+00 -1.111111111111111160e+00 -1.111111111111111160e+00
-1.111111111111111160e+00 -1.111111111111111160e+00 -1.111111111111111160e+00
0.000000000000000000e+00 0.000000000000000000e+00 0.000000000000000000e+00
-1.111111111111111160e+00 -1.111111111111111160e+00 -1.111111111111111160e+00
0.000000000000000000e+00 0.000000000000000000e+00 0.000000000000000000e+00
0.000000000000000000e+00 0.000000000000000000e+00 0.000000000000000000e+00
-1.111111111111111160e+00 -1.111111111111111160e+00 -1.111111111111111160e+00
-1.111111111111111160e+00 -1.111111111111111160e+00 0.000000000000000000e+00
-1.111111111111111160e+00 -1.111111111111111160e+00 -1.111111111111111160e+00
-1.111111111111111160e+00 -1.111111111111111160e+00 -1.111111111111111160e+00
0.000000000000000000e+00 0.000000000000000000e+00 0.000000000000000000e+00
-1.111111111111111160e+00 -1.111111111111111160e+00 0.000000000000000000e+00
-1.111111111111111160e+00 -1.111111111111111160e+00 -1.111111111111111160e+00
-1.111111111111111160e+00 -1.111111111111111160e+00 -1.111111111111111160e+00
-1.111111111111111160e+00 -1.111111111111111160e+00 -1.111111111111111160e+00
-1.111111111111111160e+00 -1.111111111111111160e+00 -1.111111111111111160e+00
-1.111111111111111160e+00 -1.111111111111111160e+00 -1.111111111111111160e+00
-1.111110000000000042e+00 -1.111110999999999960e+00 -1.111111111111111160e+00
-1.111110999999999960e+00 -1.000000000000000000e+00 -1.000000000000000000e+00
-1.111111111100000048e+00 -1.111111111111111160e+00 -1.111111111111111160e+00
-1.111111111111111160e+00 -1.111111111111111160e+00 -1.111111111111111160e+00
-1.111111111111111160e+00 -1.111111111111111160e+00 -1.111111111111111160e+00
-1.111111111111111160e+00 -1.111111111111111160e+00 0.000000000000000000e+00
-1.111111111111111160e+00 -1.111111111111111160e+00 -1.111111111111111160e+00
0.000000000000000000e+00 0.000000000000000000e+00 0.000000000000000000e+00
0.000000000000000000e+00 0.000000000000000000e+00 0.000000000000000000e+00
-1.111111111111111160e+00 -1.111111111111111160e+00 0.000000000000000000e+00
0.000000000000000000e+00 0.000000000000000000e+00 -1.111111111111111160e+00
-1.111111111111111160e+00 -1.111111111111111160e+00 -1.111111111111111160e+00
-1.111111111111111160e+00 -1.111111111111111160e+00 0.000000000000000000e+00
-1.111111111111111160e+00 -1.111111111111111160e+00 0.000000000000000000e+00
-1.111111111111111160e+00 -1.111111111111111160e+00 0.000000000000000000e+00
0.000000000000000000e+00 -1.111111111111111160e+00 0.000000000000000000e+00
-1.111111111111111160e+00 -1.111111111111111160e+00 -1.111111111111111160e+00
-1.111099999999999977e+00 -1.111111111111111160e+00 -1.111111111111111160e+00
-1.111099999999999977e+00 -1.100000000000000089e+00 -1.110999999999999988e+00
-1.111111111111111160e+00 -1.110999999999999988e+00 -1.111099999999999977e+00
-1.100000000000000089e+00 -1.111111111111111160e+00 -1.000000000000000000e+00
-1.111111111111111160e+00 -1.111111111111111160e+00 -1.111111111111111160e+00
-1.111111111111111160e+00 0.000000000000000000e+00 0.000000000000000000e+00
-1.111111111111111160e+00 -1.111111111111111160e+00 0.000000000000000000e+00
-1.111111111111111160e+00 0.000000000000000000e+00 0.000000000000000000e+00
-1.111111111111111160e+00 0.000000000000000000e+00 0.000000000000000000e+00
-1.111111111111111160e+00 0.000000000000000000e+00 -1.111111111111111160e+00
0.000000000000000000e+00 -1.111111111111111160e+00 0.000000000000000000e+00
0.000000000000000000e+00 0.000000000000000000e+00 0.000000000000000000e+00
0.000000000000000000e+00 0.000000000000000000e+00 -1.111111111111111160e+00
-1.111111111111111160e+00 -1.111111111111111160e+00 -1.111111111111111160e+00
-1.111111111111111160e+00 -1.111111111111111160e+00 0.000000000000000000e+00
-1.111111111111111160e+00 -1.111111111111111160e+00 -1.111111111111111160e+00
-1.111111111111111160e+00 -1.111111111111111160e+00 -1.111111111111111160e+00
-1.111111111111111160e+00 -1.111111111111111160e+00 -1.111111111111111160e+00
0.000000000000000000e+00 0.000000000000000000e+00 -1.111111111111111160e+00
-1.111111111111111160e+00 -1.111111111111111160e+00 -1.111111111111111160e+00
-1.111111111111111160e+00 -1.111111111111111160e+00 0.000000000000000000e+00
-1.111111111111111160e+00 -1.111111111111111160e+00 -1.111111111111111160e+00
-1.111111111111111160e+00 -1.111111111111111160e+00 -1.111111111111111160e+00
-1.111111111111111160e+00 -1.111111111111111160e+00 -1.100000000000000089e+00
-1.111111111111111160e+00 -1.111111111111111160e+00 -1.111111111111111160e+00
-1.111111111111111160e+00 -1.111111111111111160e+00 -1.111111111111111160e+00
-1.111111111111111160e+00 -1.111111111111111160e+00 -1.111111111111111160e+00
-1.111111111111111160e+00 -1.111111111111111160e+00 -1.111111111111111160e+00
-1.111111111111111160e+00 -1.111111111111111160e+00 -1.111111111111111160e+00
-1.111111111111111160e+00 0.000000000000000000e+00 0.000000000000000000e+00
0.000000000000000000e+00 0.000000000000000000e+00 0.000000000000000000e+00
0.000000000000000000e+00 0.000000000000000000e+00 0.000000000000000000e+00
-1.111111111111111160e+00 0.000000000000000000e+00 -1.111111111111111160e+00
-1.111111111111111160e+00 0.000000000000000000e+00 0.000000000000000000e+00
-1.111111111111111160e+00 0.000000000000000000e+00 0.000000000000000000e+00
0.000000000000000000e+00 0.000000000000000000e+00 0.000000000000000000e+00
-1.111111111111111160e+00 -1.111111111111111160e+00 0.000000000000000000e+00
-1.111111111111111160e+00 0.000000000000000000e+00 -1.111111111111111160e+00
-1.111111111111111160e+00 0.000000000000000000e+00 0.000000000000000000e+00
-1.111111111111111160e+00 0.000000000000000000e+00 -1.111111111111111160e+00
-1.111111111111111160e+00 0.000000000000000000e+00 0.000000000000000000e+00
0.000000000000000000e+00 0.000000000000000000e+00 0.000000000000000000e+00
-1.111111111111111160e+00 -1.100000000000000089e+00 -1.111111111111111160e+00
-1.000000000000000000e+00 -1.111111111111111160e+00 -1.111111111111111160e+00
-1.111111111111111160e+00 0.000000000000000000e+00 -1.111111111111111160e+00
-1.111111111111111160e+00 -1.111111111111100058e+00 -1.111111111111111160e+00
-1.111111111111111160e+00 -1.111111111111111160e+00 -1.111111111111111160e+00
-1.111111111111111160e+00 -1.111111111111111160e+00 -1.111111111111111160e+00
0.000000000000000000e+00 0.000000000000000000e+00 0.000000000000000000e+00
-1.111111111111111160e+00 0.000000000000000000e+00 0.000000000000000000e+00
0.000000000000000000e+00 0.000000000000000000e+00 0.000000000000000000e+00
0.000000000000000000e+00 0.000000000000000000e+00 0.000000000000000000e+00
0.000000000000000000e+00 0.000000000000000000e+00 0.000000000000000000e+00
0.000000000000000000e+00 0.000000000000000000e+00 0.000000000000000000e+00
-1.111111111111111160e+00 -1.111111111111111160e+00 -1.111111111111111160e+00
0.000000000000000000e+00 0.000000000000000000e+00 -1.111111111111111160e+00
-1.111111111111111160e+00 0.000000000000000000e+00 -1.111111111111111160e+00
-1.111111111111111160e+00 -1.111111111111111160e+00 0.000000000000000000e+00
-1.111111111111111160e+00 0.000000000000000000e+00 0.000000000000000000e+00
-1.111111111111111160e+00 -1.111111111111111160e+00 -1.111111111111111160e+00
0.000000000000000000e+00 0.000000000000000000e+00 0.000000000000000000e+00
-1.111111111111111160e+00 0.000000000000000000e+00 0.000000000000000000e+00
0.000000000000000000e+00 0.000000000000000000e+00 0.000000000000000000e+00
-1.111111111111111160e+00 -1.111111111111111160e+00 0.000000000000000000e+00
-1.111111111111111160e+00 -1.111111111111111160e+00 -1.111111111111111160e+00
-1.111111111111111160e+00 -1.111111111111111160e+00 -1.111111111111111160e+00
-1.111111111111111160e+00 -1.111111111111111160e+00 0.000000000000000000e+00
-1.111111111111111160e+00 -1.111111111111111160e+00 -1.111111111111111160e+00
-1.111111111111111160e+00 -1.111111111111111160e+00 -1.111111111111111160e+00
-1.111111111111111160e+00 -1.111111111111111160e+00 -1.111111111111111160e+00
0.000000000000000000e+00 0.000000000000000000e+00 0.000000000000000000e+00
0.000000000000000000e+00 0.000000000000000000e+00 0.000000000000000000e+00
0.000000000000000000e+00 0.000000000000000000e+00 0.000000000000000000e+00
0.000000000000000000e+00 0.000000000000000000e+00 0.000000000000000000e+00
0.000000000000000000e+00 0.000000000000000000e+00 0.000000000000000000e+00
0.000000000000000000e+00 0.000000000000000000e+00 0.000000000000000000e+00
0.000000000000000000e+00 0.000000000000000000e+00 0.000000000000000000e+00
0.000000000000000000e+00 0.000000000000000000e+00 0.000000000000000000e+00
0.000000000000000000e+00 0.000000000000000000e+00 0.000000000000000000e+00
0.000000000000000000e+00 0.000000000000000000e+00 0.000000000000000000e+00
0.000000000000000000e+00 0.000000000000000000e+00 0.000000000000000000e+00
0.000000000000000000e+00 0.000000000000000000e+00 0.000000000000000000e+00
0.000000000000000000e+00 0.000000000000000000e+00 0.000000000000000000e+00
0.000000000000000000e+00 0.000000000000000000e+00 0.000000000000000000e+00
0.000000000000000000e+00 0.000000000000000000e+00 0.000000000000000000e+00
0.000000000000000000e+00 0.000000000000000000e+00 0.000000000000000000e+00
0.000000000000000000e+00 0.000000000000000000e+00 0.000000000000000000e+00
0.000000000000000000e+00 0.000000000000000000e+00 0.000000000000000000e+00
0.000000000000000000e+00 0.000000000000000000e+00 0.000000000000000000e+00
0.000000000000000000e+00 0.000000000000000000e+00 0.000000000000000000e+00
0.000000000000000000e+00 0.000000000000000000e+00 0.000000000000000000e+00
