0.000000000000000000e+00 0.000000000000000000e+00 0.000000000000000000e+00
0.000000000000000000e+00 0.000000000000000000e+00 0.000000000000000000e+00
0.000000000000000000e+00 0.000000000000000000e+00 0.000000000000000000e+00
-4.018090686620809891e-03 0.000000000000000000e+00 -1.489454315312350964e-03
-4.673621396695493493e-03 -1.090741912330277187e-03 -1.503060207646764873e-03
-8.266792628595599421e-03 -9.017752352439787830e-03 -8.819379786509443098e-03
-5.235130121329712588e-02 -5.142271689604004797e-02 -5.288034341313149755e-02
-1.464701813561527510e-01 -1.453359929940609974e-01 -1.460120546379155004e-01
-2.350463130809477552e-01 -2.355778744943649861e-01 -2.348638203317273965e-01
-2.933437980365548592e-01 -2.935149458323993987e-01 -2.935278823646161328e-01
-6.324157924433713163e-01 -6.318559392906585304e-01 -6.318080495512993222e-01
-5.342646211110143595e-01 -5.352238066038270681e-01 -5.345636584465575103e-01
-1.784176447420664918e-02 -1.689948288169544621e-02 -1.830818653567898441e-02
-5.281066877387229769e-03 0.000000000000000000e+00 0.000000000000000000e+00
0.000000000000000000e+00 0.000000000000000000e+00 0.000000000000000000e+00
-2.483379402387075451e-03 -2.646998816355080556e-03 0.000000000000000000e+00
-2.696078062206064274e-03 -5.389322072326598913e-03 0.000000000000000000e+00
-5.243876255661650450e-03 0.000000000000000000e+00 0.000000000000000000e+00
0.000000000000000000e+00 0.000000000000000000e+00 -1.533993198763043122e-03
0.000000000000000000e+00 0.000000000000000000e+00 0.000000000000000000e+00
0.000000000000000000e+00 0.000000000000000000e+00 0.000000000000000000e+00
-4.579240290178454229e-03 -4.425598098998042608e-03 -2.895579819008060277e-03
-8.817651965589163449e-03 -3.020658478701031789e-03 -2.537670503090525952e-03
-1.112753599324100510e-03 -6.403843942375914491e-03 -4.869021923837559690e-03
-1.410444081224753766e-02 -1.020752053279211889e-02 -1.021241624656508799e-02
-6.509780443609630707e-02 -6.589384887092418486e-02 -6.476918042615757709e-02
-2.637915580257547132e-01 -2.625970696291240469e-01 -2.622139214382369077e-01
-5.293377551665624514e-01 -5.291616945293226015e-01 -5.294325370542397602e-01
-7.406239339867624061e-01 -7.405060607050385491e-01 -7.403741335268326784e-01
-8.580280001999373019e-01 -8.574199782869081909e-01 -8.574384985819332172e-01
-8.644071731764190192e-01 -8.637188014420602578e-01 -8.640391027409500824e-01
-7.728775182775322605e-01 -7.732742951374210749e-01 -7.732699347123951350e-01
-7.466550537389128328e-01 -7.455394463964610807e-01 -7.460318644385340869e-01
-2.668407376415981025e-01 -2.691020484564809467e-01 -2.673973278893709282e-01
-8.648212193841551057e-03 -4.463593281233415103e-03 -1.465144190367476812e-02
-8.500600653953988700e-03 -8.350500322121555408e-03 -9.579888136522499847e-03
-2.705216448862556369e-03 -7.289618043977488630e-03 -8.580839994850519500e-03
-9.258457370285216870e-03 -5.243882069347774108e-03 -1.070879287059130908e-02
-6.199066121044798788e-03 -2.806305080874491389e-03 -2.600961964460898456e-03
0.000000000000000000e+00 -4.484910266853841046e-03 0.000000000000000000e+00
0.000000000000000000e+00 0.000000000000000000e+00 0.000000000000000000e+00
-4.244068129574949007e-03 0.000000000000000000e+00 0.000000000000000000e+00
0.000000000000000000e+00 -2.214368093822837065e-03 -5.047765239448926029e-03
-4.006107737085509886e-03 -5.356799225588228415e-03 -4.316445747155499280e-03
-3.523652806231698797e-02 -3.520081907255081383e-02 -3.574133353991307271e-02
-2.619530797859822013e-01 -2.620244589864448304e-01 -2.621469698317456243e-01
-6.194879610718797558e-01 -6.205226232850421519e-01 -6.206997886900703643e-01
-1.015332245769432928e+00 -1.015698148729880845e+00 -1.016104666938000944e+00
-1.327439008301783074e+00 -1.327012504799633286e+00 -1.327931401106010378e+00
-1.486109519179592775e+00 -1.486798031066693060e+00 -1.486842615464286421e+00
-1.495679109825615249e+00 -1.495625872439226844e+00 -1.495203488944667036e+00
-1.348585574846319801e+00 -1.348165920992325573e+00 -1.350047779795324088e+00
-1.062123692214161252e+00 -1.061599960309249857e+00 -1.062945595119802356e+00
-7.589881740423762846e-01 -7.596358992586120795e-01 -7.592571690890349556e-01
-2.826199962682678923e-01 -2.848703213329229489e-01 -2.839068894677743149e-01
-5.350401195607499237e-03 -5.783556446585086212e-03 0.000000000000000000e+00
-8.609624971568472993e-03 0.000000000000000000e+00 0.000000000000000000e+00
-3.615130731943873386e-03 -4.622557572359690253e-03 0.000000000000000000e+00
-4.370583464284745132e-03 -3.402842683121956244e-03 0.000000000000000000e+00
0.000000000000000000e+00 -2.220160954601509921e-03 0.000000000000000000e+00
0.000000000000000000e+00 0.000000000000000000e+00 0.000000000000000000e+00
-4.324874656941613341e-03 -5.313403320992254875e-03 0.000000000000000000e+00
-2.398179913960608433e-03 -4.541302886975170927e-03 0.000000000000000000e+00
-1.016018870673526114e-02 -1.097261034392780360e-02 -1.453249781182727220e-02
-1.713332593920441071e-01 -1.703334715881300032e-01 -1.713899839347354237e-01
-5.834956844793289799e-01 -5.837885911361565539e-01 -5.835744121140231666e-01
-1.121606088395871170e+00 -1.121710136722699591e+00 -1.122687004110983766e+00
-1.635576745625844097e+00 -1.635554565475890509e+00 -1.635566484973679513e+00
-2.036253836666411132e+00 -2.036396768757257725e+00 -2.036896461771980249e+00
-2.216221572710704191e+00 -2.218192633393666124e+00 -2.217324014966045365e+00
-2.237528639262127417e+00 -2.237941802715033290e+00 -2.237222067506840162e+00
-2.079008783887427825e+00 -2.078847058920198165e+00 -2.078978506713909713e+00
-1.700492661638773884e+00 -1.699905535172080207e+00 -1.699766727447769021e+00
-1.198053786583473279e+00 -1.198784740811935201e+00 -1.198104763134851813e+00
-7.387259954269849160e-01 -7.384105816265542632e-01 -7.373296477873766408e-01
-1.494125695227328521e-01 -1.506409312482933083e-01 -1.494141749967137223e-01
-7.415992266364704322e-03 -1.291591922741611165e-02 -3.718145807226938462e-03
-3.898660217478923298e-03 0.000000000000000000e+00 0.000000000000000000e+00
-5.298336411604343335e-03 -4.416931627663134817e-03 -3.994562491486100195e-03
-4.869617415431150981e-03 0.000000000000000000e+00 0.000000000000000000e+00
0.000000000000000000e+00 0.000000000000000000e+00 0.000000000000000000e+00
-3.923786534244008695e-03 0.000000000000000000e+00 0.000000000000000000e+00
-5.412685435642780943e-03 -6.512891978181445385e-03 -4.677719385331499669e-03
-4.580308378035927164e-02 -4.682274897418292614e-02 -4.569164448289338848e-02
-3.858299129602937860e-01 -3.860725057630142731e-01 -3.863862431984894097e-01
-9.818635244638134196e-01 -9.818938742774708794e-01 -9.824631414893246761e-01
-1.655539931825776190e+00 -1.655372123907669524e+00 -1.655660644626129274e+00
-2.266336921741367583e+00 -2.265071185270651544e+00 -2.266031927613199048e+00
-2.705981136469637338e+00 -2.705972488293298284e+00 -2.706378410526770750e+00
-2.943450893197018914e+00 -2.943287534326846977e+00 -2.943797916680837456e+00
-2.941440592686249023e+00 -2.941443224002694645e+00 -2.941354446087240948e+00
-2.730953494937531811e+00 -2.731116399079968726e+00 -2.731533874861960864e+00
-2.340082273415794667e+00 -2.339885961934066838e+00 -2.340169600590836563e+00
-1.791911447132066071e+00 -1.792028529356952005e+00 -1.792147988466991082e+00
-1.100817244766036485e+00 -1.100446761878816737e+00 -1.101537163553592213e+00
-5.823419589572585986e-01 -5.816369275032921005e-01 -5.808655382696147340e-01
-2.085288173481197188e-02 -2.076718719478383782e-02 -2.292928417492423598e-02
-4.837981506448493264e-03 -4.475654978612975295e-03 0.000000000000000000e+00
0.000000000000000000e+00 0.000000000000000000e+00 0.000000000000000000e+00
0.000000000000000000e+00 0.000000000000000000e+00 0.000000000000000000e+00
0.000000000000000000e+00 0.000000000000000000e+00 0.000000000000000000e+00
0.000000000000000000e+00 0.000000000000000000e+00 0.000000000000000000e+00
-5.011520389091700042e-03 -4.072378119652522027e-03 -6.848309661771146903e-03
-1.131181706862932485e-01 -1.140595582781106232e-01 -1.132946066596368928e-01
-6.027778313131005872e-01 -6.025652548025007826e-01 -6.023155709053397144e-01
-1.311011949939183685e+00 -1.310710167877840560e+00 -1.310872649442036408e+00
-2.093493774646051353e+00 -2.093582803873059728e+00 -2.093710701373129535e+00
-2.763643514308700144e+00 -2.763518873970068235e+00 -2.763628750117942179e+00
-3.352215904005858782e+00 -3.352280586724744715e+00 -3.353029380223472522e+00
-3.717269031496774456e+00 -3.717473423921612063e+00 -3.717927811591603682e+00
-3.692129131270346143e+00 -3.692247136377428518e+00 -3.692681632774101441e+00
-3.428112580744405058e+00 -3.427627208639177692e+00 -3.428048730529178911e+00
-2.888071520778252577e+00 -2.888112139051270066e+00 -2.887845781374465570e+00
-2.265489604548273750e+00 -2.265537241990540629e+00 -2.265215768028717491e+00
-1.549049136992651343e+00 -1.549014636864985750e+00 -1.549078717913115577e+00
-8.201832133780784240e-01 -8.203394580199612207e-01 -8.203467233155461447e-01
-1.847157144374831639e-01 -1.856876872427732916e-01 -1.839597416243924366e-01
-4.243905699063024554e-03 -7.510110321752182586e-03 -1.468948871713165322e-02
-3.798813882881030713e-03 -3.854099187857592916e-03 -4.044491518854554692e-03
0.000000000000000000e+00 0.000000000000000000e+00 0.000000000000000000e+00
0.000000000000000000e+00 0.000000000000000000e+00 0.000000000000000000e+00
-3.901063735669953094e-03 -4.110318946569433904e-03 -2.022758529841584604e-03
-9.408807173601945253e-03 -4.968660442749605818e-03 -4.995142063706673775e-03
-1.674179129889722117e-01 -1.676788463114930183e-01 -1.681174981787318667e-01
-7.132857435586080763e-01 -7.133601839814813772e-01 -7.144503000086355193e-01
-1.492198236400962053e+00 -1.492634883049535732e+00 -1.492757168066724649e+00
-2.329836162602731964e+00 -2.329499747203989557e+00 -2.329724796373115581e+00
-3.084516613656876238e+00 -3.084350349686962200e+00 -3.084509114279161412e+00
-3.874658311241432784e+00 -3.874345820899106840e+00 -3.874760710042338019e+00
-4.433534187467672361e+00 -4.434902252458589267e+00 -4.434798372945247813e+00
-4.612091072258460933e+00 -4.612228576138507563e+00 -4.611292638274335332e+00
-3.879247730790133186e+00 -3.879153966153408462e+00 -3.878716263223587202e+00
-3.327905534554081779e+00 -3.327759510239650886e+00 -3.328094816899051178e+00
-2.578928479783653138e+00 -2.577996611372928459e+00 -2.578827515673962623e+00
-1.858065979288851199e+00 -1.858235093533862958e+00 -1.857526636781732687e+00
-9.758119342258474438e-01 -9.751225046838416510e-01 -9.779651531854971491e-01
-3.879554588579485208e-01 -3.883758748236806335e-01 -3.879915376460608134e-01
-9.116968961684379300e-03 -6.929676195163073267e-03 -6.665928948753487016e-03
-6.732198830737396410e-03 -3.496841960172536196e-03 -8.760214100132317910e-03
0.000000000000000000e+00 0.000000000000000000e+00 0.000000000000000000e+00
0.000000000000000000e+00 0.000000000000000000e+00 0.000000000000000000e+00
0.000000000000000000e+00 0.000000000000000000e+00 -4.570300556669721834e-03
-3.000398323350000028e-03 -3.001248068369125228e-03 -1.002723985077384923e-02
-1.534656126621620764e-01 -1.534063602834837559e-01 -1.539689899391675776e-01
-6.973954470485310697e-01 -6.968144014957086130e-01 -6.984259267413124306e-01
-1.479466449023562280e+00 -1.479490660267188007e+00 -1.479221472020916250e+00
-2.319860889041874152e+00 -2.319790617084968698e+00 -2.319568651325561781e+00
-3.071168556050599907e+00 -3.070979246191402723e+00 -3.070857254450658935e+00
-3.855348173330232164e+00 -3.855029188965538367e+00 -3.855386569902727878e+00
-4.661527726408215777e+00 -4.666232127838722654e+00 -4.665940554339870872e+00
-5.201462245954053820e+00 -5.202377752017532053e+00 -5.193213270623650679e+00
-4.226680731563589255e+00 -4.226743634793246329e+00 -4.226479993380135802e+00
-3.537945387595017088e+00 -3.538021837504762512e+00 -3.537871382742861393e+00
-2.711381885771200650e+00 -2.712307246567903896e+00 -2.712025107870898566e+00
-1.965810059934451681e+00 -1.965672985766544700e+00 -1.966534137724798681e+00
-1.083233843713214961e+00 -1.083911641511883239e+00 -1.083595072120613123e+00
-4.465716694322221514e-01 -4.450306754143739107e-01 -4.458469283671703809e-01
-4.377573469045148262e-03 -5.091895589020466011e-03 -7.892474470303265099e-03
-5.391723646412011767e-03 0.000000000000000000e+00 -6.820214678116423915e-03
0.000000000000000000e+00 0.000000000000000000e+00 0.000000000000000000e+00
0.000000000000000000e+00 0.000000000000000000e+00 0.000000000000000000e+00
-4.912994205095682146e-03 0.000000000000000000e+00 0.000000000000000000e+00
-8.378231353941365672e-03 -5.995601301813840121e-03 -1.000849999999999960e-03
-9.237539396853050588e-02 -9.268676361663930052e-02 -9.302395195423153462e-02
-5.821772575912139702e-01 -5.834468148201896742e-01 -5.819144385158181443e-01
-1.300744401865893130e+00 -1.300746134196993031e+00 -1.301357321470022255e+00
-2.101721409602747670e+00 -2.102008103648955739e+00 -2.102056378506909073e+00
-2.786761831424824365e+00 -2.787040780595638090e+00 -2.786695499364891138e+00
-3.455923197775887967e+00 -3.455654652357854850e+00 -3.456545837863671089e+00
-4.032725146097192237e+00 -4.033163228944078860e+00 -4.033270299621988464e+00
-4.143491755944898713e+00 -4.143494444915957864e+00 -4.142862697097615232e+00
-3.826471447112971713e+00 -3.825985681331616206e+00 -3.825761273032707077e+00
-3.328031173003365151e+00 -3.327940539580323431e+00 -3.328270992720795185e+00
-2.613190321958057893e+00 -2.613169102002145472e+00 -2.613180036408263796e+00
-1.872157526211919443e+00 -1.871829865821436734e+00 -1.871560341322724419e+00
-1.023899413135779923e+00 -1.023344551148359427e+00 -1.023493716052962021e+00
-3.946656917184109825e-01 -3.945292547383310588e-01 -3.948945617458059498e-01
-4.145031236966486773e-03 -6.506261969235444670e-03 -8.292812958462250639e-03
-4.062742314644813071e-03 -3.670987637428358048e-03 -3.961577760259429176e-03
0.000000000000000000e+00 0.000000000000000000e+00 0.000000000000000000e+00
0.000000000000000000e+00 0.000000000000000000e+00 0.000000000000000000e+00
-1.070761395639718318e-02 -1.173100053274825708e-02 -9.382976981475762979e-03
0.000000000000000000e+00 -1.000000000000000021e-03 0.000000000000000000e+00
-2.948974196879831575e-02 -3.131543032028109158e-02 -3.140030525181283783e-02
-3.836132697247634504e-01 -3.838288631479688795e-01 -3.846758809260699130e-01
-9.811314296528125256e-01 -9.818610042219391154e-01 -9.813733498590762050e-01
-1.708041922657391520e+00 -1.708780614210011484e+00 -1.708972413983927741e+00
-2.371190829029382385e+00 -2.370410588135693164e+00 -2.370390451024245060e+00
-2.870175057897216941e+00 -2.870331821282310347e+00 -2.870629307722620815e+00
-3.258392070116517658e+00 -3.257640464001436698e+00 -3.257814253598878551e+00
-3.362990797794281228e+00 -3.362871063992544318e+00 -3.362795725108524092e+00
-3.228002384595535013e+00 -3.227755144742969318e+00 -3.227724339016796673e+00
-2.799490610389979928e+00 -2.799390184110223334e+00 -2.799430645204535661e+00
-2.240646181715532759e+00 -2.240712429990652677e+00 -2.240753734883776271e+00
-1.557330162002436458e+00 -1.557531880902460752e+00 -1.556985548554307819e+00
-8.392122176523244548e-01 -8.396366508626632585e-01 -8.390352350860625918e-01
-2.368805507216482920e-01 -2.372268068353266257e-01 -2.369080136527146607e-01
-6.433400007043189525e-03 -4.649810228617188429e-03 -3.718037621390520193e-03
-4.237675231825217652e-03 -4.472755796952006258e-03 0.000000000000000000e+00
0.000000000000000000e+00 0.000000000000000000e+00 0.000000000000000000e+00
0.000000000000000000e+00 0.000000000000000000e+00 0.000000000000000000e+00
-1.578897872809932514e-03 -4.705382671392120859e-03 0.000000000000000000e+00
0.000000000000000000e+00 0.000000000000000000e+00 -6.166263862930227227e-03
-6.048637297849070865e-03 -5.277492134640536514e-03 -6.739540236020535174e-03
-1.491436459574276285e-01 -1.486896310550368250e-01 -1.491528140989882012e-01
-6.148325993915002563e-01 -6.158569843198005156e-01 -6.150582556460495454e-01
-1.192851434901470720e+00 -1.192318346356524339e+00 -1.192196485788630689e+00
-1.806472784195026104e+00 -1.806245793502482266e+00 -1.806196346604468150e+00
-2.256775139298479615e+00 -2.256994439343198877e+00 -2.257472764790422470e+00
-2.550014232360907407e+00 -2.549827711994718804e+00 -2.549938660007794233e+00
-2.640926511936977583e+00 -2.640931817527330416e+00 -2.641053211812938617e+00
-2.521352232672509075e+00 -2.522276905572574890e+00 -2.521866424018185615e+00
-2.202041600908715147e+00 -2.202350928487646797e+00 -2.201524871760836444e+00
-1.737224690156891516e+00 -1.737260181628223599e+00 -1.737525240300447971e+00
-1.102881777162298516e+00 -1.102461737705183298e+00 -1.102315727428001990e+00
-5.480401455832553115e-01 -5.486639741208146903e-01 -5.481672431475725915e-01
-7.008731373084962912e-02 -7.018925450383745046e-02 -7.099008145411951631e-02
-3.145780515810027000e-03 -4.899236306107935396e-03 0.000000000000000000e+00
-4.506004483519385206e-03 0.000000000000000000e+00 -3.487974632766896628e-03
0.000000000000000000e+00 0.000000000000000000e+00 0.000000000000000000e+00
0.000000000000000000e+00 0.000000000000000000e+00 0.000000000000000000e+00
-3.534489331031715094e-03 0.000000000000000000e+00 0.000000000000000000e+00
-3.586381576652383427e-03 0.000000000000000000e+00 0.000000000000000000e+00
-1.537636702319001127e-03 -8.368853395669216891e-03 -3.597877424371748005e-03
-2.599890251545036723e-02 -2.494593194343639256e-02 -2.561089836364624159e-02
-2.671479020516072667e-01 -2.665939154328770822e-01 -2.673764327785850270e-01
-7.028883536151231404e-01 -7.022990488233593620e-01 -7.019043133348260577e-01
-1.164387680284894255e+00 -1.165250856810118973e+00 -1.164602017409350099e+00
-1.586139984996228325e+00 -1.586636458120966875e+00 -1.586528325801890738e+00
-1.835927616893437753e+00 -1.835426671426607204e+00 -1.835507807480431852e+00
-1.906531924157965019e+00 -1.906876146196512023e+00 -1.906413671482342531e+00
-1.827572601791698892e+00 -1.827597784628397948e+00 -1.827470458460592306e+00
-1.562021271715976267e+00 -1.561286514202146813e+00 -1.561574131651661146e+00
-1.104996953426994111e+00 -1.105216442659189058e+00 -1.104788020052327457e+00
-6.725865976508287325e-01 -6.719275400495033912e-01 -6.729560557080567218e-01
-2.229055294532882592e-01 -2.227123317400849789e-01 -2.234051203248118012e-01
-1.753917809306343792e-02 -1.983885567882209822e-02 -1.752523280273220532e-02
-6.264617293745214019e-03 -4.039135629964855576e-03 0.000000000000000000e+00
-4.067162114441893496e-03 0.000000000000000000e+00 0.000000000000000000e+00
0.000000000000000000e+00 0.000000000000000000e+00 0.000000000000000000e+00
0.000000000000000000e+00 0.000000000000000000e+00 0.000000000000000000e+00
-4.479911227236886041e-03 -2.715072361375181313e-03 0.000000000000000000e+00
-3.985630489526461456e-03 -5.622562974358687703e-03 -7.398992127936368166e-03
-3.909541429649805201e-03 0.000000000000000000e+00 0.000000000000000000e+00
-1.374742854077713912e-03 -1.001015755158346293e-03 -3.622648210979702472e-03
-4.891173701782733363e-02 -4.850478307710260478e-02 -4.963667219877585662e-02
-3.026382574838326067e-01 -3.026415491756395681e-01 -3.029824390267539247e-01
-6.592604946301575675e-01 -6.595049541628817957e-01 -6.592799779922263737e-01
-9.386662092807634972e-01 -9.385985181022284962e-01 -9.389314274952206274e-01
-1.133654282843133743e+00 -1.133106173022619956e+00 -1.133490314031211810e+00
-1.186018161006733296e+00 -1.185989914387707955e+00 -1.185624631046936495e+00
-1.110209706233671767e+00 -1.110003646181708659e+00 -1.110138139046674688e+00
-9.023772459580745586e-01 -9.025197479276121371e-01 -9.022642212785187965e-01
-6.384143883233115435e-01 -6.374940307475421841e-01 -6.378869359992321852e-01
-2.786218953614643112e-01 -2.794062992933007417e-01 -2.784032416820294564e-01
-3.306184969216333092e-02 -3.243645886022452490e-02 -3.189911463170814337e-02
-2.209070606000638603e-03 -4.566531704439430808e-03 0.000000000000000000e+00
-9.700335308176908505e-03 -8.275939131091692574e-03 -1.516189050971703672e-02
-3.441350289381497202e-03 -3.318196898102948600e-03 -4.512689573414942548e-03
0.000000000000000000e+00 0.000000000000000000e+00 0.000000000000000000e+00
0.000000000000000000e+00 0.000000000000000000e+00 0.000000000000000000e+00
0.000000000000000000e+00 0.000000000000000000e+00 0.000000000000000000e+00
0.000000000000000000e+00 -4.507279255641139654e-03 0.000000000000000000e+00
-2.003004326260735511e-03 0.000000000000000000e+00 0.000000000000000000e+00
-4.964164000309107851e-03 -4.956270676094025850e-03 -4.647958372930055537e-03
-3.473161646792732003e-03 -3.039783887994638653e-03 -7.982721650972976826e-03
-6.388688710156034678e-02 -6.409219542625774202e-02 -6.383871546482620951e-02
-2.639723100927377497e-01 -2.648362968764262915e-01 -2.641742572868652217e-01
-5.023542293163053563e-01 -5.014898223326373916e-01 -5.010980812644760807e-01
-6.537680435054954442e-01 -6.536955847836883882e-01 -6.535787596218984863e-01
-6.878748215044905301e-01 -6.886506500787307194e-01 -6.877471923926556929e-01
-6.413188855591609450e-01 -6.412626262090427298e-01 -6.411800973804553383e-01
-4.886308018831891364e-01 -4.883407486991486190e-01 -4.886726436001094243e-01
-2.397117057939895934e-01 -2.395819369320222325e-01 -2.400396745629891637e-01
-4.223670880085862722e-02 -4.240177937856765000e-02 -4.158782586586148855e-02
-1.007520661469708464e-03 -2.971424486533670844e-03 -1.027780488946950259e-03
-1.759031953662034548e-02 -5.177933022502715851e-03 -5.288952673483643396e-03
-3.369818224728573543e-03 -2.998648385369923064e-03 0.000000000000000000e+00
0.000000000000000000e+00 0.000000000000000000e+00 -9.724692552696503206e-03
0.000000000000000000e+00 0.000000000000000000e+00 0.000000000000000000e+00
0.000000000000000000e+00 0.000000000000000000e+00 0.000000000000000000e+00
-4.905325938998181604e-03 0.000000000000000000e+00 0.000000000000000000e+00
-8.578684010433042934e-03 -8.800228473931404755e-03 -5.864447432646920089e-03
-4.938469709524644785e-03 -4.155527643621841592e-03 -3.349283632215197502e-03
-5.003841348443952702e-03 -4.266736675364829305e-03 0.000000000000000000e+00
-5.667680409951785653e-03 -9.109087179466339446e-03 -4.112906110792848360e-03
-9.566049505976420564e-03 -9.670837685754603980e-03 -7.493289669904871358e-03
-5.708055385579220709e-02 -5.207227823303958725e-02 -5.247732884119226532e-02
-1.732248298145190046e-01 -1.729170016676795374e-01 -1.728929311177403727e-01
-2.859770393208986294e-01 -2.848665758709805762e-01 -2.851805257191510345e-01
-3.258858149912957081e-01 -3.260893501578355225e-01 -3.250157061379517764e-01
-2.788210363674109016e-01 -2.785197082036039995e-01 -2.782625024413412085e-01
-1.555653135046148883e-01 -1.555082413908151495e-01 -1.551031431604549538e-01
-4.458651804525720630e-02 -4.360785461340783986e-02 -4.442162464569141683e-02
-1.183984028852793496e-02 -4.151487828702485686e-03 -4.579619020263025683e-03
-4.841035324781204144e-03 -9.260699599708963753e-03 -1.179928023914117094e-02
-8.922309011620579294e-03 -8.133475763839364409e-03 -7.276007785722545321e-03
-3.152165750155092733e-03 -4.766827468534046153e-03 0.000000000000000000e+00
0.000000000000000000e+00 0.000000000000000000e+00 0.000000000000000000e+00
0.000000000000000000e+00 0.000000000000000000e+00 0.000000000000000000e+00
0.000000000000000000e+00 0.000000000000000000e+00 0.000000000000000000e+00
-4.559609522710855560e-03 -5.282808705226471786e-03 0.000000000000000000e+00
-3.516920122822940389e-03 0.000000000000000000e+00 0.000000000000000000e+00
-3.701995258559887935e-03 -7.365574491593753284e-03 -5.212524382142703396e-03
-2.433843998485482434e-03 -5.169202720294055649e-03 0.000000000000000000e+00
-8.644135763498211542e-03 -4.627524660283278621e-03 -9.024767939151889448e-03
-4.519025362866762111e-03 -3.693372644772264981e-03 0.000000000000000000e+00
-7.252887061841812449e-03 -2.013601206697867435e-03 -1.003431133396101398e-03
-3.533225605130721481e-02 -3.533245746674370386e-02 -3.576542243416716560e-02
-8.761930365401240928e-02 -8.771352738252875814e-02 -8.682742875355620171e-02
-1.072133824134740288e-01 -1.066228546032423619e-01 -1.060625391023932024e-01
-8.110954401763001420e-02 -7.992071982276076347e-02 -8.035670081934710718e-02
-3.038099549542920205e-02 -2.937078670105176120e-02 -2.975685985412972537e-02
-6.104472083249763530e-03 -6.503726841720266008e-03 -8.346586033426039303e-03
-4.356762291077835580e-03 0.000000000000000000e+00 -3.719165363446353713e-03
-7.554842725206660330e-03 -9.869429723740877000e-03 -5.416351809816722165e-03
0.000000000000000000e+00 -5.135761856150235748e-03 0.000000000000000000e+00
-4.908305690554183240e-03 0.000000000000000000e+00 0.000000000000000000e+00
-4.649361886585827615e-03 0.000000000000000000e+00 0.000000000000000000e+00
0.000000000000000000e+00 0.000000000000000000e+00 0.000000000000000000e+00
0.000000000000000000e+00 0.000000000000000000e+00 0.000000000000000000e+00
-4.760630876945400915e-03 -4.783826601574756726e-03 -6.859057509077229157e-03
-5.026580799895441660e-03 -2.475230823990899956e-03 -3.061377665295630327e-03
-3.110051006180963688e-03 -3.929373003763466862e-03 -4.878592298932060700e-03
-4.111328646794423607e-03 -4.624555086515461273e-03 -5.295250416153834093e-03
-6.875902142447510093e-03 -4.612855443652751596e-03 -5.416649653019417129e-03
-4.104014505296437083e-03 -2.192092464916061464e-03 0.000000000000000000e+00
-4.911293003948033475e-03 0.000000000000000000e+00 0.000000000000000000e+00
-6.036616170017094878e-03 -5.344118541926139512e-03 -8.816145775927366687e-03
-1.106969684361116570e-02 -1.105816932118773230e-02 -1.123710274408500596e-02
-1.795682801773044665e-02 -1.798194944824370659e-02 -1.697961312869344236e-02
-1.788013068479262294e-02 -1.623226173612838177e-02 -1.575999903536032601e-02
-5.574550234846910313e-03 -6.569629905600743273e-03 -9.300120599620384856e-03
-7.209466916627797414e-03 -1.439455204595308999e-02 -3.609097621330241944e-03
-2.156666645859643770e-03 -4.208253357327109215e-03 -1.319417724930471150e-03
-8.364519076443085316e-03 -7.643852844265334318e-03 -6.024794377468355167e-03
-5.036612089367104202e-03 0.000000000000000000e+00 0.000000000000000000e+00
-2.325550741743190319e-03 -4.926033210126566121e-03 -3.301396918951181921e-03
-7.790724767645797362e-03 -3.840151455165555401e-03 0.000000000000000000e+00
0.000000000000000000e+00 0.000000000000000000e+00 0.000000000000000000e+00
0.000000000000000000e+00 0.000000000000000000e+00 0.000000000000000000e+00
-2.789051330337638610e-03 -4.280709072447347330e-03 0.000000000000000000e+00
-3.861290341499481766e-03 -6.372568272962262498e-03 -5.554294684354433784e-03
0.000000000000000000e+00 0.000000000000000000e+00 0.000000000000000000e+00
-4.596812868510069885e-03 -4.711934501032124731e-03 -5.803483309670830551e-03
-2.986936733100408869e-03 -3.938031605751918067e-03 -4.353629500607624284e-03
-5.249465022465071504e-03 -5.299327056414736975e-03 0.000000000000000000e+00
-4.144828672011317827e-03 -4.501159699526562780e-03 -5.035131167739389201e-03
-3.800268838553056295e-03 -8.333752210485233236e-03 0.000000000000000000e+00
-4.062380999865212311e-03 0.000000000000000000e+00 0.000000000000000000e+00
-8.333927450303722784e-03 -1.091279128921652034e-02 -7.994957071562681580e-03
-8.234175743521908800e-03 -1.071091602882734244e-02 -5.094515272300487695e-03
-1.181824311930381247e-02 -8.078052114156471231e-03 -1.003805925031975126e-02
-2.925989590523410053e-03 -4.794391576117645187e-03 0.000000000000000000e+00
-5.346115403097139243e-03 -1.901232314659958341e-03 -8.859221608254624208e-03
-7.046135755903992423e-03 -6.512132949868553941e-03 -4.048416697694168925e-03
-5.139606127137691556e-03 0.000000000000000000e+00 0.000000000000000000e+00
-3.927033210126565366e-03 -1.082481595343261389e-03 -2.229696886571369031e-03
-4.980999142554723945e-03 0.000000000000000000e+00 0.000000000000000000e+00
0.000000000000000000e+00 0.000000000000000000e+00 0.000000000000000000e+00
0.000000000000000000e+00 0.000000000000000000e+00 0.000000000000000000e+00
-5.416141069440002544e-03 0.000000000000000000e+00 0.000000000000000000e+00
0.000000000000000000e+00 0.000000000000000000e+00 0.000000000000000000e+00
0.000000000000000000e+00 0.000000000000000000e+00 0.000000000000000000e+00
0.000000000000000000e+00 0.000000000000000000e+00 -2.496780400022338697e-03
-2.396758413377356352e-03 -4.317822068688480057e-03 -1.644446479884091811e-03
-5.294017857320042902e-03 -5.392635125046697613e-03 0.000000000000000000e+00
-4.367186975606847377e-03 0.000000000000000000e+00 0.000000000000000000e+00
-2.829905133097387459e-03 0.000000000000000000e+00 0.000000000000000000e+00
0.000000000000000000e+00 -1.091616511786122927e-03 0.000000000000000000e+00
-3.782808223085970187e-03 0.000000000000000000e+00 -1.018653280123832340e-03
-4.278385681524837433e-03 0.000000000000000000e+00 -1.764966579203905515e-03
-4.863609249609572235e-03 -4.458372635739122312e-03 -4.298674218386123146e-03
-5.402845785248642022e-03 0.000000000000000000e+00 0.000000000000000000e+00
0.000000000000000000e+00 0.000000000000000000e+00 -4.418419023181639586e-03
-4.017698390639114908e-03 -3.709231012679396929e-03 -5.277873638938109652e-03
-7.783726661905810904e-03 -8.165816482917982733e-03 -7.467184026173382880e-03
-4.150181435065496832e-03 -4.626807925288450168e-03 -2.657612107566255984e-03
0.000000000000000000e+00 0.000000000000000000e+00 -4.740430468324259052e-03
0.000000000000000000e+00 0.000000000000000000e+00 0.000000000000000000e+00
0.000000000000000000e+00 0.000000000000000000e+00 0.000000000000000000e+00
0.000000000000000000e+00 0.000000000000000000e+00 0.000000000000000000e+00
0.000000000000000000e+00 0.000000000000000000e+00 0.000000000000000000e+00
0.000000000000000000e+00 0.000000000000000000e+00 0.000000000000000000e+00
0.000000000000000000e+00 0.000000000000000000e+00 0.000000000000000000e+00
0.000000000000000000e+00 0.000000000000000000e+00 0.000000000000000000e+00
0.000000000000000000e+00 0.000000000000000000e+00 0.000000000000000000e+00
0.000000000000000000e+00 0.000000000000000000e+00 0.000000000000000000e+00
0.000000000000000000e+00 0.000000000000000000e+00 0.000000000000000000e+00
0.000000000000000000e+00 0.000000000000000000e+00 0.000000000000000000e+00
0.000000000000000000e+00 0.000000000000000000e+00 0.000000000000000000e+00
0.000000000000000000e+00 0.000000000000000000e+00 0.000000000000000000e+00
0.000000000000000000e+00 0.000000000000000000e+00 0.000000000000000000e+00
0.000000000000000000e+00 0.000000000000000000e+00 0.000000000000000000e+00
0.000000000000000000e+00 0.000000000000000000e+00 0.000000000000000000e+00
0.000000000000000000e+00 0.000000000000000000e+00 0.000000000000000000e+00
0.000000000000000000e+00 0.000000000000000000e+00 0.000000000000000000e+00
0.000000000000000000e+00 0.000000000000000000e+00 0.000000000000000000e+00
0.000000000000000000e+00 0.000000000000000000e+00 0.000000000000000000e+00
0.000000000000000000e+00 0.000000000000000000e+00 0.000000000000000000e+00
