0.000000000000000000e+00 0.000000000000000000e+00 0.000000000000000000e+00
-5.000000000000000104e-03 0.000000000000000000e+00 -5.000000000000000104e-03
-5.000000000000000104e-03 0.000000000000000000e+00 0.000000000000000000e+00
-5.000000000000000104e-03 0.000000000000000000e+00 0.000000000000000000e+00
0.000000000000000000e+00 0.000000000000000000e+00 -5.000000000000000104e-03
-9.975000000000001227e-03 -9.975000000000001227e-03 -5.000000000000000104e-03
-2.475124687812500085e-02 -2.475124687812500085e-02 -2.962749064373437768e-02
-3.930695642456312477e-02 -4.411042164244030617e-02 -3.930695642456312477e-02
-8.627511398740675408e-02 -8.627511398740675408e-02 -8.168353164563492419e-02
-1.088909442197910776e-01 -1.088909442197910776e-01 -1.088909442197910776e-01
-2.447468909338101350e-01 -2.485231564791410830e-01 -2.447468909338101350e-01
-1.938934090736041949e-01 -1.898426221845268269e-01 -1.898426221845268269e-01
-9.975000000000001227e-03 -9.975000000000001227e-03 -5.000000000000000104e-03
0.000000000000000000e+00 0.000000000000000000e+00 0.000000000000000000e+00
-5.000000000000000104e-03 -5.000000000000000104e-03 0.000000000000000000e+00
0.000000000000000000e+00 0.000000000000000000e+00 0.000000000000000000e+00
0.000000000000000000e+00 -9.975000000000001227e-03 0.000000000000000000e+00
-5.000000000000000104e-03 0.000000000000000000e+00 0.000000000000000000e+00
0.000000000000000000e+00 -5.000000000000000104e-03 0.000000000000000000e+00
0.000000000000000000e+00 0.000000000000000000e+00 0.000000000000000000e+00
0.000000000000000000e+00 0.000000000000000000e+00 0.000000000000000000e+00
-5.000000000000000104e-03 -5.000000000000000104e-03 0.000000000000000000e+00
-5.000000000000000104e-03 -5.000000000000000104e-03 -5.000000000000000104e-03
-9.975000000000001227e-03 -5.000000000000000104e-03 -9.975000000000001227e-03
-9.975000000000001227e-03 -1.492512500000000089e-02 -5.000000000000000104e-03
-2.962749064373437768e-02 -2.962749064373437768e-02 -2.962749064373437768e-02
-9.538951972538237123e-02 -9.084373841746971878e-02 -9.084373841746971878e-02
-2.138455523157071214e-01 -2.138455523157071214e-01 -2.138455523157071214e-01
-3.725971179461912697e-01 -3.725971179461912697e-01 -3.694443396444133110e-01
-4.437110321283523895e-01 -4.437110321283523895e-01 -4.437110321283523895e-01
-4.520137145099576981e-01 -4.520137145099576981e-01 -4.520137145099576981e-01
-3.598906272423335051e-01 -3.566739972284758697e-01 -3.566739972284758697e-01
-3.133569068127998736e-01 -3.099064390078390963e-01 -3.099064390078390963e-01
-9.538951972538237123e-02 -9.084373841746971878e-02 -9.084373841746971878e-02
0.000000000000000000e+00 0.000000000000000000e+00 0.000000000000000000e+00
-5.000000000000000104e-03 -5.000000000000000104e-03 -5.000000000000000104e-03
-5.000000000000000104e-03 -5.000000000000000104e-03 0.000000000000000000e+00
-9.975000000000001227e-03 -1.492512500000000089e-02 -5.000000000000000104e-03
-5.000000000000000104e-03 -5.000000000000000104e-03 -5.000000000000000104e-03
0.000000000000000000e+00 0.000000000000000000e+00 0.000000000000000000e+00
0.000000000000000000e+00 0.000000000000000000e+00 0.000000000000000000e+00
-5.000000000000000104e-03 -5.000000000000000104e-03 0.000000000000000000e+00
-9.975000000000001227e-03 -5.000000000000000104e-03 -5.000000000000000104e-03
-9.975000000000001227e-03 -9.975000000000001227e-03 -9.975000000000001227e-03
-1.985049937500000042e-02 -1.985049937500000042e-02 -9.975000000000001227e-03
-9.084373841746971878e-02 -9.084373841746971878e-02 -8.627511398740675408e-02
-2.744335919813907232e-01 -2.707875296295383927e-01 -2.707875296295383927e-01
-5.538139375563274625e-01 -5.515717965390225519e-01 -5.515717965390225519e-01
-7.989121463407603541e-01 -7.968860850390245831e-01 -7.968860850390245831e-01
-9.018056758626699088e-01 -9.018056758626699088e-01 -9.018056758626699088e-01
-9.056653958826754724e-01 -9.051913526459050008e-01 -9.051913526459050008e-01
-8.278522535779068159e-01 -8.278522535779068159e-01 -8.269871895255345162e-01
-5.819617223383375393e-01 -5.819617223383375393e-01 -5.819617223383375393e-01
-3.167901222787358750e-01 -3.133569068127998736e-01 -3.133569068127998736e-01
-9.538951972538237123e-02 -9.538951972538237123e-02 -9.538951972538237123e-02
-9.975000000000001227e-03 -9.975000000000001227e-03 -5.000000000000000104e-03
0.000000000000000000e+00 0.000000000000000000e+00 0.000000000000000000e+00
0.000000000000000000e+00 0.000000000000000000e+00 0.000000000000000000e+00
-9.975000000000001227e-03 -5.000000000000000104e-03 -5.000000000000000104e-03
0.000000000000000000e+00 0.000000000000000000e+00 0.000000000000000000e+00
0.000000000000000000e+00 0.000000000000000000e+00 0.000000000000000000e+00
-5.000000000000000104e-03 0.000000000000000000e+00 0.000000000000000000e+00
-5.000000000000000104e-03 0.000000000000000000e+00 -5.000000000000000104e-03
-9.975000000000001227e-03 -5.000000000000000104e-03 -9.975000000000001227e-03
-5.837719308562418219e-02 -5.837719308562418219e-02 -5.364542018655697048e-02
-2.522805406967453812e-01 -2.522805406967453812e-01 -2.522805406967453812e-01
-6.311981691194296085e-01 -6.311981691194296085e-01 -6.311981691194296085e-01
-9.383925980349129281e-01 -9.383925980349129281e-01 -9.383925980349129281e-01
-9.964439665384408062e-01 -9.964439665384408062e-01 -9.964439665384408062e-01
-9.996139970628442617e-01 -9.996120573495922423e-01 -9.996120573495922423e-01
-9.996744817405656125e-01 -9.996744817405656125e-01 -9.996744817405656125e-01
-9.978458600578156146e-01 -9.978458600578156146e-01 -9.978458600578156146e-01
-9.601671923142334197e-01 -9.599670274514908730e-01 -9.599670274514908730e-01
-7.200615784905989303e-01 -7.200615784905989303e-01 -7.200615784905989303e-01
-3.236051408090054871e-01 -3.269871151049604796e-01 -3.236051408090054871e-01
-5.364542018655697048e-02 -4.888986953422810866e-02 -4.888986953422810866e-02
-9.975000000000001227e-03 -9.975000000000001227e-03 -5.000000000000000104e-03
-1.492512500000000089e-02 -1.492512500000000089e-02 -9.975000000000001227e-03
0.000000000000000000e+00 -5.000000000000000104e-03 -5.000000000000000104e-03
0.000000000000000000e+00 0.000000000000000000e+00 0.000000000000000000e+00
0.000000000000000000e+00 0.000000000000000000e+00 0.000000000000000000e+00
-5.000000000000000104e-03 0.000000000000000000e+00 0.000000000000000000e+00
-5.000000000000000104e-03 -5.000000000000000104e-03 0.000000000000000000e+00
-1.985049937500000042e-02 -1.492512500000000089e-02 -1.492512500000000089e-02
-1.524571496976546980e-01 -1.524571496976546980e-01 -1.481981403996529556e-01
-5.237708770771584144e-01 -5.237708770771584144e-01 -5.237708770771584144e-01
-9.399174580504706666e-01 -9.399174580504706666e-01 -9.399174580504706666e-01
-9.996120573495922423e-01 -9.996120573495922423e-01 -9.996101078890374803e-01
-9.999998624848615014e-01 -9.999998617938306023e-01 -9.999998617938306023e-01
-9.999999999983042454e-01 -9.999999999983042454e-01 -9.999999999982956966e-01
-9.999999999998359090e-01 -9.999999999998359090e-01 -9.999999999998351319e-01
-9.999999890602774277e-01 -9.999999890602774277e-01 -9.999999890602774277e-01
-9.999325436701010927e-01 -9.999325436701010927e-01 -9.999322046935689157e-01
-9.756273454726314132e-01 -9.755048698217401171e-01 -9.756273454726314132e-01
-6.293448935873664496e-01 -6.274823051129311269e-01 -6.274823051129311269e-01
-2.333038551346770795e-01 -2.333038551346770795e-01 -2.294511106881176599e-01
-9.975000000000001227e-03 -9.975000000000001227e-03 -5.000000000000000104e-03
-1.492512500000000089e-02 -9.975000000000001227e-03 -5.000000000000000104e-03
-5.000000000000000104e-03 0.000000000000000000e+00 -5.000000000000000104e-03
0.000000000000000000e+00 0.000000000000000000e+00 0.000000000000000000e+00
0.000000000000000000e+00 0.000000000000000000e+00 0.000000000000000000e+00
-5.000000000000000104e-03 0.000000000000000000e+00 -5.000000000000000104e-03
-9.975000000000001227e-03 -9.975000000000001227e-03 -9.975000000000001227e-03
-4.888986953422810866e-02 -4.888986953422810866e-02 -4.888986953422810866e-02
-2.371373358590037062e-01 -2.371373358590037062e-01 -2.371373358590037062e-01
-7.896327586239036966e-01 -7.885756368079434031e-01 -7.885756368079434031e-01
-9.976424633112654927e-01 -9.976424633112654927e-01 -9.976424633112654927e-01
-9.999999227310881755e-01 -9.999999223428022166e-01 -9.999999223428022166e-01
-9.999999999999888978e-01 -9.999999999999888978e-01 -9.999999999999888978e-01
-9.999999999999888978e-01 -9.999999999999888978e-01 -9.999999999999888978e-01
-9.999999999999888978e-01 -9.999999999999888978e-01 -9.999999999999888978e-01
-9.999999999999888978e-01 -9.999999999999888978e-01 -9.999999999999888978e-01
-9.999999995085345761e-01 -9.999999995060648850e-01 -9.999999995060648850e-01
-9.998402456029095164e-01 -9.998394428169944392e-01 -9.998394428169944392e-01
-9.163578920976229725e-01 -9.163578920976229725e-01 -9.159375799976110510e-01
-3.911854909640924416e-01 -3.881261215719521984e-01 -3.881261215719521984e-01
-7.243103118167210086e-02 -7.243103118167210086e-02 -6.776988058459507136e-02
0.000000000000000000e+00 0.000000000000000000e+00 0.000000000000000000e+00
-5.000000000000000104e-03 -5.000000000000000104e-03 0.000000000000000000e+00
0.000000000000000000e+00 0.000000000000000000e+00 0.000000000000000000e+00
0.000000000000000000e+00 0.000000000000000000e+00 0.000000000000000000e+00
-5.000000000000000104e-03 -5.000000000000000104e-03 -5.000000000000000104e-03
-5.000000000000000104e-03 -5.000000000000000104e-03 -5.000000000000000104e-03
-5.837719308562418219e-02 -5.837719308562418219e-02 -5.837719308562418219e-02
-3.469267980553009667e-01 -3.436450231711567493e-01 -3.436450231711567493e-01
-8.903575809460274604e-01 -8.898066140161080551e-01 -8.898066140161080551e-01
-9.998793449949106016e-01 -9.998793449949106016e-01 -9.998793449949106016e-01
-9.999999999734213718e-01 -9.999999999734213718e-01 -9.999999999734213718e-01
-9.999999999999888978e-01 -9.999999999999888978e-01 -9.999999999999888978e-01
-9.999999999999888978e-01 -9.999999999999888978e-01 -9.999999999999888978e-01
-9.999999999999888978e-01 -9.999999999999888978e-01 -9.999999999999888978e-01
-9.999999999999888978e-01 -9.999999999999888978e-01 -9.999999999999888978e-01
-9.999999999998986366e-01 -9.999999999998986366e-01 -9.999999999998986366e-01
-9.999994174901734034e-01 -9.999994174901734034e-01 -9.999994145629883535e-01
-9.841624581055800070e-01 -9.840828724679195894e-01 -9.840828724679195894e-01
-5.713521536700483239e-01 -5.713521536700483239e-01 -5.713521536700483239e-01
-1.524571496976546980e-01 -1.524571496976546980e-01 -1.481981403996529556e-01
-5.000000000000000104e-03 -5.000000000000000104e-03 0.000000000000000000e+00
-5.000000000000000104e-03 0.000000000000000000e+00 -5.000000000000000104e-03
0.000000000000000000e+00 0.000000000000000000e+00 0.000000000000000000e+00
0.000000000000000000e+00 0.000000000000000000e+00 0.000000000000000000e+00
-9.975000000000001227e-03 -5.000000000000000104e-03 -5.000000000000000104e-03
-9.975000000000001227e-03 -5.000000000000000104e-03 -5.000000000000000104e-03
-5.837719308562418219e-02 -5.837719308562418219e-02 -5.837719308562418219e-02
-3.501921640650244583e-01 -3.501921640650244583e-01 -3.501921640650244583e-01
-8.909057930412973558e-01 -8.903575809460274604e-01 -8.903575809460274604e-01
-9.998951444063995941e-01 -9.998951444063995941e-01 -9.998946174938689868e-01
-9.999999999782498428e-01 -9.999999999782498428e-01 -9.999999999781405968e-01
-9.999999999999888978e-01 -9.999999999999888978e-01 -9.999999999999888978e-01
-9.999999999999888978e-01 -9.999999999999888978e-01 -9.999999999999888978e-01
-9.999999999999888978e-01 -9.999999999999888978e-01 -9.999999999999888978e-01
-9.999999999999888978e-01 -9.999999999999888978e-01 -9.999999999999888978e-01
-9.999999999999789058e-01 -9.999999999999787947e-01 -9.999999999999787947e-01
-9.999999620787830557e-01 -9.999999620787830557e-01 -9.999999622683891642e-01
-9.936075786741466187e-01 -9.935431718129810186e-01 -9.935431718129810186e-01
-6.456946466151513020e-01 -6.439142177036696335e-01 -6.439142177036696335e-01
-1.734348920252777870e-01 -1.651068326812734910e-01 -1.692812985178671348e-01
-5.000000000000000104e-03 -5.000000000000000104e-03 0.000000000000000000e+00
-5.000000000000000104e-03 -5.000000000000000104e-03 0.000000000000000000e+00
0.000000000000000000e+00 0.000000000000000000e+00 0.000000000000000000e+00
0.000000000000000000e+00 0.000000000000000000e+00 0.000000000000000000e+00
-5.000000000000000104e-03 0.000000000000000000e+00 0.000000000000000000e+00
-9.975000000000001227e-03 -9.975000000000001227e-03 -9.975000000000001227e-03
-3.930695642456312477e-02 -3.447935319051570469e-02 -3.447935319051570469e-02
-2.522805406967453812e-01 -2.485231564791410830e-01 -2.485231564791410830e-01
-7.842937602302095801e-01 -7.853722914290585111e-01 -7.842937602302095801e-01
-9.984370284197794376e-01 -9.984370284197794376e-01 -9.984291742912355661e-01
-9.999999911371029171e-01 -9.999999911371029171e-01 -9.999999910925657653e-01
-9.999999999999338307e-01 -9.999999999999334976e-01 -9.999999999999334976e-01
-9.999999999999888978e-01 -9.999999999999888978e-01 -9.999999999999888978e-01
-9.999999999999888978e-01 -9.999999999999888978e-01 -9.999999999999888978e-01
-9.999999999999861222e-01 -9.999999999999860112e-01 -9.999999999999860112e-01
-9.999999999992654764e-01 -9.999999999992654764e-01 -9.999999999992654764e-01
-9.999992131020549735e-01 -9.999992131020549735e-01 -9.999992131020549735e-01
-9.850120696952283650e-01 -9.849367534625410592e-01 -9.849367534625410592e-01
-5.819617223383375393e-01 -5.798610274757161065e-01 -5.798610274757161065e-01
-1.439177290448773461e-01 -1.396158080853038552e-01 -1.396158080853038552e-01
-5.000000000000000104e-03 -5.000000000000000104e-03 -5.000000000000000104e-03
-5.000000000000000104e-03 -5.000000000000000104e-03 0.000000000000000000e+00
0.000000000000000000e+00 0.000000000000000000e+00 0.000000000000000000e+00
0.000000000000000000e+00 0.000000000000000000e+00 0.000000000000000000e+00
0.000000000000000000e+00 -5.000000000000000104e-03 0.000000000000000000e+00
-9.975000000000001227e-03 -9.975000000000001227e-03 -5.000000000000000104e-03
-1.492512500000000089e-02 -1.492512500000000089e-02 -9.975000000000001227e-03
-1.481981403996529556e-01 -1.481981403996529556e-01 -1.439177290448773461e-01
-5.447775444876944428e-01 -5.424899944599944623e-01 -5.424899944599944623e-01
-9.605645245708989144e-01 -9.603663563526622093e-01 -9.603663563526622093e-01
-9.999574650293552303e-01 -9.999574650293552303e-01 -9.999572512857841655e-01
-9.999999985415730652e-01 -9.999999985342442610e-01 -9.999999985342442610e-01
-9.999999999989412913e-01 -9.999999999989412913e-01 -9.999999999989412913e-01
-9.999999999998343547e-01 -9.999999999998343547e-01 -9.999999999998334665e-01
-9.999999999967296160e-01 -9.999999999967296160e-01 -9.999999999967296160e-01
-9.999999842267423000e-01 -9.999999842267423000e-01 -9.999999842267423000e-01
-9.995646518819539805e-01 -9.995646518819539805e-01 -9.995624642029687923e-01
-9.027851642459397974e-01 -9.032712384247101323e-01 -9.022966474833565842e-01
-4.092231371343235113e-01 -4.062544091802246515e-01 -4.062544091802246515e-01
-8.627511398740675408e-02 -8.168353164563492419e-02 -8.168353164563492419e-02
-5.000000000000000104e-03 -5.000000000000000104e-03 -5.000000000000000104e-03
-5.000000000000000104e-03 -5.000000000000000104e-03 0.000000000000000000e+00
0.000000000000000000e+00 0.000000000000000000e+00 0.000000000000000000e+00
0.000000000000000000e+00 0.000000000000000000e+00 0.000000000000000000e+00
-5.000000000000000104e-03 0.000000000000000000e+00 -5.000000000000000104e-03
-9.975000000000001227e-03 0.000000000000000000e+00 -5.000000000000000104e-03
-9.975000000000001227e-03 -5.000000000000000104e-03 0.000000000000000000e+00
-5.364542018655697048e-02 -5.364542018655697048e-02 -5.364542018655697048e-02
-2.707875296295383927e-01 -2.707875296295383927e-01 -2.671231453563199798e-01
-6.982020411204277188e-01 -6.966854684627413752e-01 -6.966854684627413752e-01
-9.767024335403791113e-01 -9.762305990619135621e-01 -9.762305990619135621e-01
-9.997798211227458820e-01 -9.997798211227458820e-01 -9.997787146962270333e-01
-9.999986680284989049e-01 -9.999986680284989049e-01 -9.999986613351747877e-01
-9.999997718505869715e-01 -9.999997707041075046e-01 -9.999997707041075046e-01
-9.999973130249840692e-01 -9.999972995225970829e-01 -9.999972995225970829e-01
-9.993785618107359214e-01 -9.993785618107359214e-01 -9.993754390057647541e-01
-9.550751142199328525e-01 -9.548493610250581298e-01 -9.548493610250581298e-01
-5.902599909077863582e-01 -5.882009958872225219e-01 -5.882009958872225219e-01
-2.177763245541285975e-01 -2.138455523157071214e-01 -2.098950274529719773e-01
-2.962749064373437768e-02 -1.985049937500000042e-02 -1.985049937500000042e-02
-9.975000000000001227e-03 -9.975000000000001227e-03 -9.975000000000001227e-03
0.000000000000000000e+00 0.000000000000000000e+00 0.000000000000000000e+00
0.000000000000000000e+00 0.000000000000000000e+00 0.000000000000000000e+00
0.000000000000000000e+00 0.000000000000000000e+00 0.000000000000000000e+00
-5.000000000000000104e-03 -5.000000000000000104e-03 -9.975000000000001227e-03
-5.000000000000000104e-03 -9.975000000000001227e-03 -5.000000000000000104e-03
-9.975000000000001227e-03 -9.975000000000001227e-03 -5.000000000000000104e-03
-1.492512500000000089e-02 -1.492512500000000089e-02 -1.492512500000000089e-02
-9.084373841746971878e-02 -8.627511398740675408e-02 -8.627511398740675408e-02
-3.202061716673422209e-01 -3.202061716673422209e-01 -3.202061716673422209e-01
-6.680461086477640364e-01 -6.663779986409689160e-01 -6.697058781045251985e-01
-9.196456087882002306e-01 -9.196456087882002306e-01 -9.192418178775881854e-01
-9.846316847298767216e-01 -9.845544570149514785e-01 -9.844768412210567199e-01
-9.901625973520991053e-01 -9.901625973520991053e-01 -9.901625973520991053e-01
-9.803530425471161935e-01 -9.803530425471161935e-01 -9.804512773343806442e-01
-9.027851642459397974e-01 -9.027851642459397974e-01 -9.018056758626699088e-01
-6.063656235905741099e-01 -6.063656235905741099e-01 -6.063656235905741099e-01
-3.236051408090054871e-01 -3.236051408090054871e-01 -3.236051408090054871e-01
-6.776988058459507136e-02 -6.308530712019605469e-02 -6.308530712019605469e-02
-5.000000000000000104e-03 -5.000000000000000104e-03 -1.492512500000000089e-02
-5.000000000000000104e-03 -5.000000000000000104e-03 0.000000000000000000e+00
-9.975000000000001227e-03 -9.975000000000001227e-03 -5.000000000000000104e-03
0.000000000000000000e+00 0.000000000000000000e+00 0.000000000000000000e+00
0.000000000000000000e+00 0.000000000000000000e+00 0.000000000000000000e+00
0.000000000000000000e+00 0.000000000000000000e+00 0.000000000000000000e+00
-5.000000000000000104e-03 -5.000000000000000104e-03 -5.000000000000000104e-03
0.000000000000000000e+00 -5.000000000000000104e-03 -1.492512500000000089e-02
-9.975000000000001227e-03 -5.000000000000000104e-03 -5.000000000000000104e-03
-2.475124687812500085e-02 -2.475124687812500085e-02 -1.985049937500000042e-02
-1.177797570511986691e-01 -1.177797570511986691e-01 -1.177797570511986691e-01
-2.994506524266382086e-01 -2.959303039463700435e-01 -2.959303039463700435e-01
-5.092306116145369765e-01 -5.092306116145369765e-01 -5.067644337834542601e-01
-6.403264742846591639e-01 -6.385190696328232329e-01 -6.385190696328232329e-01
-7.129569039557462906e-01 -7.115144763374334769e-01 -7.115144763374334769e-01
-6.256103568974181739e-01 -6.237290019069529068e-01 -6.237290019069529068e-01
-4.840036157062838074e-01 -4.814106690515415066e-01 -4.814106690515415066e-01
-2.994506524266382086e-01 -2.959303039463700435e-01 -2.959303039463700435e-01
-9.084373841746971878e-02 -8.627511398740675408e-02 -9.084373841746971878e-02
-1.492512500000000089e-02 -1.492512500000000089e-02 -1.492512500000000089e-02
0.000000000000000000e+00 0.000000000000000000e+00 0.000000000000000000e+00
-9.975000000000001227e-03 -5.000000000000000104e-03 -5.000000000000000104e-03
-9.975000000000001227e-03 -5.000000000000000104e-03 -9.975000000000001227e-03
0.000000000000000000e+00 0.000000000000000000e+00 0.000000000000000000e+00
0.000000000000000000e+00 0.000000000000000000e+00 0.000000000000000000e+00
-5.000000000000000104e-03 -9.975000000000001227e-03 -5.000000000000000104e-03
-5.000000000000000104e-03 -9.975000000000001227e-03 -5.000000000000000104e-03
-5.000000000000000104e-03 -5.000000000000000104e-03 0.000000000000000000e+00
-5.000000000000000104e-03 -5.000000000000000104e-03 -5.000000000000000104e-03
-5.000000000000000104e-03 -5.000000000000000104e-03 -5.000000000000000104e-03
-2.475124687812500085e-02 -1.985049937500000042e-02 -1.985049937500000042e-02
-9.538951972538237123e-02 -9.538951972538237123e-02 -9.084373841746971878e-02
-2.138455523157071214e-01 -2.098950274529719773e-01 -2.138455523157071214e-01
-2.994506524266382086e-01 -2.959303039463700435e-01 -2.959303039463700435e-01
-3.133569068127998736e-01 -3.133569068127998736e-01 -3.133569068127998736e-01
-3.064386321686825010e-01 -3.064386321686825010e-01 -3.064386321686825010e-01
-2.059246507065045084e-01 -2.019343223180949942e-01 -2.019343223180949942e-01
-7.706887602576374674e-02 -7.706887602576374674e-02 -7.706887602576374674e-02
-1.492512500000000089e-02 -1.492512500000000089e-02 -1.492512500000000089e-02
-9.975000000000001227e-03 -9.975000000000001227e-03 -5.000000000000000104e-03
-9.975000000000001227e-03 0.000000000000000000e+00 -5.000000000000000104e-03
-5.000000000000000104e-03 0.000000000000000000e+00 0.000000000000000000e+00
-9.975000000000001227e-03 -9.975000000000001227e-03 0.000000000000000000e+00
0.000000000000000000e+00 0.000000000000000000e+00 0.000000000000000000e+00
0.000000000000000000e+00 0.000000000000000000e+00 0.000000000000000000e+00
-5.000000000000000104e-03 -5.000000000000000104e-03 -5.000000000000000104e-03
-5.000000000000000104e-03 -5.000000000000000104e-03 -5.000000000000000104e-03
-1.492512500000000089e-02 -5.000000000000000104e-03 -5.000000000000000104e-03
-9.975000000000001227e-03 -9.975000000000001227e-03 -5.000000000000000104e-03
-5.000000000000000104e-03 -5.000000000000000104e-03 -5.000000000000000104e-03
-9.975000000000001227e-03 -5.000000000000000104e-03 -5.000000000000000104e-03
-1.985049937500000042e-02 -1.985049937500000042e-02 -1.492512500000000089e-02
-5.364542018655697048e-02 -5.364542018655697048e-02 -4.888986953422810866e-02
-1.133464894986921240e-01 -1.088909442197910776e-01 -1.088909442197910776e-01
-1.133464894986921240e-01 -1.133464894986921240e-01 -1.088909442197910776e-01
-9.991257212675545840e-02 -9.991257212675545840e-02 -9.538951972538237123e-02
-4.411042164244030617e-02 -3.930695642456312477e-02 -3.930695642456312477e-02
-2.962749064373437768e-02 -1.985049937500000042e-02 -1.985049937500000042e-02
-5.000000000000000104e-03 0.000000000000000000e+00 -9.975000000000001227e-03
-9.975000000000001227e-03 -5.000000000000000104e-03 -5.000000000000000104e-03
-5.000000000000000104e-03 -5.000000000000000104e-03 -5.000000000000000104e-03
-1.492512500000000089e-02 -5.000000000000000104e-03 0.000000000000000000e+00
-5.000000000000000104e-03 -5.000000000000000104e-03 0.000000000000000000e+00
0.000000000000000000e+00 0.000000000000000000e+00 0.000000000000000000e+00
0.000000000000000000e+00 0.000000000000000000e+00 0.000000000000000000e+00
-5.000000000000000104e-03 -5.000000000000000104e-03 -5.000000000000000104e-03
0.000000000000000000e+00 -9.975000000000001227e-03 0.000000000000000000e+00
-5.000000000000000104e-03 0.000000000000000000e+00 0.000000000000000000e+00
-9.975000000000001227e-03 -5.000000000000000104e-03 -5.000000000000000104e-03
-5.000000000000000104e-03 -5.000000000000000104e-03 -5.000000000000000104e-03
-9.975000000000001227e-03 -9.975000000000001227e-03 -5.000000000000000104e-03
-5.000000000000000104e-03 -5.000000000000000104e-03 0.000000000000000000e+00
-9.975000000000001227e-03 -9.975000000000001227e-03 -2.962749064373437768e-02
-3.930695642456312477e-02 -3.930695642456312477e-02 -3.447935319051570469e-02
-4.888986953422810866e-02 -4.411042164244030617e-02 -4.411042164244030617e-02
-2.475124687812500085e-02 -2.962749064373437768e-02 -1.985049937500000042e-02
-1.492512500000000089e-02 -9.975000000000001227e-03 -9.975000000000001227e-03
-5.000000000000000104e-03 -5.000000000000000104e-03 -5.000000000000000104e-03
-5.000000000000000104e-03 -5.000000000000000104e-03 0.000000000000000000e+00
-5.000000000000000104e-03 -5.000000000000000104e-03 -5.000000000000000104e-03
-5.000000000000000104e-03 -5.000000000000000104e-03 -9.975000000000001227e-03
-5.000000000000000104e-03 0.000000000000000000e+00 0.000000000000000000e+00
-5.000000000000000104e-03 0.000000000000000000e+00 0.000000000000000000e+00
0.000000000000000000e+00 0.000000000000000000e+00 0.000000000000000000e+00
0.000000000000000000e+00 0.000000000000000000e+00 0.000000000000000000e+00
-5.000000000000000104e-03 -5.000000000000000104e-03 0.000000000000000000e+00
-5.000000000000000104e-03 -9.975000000000001227e-03 -9.975000000000001227e-03
-5.000000000000000104e-03 -5.000000000000000104e-03 0.000000000000000000e+00
-5.000000000000000104e-03 -5.000000000000000104e-03 -5.000000000000000104e-03
-5.000000000000000104e-03 -5.000000000000000104e-03 -5.000000000000000104e-03
-5.000000000000000104e-03 -9.975000000000001227e-03 -5.000000000000000104e-03
-1.492512500000000089e-02 -9.975000000000001227e-03 -9.975000000000001227e-03
-1.492512500000000089e-02 -9.975000000000001227e-03 -9.975000000000001227e-03
-5.000000000000000104e-03 -5.000000000000000104e-03 -5.000000000000000104e-03
0.000000000000000000e+00 -9.975000000000001227e-03 0.000000000000000000e+00
-9.975000000000001227e-03 -5.000000000000000104e-03 -5.000000000000000104e-03
-9.975000000000001227e-03 -5.000000000000000104e-03 -5.000000000000000104e-03
-9.975000000000001227e-03 -9.975000000000001227e-03 -9.975000000000001227e-03
-5.000000000000000104e-03 -5.000000000000000104e-03 0.000000000000000000e+00
-5.000000000000000104e-03 -5.000000000000000104e-03 -9.975000000000001227e-03
-9.975000000000001227e-03 -5.000000000000000104e-03 -9.975000000000001227e-03
-9.975000000000001227e-03 -9.975000000000001227e-03 -1.492512500000000089e-02
-9.975000000000001227e-03 -9.975000000000001227e-03 -9.975000000000001227e-03
0.000000000000000000e+00 0.000000000000000000e+00 0.000000000000000000e+00
0.000000000000000000e+00 0.000000000000000000e+00 0.000000000000000000e+00
-5.000000000000000104e-03 -5.000000000000000104e-03 -5.000000000000000104e-03
-5.000000000000000104e-03 -5.000000000000000104e-03 0.000000000000000000e+00
0.000000000000000000e+00 0.000000000000000000e+00 0.000000000000000000e+00
-9.975000000000001227e-03 0.000000000000000000e+00 0.000000000000000000e+00
-5.000000000000000104e-03 -5.000000000000000104e-03 0.000000000000000000e+00
0.000000000000000000e+00 0.000000000000000000e+00 0.000000000000000000e+00
-9.975000000000001227e-03 0.000000000000000000e+00 0.000000000000000000e+00
-9.975000000000001227e-03 -5.000000000000000104e-03 -9.975000000000001227e-03
-5.000000000000000104e-03 -5.000000000000000104e-03 -5.000000000000000104e-03
-5.000000000000000104e-03 0.000000000000000000e+00 0.000000000000000000e+00
-9.975000000000001227e-03 -9.975000000000001227e-03 -5.000000000000000104e-03
-9.975000000000001227e-03 -9.975000000000001227e-03 -9.975000000000001227e-03
-5.000000000000000104e-03 0.000000000000000000e+00 0.000000000000000000e+00
-5.000000000000000104e-03 0.000000000000000000e+00 0.000000000000000000e+00
-9.975000000000001227e-03 0.000000000000000000e+00 0.000000000000000000e+00
-5.000000000000000104e-03 0.000000000000000000e+00 0.000000000000000000e+00
-5.000000000000000104e-03 -9.975000000000001227e-03 0.000000000000000000e+00
-5.000000000000000104e-03 -5.000000000000000104e-03 -5.000000000000000104e-03
0.000000000000000000e+00 0.000000000000000000e+00 0.000000000000000000e+00
0.000000000000000000e+00 0.000000000000000000e+00 0.000000000000000000e+00
0.000000000000000000e+00 0.000000000000000000e+00 0.000000000000000000e+00
0.000000000000000000e+00 0.000000000000000000e+00 0.000000000000000000e+00
0.000000000000000000e+00 0.000000000000000000e+00 0.000000000000000000e+00
0.000000000000000000e+00 0.000000000000000000e+00 0.000000000000000000e+00
-9.975000000000001227e-03 -5.000000000000000104e-03 0.000000000000000000e+00
0.000000000000000000e+00 0.000000000000000000e+00 0.000000000000000000e+00
0.000000000000000000e+00 0.000000000000000000e+00 0.000000000000000000e+00
-9.975000000000001227e-03 -5.000000000000000104e-03 -5.000000000000000104e-03
0.000000000000000000e+00 0.000000000000000000e+00 0.000000000000000000e+00
-5.000000000000000104e-03 -5.000000000000000104e-03 0.000000000000000000e+00
-5.000000000000000104e-03 0.000000000000000000e+00 0.000000000000000000e+00
-5.000000000000000104e-03 -5.000000000000000104e-03 0.000000000000000000e+00
0.000000000000000000e+00 -5.000000000000000104e-03 0.000000000000000000e+00
-5.000000000000000104e-03 -5.000000000000000104e-03 -5.000000000000000104e-03
-5.000000000000000104e-03 -5.000000000000000104e-03 0.000000000000000000e+00
0.000000000000000000e+00 0.000000000000000000e+00 -5.000000000000000104e-03
-5.000000000000000104e-03 0.000000000000000000e+00 0.000000000000000000e+00
0.000000000000000000e+00 0.000000000000000000e+00 -5.000000000000000104e-03
0.000000000000000000e+00 0.000000000000000000e+00 0.000000000000000000e+00
0.000000000000000000e+00 0.000000000000000000e+00 0.000000000000000000e+00
0.000000000000000000e+00 0.000000000000000000e+00 0.000000000000000000e+00
0.000000000000000000e+00 0.000000000000000000e+00 0.000000000000000000e+00
0.000000000000000000e+00 0.000000000000000000e+00 0.000000000000000000e+00
0.000000000000000000e+00 0.000000000000000000e+00 0.000000000000000000e+00
0.000000000000000000e+00 0.000000000000000000e+00 0.000000000000000000e+00
0.000000000000000000e+00 0.000000000000000000e+00 0.000000000000000000e+00
0.000000000000000000e+00 0.000000000000000000e+00 0.000000000000000000e+00
0.000000000000000000e+00 0.000000000000000000e+00 0.000000000000000000e+00
0.000000000000000000e+00 0.000000000000000000e+00 0.000000000000000000e+00
0.000000000000000000e+00 0.000000000000000000e+00 0.000000000000000000e+00
0.000000000000000000e+00 0.000000000000000000e+00 0.000000000000000000e+00
0.000000000000000000e+00 0.000000000000000000e+00 0.000000000000000000e+00
0.000000000000000000e+00 0.000000000000000000e+00 0.000000000000000000e+00
0.000000000000000000e+00 0.000000000000000000e+00 0.000000000000000000e+00
0.000000000000000000e+00 0.000000000000000000e+00 0.000000000000000000e+00
0.000000000000000000e+00 0.000000000000000000e+00 0.000000000000000000e+00
0.000000000000000000e+00 0.000000000000000000e+00 0.000000000000000000e+00
0.000000000000000000e+00 0.000000000000000000e+00 0.000000000000000000e+00
0.000000000000000000e+00 0.000000000000000000e+00 0.000000000000000000e+00
