0.000000000000000000e+00 0.000000000000000000e+00 0.000000000000000000e+00
-1.999959000475038273e+00 0.000000000000000000e+00 0.000000000000000000e+00
-2.999997972839114624e+00 -1.999999801622662554e+00 -2.999966536585636945e+00
-3.873906954948577397e+00 -3.740264518347121481e+00 -3.749033349758760014e+00
-3.998904729485778908e+00 -3.999818712857400094e+00 -3.999938612652393921e+00
-3.999968684330664992e+00 -3.999745257245887142e+00 -3.999938794994650770e+00
-3.999947196505461378e+00 -3.999789660092546217e+00 -3.999934480585692231e+00
-3.999790724736853598e+00 -3.999959160557184035e+00 -3.999951851799979252e+00
-3.999815181181508805e+00 -3.999956544060326191e+00 -3.999864507213792386e+00
-3.999973155232893873e+00 -3.999832738218592088e+00 -3.999977162784507101e+00
-3.999764218921205483e+00 -3.999739927443565435e+00 -3.999783816049616192e+00
-3.999737612551240495e+00 -3.999693087659734303e+00 -3.999640308132422106e+00
-3.999961466747868677e+00 -3.999479642982814553e+00 -3.999779370621783237e+00
-1.999998258509038784e+00 -1.999999215206135883e+00 0.000000000000000000e+00
-1.999989695360099295e+00 -1.999999914179110050e+00 0.000000000000000000e+00
0.000000000000000000e+00 0.000000000000000000e+00 0.000000000000000000e+00
0.000000000000000000e+00 0.000000000000000000e+00 0.000000000000000000e+00
-1.999998985607634783e+00 -1.999996078844522351e+00 0.000000000000000000e+00
-1.999967483794621970e+00 -1.999999922175596856e+00 0.000000000000000000e+00
0.000000000000000000e+00 0.000000000000000000e+00 0.000000000000000000e+00
0.000000000000000000e+00 0.000000000000000000e+00 0.000000000000000000e+00
-2.999920981377234064e+00 -1.998262594076293919e+00 0.000000000000000000e+00
-2.999998360095572636e+00 -2.999988035595665181e+00 -2.999978889660924075e+00
-3.978044404444563753e+00 -3.999412164157226890e+00 -3.999439877040191771e+00
-3.999171780780709007e+00 -3.999841676630533804e+00 -3.999822078205748532e+00
-3.999940550466901001e+00 -3.999925298686183961e+00 -3.999875601783879464e+00
-3.999899113972916531e+00 -3.999925130145830288e+00 -3.999951949585272004e+00
-3.999951250784328671e+00 -3.999952533714661307e+00 -3.999883482522169409e+00
-3.999946099106061581e+00 -3.999940959524234785e+00 -3.999879847813603284e+00
-3.999951651230269523e+00 -3.999962946781102424e+00 -3.999956639312282292e+00
-3.999915057819320552e+00 -3.999976252690614409e+00 -3.999977221426857632e+00
-3.999975772859306389e+00 -3.999500041007431506e+00 -3.999971935559559100e+00
-3.999605432617442613e+00 -3.999514164342433009e+00 -3.999480070436868484e+00
-3.999418019307521277e+00 -3.999350804043559471e+00 -3.999342678246755156e+00
-3.499515190848898172e+00 -3.499833138037790725e+00 -3.499881955806082523e+00
-1.999981072446278318e+00 -1.999996205233798063e+00 0.000000000000000000e+00
-2.999910753684369880e+00 -2.999996176530167702e+00 0.000000000000000000e+00
-3.499991193224490704e+00 -2.999997779903838868e+00 -2.999991548102197925e+00
-1.999999843251553111e+00 -1.999991439001325588e+00 -2.998698529346668806e+00
0.000000000000000000e+00 0.000000000000000000e+00 0.000000000000000000e+00
0.000000000000000000e+00 0.000000000000000000e+00 0.000000000000000000e+00
-1.999999861326718253e+00 0.000000000000000000e+00 0.000000000000000000e+00
-3.665939548536176762e+00 -3.051465508402013249e+00 -3.221960114678057430e+00
-3.995938774619193001e+00 -3.999655077873465636e+00 -3.999748555474182510e+00
-3.999881040882109939e+00 -3.999916103073593021e+00 -3.999918712099857387e+00
-3.999944494808085338e+00 -3.999948475415768812e+00 -3.999916355969679316e+00
-3.999945752271937494e+00 -3.999943139795129277e+00 -3.999942954036420417e+00
-3.999936656777700605e+00 -3.999925669057959432e+00 -3.999917759459259869e+00
-3.999972824588767573e+00 -3.999945790274842317e+00 -3.999970772230200922e+00
-3.999848074889581717e+00 -3.999986480614275308e+00 -3.999958827468780065e+00
-3.999848714452406639e+00 -3.999983072470236767e+00 -3.999645452305743198e+00
-3.999980925821891020e+00 -3.999395187987069278e+00 -3.999833734793177609e+00
-3.999955939089198331e+00 -3.999529718111698884e+00 -3.999264765368559793e+00
-3.999382563874142704e+00 -3.999334905662773831e+00 -3.999255466192637165e+00
-3.999479292202604785e+00 -3.999554244429181171e+00 -3.999513639190396930e+00
-1.968856059219538324e+00 -2.992857408848573542e+00 -2.972087364033996870e+00
-1.999989944209990878e+00 -2.999988135068964112e+00 -1.999997125681976629e+00
-2.999998169425264649e+00 -1.999997131982293563e+00 0.000000000000000000e+00
-1.999991602681656655e+00 0.000000000000000000e+00 0.000000000000000000e+00
0.000000000000000000e+00 0.000000000000000000e+00 0.000000000000000000e+00
0.000000000000000000e+00 0.000000000000000000e+00 0.000000000000000000e+00
0.000000000000000000e+00 0.000000000000000000e+00 0.000000000000000000e+00
-3.999622420674177725e+00 -3.999713006340513299e+00 -3.815132070725880453e+00
-3.999724213572060538e+00 -3.999797701542904704e+00 -3.999707859741972626e+00
-3.999926434963837707e+00 -3.999934203143959977e+00 -3.999926824732682906e+00
-3.999949611193883037e+00 -3.999951724803096909e+00 -3.999952172947600637e+00
-3.999922330148738325e+00 -3.999924612360787002e+00 -3.999917051125733813e+00
-3.999971440982472259e+00 -3.999977233197084203e+00 -3.999973343828087557e+00
-3.999971452048564302e+00 -3.999991202805196711e+00 -3.999993008826992380e+00
-3.999996217034560431e+00 -3.999886034430310211e+00 -3.999993376821846525e+00
-3.999992200965002631e+00 -3.999996497630142755e+00 -3.999873021314458654e+00
-3.999791957911758011e+00 -3.999623519637944824e+00 -3.999462926897737969e+00
-3.999967992846115372e+00 -3.999170063058443247e+00 -3.999183845681746341e+00
-3.999954415474428870e+00 -3.999260446816898629e+00 -3.999239783704265694e+00
-3.999592189682960264e+00 -3.999661992776611719e+00 -3.999592635165017285e+00
-3.999824126727061557e+00 -3.999749021559808604e+00 -3.999750114342611962e+00
0.000000000000000000e+00 0.000000000000000000e+00 -1.999998335111995429e+00
-3.749947940221528331e+00 -2.999915021991007347e+00 -2.999999067480291437e+00
-1.999998752111256106e+00 -1.999999477884902177e+00 -1.999997442932862635e+00
0.000000000000000000e+00 0.000000000000000000e+00 0.000000000000000000e+00
0.000000000000000000e+00 0.000000000000000000e+00 0.000000000000000000e+00
-1.999834701253135893e+00 -1.999773704105207273e+00 0.000000000000000000e+00
-3.966303919328874272e+00 -3.999379081361499999e+00 -3.999432993447023854e+00
-3.999540804320554255e+00 -3.999656307037191549e+00 -3.999424507246841731e+00
-3.999941204323508082e+00 -3.999943520664571928e+00 -3.999933510696513039e+00
-3.999942552879558022e+00 -3.999947435443705679e+00 -3.999944402481681038e+00
-3.999965479460016127e+00 -3.999970724701307212e+00 -3.999968146958233106e+00
-3.999975555198554744e+00 -3.999980327872067587e+00 -3.999981706297055961e+00
-3.999992177901308565e+00 -3.999994912522468304e+00 -3.999992416227088565e+00
-3.999997321708928855e+00 -3.999997117734238827e+00 -3.999993902880876639e+00
-3.999997739264938623e+00 -3.999996907775096311e+00 -3.999994333077176556e+00
-3.999993458477409281e+00 -3.999994135024037334e+00 -3.999989096618076445e+00
-3.999987446013092196e+00 -3.999986994933814710e+00 -3.999562771106583092e+00
-3.999973560107209725e+00 -3.999418078116574016e+00 -3.999854178368561275e+00
-3.999853466238320276e+00 -3.999480679051848675e+00 -3.999310348088108036e+00
-3.999748628642371795e+00 -3.999732523118307626e+00 -3.999707732395330062e+00
-3.999792579002698467e+00 -3.999796049180555535e+00 -3.999641221514250056e+00
-2.999997169425018484e+00 -2.999749883499196912e+00 -2.989248491487453308e+00
-1.999808512292986284e+00 -2.999964033411396613e+00 0.000000000000000000e+00
0.000000000000000000e+00 0.000000000000000000e+00 0.000000000000000000e+00
0.000000000000000000e+00 0.000000000000000000e+00 0.000000000000000000e+00
-1.905187532150284468e+00 0.000000000000000000e+00 -1.998634535107661758e+00
-3.972541341063116072e+00 -3.999722154170794575e+00 -3.999405899006253762e+00
-3.999812114764093707e+00 -3.999755646440154244e+00 -3.999605707234683116e+00
-3.999949099932172736e+00 -3.999946615943156925e+00 -3.999950256002871463e+00
-3.999947785425798763e+00 -3.999944002029602430e+00 -3.999956332837892425e+00
-3.999967334025513743e+00 -3.999966503816202223e+00 -3.999972051907676018e+00
-3.999985461871979453e+00 -3.999994199455096044e+00 -3.999991356910552298e+00
-3.999998803820983717e+00 -3.999998864862788217e+00 -3.999998309719515088e+00
-3.999998087107290878e+00 -3.999998070864335897e+00 -3.999997564634850455e+00
-3.999995686855329247e+00 -3.999997449079610412e+00 -3.999998201558216504e+00
-3.999995889443593633e+00 -3.999996922757898865e+00 -3.999994260444895033e+00
-3.999991543592424925e+00 -3.999992865530725084e+00 -3.999994000003054495e+00
-3.999940671406547743e+00 -3.999980638761027496e+00 -3.999981963947487618e+00
-3.999902617811831984e+00 -3.999825292669787924e+00 -3.999760845017497957e+00
-3.999757136487534392e+00 -3.999745494412911384e+00 -3.999649585020754738e+00
-3.999625563063765377e+00 -3.999579948737110868e+00 -3.999585131538052174e+00
-3.742866076683768028e+00 -3.498887719282051556e+00 -3.744167703535556058e+00
-2.999740007725252511e+00 -1.999961322444661738e+00 -1.999997651714177538e+00
0.000000000000000000e+00 0.000000000000000000e+00 0.000000000000000000e+00
0.000000000000000000e+00 0.000000000000000000e+00 0.000000000000000000e+00
-3.499602892898805440e+00 -1.999987630556268936e+00 -1.979929965540891068e+00
-3.999244413070975668e+00 -3.998840808103315325e+00 -3.999640035147780548e+00
-3.999628091272157349e+00 -3.999725560434014948e+00 -3.999648274921973723e+00
-3.999954909859329444e+00 -3.999961452649040350e+00 -3.999957680050921116e+00
-3.999967191209318429e+00 -3.999965251107993058e+00 -3.999969858890906949e+00
-3.999968505288577170e+00 -3.999969113663982334e+00 -3.999970557346450128e+00
-3.999991312905548213e+00 -3.999990899047135784e+00 -3.999995721648288427e+00
-3.999992952006520941e+00 -3.999999005548869224e+00 -3.999999083930639188e+00
-3.999999997276967534e+00 -3.999999990500641367e+00 -3.999999998935415135e+00
-3.999999992705355112e+00 -3.999999987869780949e+00 -3.999998922907169963e+00
-3.999999785703256538e+00 -3.999999800977570352e+00 -3.999997976831839885e+00
-3.999997005964840202e+00 -3.999997844467476416e+00 -3.999997087967188669e+00
-3.999989588083989744e+00 -3.999939628054059781e+00 -3.999951164905675149e+00
-3.999972111061754099e+00 -3.999769747557925026e+00 -3.999967776043034551e+00
-3.999749916979115305e+00 -3.999706045920837560e+00 -3.999724441814057840e+00
-3.999549293151446250e+00 -3.999423295670898604e+00 -3.999542881559230434e+00
-3.999730238152346740e+00 -3.999766727619205486e+00 -3.999221920311593070e+00
-1.999998353640392912e+00 -1.999999987259403866e+00 -1.999999889280760890e+00
0.000000000000000000e+00 0.000000000000000000e+00 0.000000000000000000e+00
0.000000000000000000e+00 0.000000000000000000e+00 0.000000000000000000e+00
0.000000000000000000e+00 -1.997712589123593396e+00 0.000000000000000000e+00
-3.999263080380915714e+00 -3.997986397860649355e+00 -3.998040408153476832e+00
-3.999677832391518084e+00 -3.999649386942068841e+00 -3.999806885471475670e+00
-3.999931537810829330e+00 -3.999964086926391715e+00 -3.999913745710936386e+00
-3.999965796321422129e+00 -3.999960201176542718e+00 -3.999962075098675740e+00
-3.999903287959680309e+00 -3.999991468507380965e+00 -3.999986200933973723e+00
-3.999991503875485410e+00 -3.999992703994379895e+00 -3.999991435695186670e+00
-3.999999403651288699e+00 -3.999999227465711904e+00 -3.999999343280518538e+00
-3.999999994226576039e+00 -3.999999998062272244e+00 -3.999999998202937945e+00
-3.999999997897440096e+00 -3.999999999752707147e+00 -3.999999999781554738e+00
-3.999998661741411610e+00 -3.999998961235944339e+00 -3.999997831934812176e+00
-3.999998502954036361e+00 -3.999998168144823119e+00 -3.999998244165596795e+00
-3.999994114728541383e+00 -3.999947492204563915e+00 -3.999994269505375843e+00
-3.999899610797323479e+00 -3.999951400976691218e+00 -3.999890989616944115e+00
-3.999803529049369200e+00 -3.999626112459864657e+00 -3.999670131547893526e+00
-3.999352587647652335e+00 -3.999240684826160575e+00 -3.999212528971277436e+00
-3.999291341783152820e+00 -3.999115499753839842e+00 -3.999547273701245409e+00
-1.999823067479288285e+00 0.000000000000000000e+00 0.000000000000000000e+00
0.000000000000000000e+00 0.000000000000000000e+00 -1.999999926934948213e+00
0.000000000000000000e+00 0.000000000000000000e+00 0.000000000000000000e+00
0.000000000000000000e+00 0.000000000000000000e+00 -1.999960777947618062e+00
-3.999381771370980054e+00 -3.999195784156666100e+00 -3.998710328520130641e+00
-3.999532315449495279e+00 -3.999709141571119453e+00 -3.999774015046078546e+00
-3.999733576495723586e+00 -3.999901726312049099e+00 -3.999886842857498070e+00
-3.999954471835462488e+00 -3.999961414494044298e+00 -3.999961967495901050e+00
-3.999957840531340736e+00 -3.999979010630888787e+00 -3.999977941906372791e+00
-3.999982891748669278e+00 -3.999986138416084636e+00 -3.999987698857569107e+00
-3.999989273069594731e+00 -3.999998089192616568e+00 -3.999998606090959363e+00
-3.999999122832851750e+00 -3.999996371512535731e+00 -3.999999109003077091e+00
-3.999998766388562110e+00 -3.999998923289495245e+00 -3.999999043139415011e+00
-3.999997914186493642e+00 -3.999998657788246259e+00 -3.999999075154448747e+00
-3.999997683813847349e+00 -3.999998701341807461e+00 -3.999998750664634173e+00
-3.999994923393713986e+00 -3.999994125779712917e+00 -3.999941426994804594e+00
-3.999967805366855700e+00 -3.999730542793847654e+00 -3.999681713971339647e+00
-3.999523811644333016e+00 -3.999622871569397553e+00 -3.999505330416037729e+00
-3.998951084897767849e+00 -3.998669064645992144e+00 -3.999069430996767149e+00
-3.998924837197309845e+00 -3.999801649579619145e+00 -3.998661450536747264e+00
-2.999984479773491586e+00 -1.999998951362916833e+00 0.000000000000000000e+00
0.000000000000000000e+00 0.000000000000000000e+00 0.000000000000000000e+00
0.000000000000000000e+00 0.000000000000000000e+00 0.000000000000000000e+00
0.000000000000000000e+00 -1.999991382812586149e+00 0.000000000000000000e+00
-3.989270853273821693e+00 -3.985153252448580208e+00 -3.987825333706465081e+00
-3.999767252907519666e+00 -3.999786832122702585e+00 -3.999724373429595747e+00
-3.999764933216173990e+00 -3.999897225763751507e+00 -3.999839789060237294e+00
-3.999875110299086156e+00 -3.999907388731948288e+00 -3.999930699080580965e+00
-3.999972471825547604e+00 -3.999960119663652947e+00 -3.999970891781559956e+00
-3.999991412457232443e+00 -3.999973746044022782e+00 -3.999991229802976278e+00
-3.999988169028096952e+00 -3.999993422207425375e+00 -3.999993274111123043e+00
-3.999991478453417848e+00 -3.999996279585083858e+00 -3.999996200369702937e+00
-3.999996182639088182e+00 -3.999998127051044072e+00 -3.999997909108302885e+00
-3.999996383945207512e+00 -3.999997659110564374e+00 -3.999998735537127814e+00
-3.999994737404060530e+00 -3.999993857289884325e+00 -3.999993657875210662e+00
-3.999987230941624894e+00 -3.999981376348965334e+00 -3.999986123649287073e+00
-3.999864820845867364e+00 -3.999904785003070451e+00 -3.999551209251610118e+00
-3.999453139269137480e+00 -3.999433800615534551e+00 -3.999403494151152483e+00
-3.998859961856995326e+00 -3.998786258850986819e+00 -3.998220817324193099e+00
-3.998288727959551814e+00 -3.999405885421099427e+00 -3.999765400152902828e+00
-1.999999710800808517e+00 -2.999999051518303261e+00 -1.999999810600307182e+00
-1.999999031437092789e+00 0.000000000000000000e+00 0.000000000000000000e+00
0.000000000000000000e+00 0.000000000000000000e+00 0.000000000000000000e+00
-1.996973016368303933e+00 0.000000000000000000e+00 -1.999999805284581100e+00
-1.999448184334589484e+00 -1.957645959778948841e+00 0.000000000000000000e+00
-3.999723668910201368e+00 -3.999434193952321692e+00 -3.999435005405423738e+00
-3.999898419806536154e+00 -3.999885775709961067e+00 -3.999839888182989522e+00
-3.999914397579236613e+00 -3.999911018487217973e+00 -3.999928175689443144e+00
-3.999900558542794471e+00 -3.999932897668753373e+00 -3.999972765856405488e+00
-3.999982371189609864e+00 -3.999980140629762815e+00 -3.999980509045999444e+00
-3.999981317930824343e+00 -3.999980743274067940e+00 -3.999982284792831244e+00
-3.999983845792204562e+00 -3.999990808539954035e+00 -3.999986209040369722e+00
-3.999987063655497721e+00 -3.999991033475723601e+00 -3.999990933919165492e+00
-3.999989732407375431e+00 -3.999989220643938026e+00 -3.999980732452304011e+00
-3.999987908886799559e+00 -3.999986380002858333e+00 -3.999987635974211919e+00
-3.999973083285585318e+00 -3.999978976487751581e+00 -3.999969633279791381e+00
-3.999886065055379802e+00 -3.999753676157301818e+00 -3.999800498415578609e+00
-3.999275552538104073e+00 -3.999490528964774860e+00 -3.999473303490232112e+00
-3.998630232699757592e+00 -3.997897657124577009e+00 -3.999063678780695685e+00
-3.998057659272832076e+00 -3.997321693286246536e+00 -3.997921896963665844e+00
-1.999999836838949108e+00 0.000000000000000000e+00 -1.999919917386623558e+00
0.000000000000000000e+00 0.000000000000000000e+00 0.000000000000000000e+00
0.000000000000000000e+00 0.000000000000000000e+00 0.000000000000000000e+00
0.000000000000000000e+00 0.000000000000000000e+00 0.000000000000000000e+00
-1.999999999072059165e+00 -2.999819749290216997e+00 -2.996742426080921895e+00
-3.980526813830377098e+00 -3.984026167148301489e+00 -3.970600231995485618e+00
-3.999687721097296311e+00 -3.999861362490988004e+00 -3.999862775956361638e+00
-3.999907068026458568e+00 -3.999906615410890431e+00 -3.999904932461183726e+00
-3.999934663250984457e+00 -3.999931718322129015e+00 -3.999939473681771496e+00
-3.999940735478618059e+00 -3.999942663203610582e+00 -3.999949393722045166e+00
-3.999964065601188778e+00 -3.999948962994451129e+00 -3.999951455637829945e+00
-3.999973863569247445e+00 -3.999965638931118228e+00 -3.999964618499261881e+00
-3.999969581129330543e+00 -3.999970309529707446e+00 -3.999970303822053097e+00
-3.999973813918040300e+00 -3.999978080866525509e+00 -3.999974746953819604e+00
-3.999962399496654886e+00 -3.999960723279443187e+00 -3.999966818685335213e+00
-3.999937118229114574e+00 -3.999947592916338390e+00 -3.999943337371208330e+00
-3.999900109321981034e+00 -3.999805873360808395e+00 -3.999727195524354961e+00
-3.999567807355799420e+00 -3.999581034600358187e+00 -3.999455282396772393e+00
-3.996385095420641687e+00 -3.996403929526562759e+00 -3.996269926466951006e+00
-2.985319217405050018e+00 -2.982342692065004464e+00 -2.999922415656575581e+00
-1.999964578832702733e+00 -1.999999963848189566e+00 0.000000000000000000e+00
0.000000000000000000e+00 0.000000000000000000e+00 0.000000000000000000e+00
0.000000000000000000e+00 0.000000000000000000e+00 0.000000000000000000e+00
0.000000000000000000e+00 0.000000000000000000e+00 0.000000000000000000e+00
-1.999999805763871930e+00 0.000000000000000000e+00 -1.978378426467128026e+00
-2.998943197964359708e+00 -1.999977325865481603e+00 -3.498247927487793341e+00
-3.999358595650822856e+00 -3.994905631558714809e+00 -3.993161666253434827e+00
-3.999895527897808556e+00 -3.999914968105639179e+00 -3.999915034889853338e+00
-3.999936259844508957e+00 -3.999940861378711965e+00 -3.999916247363967337e+00
-3.999947811954506882e+00 -3.999948776301057496e+00 -3.999939574742608528e+00
-3.999951087133440719e+00 -3.999949662173838405e+00 -3.999956926019577530e+00
-3.999954175918776222e+00 -3.999954554775012827e+00 -3.999955680876700281e+00
-3.999961337698349162e+00 -3.999959677048047002e+00 -3.999961896404718775e+00
-3.999953183198875273e+00 -3.999953081717071424e+00 -3.999952460518489517e+00
-3.999950280276856063e+00 -3.999963342547444789e+00 -3.999961291959738929e+00
-3.999859686058887753e+00 -3.999929545768346806e+00 -3.999930400813115128e+00
-3.999834932819530398e+00 -3.999859903370225567e+00 -3.999798996019023001e+00
-3.996150173738080014e+00 -3.997136624058814647e+00 -3.997698206323859083e+00
-3.988393509390627312e+00 -3.995878625154940078e+00 -3.996248876877069200e+00
-2.999993325940383926e+00 -2.998247056392627119e+00 -1.999920306978520745e+00
-1.999997082319906916e+00 -1.999999810124360344e+00 -2.983518376780735615e+00
0.000000000000000000e+00 0.000000000000000000e+00 0.000000000000000000e+00
0.000000000000000000e+00 0.000000000000000000e+00 0.000000000000000000e+00
-1.999999892263510048e+00 0.000000000000000000e+00 0.000000000000000000e+00
-1.999997377344153726e+00 -1.999999804064429121e+00 -1.999999951679303889e+00
-1.998857731958335382e+00 -1.999998088356389259e+00 -1.999999878988216295e+00
-1.999990859776493934e+00 -1.999999754433084753e+00 -3.486316417395912026e+00
-3.997906960818217836e+00 -3.999176765799383304e+00 -3.998525542047029369e+00
-3.998429619125013268e+00 -3.999952487225159725e+00 -3.999951864104519750e+00
-3.999948145610088268e+00 -3.999952840715808478e+00 -3.999951388593726342e+00
-3.999954916591182297e+00 -3.999961043818424766e+00 -3.999959841077505907e+00
-3.999963363580599562e+00 -3.999961615123278413e+00 -3.999960771424541761e+00
-3.999966150356258687e+00 -3.999967775052211572e+00 -3.999968941373312159e+00
-3.999968551322787391e+00 -3.999848978202239280e+00 -3.999961876835869568e+00
-3.999930957236470963e+00 -3.999948969015578726e+00 -3.999756129645344771e+00
-3.999876227558815334e+00 -3.999881395198612744e+00 -3.999888510220694471e+00
-3.999687378220223799e+00 -3.999711688786199204e+00 -3.999709030721721348e+00
-3.999593894859052590e+00 -3.998909301568219110e+00 -3.960494312922384630e+00
-2.885635209401999468e+00 -2.999996063721714457e+00 -1.999997133065717581e+00
0.000000000000000000e+00 -1.999981307169925948e+00 -1.999856045745365796e+00
-1.999999825308489854e+00 0.000000000000000000e+00 0.000000000000000000e+00
-1.999999954207581032e+00 0.000000000000000000e+00 0.000000000000000000e+00
0.000000000000000000e+00 0.000000000000000000e+00 0.000000000000000000e+00
0.000000000000000000e+00 0.000000000000000000e+00 0.000000000000000000e+00
-1.999998380459876657e+00 -1.999999894854588511e+00 0.000000000000000000e+00
-1.999771239586284111e+00 -1.999999904630723524e+00 0.000000000000000000e+00
-1.999999852987550675e+00 -1.999999748885243234e+00 0.000000000000000000e+00
-2.999966586017371206e+00 -1.999980401270492258e+00 -2.989862210294897515e+00
-3.984483295981068984e+00 -3.975108369551249687e+00 -3.985314453326801676e+00
-3.999942169946927084e+00 -3.999935899806503325e+00 -3.999935103285543914e+00
-3.999928804726429199e+00 -3.999916017057172368e+00 -3.999936433252397450e+00
-3.999928198467014084e+00 -3.999936645010314429e+00 -3.999936566311200092e+00
-3.999903270463249783e+00 -3.999911199185684829e+00 -3.999905571230427004e+00
-3.999800983830980261e+00 -3.999849412436752516e+00 -3.999784175574624623e+00
-3.999569978696468908e+00 -3.999756883160027421e+00 -3.999738538091622608e+00
-3.999742705589791392e+00 -3.999745071933498597e+00 -3.999729276342369744e+00
-3.995454436233741191e+00 -3.988391957857464476e+00 -3.990085675505127050e+00
-3.920185134576033015e+00 -3.892822614036313134e+00 -3.920044001394338729e+00
-1.999999915978394327e+00 -1.999996030369322497e+00 0.000000000000000000e+00
-1.999998638564739029e+00 -1.999996059657315195e+00 -1.993932638814211122e+00
-1.999983012491507228e+00 0.000000000000000000e+00 0.000000000000000000e+00
0.000000000000000000e+00 0.000000000000000000e+00 0.000000000000000000e+00
0.000000000000000000e+00 0.000000000000000000e+00 0.000000000000000000e+00
-1.999871904897863928e+00 -1.999670076635707394e+00 -1.999996636062015831e+00
-1.999730707207004077e+00 -1.999995059295540667e+00 -1.999999731903996603e+00
-1.999999662027356351e+00 0.000000000000000000e+00 0.000000000000000000e+00
-1.999999963743936071e+00 0.000000000000000000e+00 0.000000000000000000e+00
-2.999413709152519925e+00 -1.999608177716578394e+00 -1.999990189762643089e+00
0.000000000000000000e+00 -1.998784344255200018e+00 0.000000000000000000e+00
-3.990049685958600545e+00 -3.990980845558610657e+00 -3.999176945725721133e+00
-3.999832872776283743e+00 -3.999691457251085769e+00 -3.999654160943667325e+00
-3.999607647894181106e+00 -3.999514924624563150e+00 -3.999595856032037933e+00
-3.999493372562560545e+00 -3.999501334883249104e+00 -3.999466620044749732e+00
-3.999560625077625886e+00 -3.998872915023766517e+00 -3.999594240277712487e+00
-3.999470134620734196e+00 -3.999402187663494423e+00 -3.999411354551957398e+00
-3.998791498294130164e+00 -3.998952731836713070e+00 -3.998857900953981748e+00
-3.959582511791445381e+00 -3.914656899557241054e+00 -3.731927123471440844e+00
-1.935046436036784279e+00 0.000000000000000000e+00 0.000000000000000000e+00
-2.993949512057412665e+00 -2.999999644129387022e+00 -2.999927921651368123e+00
-1.999958627290472357e+00 0.000000000000000000e+00 0.000000000000000000e+00
0.000000000000000000e+00 0.000000000000000000e+00 0.000000000000000000e+00
0.000000000000000000e+00 0.000000000000000000e+00 0.000000000000000000e+00
0.000000000000000000e+00 0.000000000000000000e+00 0.000000000000000000e+00
-1.999999950127147041e+00 0.000000000000000000e+00 -1.999989751808697314e+00
-2.999995665497175779e+00 -1.999999512657146372e+00 0.000000000000000000e+00
-1.999999533267692975e+00 -1.999999922876648961e+00 0.000000000000000000e+00
-1.999999952988930296e+00 -1.999949719637472700e+00 0.000000000000000000e+00
-1.999997927287151311e+00 -1.999999668492104643e+00 0.000000000000000000e+00
-2.999925892999192989e+00 -2.999999219687227381e+00 -1.999999675653250986e+00
-2.999996356804056852e+00 -1.999999950243299240e+00 0.000000000000000000e+00
-3.982296544962053986e+00 -3.982196248786588733e+00 -3.994614745393259447e+00
-3.995803949895489371e+00 -3.997702208937336188e+00 -3.997636310296949880e+00
-3.996102127500972490e+00 -3.998342410664240898e+00 -3.998229225699326150e+00
-3.997769602803979971e+00 -3.998772065897585826e+00 -3.998773692049164996e+00
-3.998799405782139438e+00 -3.998459256175287635e+00 -3.998839226907141775e+00
-3.995155342271531573e+00 -3.996456885178768292e+00 -3.994721657961440187e+00
-3.841623228517893285e+00 -3.245307923229776126e+00 -3.018631844213038207e+00
-2.999908200288226467e+00 -2.999986028875301081e+00 -2.998362558636501696e+00
-1.999981367920541597e+00 0.000000000000000000e+00 -2.999368839523770092e+00
0.000000000000000000e+00 0.000000000000000000e+00 0.000000000000000000e+00
-1.999827318906973295e+00 0.000000000000000000e+00 0.000000000000000000e+00
0.000000000000000000e+00 0.000000000000000000e+00 0.000000000000000000e+00
0.000000000000000000e+00 0.000000000000000000e+00 0.000000000000000000e+00
-1.999997300803638245e+00 -1.999999675865481441e+00 -1.999999841319091143e+00
-1.999875334205088118e+00 0.000000000000000000e+00 0.000000000000000000e+00
-2.999997477992758732e+00 -1.999999150728247743e+00 0.000000000000000000e+00
-1.999999936729165206e+00 0.000000000000000000e+00 -2.988437618220264547e+00
-1.999995072654393802e+00 -2.999999281300712362e+00 -1.999999811328547317e+00
-1.999995553282410743e+00 -1.999998259696981862e+00 0.000000000000000000e+00
-1.999999983301315787e+00 0.000000000000000000e+00 0.000000000000000000e+00
-1.999997710263481832e+00 -1.999993521607259517e+00 0.000000000000000000e+00
-3.988342117264112474e+00 -3.999858759519578477e+00 -3.999812763797569559e+00
-3.994874290747745693e+00 -3.999974902858807191e+00 -3.999975574096513498e+00
-3.999761537564333835e+00 -3.999056178599501798e+00 -3.999042810402269055e+00
-3.999332460764755126e+00 -3.998250330367494776e+00 -3.998021998859844217e+00
-3.991207567426656500e+00 -3.983459131146946497e+00 -3.984575449181342321e+00
-2.791342966103573353e+00 -2.723738312721252441e+00 -2.589500427246093750e+00
-1.999997682222388162e+00 -1.952328173041292914e+00 0.000000000000000000e+00
-1.999999917845997732e+00 -1.999999224524468877e+00 -1.999999971518150232e+00
-1.999999921949042303e+00 -1.999999320281970583e+00 -2.999822951199018206e+00
-1.999999967373572440e+00 -2.999996606407210109e+00 -1.999999206412071739e+00
0.000000000000000000e+00 0.000000000000000000e+00 0.000000000000000000e+00
0.000000000000000000e+00 0.000000000000000000e+00 0.000000000000000000e+00
-1.999999914618221908e+00 0.000000000000000000e+00 0.000000000000000000e+00
-1.999963374892196999e+00 0.000000000000000000e+00 0.000000000000000000e+00
-1.960694692534850514e+00 -1.999999881927505996e+00 -1.998354694317015623e+00
-1.999999984837052880e+00 0.000000000000000000e+00 0.000000000000000000e+00
-1.991171645864744821e+00 -1.999977893393680262e+00 0.000000000000000000e+00
0.000000000000000000e+00 0.000000000000000000e+00 0.000000000000000000e+00
0.000000000000000000e+00 -1.999999931177610657e+00 0.000000000000000000e+00
-3.499571292755606855e+00 -2.999832363327838536e+00 -2.999995187879266112e+00
-1.999998396205729945e+00 -1.999999882529856166e+00 0.000000000000000000e+00
-1.999999492213326402e+00 0.000000000000000000e+00 -2.999880319889856928e+00
-1.999999489449673540e+00 -1.999999528897086876e+00 0.000000000000000000e+00
-1.999958720819966507e+00 -1.999991457054504540e+00 0.000000000000000000e+00
-1.998752901985990427e+00 0.000000000000000000e+00 0.000000000000000000e+00
-1.999999826127327740e+00 0.000000000000000000e+00 0.000000000000000000e+00
0.000000000000000000e+00 0.000000000000000000e+00 0.000000000000000000e+00
-1.999996272854483115e+00 0.000000000000000000e+00 -2.999997374614578050e+00
-1.999979607710446805e+00 0.000000000000000000e+00 0.000000000000000000e+00
0.000000000000000000e+00 0.000000000000000000e+00 0.000000000000000000e+00
0.000000000000000000e+00 0.000000000000000000e+00 0.000000000000000000e+00
0.000000000000000000e+00 0.000000000000000000e+00 0.000000000000000000e+00
0.000000000000000000e+00 0.000000000000000000e+00 0.000000000000000000e+00
0.000000000000000000e+00 0.000000000000000000e+00 0.000000000000000000e+00
0.000000000000000000e+00 0.000000000000000000e+00 0.000000000000000000e+00
0.000000000000000000e+00 0.000000000000000000e+00 0.000000000000000000e+00
0.000000000000000000e+00 0.000000000000000000e+00 0.000000000000000000e+00
0.000000000000000000e+00 0.000000000000000000e+00 0.000000000000000000e+00
0.000000000000000000e+00 0.000000000000000000e+00 0.000000000000000000e+00
0.000000000000000000e+00 0.000000000000000000e+00 0.000000000000000000e+00
0.000000000000000000e+00 0.000000000000000000e+00 0.000000000000000000e+00
0.000000000000000000e+00 0.000000000000000000e+00 0.000000000000000000e+00
0.000000000000000000e+00 0.000000000000000000e+00 0.000000000000000000e+00
0.000000000000000000e+00 0.000000000000000000e+00 0.000000000000000000e+00
0.000000000000000000e+00 0.000000000000000000e+00 0.000000000000000000e+00
0.000000000000000000e+00 0.000000000000000000e+00 0.000000000000000000e+00
0.000000000000000000e+00 0.000000000000000000e+00 0.000000000000000000e+00
0.000000000000000000e+00 0.000000000000000000e+00 0.000000000000000000e+00
0.000000000000000000e+00 0.000000000000000000e+00 0.000000000000000000e+00
0.000000000000000000e+00 0.000000000000000000e+00 0.000000000000000000e+00
0.000000000000000000e+00 0.000000000000000000e+00 0.000000000000000000e+00
