0.000000000000000000e+00 0.000000000000000000e+00 0.000000000000000000e+00
0.000000000000000000e+00 0.000000000000000000e+00 0.000000000000000000e+00
-5.239396829730057448e+01 0.000000000000000000e+00 0.000000000000000000e+00
-1.033674184877550886e+02 -1.044757349997482976e+02 -9.453428992585128299e+01
-1.219981881169361486e+02 -1.217019912763694407e+02 -1.133568393633955083e+02
-1.375798275982123755e+02 -1.134450463446934236e+02 -1.159802773399823650e+02
-1.195891793262108109e+02 -1.192298449813688990e+02 -1.194332896742083108e+02
-1.188396877620446332e+02 -1.193547249346908075e+02 -1.186705929782271909e+02
-1.190605963914550927e+02 -1.186788672012045396e+02 -1.187144271817301160e+02
-1.183238533966464274e+02 -1.183743970958679057e+02 -1.189017499832522589e+02
-1.197756798970539762e+02 -1.197785997604354264e+02 -1.192565843357029678e+02
-1.192321154018470537e+02 -1.193205930993381969e+02 -1.178647662081156966e+02
-1.160644901936172460e+02 -1.164212643833116232e+02 -1.161542041347093317e+02
-4.116253736591650636e+01 0.000000000000000000e+00 0.000000000000000000e+00
-8.193636396573131719e+01 -5.594209198852067288e+01 -5.009393626760319762e+01
-3.548624885685386232e+01 0.000000000000000000e+00 0.000000000000000000e+00
-6.127470272293531650e+01 0.000000000000000000e+00 0.000000000000000000e+00
-5.664260066720528641e+01 0.000000000000000000e+00 0.000000000000000000e+00
-7.714049923703083778e+01 0.000000000000000000e+00 0.000000000000000000e+00
0.000000000000000000e+00 0.000000000000000000e+00 0.000000000000000000e+00
0.000000000000000000e+00 0.000000000000000000e+00 0.000000000000000000e+00
0.000000000000000000e+00 0.000000000000000000e+00 -2.522803219552633536e+01
-1.069867885792455553e+02 -6.786887000916451029e+01 -7.267369853040260352e+01
-1.077287448451093042e+02 -1.152114880468439679e+02 -1.147389486425709038e+02
-1.135936026208660508e+02 -1.209603539561439334e+02 -1.334773114381255255e+02
-1.188716757291017814e+02 -1.195467958017406005e+02 -1.191024902638075957e+02
-1.196168033506474444e+02 -1.197331974325311137e+02 -1.195985176311764064e+02
-1.184725573255034305e+02 -1.189303152666367822e+02 -1.188083671352137145e+02
-1.178516669968574604e+02 -1.177469012582128016e+02 -1.178167705398946055e+02
-1.182301739221062462e+02 -1.183558063146299304e+02 -1.183725846142227880e+02
-1.206704727976982809e+02 -1.180972174578177913e+02 -1.183234551476528083e+02
-1.168622945225687033e+02 -1.175235638918464076e+02 -1.176248475880059203e+02
-1.170918018523114199e+02 -1.173454839530656386e+02 -1.153669989792354897e+02
-1.154348715973092965e+02 -1.154509440284885926e+02 -1.078498138723923603e+02
-6.996123497568086691e+01 -8.733168160939202096e+01 -1.124228254634110868e+02
-5.667698247486735852e+01 -1.113330280099276592e+02 -4.674965140322743196e+01
-4.583606227417873669e+01 -7.446623162555980002e+01 0.000000000000000000e+00
-5.462634733794554620e+01 -8.795245908873243934e+01 -5.127576869677196925e+01
-6.274021697616776549e+01 -7.964522223700501513e+01 0.000000000000000000e+00
0.000000000000000000e+00 0.000000000000000000e+00 0.000000000000000000e+00
0.000000000000000000e+00 0.000000000000000000e+00 0.000000000000000000e+00
-4.066326683750456539e+01 -2.634096928829533368e+01 -6.931858070328786425e+01
-9.853142241105402377e+01 -6.796086284097805219e+01 -7.315839603620169385e+01
-1.009876831552064971e+02 -1.192723198717496160e+02 -1.147705065728378884e+02
-1.193535873676152335e+02 -1.184496282574357338e+02 -1.192152415294978027e+02
-1.194288545669119799e+02 -1.196285469126568728e+02 -1.198837615791882172e+02
-1.195763511105657528e+02 -1.201590244671208438e+02 -1.196537557784163113e+02
-1.197460218552353552e+02 -1.196571010434693534e+02 -1.194483919587075320e+02
-1.195803479898145980e+02 -1.194738197451246009e+02 -1.195205586257851564e+02
-1.195559807815836848e+02 -1.202617492480392798e+02 -1.202518981526654045e+02
-1.194461550682567577e+02 -1.193573694901907771e+02 -1.177624649950305127e+02
-1.185153450196853271e+02 -1.248621814896465025e+02 -1.228743796936009289e+02
-1.162993958831072234e+02 -1.189479197477700438e+02 -1.141816407821807218e+02
-1.153040507710028209e+02 -1.148993194261490487e+02 -1.049859423544924368e+02
-1.130632825899494662e+02 -1.134975523104004651e+02 -9.183015735946260349e+01
-9.291918779027841424e+01 -9.324410133237961418e+01 -1.136235024249419894e+02
-7.783231214832461831e+01 -6.380472531004362224e+01 0.000000000000000000e+00
-1.767457381574010356e+01 -5.524770819521015142e+01 0.000000000000000000e+00
-3.759364054827550916e+01 -4.589610609726172186e+01 -2.284162163111072630e+01
0.000000000000000000e+00 0.000000000000000000e+00 0.000000000000000000e+00
0.000000000000000000e+00 0.000000000000000000e+00 0.000000000000000000e+00
-6.862790714984677720e+01 0.000000000000000000e+00 0.000000000000000000e+00
-1.091032340176466846e+02 -1.114171688359103598e+02 -1.113005300974642893e+02
-1.209626657932067815e+02 -1.165512718513710553e+02 -1.187704717887651782e+02
-1.198957208145156130e+02 -1.213191160676373528e+02 -1.205800577913502991e+02
-1.215233473141768457e+02 -1.212390277025811258e+02 -1.234401218685540869e+02
-1.217079130261489581e+02 -1.234652921312067519e+02 -1.234166880263839232e+02
-1.274600909284646235e+02 -1.269259451408338464e+02 -1.297863906294761307e+02
-1.263900802482075960e+02 -1.328403038205294138e+02 -1.327436672419898969e+02
-1.333687654064251262e+02 -1.337001507099806759e+02 -1.335340465555455580e+02
-1.341115677503514974e+02 -1.334799137043025894e+02 -1.338360697723055921e+02
-1.319947798255669511e+02 -1.342709741828937808e+02 -1.332675196035471572e+02
-1.310221707043554034e+02 -1.276601879827701680e+02 -1.314499820660773821e+02
-1.240410618917318004e+02 -1.255685112786271134e+02 -1.237341488779043885e+02
-1.125156816980612007e+02 -1.119856283618796908e+02 -1.136965721813608070e+02
-1.087250332143168805e+02 -1.091779955537012086e+02 -1.033579490507937493e+02
-6.834909740732601335e+01 -4.299983777895726433e+01 -7.514202618504479858e+01
-1.003306324134003660e+02 -1.131621533829550401e+02 -1.056004867821740021e+02
-4.961396027934609521e+01 -7.960055433709280237e+01 -7.740717932807214652e+01
-7.509369835913850011e+01 0.000000000000000000e+00 0.000000000000000000e+00
0.000000000000000000e+00 0.000000000000000000e+00 0.000000000000000000e+00
0.000000000000000000e+00 0.000000000000000000e+00 0.000000000000000000e+00
-1.121586642737094621e+02 -1.192057046779717098e+02 -1.167340971467861834e+02
-1.202951496575339547e+02 -1.201472280261949379e+02 -1.193960983634149358e+02
-1.210872109233889944e+02 -1.217741068179105071e+02 -1.215640460088442723e+02
-1.246818385474123545e+02 -1.226614560653242307e+02 -1.226572280007343920e+02
-1.305917313830900071e+02 -1.239127052556026172e+02 -1.264749626314580837e+02
-1.348720685879844154e+02 -1.360393569098328612e+02 -1.360464194186747591e+02
-1.445288765181456938e+02 -1.327340607508440371e+02 -1.378404150794916916e+02
-1.430290910782621836e+02 -1.467137711391924313e+02 -1.453181158757472815e+02
-1.479711294982636787e+02 -1.493823908399845664e+02 -1.400696947045465492e+02
-1.423116469934728912e+02 -1.333001347351895447e+02 -1.417954155530331377e+02
-1.333493535283591882e+02 -1.339569011247284891e+02 -1.270406633204258924e+02
-1.301169293920569032e+02 -1.283705770531223891e+02 -1.324218612753394950e+02
-1.271733666505759714e+02 -1.178880482621789270e+02 -1.217682964663457597e+02
-1.110820208373421565e+02 -1.041040765233098000e+02 -1.112254598452425114e+02
-1.024651221893725506e+02 -1.054087649392317019e+02 -1.079258935995522961e+02
-3.521793031958830511e+01 -3.806343415969006116e+01 -2.388349275337928290e+01
-6.945759166300508980e+01 0.000000000000000000e+00 0.000000000000000000e+00
0.000000000000000000e+00 0.000000000000000000e+00 0.000000000000000000e+00
0.000000000000000000e+00 0.000000000000000000e+00 0.000000000000000000e+00
-7.419007580546248448e+01 -3.498169123230177746e+01 0.000000000000000000e+00
-1.111410743879171719e+02 -1.195559636738124141e+02 -1.153763053311788553e+02
-1.211555620834259486e+02 -1.209958076060174648e+02 -1.191350084738256783e+02
-1.224572063426852822e+02 -1.228946126061115507e+02 -1.232287251121845912e+02
-1.254181149889766544e+02 -1.244706499127648271e+02 -1.254025093881827644e+02
-1.372911573623987351e+02 -1.366080816291917017e+02 -1.375837391777639027e+02
-1.348981234103044926e+02 -1.441255816713939737e+02 -1.446731355335502087e+02
-1.559466564612378079e+02 -1.558251237499131321e+02 -1.562270762339122712e+02
-1.579000171518499656e+02 -1.578867505371753168e+02 -1.552721199218033519e+02
-1.559038775220437572e+02 -1.580626628262387783e+02 -1.528725483496952222e+02
-1.548753217350742091e+02 -1.550649883112925238e+02 -1.504237994597452257e+02
-1.498955056291829351e+02 -1.555693976621018066e+02 -1.502613873106827498e+02
-1.357252899919435265e+02 -1.343808328284443974e+02 -1.253918588020231368e+02
-1.334821595894120492e+02 -1.332675027861161539e+02 -1.316164804127390369e+02
-1.143734441428816524e+02 -1.155450679439650941e+02 -1.071030911352136741e+02
-1.084858728199864117e+02 -1.120672616978621079e+02 -1.024476783480256756e+02
-7.215825230000092461e+01 -8.054702000494613401e+01 -7.326289080482692384e+01
-5.671291719570329803e+01 -2.307058333480263457e+01 0.000000000000000000e+00
0.000000000000000000e+00 0.000000000000000000e+00 0.000000000000000000e+00
0.000000000000000000e+00 0.000000000000000000e+00 0.000000000000000000e+00
0.000000000000000000e+00 0.000000000000000000e+00 0.000000000000000000e+00
-1.154220769046844168e+02 -1.161055539510994379e+02 -1.200660027976626907e+02
-1.250825143869099492e+02 -1.229691562478278115e+02 -1.230110348087425791e+02
-1.235420953808269928e+02 -1.239426138766218202e+02 -1.239317167887604683e+02
-1.264428575724055293e+02 -1.271479611556336806e+02 -1.252685710270396129e+02
-1.375618442579260545e+02 -1.372521844105360742e+02 -1.374650914926924656e+02
-1.366904689269880464e+02 -1.352739361113348195e+02 -1.364875535112112743e+02
-1.579622662670345221e+02 -1.600755772948533320e+02 -1.607007272953910615e+02
-1.634950812887638563e+02 -1.677659147177488137e+02 -1.622944356354108209e+02
-1.653165349170383820e+02 -1.665725504810838231e+02 -1.606693474462563813e+02
-1.605320931549922534e+02 -1.608465713414492484e+02 -1.609227664982412307e+02
-1.556968741793794777e+02 -1.526043146097402996e+02 -1.483092476518649505e+02
-1.511065279944422173e+02 -1.462195014306732901e+02 -1.467023131941111274e+02
-1.375944281272815033e+02 -1.377995497039425459e+02 -1.377841829686835240e+02
-1.240663041909299693e+02 -1.243558391490003032e+02 -1.057052504708143061e+02
-1.053367639207808679e+02 -1.009294683695952131e+02 -1.056091186254308525e+02
-1.072212576952329925e+02 -9.910768048289646970e+01 -9.727471546682212988e+01
-6.982990333737797073e+01 -6.790106833961587540e+01 -5.493358589607632325e+01
0.000000000000000000e+00 0.000000000000000000e+00 0.000000000000000000e+00
0.000000000000000000e+00 0.000000000000000000e+00 0.000000000000000000e+00
-4.108243215681952165e+01 -4.164970128308875985e+01 0.000000000000000000e+00
-1.183337141372901158e+02 -1.159811940761728550e+02 -1.182412440853786819e+02
-1.236055377538312285e+02 -1.411344001743999854e+02 -1.232624390936407224e+02
-1.230593199366805948e+02 -1.239988084813022482e+02 -1.238410726655937992e+02
-1.261727753296969468e+02 -1.266517355136499248e+02 -1.302185370421937591e+02
-1.379300652531235301e+02 -1.379081269667919400e+02 -1.379953342796107449e+02
-1.373824489712479817e+02 -1.398632508848193936e+02 -1.480249421185659742e+02
-1.605431177827178431e+02 -1.611352614438845308e+02 -1.607800583418349447e+02
-1.600769399791540479e+02 -1.605360462890340045e+02 -1.634740234183414316e+02
-1.631158976520444526e+02 -1.628405393761690050e+02 -1.605690975858669844e+02
-1.609932086917663696e+02 -1.611694423984214950e+02 -1.572491626422282707e+02
-1.564503577691944827e+02 -1.552235298262349659e+02 -1.518376357711537707e+02
-1.481862624972926881e+02 -1.486309376056065901e+02 -1.482757116171394500e+02
-1.376893851824567037e+02 -1.374464301767462473e+02 -1.268253656540884577e+02
-1.308065645009664877e+02 -1.275456587834989648e+02 -1.386485506385809003e+02
-1.008016430959363845e+02 -9.966918736005243318e+01 -1.172417741835242282e+02
-1.055154314758053999e+02 -1.081463931182874063e+02 -1.020571148325876152e+02
-4.184972326883028870e+01 -3.830701357319935596e+01 -8.383753496051031107e+01
0.000000000000000000e+00 -3.167126268047602267e+01 0.000000000000000000e+00
0.000000000000000000e+00 0.000000000000000000e+00 0.000000000000000000e+00
-7.209837435246167558e+01 -1.653597810268731649e+01 0.000000000000000000e+00
-1.182908061862114266e+02 -1.467513260394161989e+02 -1.187965167696192310e+02
-1.234362757640959103e+02 -1.236513137991617413e+02 -1.235701275379954325e+02
-1.250947420553528389e+02 -1.241666012877750518e+02 -1.247433554108796727e+02
-1.283204947132978759e+02 -1.283305827333202558e+02 -1.271667163756530670e+02
-1.351030504490893520e+02 -1.358820602420929333e+02 -1.365463548297140051e+02
-1.389719987505316396e+02 -1.373197517951227269e+02 -1.382986728096069555e+02
-1.527242051811293777e+02 -1.489705520704780497e+02 -1.477744372724201298e+02
-1.531754421018287644e+02 -1.618304115529851401e+02 -1.620822045107701115e+02
-1.614090672128885444e+02 -1.616513984556686410e+02 -1.612285511937014917e+02
-1.577776026989317302e+02 -1.516241758515250808e+02 -1.575285752399517492e+02
-1.541756466903258911e+02 -1.490504527040686469e+02 -1.533839448890131507e+02
-1.503753115308355177e+02 -1.500810507212915468e+02 -1.487642773800338887e+02
-1.466499649733540878e+02 -1.393156703454133094e+02 -1.199642930241356993e+02
-1.271176981794046554e+02 -1.256679877274607691e+02 -9.913884895086160043e+01
-1.066327359851035226e+02 -9.910168485609571576e+01 -9.909296734700814113e+01
-1.043408601419138790e+02 -1.018199128949675583e+02 -1.027076450659337752e+02
-1.157584557615948029e+02 -1.027773390622410261e+02 -7.239896394164870230e+01
0.000000000000000000e+00 -3.128988087670588314e+01 0.000000000000000000e+00
0.000000000000000000e+00 0.000000000000000000e+00 0.000000000000000000e+00
-3.798874924365388495e+01 -8.634888841566949225e+01 -7.616364715415403452e+01
-1.144535292243337921e+02 -1.107083170763484077e+02 -1.115468083633433736e+02
-1.238645733593237424e+02 -1.237356986025131249e+02 -1.247260096228319100e+02
-1.250383864609489279e+02 -1.257093777260304535e+02 -1.256233219332463023e+02
-1.277196103444132405e+02 -1.445169755097930420e+02 -1.279686827030775191e+02
-1.294104971636680830e+02 -1.333218067422028241e+02 -1.355502865852856189e+02
-1.359683257169080548e+02 -1.528906253579239660e+02 -1.366707708543191586e+02
-1.337091285388760582e+02 -1.437101822066605621e+02 -1.433258650934369314e+02
-1.506901105320164902e+02 -1.546000267315729388e+02 -1.477518632707012785e+02
-1.471189015310266086e+02 -1.462744118061507095e+02 -1.462698906762315971e+02
-1.459213124568549347e+02 -1.469057505312304102e+02 -1.504509604124505415e+02
-1.475987817205721910e+02 -1.502845466461814112e+02 -1.480918410861410166e+02
-1.473145201837001252e+02 -1.466075214999359844e+02 -1.441630241568435622e+02
-1.429532561714330541e+02 -1.427145243883309149e+02 -1.319487601612599406e+02
-1.115094099343668717e+02 -1.276434851744041623e+02 -1.189120243572315445e+02
-9.676730882192785543e+01 -9.895818276720311246e+01 -9.960433272156080875e+01
-1.060654852218597313e+02 -1.054979257213108639e+02 -9.885348227316509906e+01
-4.323666266775509115e+01 -7.701584812778284572e+01 0.000000000000000000e+00
0.000000000000000000e+00 0.000000000000000000e+00 0.000000000000000000e+00
0.000000000000000000e+00 0.000000000000000000e+00 0.000000000000000000e+00
0.000000000000000000e+00 0.000000000000000000e+00 -6.150712029035116757e+01
-5.621724098392681412e+01 -7.409703605021127260e+01 -8.013527848134287979e+01
-1.195881103207807996e+02 -1.238758317253970063e+02 -1.236917958740564814e+02
-1.265852465274826386e+02 -1.263257414947220951e+02 -1.261579088737668712e+02
-1.262197096582320910e+02 -1.275755704035675535e+02 -1.277920649480857378e+02
-1.309772248437304825e+02 -1.308735497222341166e+02 -1.306518715815043379e+02
-1.328927144343922748e+02 -1.359158181764029791e+02 -1.363017983347093036e+02
-1.370182272924949416e+02 -1.386837894343562994e+02 -1.386526808592589077e+02
-1.372668054336522232e+02 -1.412136844963210081e+02 -1.406263493975680490e+02
-1.434682375998366979e+02 -1.405909975437012065e+02 -1.445887176774008651e+02
-1.450775517259362175e+02 -1.441316941136374794e+02 -1.457979471676482035e+02
-1.442513715726304326e+02 -1.457325885572097661e+02 -1.455151544145639946e+02
-1.440854179958682266e+02 -1.431339026091759479e+02 -1.444214812279285525e+02
-1.386107139904580094e+02 -1.381186749894906143e+02 -1.074163106163875767e+02
-1.194562069770286143e+02 -1.007459116826400702e+02 -8.985324419840765131e+01
-1.057366630946548867e+02 -9.860673246714844709e+01 -9.236286055110019788e+01
-1.206231979085407744e+02 -1.035196953877494650e+02 -9.989593933817661764e+01
0.000000000000000000e+00 0.000000000000000000e+00 0.000000000000000000e+00
-6.534286148457380250e+01 0.000000000000000000e+00 0.000000000000000000e+00
0.000000000000000000e+00 0.000000000000000000e+00 0.000000000000000000e+00
0.000000000000000000e+00 0.000000000000000000e+00 0.000000000000000000e+00
-6.200605645712973057e+01 -7.995577460218856913e+01 0.000000000000000000e+00
-1.106189545976075976e+02 -1.280484229592615009e+02 -1.189854277384438177e+02
-1.263546577801163266e+02 -1.450807042058592060e+02 -1.268293099537106343e+02
-1.278173079597539470e+02 -1.284697270976023447e+02 -1.288094493230491935e+02
-1.299233459551408600e+02 -1.288044169732877435e+02 -1.296709360399580930e+02
-1.338649155018271131e+02 -1.328929299876612049e+02 -1.308588875652466186e+02
-1.355392905378993476e+02 -1.378954537717978326e+02 -1.370366610074708831e+02
-1.374972451343391526e+02 -1.404284761250312386e+02 -1.391684777924279501e+02
-1.390215054958486576e+02 -1.396869729809544367e+02 -1.398761826083655819e+02
-1.400463035486097567e+02 -1.409247390093076433e+02 -1.409941835553626674e+02
-1.416290304092430006e+02 -1.434566946472443760e+02 -1.418222899392686998e+02
-1.415580486139973289e+02 -1.411078988291827443e+02 -1.415695918464475085e+02
-1.335477197879627909e+02 -1.321662193559885736e+02 -1.142071825314400400e+02
-1.031715450498275857e+02 -1.042202586725434799e+02 -8.951035081781969893e+01
-8.885756638948603836e+01 -9.866517722046964423e+01 -1.127835836474370836e+02
-6.703382910179604437e+01 0.000000000000000000e+00 0.000000000000000000e+00
-5.963709779707290437e+01 -1.926533053143828056e+01 0.000000000000000000e+00
0.000000000000000000e+00 0.000000000000000000e+00 0.000000000000000000e+00
0.000000000000000000e+00 0.000000000000000000e+00 0.000000000000000000e+00
-5.783309352797667913e+01 -3.563683422973058867e+01 -4.420992674135270306e+01
-3.151844049105288548e+01 -6.165015178344895475e+01 -3.416026685007962982e+01
-1.172432605559783809e+02 0.000000000000000000e+00 0.000000000000000000e+00
-1.221381490138452079e+02 -1.249626917876776133e+02 -1.242007040460148630e+02
-1.285690334302087479e+02 -1.283052755907957305e+02 -1.281731384602134369e+02
-1.293762750039844605e+02 -1.306203543719971663e+02 -1.305721815390588745e+02
-1.304721581897007638e+02 -1.328176595775197484e+02 -1.315658388456880061e+02
-1.322969112625663684e+02 -1.340959632721293247e+02 -1.346744645073184756e+02
-1.341364358536447980e+02 -1.358293739149691532e+02 -1.351188694882851564e+02
-1.361178073185349717e+02 -1.373903560489619053e+02 -1.373780850467238110e+02
-1.420436856186334751e+02 -1.383322780161013839e+02 -1.393688248140715018e+02
-1.395387963420707820e+02 -1.391180273611739722e+02 -1.402516468110056849e+02
-1.375414792275349782e+02 -1.365627108380303412e+02 -1.372856027165211685e+02
-1.250781662288451912e+02 -8.818614511920057453e+01 -1.071545420699380315e+02
-9.659925766798787095e+01 -9.671369063461312976e+01 -8.904332821584824842e+01
-9.208686092647623411e+01 -1.078334069223790834e+02 -9.545060848085384464e+01
0.000000000000000000e+00 0.000000000000000000e+00 -7.710666984035731275e+01
-4.844247084103813705e+01 -5.297778247381980066e+01 0.000000000000000000e+00
-3.840812967085697238e+01 0.000000000000000000e+00 0.000000000000000000e+00
0.000000000000000000e+00 0.000000000000000000e+00 0.000000000000000000e+00
-3.155455328514594271e+01 0.000000000000000000e+00 0.000000000000000000e+00
-1.220304097833043855e+01 -9.557637413845398555e+01 -6.152270862523951678e+01
-2.820211973109453396e+01 -2.357421479978631851e+01 -6.589068933634689529e+01
-1.144914137417462143e+02 -1.222587478070906428e+02 -8.884132287191404487e+01
-1.277641974057559366e+02 -1.273103045419728687e+02 -1.277328966724779349e+02
-1.304439871675281495e+02 -1.302952255866228199e+02 -1.300285998310718014e+02
-1.321028918479466938e+02 -1.311801416054490801e+02 -1.320436401518939533e+02
-1.330930639214477651e+02 -1.344370888426840338e+02 -1.344695846046463146e+02
-1.354214772290319502e+02 -1.359643196726668180e+02 -1.342559219827503227e+02
-1.370526655964637257e+02 -1.402190751424323025e+02 -1.376101183268041552e+02
-1.392674891592541826e+02 -1.378618399808105153e+02 -1.393208793227800015e+02
-1.380703652400875967e+02 -1.385151951362710747e+02 -1.386791844715698971e+02
-1.330023261159264507e+02 -1.187279964559294427e+02 -1.301964239263120362e+02
-1.120468001107095120e+02 -1.201254008970795581e+02 -7.591934171094689532e+01
-7.634264372203415405e+01 -8.406589391916020304e+01 -8.378371459387774678e+01
-1.626738903267502678e+01 -1.629473724130156143e+01 0.000000000000000000e+00
-4.850503209570133123e+01 -4.962916334807798791e+01 -7.585109167944203534e+01
-3.830701357319935596e+01 -5.674369437149792361e+01 -4.041574443919104453e+01
0.000000000000000000e+00 0.000000000000000000e+00 0.000000000000000000e+00
0.000000000000000000e+00 0.000000000000000000e+00 0.000000000000000000e+00
-6.186118623732193811e+01 -2.300063107044670474e+01 0.000000000000000000e+00
-4.769540298796180622e+01 -5.067722130123003410e+01 0.000000000000000000e+00
0.000000000000000000e+00 0.000000000000000000e+00 0.000000000000000000e+00
-5.542978849455818846e+01 -9.710950341974123035e+01 -7.188469097970425992e+01
-1.337207644620037250e+01 -6.991740849701999139e+01 0.000000000000000000e+00
-1.291660518096097121e+02 -1.296386903090797205e+02 -1.294396490986862887e+02
-1.314381031634473800e+02 -1.323148555257848216e+02 -1.322358043936914100e+02
-1.348828276781473505e+02 -1.332796756187243545e+02 -1.345217953737164294e+02
-1.346305321688585082e+02 -1.363759564903742785e+02 -1.368508184191762211e+02
-1.381408561322961646e+02 -1.386815009453450784e+02 -1.372465909122934704e+02
-1.397434406068858550e+02 -1.387826445717317938e+02 -1.395983400500233529e+02
-1.382292466382076555e+02 -1.391526674358610762e+02 -1.373225648944601573e+02
-6.634594464697946137e+01 -7.571667449156784357e+01 -6.681822939889252666e+01
-7.213601596954617889e+01 -6.590709829812480791e+01 -1.049434412255720872e+02
-6.796684204733338674e+01 -6.179163695061404127e+01 -4.285282998969454127e+01
-9.641966190195779518e+01 -8.596175316895055118e+01 -7.456412753469538757e+01
-5.910985493458449014e+01 -6.010418162276152998e+01 0.000000000000000000e+00
-1.181958488058815107e+02 -8.333216870091325745e+01 -9.118266053047858577e+01
0.000000000000000000e+00 0.000000000000000000e+00 0.000000000000000000e+00
0.000000000000000000e+00 0.000000000000000000e+00 0.000000000000000000e+00
-7.448532877111495054e+01 0.000000000000000000e+00 0.000000000000000000e+00
-8.818004914348014722e+01 -2.375929262577521683e+01 -7.595200370564603531e+01
-5.754893766927318666e+01 -9.218824545679869686e+01 0.000000000000000000e+00
-6.098885250794222657e+01 0.000000000000000000e+00 -6.910731113767729994e+01
-4.284134207125755722e+01 -5.538537695756724588e+01 -9.830105787480522395e+01
-6.606391504702295947e+01 0.000000000000000000e+00 -8.729794836993065132e+01
-1.303518523879685063e+02 -1.304734376537068101e+02 -1.308705340512612452e+02
-1.326464159682736579e+02 -1.328862829144292164e+02 -1.314584289852417669e+02
-1.356394865422207943e+02 -1.355565779286523878e+02 -1.354586706368852731e+02
-1.373548863253561194e+02 -1.364895974987941258e+02 -1.371408643814800428e+02
-1.344996992838749179e+02 -1.323556781606890809e+02 -1.333662922291881614e+02
-7.385662479803833946e+01 -6.703311944687558821e+01 -6.766764448762866380e+01
-6.625385360562925996e+01 -6.558296603933004576e+01 -6.495949664655067579e+01
-5.332835782425531335e+01 -5.289332642855283950e+01 -5.609168348079481348e+01
0.000000000000000000e+00 0.000000000000000000e+00 0.000000000000000000e+00
-5.160713412901029074e+01 -2.718493447025489829e+01 -7.898589382745032594e+01
-6.430188975104563553e+01 -4.448893817606842305e+01 0.000000000000000000e+00
-8.374850422377340919e+01 -5.652586533149662529e+01 -2.309286357772559484e+01
0.000000000000000000e+00 0.000000000000000000e+00 0.000000000000000000e+00
0.000000000000000000e+00 0.000000000000000000e+00 0.000000000000000000e+00
-2.258849405408539468e+01 0.000000000000000000e+00 0.000000000000000000e+00
0.000000000000000000e+00 0.000000000000000000e+00 -4.035191265880546041e+01
0.000000000000000000e+00 0.000000000000000000e+00 0.000000000000000000e+00
0.000000000000000000e+00 0.000000000000000000e+00 -4.553539324747107742e+01
-1.010138845982556575e+02 -3.396949064519207440e+01 -2.738288470420515708e+01
-5.804781860480025557e+01 -5.955634684450049576e+01 -7.014938084316561628e+01
-7.590777743409229572e+01 -5.759009502188465035e+01 0.000000000000000000e+00
-1.311936266471612669e+02 -1.340577432480218931e+02 -1.306642652116884449e+02
-1.348096950550560109e+02 -1.334382544416071710e+02 -1.350683366735732420e+02
-1.367972545277686436e+02 -1.352753238162652281e+02 -1.363651307395671211e+02
-1.271634601273995600e+02 -1.254818272601666251e+02 -9.209683581306080669e+01
-9.069378801357049724e+01 -9.028044120093915126e+01 -6.531152062241056910e+01
-5.885585484198398376e+01 -5.978069745830600823e+01 -5.932919141152504494e+01
-3.952198532073838777e+01 -4.375021238447968130e+01 -3.990391882743457330e+01
-7.651332934825801146e+01 -1.849174347700532905e+01 -1.671464131649800322e+01
-4.377575137514219250e+01 -4.937812752851733933e+01 -7.172722438434996661e+01
-5.724327453641667773e+01 -4.189307254458661589e+01 0.000000000000000000e+00
-5.914460252786645356e+01 0.000000000000000000e+00 0.000000000000000000e+00
0.000000000000000000e+00 0.000000000000000000e+00 0.000000000000000000e+00
0.000000000000000000e+00 0.000000000000000000e+00 0.000000000000000000e+00
-1.710850355463650274e+01 -3.211792362008523583e+01 0.000000000000000000e+00
-3.985076611496769772e+01 0.000000000000000000e+00 -3.344393722207626496e+01
-3.994615297408986976e+01 -7.439148742263739678e+01 -9.411148773434408099e+01
-8.140464728743815215e+01 -7.767532953865097056e+01 0.000000000000000000e+00
-8.602179573280852765e+01 -6.765327385495723433e+01 -2.390646780555241691e+01
-1.340072110698925911e+01 -5.389600625872314765e+01 -8.236038476365624206e+01
-6.869637551981426782e+01 0.000000000000000000e+00 -5.507900397239522761e+01
-4.195775348509371838e+01 -7.495048868440920842e+01 -5.641885939341381118e+01
-1.165811352602524238e+02 -1.206556359846657926e+02 -1.171836207399389593e+02
-1.101439137695469697e+02 -1.099314486615828059e+02 -1.109581749620319329e+02
-1.136454686375016649e+02 -1.135747983515101112e+02 -1.133331136396624288e+02
-6.337486770616416720e+01 -6.371592176934970553e+01 -6.370838920491658541e+01
-5.832093862113671889e+01 -5.717433447777371214e+01 -1.099228568368659751e+02
-4.074345189662302857e+01 -4.825722315469526791e+01 -8.383727447017486156e+01
-1.855631096519428525e+01 0.000000000000000000e+00 0.000000000000000000e+00
-1.046820000290031203e+02 -1.398359667945715898e+02 -8.122650750060256541e+01
-4.245084712169632724e+01 -3.746197952903585104e+01 -8.364602024977884298e+01
-2.604062335471409995e+01 -6.035918558262651601e+01 -1.698768048796348040e+01
0.000000000000000000e+00 0.000000000000000000e+00 0.000000000000000000e+00
0.000000000000000000e+00 0.000000000000000000e+00 0.000000000000000000e+00
-5.222009292872569119e+01 -3.477416835943420637e+01 -7.573508512778136037e+01
-4.320320216339572994e+01 0.000000000000000000e+00 0.000000000000000000e+00
0.000000000000000000e+00 0.000000000000000000e+00 -7.142136609528716917e+01
0.000000000000000000e+00 0.000000000000000000e+00 0.000000000000000000e+00
0.000000000000000000e+00 0.000000000000000000e+00 -7.456177018489464103e+01
-4.838544210522722722e+01 -2.478485520835303291e+01 0.000000000000000000e+00
0.000000000000000000e+00 0.000000000000000000e+00 0.000000000000000000e+00
-8.019588334513530015e+01 0.000000000000000000e+00 0.000000000000000000e+00
-7.811432621213866412e+01 -2.601865726636408027e+01 0.000000000000000000e+00
-6.009705055872319690e+01 0.000000000000000000e+00 0.000000000000000000e+00
-1.672530468903304168e+01 -4.913661278758186768e+01 0.000000000000000000e+00
-4.982069748950856791e+01 -3.766646489469287218e+01 -2.606762940634745007e+01
-1.263489390394466305e+01 -4.324997691239368436e+01 -8.282513501777444276e+01
-6.980158076519984434e+01 0.000000000000000000e+00 -2.442217680939280910e+01
-1.240246601297571338e+01 -8.551620203174320523e+01 -1.418567466033858437e+01
-9.543468397926138991e+00 0.000000000000000000e+00 0.000000000000000000e+00
-5.716232255493674330e+01 -3.259875510309423419e+01 -2.023240081413820590e+01
-4.564839557005404203e+01 -4.566508719525998572e+01 0.000000000000000000e+00
0.000000000000000000e+00 0.000000000000000000e+00 0.000000000000000000e+00
0.000000000000000000e+00 0.000000000000000000e+00 0.000000000000000000e+00
0.000000000000000000e+00 0.000000000000000000e+00 0.000000000000000000e+00
0.000000000000000000e+00 0.000000000000000000e+00 0.000000000000000000e+00
0.000000000000000000e+00 0.000000000000000000e+00 0.000000000000000000e+00
0.000000000000000000e+00 0.000000000000000000e+00 0.000000000000000000e+00
0.000000000000000000e+00 0.000000000000000000e+00 0.000000000000000000e+00
0.000000000000000000e+00 0.000000000000000000e+00 0.000000000000000000e+00
0.000000000000000000e+00 0.000000000000000000e+00 0.000000000000000000e+00
0.000000000000000000e+00 0.000000000000000000e+00 0.000000000000000000e+00
0.000000000000000000e+00 0.000000000000000000e+00 0.000000000000000000e+00
0.000000000000000000e+00 0.000000000000000000e+00 0.000000000000000000e+00
0.000000000000000000e+00 0.000000000000000000e+00 0.000000000000000000e+00
0.000000000000000000e+00 0.000000000000000000e+00 0.000000000000000000e+00
0.000000000000000000e+00 0.000000000000000000e+00 0.000000000000000000e+00
0.000000000000000000e+00 0.000000000000000000e+00 0.000000000000000000e+00
0.000000000000000000e+00 0.000000000000000000e+00 0.000000000000000000e+00
0.000000000000000000e+00 0.000000000000000000e+00 0.000000000000000000e+00
0.000000000000000000e+00 0.000000000000000000e+00 0.000000000000000000e+00
0.000000000000000000e+00 0.000000000000000000e+00 0.000000000000000000e+00
0.000000000000000000e+00 0.000000000000000000e+00 0.000000000000000000e+00
