0.000000000000000000e+00 0.000000000000000000e+00 0.000000000000000000e+00
-1.000000000000000000e+00 0.000000000000000000e+00 0.000000000000000000e+00
-1.000000000000000000e+00 -1.000000000000000000e+00 0.000000000000000000e+00
-9.999999999875467394e-01 -1.000000000000000000e+00 -1.000000000000000000e+00
-1.333333333098315698e+00 -1.333333332721704956e+00 -1.333333332949810712e+00
-1.333333333070040094e+00 -1.333333332741727384e+00 -1.333333332492805834e+00
-1.333333326199084290e+00 -1.333333333333333259e+00 -1.333333332730754828e+00
-1.333333263209855124e+00 -1.333333333328368120e+00 -1.333333314445762197e+00
-1.333333333320375402e+00 -1.333333333299890233e+00 -1.333333333333333259e+00
-1.333333333139035570e+00 -1.333333333065377824e+00 -1.333333332936122773e+00
-1.333333333330936954e+00 -1.333333333325609882e+00 -1.333333333330407156e+00
-1.333333333320683822e+00 -1.333333333317872960e+00 -1.333333333301664370e+00
-1.333333333185755309e+00 -1.333333333286619737e+00 -1.333333333277108679e+00
-9.999999999999981126e-01 0.000000000000000000e+00 0.000000000000000000e+00
0.000000000000000000e+00 0.000000000000000000e+00 -9.999999999998396838e-01
0.000000000000000000e+00 -9.999999999888360414e-01 0.000000000000000000e+00
0.000000000000000000e+00 0.000000000000000000e+00 0.000000000000000000e+00
-1.000000000000000000e+00 -1.000000000000000000e+00 -1.249998016850810689e+00
-1.000000000000000000e+00 0.000000000000000000e+00 0.000000000000000000e+00
0.000000000000000000e+00 0.000000000000000000e+00 0.000000000000000000e+00
0.000000000000000000e+00 0.000000000000000000e+00 0.000000000000000000e+00
-1.000000000000000000e+00 -1.250000000000000000e+00 0.000000000000000000e+00
-9.999999999999997780e-01 -1.000000000000000000e+00 -1.249999985885765108e+00
-1.333270862142426516e+00 -1.333285592937380137e+00 -1.333297549435302098e+00
-1.333333333272124666e+00 -1.333333333097447948e+00 -1.333333333333257098e+00
-1.333333332493817469e+00 -1.333333333333332593e+00 -1.333333333333332815e+00
-1.333333333156311529e+00 -1.333333333033173584e+00 -1.333333333333333259e+00
-1.333333332878491095e+00 -1.333333332586238651e+00 -1.333333318850325355e+00
-1.333333332985012110e+00 -1.333333333184221647e+00 -1.333333333190406478e+00
-1.333333332969488527e+00 -1.333333332999395715e+00 -1.333333332818450456e+00
-1.333333333062076687e+00 -1.333333332524077930e+00 -1.333333332879528710e+00
-1.333333333333332815e+00 -1.333333333319014047e+00 -1.333333333306347068e+00
-1.333333333310878777e+00 -1.333333333302759272e+00 -1.333333333219001382e+00
-1.333333332898239298e+00 -1.333333333161751844e+00 -1.333333333116839547e+00
-1.000000000000000000e+00 -1.000000000000000000e+00 -1.249999905079784757e+00
-1.249999999999950484e+00 -1.000000000000000000e+00 -1.000000000000000000e+00
-1.000000000000000000e+00 -9.999999831321453314e-01 0.000000000000000000e+00
-1.000000000000000000e+00 -1.000000000000000000e+00 0.000000000000000000e+00
-1.000000000000000000e+00 0.000000000000000000e+00 -1.000000000000000000e+00
0.000000000000000000e+00 0.000000000000000000e+00 0.000000000000000000e+00
0.000000000000000000e+00 0.000000000000000000e+00 0.000000000000000000e+00
-1.249999999997854161e+00 -1.249999999999997780e+00 -1.000000000000000000e+00
-1.000000000000000000e+00 -9.999843757340084460e-01 -9.999999999999911182e-01
-1.333333251233422612e+00 -1.333325643780262970e+00 -1.333333325678786263e+00
-1.333333333119167241e+00 -1.333333333089161243e+00 -1.333333333196499160e+00
-1.333333333333333037e+00 -1.333333332916390113e+00 -1.333333333127334264e+00
-1.333333332628271917e+00 -1.333333333188036374e+00 -1.333333331196250082e+00
-1.333333331042617198e+00 -1.333333328430714726e+00 -1.333333329269806189e+00
-1.333333332248391345e+00 -1.333333333154592015e+00 -1.333333333333333259e+00
-1.333333333329828285e+00 -1.333333333333333259e+00 -1.333333333331192749e+00
-1.333333333328540649e+00 -1.333333333333333259e+00 -1.333333333333333259e+00
-1.333333333293110101e+00 -1.333333333333333037e+00 -1.333333333333333037e+00
-1.333333333333331261e+00 -1.333333333333329929e+00 -1.333333332640143309e+00
-1.333333332273498151e+00 -1.333333332966733620e+00 -1.333333332894671264e+00
-1.333333331182678494e+00 -1.333333329501202424e+00 -1.333333332297352181e+00
-1.000000000000000000e+00 0.000000000000000000e+00 0.000000000000000000e+00
-1.000000000000000000e+00 0.000000000000000000e+00 0.000000000000000000e+00
-9.999999999999418243e-01 -1.000000000000000000e+00 0.000000000000000000e+00
-9.999999999999967804e-01 -1.000000000000000000e+00 -1.000000000000000000e+00
0.000000000000000000e+00 0.000000000000000000e+00 0.000000000000000000e+00
0.000000000000000000e+00 0.000000000000000000e+00 0.000000000000000000e+00
-1.000000000000000000e+00 0.000000000000000000e+00 0.000000000000000000e+00
-1.328117715740821936e+00 -1.316405126158736172e+00 -1.312473983129895938e+00
-1.333326830438590571e+00 -1.333333316534234037e+00 -1.333333315394876983e+00
-1.333333333280183997e+00 -1.333333333333333259e+00 -1.333333332910736413e+00
-1.333333333136890619e+00 -1.333333333333333259e+00 -1.333333333236644824e+00
-1.333333332437180552e+00 -1.333333332608381605e+00 -1.333333333333333259e+00
-1.333333333230623863e+00 -1.333333333307304525e+00 -1.333333333302441748e+00
-1.333333333315189329e+00 -1.333333333332764159e+00 -1.333333333332126669e+00
-1.333333333333333259e+00 -1.333333333263809539e+00 -1.333333333333333259e+00
-1.333333333329277615e+00 -1.333333333333332371e+00 -1.333333333242649577e+00
-1.333333333333330817e+00 -1.333333332972963969e+00 -1.333333332316962272e+00
-1.333333333200716897e+00 -1.333333331603494099e+00 -1.333333331863640892e+00
-1.333333333045337188e+00 -1.333333323243302670e+00 -1.333333331800790944e+00
-1.333333329569217574e+00 -1.333333324086599658e+00 -1.333333330137007389e+00
-1.333333322684630229e+00 -1.333333333332830994e+00 -1.333333324100384853e+00
-1.000000000000000000e+00 -1.000000000000000000e+00 -1.000000000000000000e+00
-9.999996400326791601e-01 -9.999999999987125854e-01 -9.999999990887390444e-01
-9.999999999978661513e-01 -1.000000000000000000e+00 -1.000000000000000000e+00
0.000000000000000000e+00 0.000000000000000000e+00 0.000000000000000000e+00
0.000000000000000000e+00 0.000000000000000000e+00 0.000000000000000000e+00
-1.000000000000000000e+00 0.000000000000000000e+00 0.000000000000000000e+00
-1.333325052910257602e+00 -1.333320798725159184e+00 -1.333323134625301387e+00
-1.333332070599339447e+00 -1.333333333144011146e+00 -1.333333333138536414e+00
-1.333333333305178225e+00 -1.333333333317458624e+00 -1.333333333333333259e+00
-1.333333333314052682e+00 -1.333333333285421141e+00 -1.333333333333333259e+00
-1.333333333324804970e+00 -1.333333333321373715e+00 -1.333333333312732849e+00
-1.333333333329711934e+00 -1.333333333332356929e+00 -1.333333333323911685e+00
-1.333333333333333037e+00 -1.333333333333332815e+00 -1.333333333333309723e+00
-1.333333333333329040e+00 -1.333333333332930248e+00 -1.333333333333333259e+00
-1.333333333333262649e+00 -1.333333333333001303e+00 -1.333333333332979542e+00
-1.333333333332930026e+00 -1.333333333332795689e+00 -1.333333333331720105e+00
-1.333333333333331705e+00 -1.333333333198985615e+00 -1.333333332831638129e+00
-1.333333333333275750e+00 -1.333333332663995563e+00 -1.333333165746460880e+00
-1.333333331892249340e+00 -1.333333294214299025e+00 -1.333333333332574089e+00
-1.333333308330058253e+00 -1.333333313775835416e+00 -1.333333301333938348e+00
-1.333332992757762847e+00 -1.333333202970324871e+00 -1.333333231148313480e+00
-1.249999999950853535e+00 0.000000000000000000e+00 -9.999999999999727995e-01
-1.000000000000000000e+00 -1.000000000000000000e+00 0.000000000000000000e+00
0.000000000000000000e+00 0.000000000000000000e+00 0.000000000000000000e+00
0.000000000000000000e+00 0.000000000000000000e+00 0.000000000000000000e+00
-9.999999999999997780e-01 0.000000000000000000e+00 0.000000000000000000e+00
-1.333325912568891436e+00 -1.333331366431141252e+00 -1.333329028356977197e+00
-1.333333331427387192e+00 -1.333333331096945740e+00 -1.333333332727076659e+00
-1.333333333333296178e+00 -1.333333333321423897e+00 -1.333333333328776238e+00
-1.333333333292118228e+00 -1.333333333333333259e+00 -1.333333333279931310e+00
-1.333333333323803993e+00 -1.333333333333333259e+00 -1.333333333333333259e+00
-1.333333333333325710e+00 -1.333333333333333037e+00 -1.333333333333332815e+00
-1.333333333333330817e+00 -1.333333333333190707e+00 -1.333333333333276194e+00
-1.333333333333333259e+00 -1.333333333333333259e+00 -1.333333333333333259e+00
-1.333333333333333259e+00 -1.333333333333333259e+00 -1.333333333333333259e+00
-1.333333333333333259e+00 -1.333333333333333259e+00 -1.333333333333333259e+00
-1.333333333333333259e+00 -1.333333333333333259e+00 -1.333333333333333259e+00
-1.333333333333333037e+00 -1.333333333333333037e+00 -1.333333333333333259e+00
-1.333333332888916090e+00 -1.333332970353439562e+00 -1.333333333332719306e+00
-1.333333007987685281e+00 -1.333333266945568862e+00 -1.333333283261738611e+00
-1.333333312648196767e+00 -1.333333309568271785e+00 -1.333333301158402762e+00
-9.997783638056146893e-01 0.000000000000000000e+00 0.000000000000000000e+00
-9.999999999999895639e-01 -1.249999999999803268e+00 -1.249999999993111732e+00
0.000000000000000000e+00 0.000000000000000000e+00 -1.000000000000000000e+00
0.000000000000000000e+00 0.000000000000000000e+00 0.000000000000000000e+00
0.000000000000000000e+00 0.000000000000000000e+00 0.000000000000000000e+00
-1.333329934550681717e+00 -1.333330607254062272e+00 -1.333329568611110849e+00
-1.333333279311931463e+00 -1.333333333259195674e+00 -1.333333332366811952e+00
-1.333333293155370525e+00 -1.333333333331299775e+00 -1.333333333330505965e+00
-1.333333333209859362e+00 -1.333333333333333259e+00 -1.333333333333333259e+00
-1.333333333331432558e+00 -1.333333333328594161e+00 -1.333333333333333259e+00
-1.333333333333172277e+00 -1.333333333333260873e+00 -1.333333333333237336e+00
-1.333333333333306614e+00 -1.333333333333333259e+00 -1.333333333333333259e+00
-1.333333333333333259e+00 -1.333333333333333259e+00 -1.333333333333333259e+00
-1.333333333333333259e+00 -1.333333333333333259e+00 -1.333333333333333259e+00
-1.333333333333333259e+00 -1.333333333333333259e+00 -1.333333333333333259e+00
-1.333333333333333259e+00 -1.333333333333333259e+00 -1.333333333333333259e+00
-1.333333333333333037e+00 -1.333333333333333037e+00 -1.333333333333333259e+00
-1.333333333312533453e+00 -1.333333333331462089e+00 -1.333333006357687589e+00
-1.333333331778441266e+00 -1.333332629240956191e+00 -1.333333333321990999e+00
-1.333333283906161348e+00 -1.333333296287305014e+00 -1.333333299753678647e+00
-1.333314038799104040e+00 -1.333304457371661478e+00 -1.333163741680907455e+00
-1.249999999977582821e+00 -1.249999999668757633e+00 -1.000000000000000000e+00
0.000000000000000000e+00 0.000000000000000000e+00 0.000000000000000000e+00
0.000000000000000000e+00 0.000000000000000000e+00 0.000000000000000000e+00
0.000000000000000000e+00 0.000000000000000000e+00 0.000000000000000000e+00
-1.333331477866194881e+00 -1.333331863848940424e+00 -1.333332736955515685e+00
-1.333332926564208876e+00 -1.333333332863390508e+00 -1.333333258481989692e+00
-1.333333333324561387e+00 -1.333333333333296844e+00 -1.333333333327140657e+00
-1.333333331494929164e+00 -1.333333333333333259e+00 -1.333333333333333259e+00
-1.333333333330591230e+00 -1.333333333333333259e+00 -1.333333333333333259e+00
-1.333333333332928028e+00 -1.333333333333287962e+00 -1.333333333333333259e+00
-1.333333333333332149e+00 -1.333333333333333037e+00 -1.333333333333333259e+00
-1.333333333333333259e+00 -1.333333333333333259e+00 -1.333333333333333259e+00
-1.333333333333333259e+00 -1.333333333333333259e+00 -1.333333333333333259e+00
-1.333333333333333259e+00 -1.333333333333333259e+00 -1.333333333333333259e+00
-1.333333333333333259e+00 -1.333333333333333259e+00 -1.333333333333333259e+00
-1.333333333333333259e+00 -1.333333333333333259e+00 -1.333333333333333259e+00
-1.333333333331718329e+00 -1.333333333329061121e+00 -1.333333328329627587e+00
-1.333333333269984378e+00 -1.333333332023000306e+00 -1.333333333265523946e+00
-1.333333279201483368e+00 -1.333333251923874307e+00 -1.333332801973582171e+00
-1.333333328975630172e+00 -1.333046970859560698e+00 -1.333302216062253631e+00
-9.999999985275119796e-01 -1.000000000000000000e+00 0.000000000000000000e+00
-9.999999999964083175e-01 0.000000000000000000e+00 0.000000000000000000e+00
0.000000000000000000e+00 0.000000000000000000e+00 0.000000000000000000e+00
-9.999999999988826715e-01 -1.249999999999844125e+00 -9.999999999109827620e-01
-1.333322940308169668e+00 -1.333328729101203702e+00 -1.333321066456679027e+00
-1.333333248016070005e+00 -1.333333333190676040e+00 -1.333333149693646469e+00
-1.333333332855847431e+00 -1.333333332858426701e+00 -1.333333333051348824e+00
-1.333333333200362514e+00 -1.333333333217072925e+00 -1.333333333333325932e+00
-1.333333333319071556e+00 -1.333333333333331927e+00 -1.333333333333330817e+00
-1.333333333330355419e+00 -1.333333333333333259e+00 -1.333333333333333259e+00
-1.333333333333277748e+00 -1.333333333333332815e+00 -1.333333333333333259e+00
-1.333333333333330817e+00 -1.333333333333333037e+00 -1.333333333333333037e+00
-1.333333333333331039e+00 -1.333333333333333259e+00 -1.333333333333333037e+00
-1.333333333333333259e+00 -1.333333333333333259e+00 -1.333333333333333259e+00
-1.333333333333332593e+00 -1.333333333333333259e+00 -1.333333333333333259e+00
-1.333333333333333259e+00 -1.333333333333333259e+00 -1.333333333333333259e+00
-1.333333333328676318e+00 -1.333333333325350534e+00 -1.333333276202788076e+00
-1.333333171836257769e+00 -1.333333333333333037e+00 -1.333333333312145541e+00
-1.333333178863135515e+00 -1.333332894096030063e+00 -1.333332959345623348e+00
-1.333252303704369535e+00 -1.333307326753865318e+00 -1.333241331107769545e+00
0.000000000000000000e+00 0.000000000000000000e+00 0.000000000000000000e+00
0.000000000000000000e+00 0.000000000000000000e+00 0.000000000000000000e+00
0.000000000000000000e+00 0.000000000000000000e+00 0.000000000000000000e+00
-9.999999999999997780e-01 -1.000000000000000000e+00 -1.249797057194227179e+00
-1.331017367975162013e+00 -1.323444490886300784e+00 -1.312343050011209211e+00
-1.333333180656540495e+00 -1.333333332152629058e+00 -1.333333080957472383e+00
-1.333333332548302330e+00 -1.333333332015693262e+00 -1.333333322849819202e+00
-1.333333329267451628e+00 -1.333333333328192927e+00 -1.333333333326476522e+00
-1.333333333333314608e+00 -1.333333330392035387e+00 -1.333333333333293735e+00
-1.333333333332824555e+00 -1.333333333332999748e+00 -1.333333333333333259e+00
-1.333333333333329263e+00 -1.333333333333333259e+00 -1.333333333333272863e+00
-1.333333333333331039e+00 -1.333333333333333259e+00 -1.333333333333333259e+00
-1.333333333333330595e+00 -1.333333333333333259e+00 -1.333333333333333259e+00
-1.333333333333332815e+00 -1.333333333333332815e+00 -1.333333333333333259e+00
-1.333333333333333037e+00 -1.333333333333333259e+00 -1.333333333333333259e+00
-1.333333333330076309e+00 -1.333333333333333259e+00 -1.333333333333301729e+00
-1.333333333287983757e+00 -1.333333242650504014e+00 -1.333333333333333259e+00
-1.333333204793673676e+00 -1.333333206138963778e+00 -1.333333332511400737e+00
-1.333332955172372269e+00 -1.333332714164792154e+00 -1.333332996786002145e+00
-1.333320155584030609e+00 -1.333268711327048717e+00 -1.333185058810405055e+00
-1.249999999978076204e+00 -1.000000000000000000e+00 0.000000000000000000e+00
0.000000000000000000e+00 0.000000000000000000e+00 0.000000000000000000e+00
0.000000000000000000e+00 0.000000000000000000e+00 0.000000000000000000e+00
0.000000000000000000e+00 0.000000000000000000e+00 0.000000000000000000e+00
-1.249999997506459071e+00 -9.999999999999994449e-01 -9.999999999977812193e-01
-1.333333324952657328e+00 -1.333333220264418806e+00 -1.333333320117936038e+00
-1.333333330536004002e+00 -1.333333331830261814e+00 -1.333333329720643334e+00
-1.333333333027093115e+00 -1.333333331496843854e+00 -1.333333332555242112e+00
-1.333333331533221644e+00 -1.333333333324366432e+00 -1.333333333327223036e+00
-1.333333333278758692e+00 -1.333333333321927716e+00 -1.333333333332383130e+00
-1.333333333321030656e+00 -1.333333333330685821e+00 -1.333333333333333259e+00
-1.333333333325700920e+00 -1.333333333333333259e+00 -1.333333333333333259e+00
-1.333333333327405112e+00 -1.333333333333333259e+00 -1.333333333333333259e+00
-1.333333333332963333e+00 -1.333333333333333259e+00 -1.333333333333333259e+00
-1.333333333333289739e+00 -1.333333333333333259e+00 -1.333333333333333259e+00
-1.333333333333333259e+00 -1.333333333333329707e+00 -1.333333333332930026e+00
-1.333333332915746183e+00 -1.333333333229966167e+00 -1.333333188887824594e+00
-1.333332612656681793e+00 -1.333297208062801831e+00 -1.333332873088539428e+00
-1.333332924418995313e+00 -1.333332317158407054e+00 -1.333332936370001054e+00
-1.311694569376432140e+00 -1.309563581969338308e+00 -1.312051550577002956e+00
-1.000000000000000000e+00 0.000000000000000000e+00 -1.249999999999782840e+00
0.000000000000000000e+00 0.000000000000000000e+00 0.000000000000000000e+00
0.000000000000000000e+00 0.000000000000000000e+00 0.000000000000000000e+00
-9.999999999999868994e-01 -1.000000000000000000e+00 -1.000000000000000000e+00
0.000000000000000000e+00 0.000000000000000000e+00 0.000000000000000000e+00
-1.000000000000000000e+00 -9.999999999999917843e-01 -1.249999999999948930e+00
-1.333333331719805503e+00 -1.333333332662814064e+00 -1.333333331609353412e+00
-1.333333333073860594e+00 -1.333333332066879207e+00 -1.333333332849326425e+00
-1.333333333205520610e+00 -1.333333333265777743e+00 -1.333333333112794783e+00
-1.333333333333261761e+00 -1.333333333231189410e+00 -1.333333333332006987e+00
-1.333333333333301729e+00 -1.333333333327359371e+00 -1.333333333332886728e+00
-1.333333333332604953e+00 -1.333333333333325044e+00 -1.333333333332736625e+00
-1.333333333332716641e+00 -1.333333333333331927e+00 -1.333333333333227122e+00
-1.333333333333065251e+00 -1.333333333333333037e+00 -1.333333333333333037e+00
-1.333333333331173209e+00 -1.333333333333332815e+00 -1.333333333333333037e+00
-1.333333333332960224e+00 -1.333333333333020843e+00 -1.333333333332451520e+00
-1.333333016122832726e+00 -1.333333221750007125e+00 -1.333333103759805516e+00
-1.333333196476148341e+00 -1.333297366298770603e+00 -1.333237485133526024e+00
-1.333311505107490413e+00 -1.333093957142485131e+00 -1.333333327355020081e+00
-1.246744095383637729e+00 -9.999999999999301670e-01 -1.000000000000000000e+00
-1.250000000000000000e+00 -1.250000000000000000e+00 -1.312499999999969580e+00
0.000000000000000000e+00 0.000000000000000000e+00 0.000000000000000000e+00
0.000000000000000000e+00 0.000000000000000000e+00 0.000000000000000000e+00
0.000000000000000000e+00 0.000000000000000000e+00 -1.000000000000000000e+00
-9.999999999999922284e-01 -1.000000000000000000e+00 -1.000000000000000000e+00
-1.249999999996488587e+00 -1.249999999999989786e+00 -9.999999999998129274e-01
-1.333326016934611724e+00 -1.333312530340956759e+00 -1.333307428158553742e+00
-1.333333333157309175e+00 -1.333333332934559134e+00 -1.333333332975791707e+00
-1.333333333241655705e+00 -1.333333333293278189e+00 -1.333333333155222622e+00
-1.333333333316713887e+00 -1.333333333323882153e+00 -1.333333333301840673e+00
-1.333333333325486647e+00 -1.333333333332037185e+00 -1.333333333331229387e+00
-1.333333333331971460e+00 -1.333333333331488957e+00 -1.333333333330993131e+00
-1.333333333330497528e+00 -1.333333333331155446e+00 -1.333333333326310655e+00
-1.333333333329711712e+00 -1.333333333331347070e+00 -1.333333333326901515e+00
-1.333333333333000414e+00 -1.333333333333308168e+00 -1.333333333333085902e+00
-1.333333331223309326e+00 -1.333333331179871628e+00 -1.333333331964762891e+00
-1.333333212554390412e+00 -1.333333200406619179e+00 -1.333333234006890411e+00
-1.333332607407018200e+00 -1.333332986758819061e+00 -1.333305339852540961e+00
-1.329088038804382199e+00 -1.324148978747574201e+00 -1.322691138208346384e+00
-1.000000000000000000e+00 -1.000000000000000000e+00 0.000000000000000000e+00
-1.000000000000000000e+00 0.000000000000000000e+00 0.000000000000000000e+00
0.000000000000000000e+00 0.000000000000000000e+00 0.000000000000000000e+00
0.000000000000000000e+00 0.000000000000000000e+00 0.000000000000000000e+00
-1.000000000000000000e+00 -1.000000000000000000e+00 0.000000000000000000e+00
-9.999999999993826050e-01 0.000000000000000000e+00 -1.249999999998914424e+00
-1.250000000000000000e+00 -1.250000000000000000e+00 -1.249999999999975575e+00
-1.249999999979830134e+00 -1.250000000000000000e+00 -1.000000000000000000e+00
-1.333333317402748630e+00 -1.333333324294394551e+00 -1.333333327121307921e+00
-1.333333332740873178e+00 -1.333333332563015672e+00 -1.333333331506745711e+00
-1.333333332337379940e+00 -1.333333333308753144e+00 -1.333333333322718639e+00
-1.333333333144095301e+00 -1.333333333332581638e+00 -1.333333333332222370e+00
-1.333333333331830683e+00 -1.333333333331656601e+00 -1.333333333332852755e+00
-1.333333333332157089e+00 -1.333333333331961024e+00 -1.333333333332114456e+00
-1.333333333332697546e+00 -1.333333333333320603e+00 -1.333333333333035942e+00
-1.333333333333012627e+00 -1.333333333333215132e+00 -1.333333333333223347e+00
-1.333333333304360213e+00 -1.333333333328754922e+00 -1.333333331353304896e+00
-1.333333140990577093e+00 -1.333333208915548518e+00 -1.333333268135847183e+00
-1.333139324825724836e+00 -1.331879252923966028e+00 -1.332688459004338855e+00
-9.999990948644308375e-01 0.000000000000000000e+00 0.000000000000000000e+00
-1.250000000000000000e+00 -1.249999999999998224e+00 -1.250000000000000000e+00
-9.999999999999980016e-01 -1.000000000000000000e+00 -1.249999989991829263e+00
0.000000000000000000e+00 0.000000000000000000e+00 0.000000000000000000e+00
0.000000000000000000e+00 0.000000000000000000e+00 0.000000000000000000e+00
0.000000000000000000e+00 -9.999999999975912601e-01 -1.000000000000000000e+00
-9.999999999884596757e-01 -1.249999999999999556e+00 -1.000000000000000000e+00
-1.250000000000000000e+00 -1.249999999999999556e+00 -1.000000000000000000e+00
-9.999999999997482014e-01 -1.000000000000000000e+00 -9.999999999999995559e-01
-9.999999999999831246e-01 -1.000000000000000000e+00 -1.000000000000000000e+00
-1.333333326382214912e+00 -1.333333323761676015e+00 -1.333333326868833879e+00
-1.333333332909104163e+00 -1.333333332979681485e+00 -1.333333333072389326e+00
-1.333333333278904798e+00 -1.333333332949593553e+00 -1.333333333264263620e+00
-1.333333333044891988e+00 -1.333333333322923586e+00 -1.333333333333268422e+00
-1.333333333301128576e+00 -1.333333333318100333e+00 -1.333333333318742486e+00
-1.333333333326485182e+00 -1.333333333333324155e+00 -1.333333333333326820e+00
-1.333333333331959247e+00 -1.333333332750291866e+00 -1.333333333332202830e+00
-1.333333332796464266e+00 -1.333333332584642594e+00 -1.333333331868517213e+00
-1.321479915695995544e+00 -1.333331805197963238e+00 -1.333251064066463876e+00
-1.249999381024523348e+00 -1.249431306277995590e+00 -1.250000000000000000e+00
-1.312499999999999556e+00 -1.250000000000000000e+00 -1.250000000000000000e+00
-9.999999999999994449e-01 -9.999953002370419730e-01 -1.249999996593782026e+00
-9.999999999999997780e-01 0.000000000000000000e+00 0.000000000000000000e+00
0.000000000000000000e+00 0.000000000000000000e+00 0.000000000000000000e+00
0.000000000000000000e+00 0.000000000000000000e+00 0.000000000000000000e+00
-1.000000000000000000e+00 0.000000000000000000e+00 0.000000000000000000e+00
-1.000000000000000000e+00 -1.250000000000000000e+00 -1.249999999999318989e+00
-9.999999999999882316e-01 -1.000000000000000000e+00 -1.000000000000000000e+00
-1.249999999999805489e+00 -1.250000000000000000e+00 -1.249999999999914957e+00
-1.000000000000000000e+00 0.000000000000000000e+00 0.000000000000000000e+00
-9.999999999602362522e-01 -1.000000000000000000e+00 0.000000000000000000e+00
-1.333333332735581633e+00 -1.333333330634972169e+00 -1.333333333010158883e+00
-1.333333332704498053e+00 -1.333333333333206472e+00 -1.333333333318226011e+00
-1.333333333313901470e+00 -1.333333333333284632e+00 -1.333333333321236047e+00
-1.333333333303470480e+00 -1.333333333329055348e+00 -1.333333333332169524e+00
-1.333333333328881265e+00 -1.333333333333229120e+00 -1.333333333332528792e+00
-1.333333333307452850e+00 -1.333333330244751203e+00 -1.333333333311666591e+00
-1.333333031479873476e+00 -1.333332225189001852e+00 -1.333332632781285332e+00
-1.328088190988226058e+00 -1.329636083013086667e+00 -1.267777258251775008e+00
-9.999999999999991118e-01 -1.249999999874555900e+00 -9.999999999999997780e-01
-1.000000000000000000e+00 0.000000000000000000e+00 -1.249999999997843281e+00
-1.000000000000000000e+00 -1.249999895251769022e+00 -1.249999999999998668e+00
-1.312499999999999778e+00 0.000000000000000000e+00 0.000000000000000000e+00
0.000000000000000000e+00 0.000000000000000000e+00 0.000000000000000000e+00
0.000000000000000000e+00 0.000000000000000000e+00 0.000000000000000000e+00
-1.000000000000000000e+00 0.000000000000000000e+00 0.000000000000000000e+00
-1.249999999995113686e+00 0.000000000000000000e+00 0.000000000000000000e+00
-9.999999997167746679e-01 0.000000000000000000e+00 0.000000000000000000e+00
-1.250000000000000000e+00 -1.000000000000000000e+00 -1.000000000000000000e+00
-1.000000000000000000e+00 -1.249999999999999778e+00 -1.249999999999998890e+00
-1.000000000000000000e+00 0.000000000000000000e+00 0.000000000000000000e+00
-9.999999999998143707e-01 -9.999999999999948930e-01 -1.000000000000000000e+00
-1.333333333319027147e+00 -1.333333333272240795e+00 -1.333333333317529679e+00
-1.333333333317234803e+00 -1.333333333333302617e+00 -1.333333333332381132e+00
-1.333333333316895519e+00 -1.333333333332877402e+00 -1.333333333333327264e+00
-1.333333333252083808e+00 -1.333333333279762556e+00 -1.333333333082442174e+00
-1.333333331134559874e+00 -1.333333331997477167e+00 -1.333333328978614674e+00
-1.332978292626073813e+00 -1.329098717653559358e+00 -1.332451198774399881e+00
-9.999999999999997780e-01 -1.249108514138851156e+00 -9.997975125394067408e-01
-9.999999999999997780e-01 -1.000000000000000000e+00 -1.249999999995493383e+00
-1.000000000000000000e+00 -1.000000000000000000e+00 0.000000000000000000e+00
-1.312499999994060085e+00 0.000000000000000000e+00 0.000000000000000000e+00
-1.000000000000000000e+00 0.000000000000000000e+00 -1.000000000000000000e+00
-9.999999999999713562e-01 0.000000000000000000e+00 0.000000000000000000e+00
0.000000000000000000e+00 0.000000000000000000e+00 0.000000000000000000e+00
0.000000000000000000e+00 0.000000000000000000e+00 0.000000000000000000e+00
0.000000000000000000e+00 -1.000000000000000000e+00 0.000000000000000000e+00
-1.000000000000000000e+00 0.000000000000000000e+00 -9.999999999998389066e-01
-1.249999999999999778e+00 -1.312499999999935163e+00 -1.249999999999966915e+00
-1.250000000000000000e+00 -1.000000000000000000e+00 0.000000000000000000e+00
-1.000000000000000000e+00 -1.000000000000000000e+00 0.000000000000000000e+00
-9.999999999999702460e-01 -9.999999999999931166e-01 -9.999999999999997780e-01
-1.000000000000000000e+00 -9.999999999912718707e-01 0.000000000000000000e+00
-1.333333194570568647e+00 -1.333333284824300469e+00 -1.333333269049581826e+00
-1.333333139025435488e+00 -1.333333331756537676e+00 -1.333333331999432492e+00
-1.333333333157221023e+00 -1.333333333190966252e+00 -1.333333333236838003e+00
-1.333333181723799221e+00 -1.333333234989305005e+00 -1.333333225339105477e+00
-1.328963417501610289e+00 -1.325338602066040039e+00 -1.323983430862426758e+00
-1.249999999453445421e+00 -9.999999999943982587e-01 -1.000000000000000000e+00
0.000000000000000000e+00 0.000000000000000000e+00 0.000000000000000000e+00
-9.999999999999927836e-01 0.000000000000000000e+00 0.000000000000000000e+00
-1.000000000000000000e+00 -1.249999999999994227e+00 0.000000000000000000e+00
0.000000000000000000e+00 0.000000000000000000e+00 -9.999999999835995634e-01
0.000000000000000000e+00 0.000000000000000000e+00 0.000000000000000000e+00
0.000000000000000000e+00 0.000000000000000000e+00 0.000000000000000000e+00
-1.000000000000000000e+00 0.000000000000000000e+00 0.000000000000000000e+00
-1.000000000000000000e+00 -1.249999999999817035e+00 -1.000000000000000000e+00
-1.000000000000000000e+00 0.000000000000000000e+00 0.000000000000000000e+00
0.000000000000000000e+00 0.000000000000000000e+00 -1.249999999999999556e+00
-1.000000000000000000e+00 -1.000000000000000000e+00 0.000000000000000000e+00
-1.000000000000000000e+00 0.000000000000000000e+00 0.000000000000000000e+00
-1.000000000000000000e+00 0.000000000000000000e+00 0.000000000000000000e+00
-9.999999999999981126e-01 -1.250000000000000000e+00 0.000000000000000000e+00
-1.000000000000000000e+00 0.000000000000000000e+00 0.000000000000000000e+00
-1.000000000000000000e+00 0.000000000000000000e+00 -9.999999999998239186e-01
-9.999999999999997780e-01 -9.999999999999994449e-01 0.000000000000000000e+00
0.000000000000000000e+00 0.000000000000000000e+00 0.000000000000000000e+00
-1.000000000000000000e+00 0.000000000000000000e+00 0.000000000000000000e+00
-1.000000000000000000e+00 0.000000000000000000e+00 0.000000000000000000e+00
0.000000000000000000e+00 0.000000000000000000e+00 0.000000000000000000e+00
0.000000000000000000e+00 0.000000000000000000e+00 0.000000000000000000e+00
-9.999999999999864553e-01 0.000000000000000000e+00 0.000000000000000000e+00
0.000000000000000000e+00 0.000000000000000000e+00 0.000000000000000000e+00
0.000000000000000000e+00 0.000000000000000000e+00 0.000000000000000000e+00
0.000000000000000000e+00 0.000000000000000000e+00 0.000000000000000000e+00
0.000000000000000000e+00 0.000000000000000000e+00 0.000000000000000000e+00
0.000000000000000000e+00 0.000000000000000000e+00 0.000000000000000000e+00
0.000000000000000000e+00 0.000000000000000000e+00 0.000000000000000000e+00
0.000000000000000000e+00 0.000000000000000000e+00 0.000000000000000000e+00
0.000000000000000000e+00 0.000000000000000000e+00 0.000000000000000000e+00
0.000000000000000000e+00 0.000000000000000000e+00 0.000000000000000000e+00
0.000000000000000000e+00 0.000000000000000000e+00 0.000000000000000000e+00
0.000000000000000000e+00 0.000000000000000000e+00 0.000000000000000000e+00
0.000000000000000000e+00 0.000000000000000000e+00 0.000000000000000000e+00
0.000000000000000000e+00 0.000000000000000000e+00 0.000000000000000000e+00
0.000000000000000000e+00 0.000000000000000000e+00 0.000000000000000000e+00
0.000000000000000000e+00 0.000000000000000000e+00 0.000000000000000000e+00
0.000000000000000000e+00 0.000000000000000000e+00 0.000000000000000000e+00
0.000000000000000000e+00 0.000000000000000000e+00 0.000000000000000000e+00
0.000000000000000000e+00 0.000000000000000000e+00 0.000000000000000000e+00
0.000000000000000000e+00 0.000000000000000000e+00 0.000000000000000000e+00
0.000000000000000000e+00 0.000000000000000000e+00 0.000000000000000000e+00
0.000000000000000000e+00 0.000000000000000000e+00 0.000000000000000000e+00
0.000000000000000000e+00 0.000000000000000000e+00 0.000000000000000000e+00
