0.000000000000000000e+00 0.000000000000000000e+00 0.000000000000000000e+00
-1.212984307244701319e-03 0.000000000000000000e+00 0.000000000000000000e+00
0.000000000000000000e+00 0.000000000000000000e+00 0.000000000000000000e+00
0.000000000000000000e+00 0.000000000000000000e+00 0.000000000000000000e+00
0.000000000000000000e+00 0.000000000000000000e+00 -1.002739399898553829e-03
-1.332249720689531900e-03 -2.002083934647862565e-03 -2.099319423227103201e-03
-8.033480164287527120e-03 -7.375205832354841430e-03 -9.358561143611179856e-03
-2.391138376358778114e-02 -2.582751237908385150e-02 -2.423166745321542886e-02
-5.205215776066936945e-02 -5.243004071345842843e-02 -5.147867069875127627e-02
-7.119142381767303018e-02 -7.033565611667594308e-02 -7.082313386771856012e-02
-1.382807471810091615e-01 -1.374462137891456492e-01 -1.386056236536509778e-01
-1.026904335039194871e-01 -1.021976840538301179e-01 -1.025919584657207367e-01
-4.338685472615396582e-03 -4.081985234929221690e-03 -3.334019631971912000e-03
-1.333089997359885844e-03 -1.333290767499377633e-03 0.000000000000000000e+00
-1.328199950033382001e-03 0.000000000000000000e+00 0.000000000000000000e+00
0.000000000000000000e+00 0.000000000000000000e+00 -1.330734366444238752e-03
0.000000000000000000e+00 0.000000000000000000e+00 -1.258991743522764294e-03
-1.327364735395178495e-03 0.000000000000000000e+00 0.000000000000000000e+00
-1.304531098613246958e-03 0.000000000000000000e+00 -1.333035743892047780e-03
0.000000000000000000e+00 0.000000000000000000e+00 0.000000000000000000e+00
0.000000000000000000e+00 0.000000000000000000e+00 0.000000000000000000e+00
0.000000000000000000e+00 -1.332117113091909385e-03 -2.208874121284831998e-03
-1.332922095491151284e-03 -1.331276997750439938e-03 -3.858449909449003425e-03
-2.625293428956261034e-03 -1.299868147394446938e-03 -1.332412955126753128e-03
-3.630131091772332771e-03 -2.660669745354101411e-03 -3.328442325004986064e-03
-1.161204858679215114e-02 -1.183593437461663914e-02 -1.130681871402807598e-02
-5.329722411016790673e-02 -5.336601555181434697e-02 -5.357474803289430376e-02
-1.295455236148991274e-01 -1.294785811900073247e-01 -1.302702899616300924e-01
-2.345416071948125958e-01 -2.343620858522197647e-01 -2.344114043796318991e-01
-3.000741641179598962e-01 -2.996442225787488423e-01 -2.996149771116655147e-01
-3.041293826789238652e-01 -3.036124229310973033e-01 -3.042531027287623813e-01
-2.461017753932204233e-01 -2.466299349558890575e-01 -2.468119760560837372e-01
-1.767982837144092823e-01 -1.756459639682668439e-01 -1.761312097768869822e-01
-5.065463934638128607e-02 -5.092917902078711312e-02 -5.013200098019734985e-02
-1.331982906140954590e-03 -1.332473875484961687e-03 -2.662423755087040336e-03
-1.282181374255794183e-03 -2.656742953754649174e-03 0.000000000000000000e+00
-2.657823623025122942e-03 -1.332533097195249790e-03 -2.664438531056636909e-03
-1.331602953537519866e-03 0.000000000000000000e+00 -1.333134580473913219e-03
-1.333119933227540398e-03 -1.333246639642024630e-03 -1.028704877388036650e-03
0.000000000000000000e+00 0.000000000000000000e+00 0.000000000000000000e+00
0.000000000000000000e+00 0.000000000000000000e+00 0.000000000000000000e+00
0.000000000000000000e+00 -1.333159995692523216e-03 0.000000000000000000e+00
-3.959260634097801212e-03 -2.660939466303544141e-03 -1.331103343693561822e-03
-3.656174013294760574e-03 -2.650440811340219402e-03 -2.559743852848624796e-03
-6.995632515860097586e-03 -6.425348053543207191e-03 -7.341026246678946862e-03
-4.912751160067671541e-02 -4.963781668273431480e-02 -4.937708633184262341e-02
-1.681378007911923655e-01 -1.674838882802580364e-01 -1.676890760750001930e-01
-3.770989372016926300e-01 -3.772671468916565796e-01 -3.772126855073120733e-01
-6.053634125911179220e-01 -6.053867083604385080e-01 -6.058800133198248838e-01
-7.224008513304452928e-01 -7.223479453022443320e-01 -7.225948564258642959e-01
-7.283175781287659634e-01 -7.285732612875809311e-01 -7.288132073215961571e-01
-6.245100544338126891e-01 -6.242225337203275437e-01 -6.248574062519933747e-01
-4.043311821432289954e-01 -4.042959453125956615e-01 -4.040737806243765995e-01
-2.127997753986189955e-01 -2.121841833645512210e-01 -2.129672925671302897e-01
-4.975641188072722765e-02 -4.882989387008362936e-02 -4.912384110708112317e-02
-1.247450466677690190e-03 -1.257887864201135851e-03 0.000000000000000000e+00
-1.333261283664366817e-03 -1.328025517225677257e-03 -2.318327339886109510e-03
-1.266556855933014415e-03 0.000000000000000000e+00 0.000000000000000000e+00
0.000000000000000000e+00 0.000000000000000000e+00 0.000000000000000000e+00
0.000000000000000000e+00 0.000000000000000000e+00 0.000000000000000000e+00
0.000000000000000000e+00 0.000000000000000000e+00 0.000000000000000000e+00
-1.333191709044194732e-03 0.000000000000000000e+00 0.000000000000000000e+00
-1.044673581762549245e-03 -1.333281599431682422e-03 -1.331992305512897691e-03
-4.326393813625446956e-03 -4.504881834115743999e-03 -4.209096037876421462e-03
-3.197905665450788415e-02 -3.107711449117092281e-02 -3.174672513549202379e-02
-1.527368252099809143e-01 -1.524393357854923192e-01 -1.530093957404422278e-01
-4.509405368409555859e-01 -4.497609028576317614e-01 -4.503457050821051411e-01
-7.932995310126109700e-01 -7.934363228577955285e-01 -7.931915645597370501e-01
-1.041381449549646510e+00 -1.041268911204275005e+00 -1.041302804711558894e+00
-1.142073472149028879e+00 -1.142134731693072558e+00 -1.142250482842191772e+00
-1.146260801546288066e+00 -1.146193134456267471e+00 -1.146165281654981660e+00
-1.060154053551181086e+00 -1.060195284660881754e+00 -1.060362584427627652e+00
-8.471400230804027043e-01 -8.467866538386921160e-01 -8.466933521276172048e-01
-5.026587809115268257e-01 -5.030504217252258492e-01 -5.030838578586958043e-01
-2.087537158669102166e-01 -2.089665963446176999e-01 -2.088289881523693603e-01
-2.737563337979549011e-02 -2.734141600173771447e-02 -2.635302383572775756e-02
-1.332429148635974180e-03 -1.332294138249354816e-03 0.000000000000000000e+00
-1.331061283105487540e-03 -1.320274897356033417e-03 -1.332494038150631131e-03
-2.580019934976167904e-03 -1.331379973104614405e-03 -1.332645672524777111e-03
0.000000000000000000e+00 0.000000000000000000e+00 -1.331550333445419201e-03
0.000000000000000000e+00 0.000000000000000000e+00 0.000000000000000000e+00
0.000000000000000000e+00 0.000000000000000000e+00 0.000000000000000000e+00
-1.240421770781145305e-03 0.000000000000000000e+00 -2.283209126908838059e-03
-8.971968385451185163e-03 -7.994710143696012045e-03 -8.012286656747507479e-03
-8.187837538408235249e-02 -8.258055297383418147e-02 -8.205999496295757201e-02
-3.504677914450431975e-01 -3.502722738915682865e-01 -3.505455275620802391e-01
-8.023102649672256836e-01 -8.021763578518710247e-01 -8.027436969863054328e-01
-1.141792193964768609e+00 -1.141832801828649657e+00 -1.141791545634687433e+00
-1.259194267498290998e+00 -1.259153288862637110e+00 -1.259172015171119652e+00
-1.294133647400137255e+00 -1.294110383669147213e+00 -1.294150265178259263e+00
-1.295374069475939027e+00 -1.295387844962471391e+00 -1.295378072242049372e+00
-1.267416541824287979e+00 -1.267405746385465104e+00 -1.267386057795130583e+00
-1.174347315670274394e+00 -1.174404752630568094e+00 -1.174378565926462503e+00
-8.960433815824629944e-01 -8.961322522583461403e-01 -8.963413837983056354e-01
-4.425512713283250577e-01 -4.421546253018329153e-01 -4.426522595357939016e-01
-1.374253970917113654e-01 -1.388926174520323520e-01 -1.372876363922244103e-01
-4.006997753406730221e-03 -4.659637304106230976e-03 -5.011162604793692986e-03
-1.178084026758810261e-03 -2.662859884706832159e-03 -1.207563634884015191e-03
-2.624390949165930197e-03 -1.332982484401209599e-03 -2.650393584951346495e-03
0.000000000000000000e+00 0.000000000000000000e+00 0.000000000000000000e+00
0.000000000000000000e+00 0.000000000000000000e+00 0.000000000000000000e+00
-1.333208069165402361e-03 -1.333237221821163354e-03 -1.333180238963033388e-03
-2.332193707427968402e-03 -1.333054442561030541e-03 -1.000000000000000021e-03
-1.789005972724362625e-02 -1.900276492177355170e-02 -1.859559215197438206e-02
-1.655159633482959358e-01 -1.647541960370535463e-01 -1.658876010174940019e-01
-5.778737785838168328e-01 -5.778313609045143684e-01 -5.789094154760221489e-01
-1.071231448340996595e+00 -1.071349456866936611e+00 -1.071366225741618106e+00
-1.266428463236828783e+00 -1.266454933095513269e+00 -1.266442497071971651e+00
-1.315090676885410259e+00 -1.315081898128314997e+00 -1.315087740303600317e+00
-1.327142731158128974e+00 -1.327149560343298340e+00 -1.327148895745856816e+00
-1.327367367500096762e+00 -1.327367643771371952e+00 -1.327365411436254305e+00
-1.319213874699870725e+00 -1.319206582264438543e+00 -1.319208527917171692e+00
-1.286938121925194300e+00 -1.286934889186859277e+00 -1.286926978418233558e+00
-1.155494386670843587e+00 -1.155223355023507814e+00 -1.155235271089978477e+00
-7.436390080860230123e-01 -7.432457990534377945e-01 -7.433742033588724984e-01
-2.618585349352239855e-01 -2.617513581926014798e-01 -2.623861198284630492e-01
-3.790838631290242150e-02 -3.825254404927180135e-02 -3.726463832276277061e-02
0.000000000000000000e+00 0.000000000000000000e+00 0.000000000000000000e+00
-1.333234744710609784e-03 0.000000000000000000e+00 0.000000000000000000e+00
0.000000000000000000e+00 0.000000000000000000e+00 0.000000000000000000e+00
0.000000000000000000e+00 0.000000000000000000e+00 0.000000000000000000e+00
-1.332649004029093451e-03 0.000000000000000000e+00 -1.332918117770139120e-03
-3.651718861169253073e-03 -2.647809167440122631e-03 -3.659771550794787415e-03
-2.965450448870432520e-02 -3.001414780777276678e-02 -2.932112006115125333e-02
-2.209681160255910215e-01 -2.217414938356574439e-01 -2.217079575917697276e-01
-7.143371095365552703e-01 -7.147016594603857742e-01 -7.145595353542977257e-01
-1.169473138635457987e+00 -1.169416971411231465e+00 -1.169486135981748776e+00
-1.302375964690229759e+00 -1.302383095367248389e+00 -1.302379953767490273e+00
-1.328528057644419391e+00 -1.328528885358786882e+00 -1.328532321973771912e+00
-1.332326211837274288e+00 -1.332327710488625305e+00 -1.332327841644044941e+00
-1.332672151045072972e+00 -1.332672294472105889e+00 -1.332672715719869228e+00
-1.329696009149398339e+00 -1.329696980007281093e+00 -1.329692778498541506e+00
-1.315134076101254212e+00 -1.315127089643149283e+00 -1.315130452658249238e+00
-1.247307977028582426e+00 -1.247258790157523167e+00 -1.247268237635621668e+00
-9.403900805026209619e-01 -9.405166198923908816e-01 -9.407109537919482456e-01
-3.802816583666295269e-01 -3.804638317095369038e-01 -3.803344872420359457e-01
-8.857146110953702245e-02 -8.833990298115287909e-02 -8.804541793718932696e-02
-1.321361077378822380e-03 -1.333217948321998225e-03 -1.164246157015958903e-03
-2.658781785925537142e-03 -2.654910719164853012e-03 -1.329871248792403827e-03
0.000000000000000000e+00 0.000000000000000000e+00 0.000000000000000000e+00
0.000000000000000000e+00 0.000000000000000000e+00 0.000000000000000000e+00
-1.248597794427225337e-03 -2.484652880336825527e-03 -1.330740420730149465e-03
-3.978852210653119684e-03 -1.186971654150590456e-03 -1.006438051669496713e-03
-3.064111957800190120e-02 -3.031601694037034875e-02 -3.106281941556742962e-02
-2.189721112780900480e-01 -2.181747984343814506e-01 -2.188772309851201303e-01
-6.971923536976710745e-01 -6.971079459751179375e-01 -6.966578303119524973e-01
-1.173924866863491623e+00 -1.173921503961692148e+00 -1.173935029584411760e+00
-1.303679680480025249e+00 -1.303667658051380407e+00 -1.303652539250307996e+00
-1.328987822161282750e+00 -1.328993218891880490e+00 -1.328989976911458815e+00
-1.332772726333706137e+00 -1.332772830793310659e+00 -1.332772672688914195e+00
-1.333185035027030230e+00 -1.333185196374377934e+00 -1.333183626629062202e+00
-1.331790782794229022e+00 -1.331790630843848300e+00 -1.331787549780674373e+00
-1.322274529439925628e+00 -1.322270865304083109e+00 -1.322270822595393192e+00
-1.268589279546422199e+00 -1.268613695522034179e+00 -1.268613604721948729e+00
-1.009847243827369345e+00 -1.010214092747217629e+00 -1.010022631213224109e+00
-4.503823358663078258e-01 -4.502976354614061649e-01 -4.499550233058215443e-01
-1.003899815771374521e-01 -1.005366496548797811e-01 -9.966965743494497765e-02
-1.332814306055243305e-03 -2.512330776711204153e-03 0.000000000000000000e+00
-1.328838379577491338e-03 -2.664816928237945682e-03 -1.333072871685709758e-03
0.000000000000000000e+00 0.000000000000000000e+00 0.000000000000000000e+00
0.000000000000000000e+00 0.000000000000000000e+00 0.000000000000000000e+00
0.000000000000000000e+00 0.000000000000000000e+00 -3.947498734593820474e-03
0.000000000000000000e+00 -1.173669576605153829e-03 0.000000000000000000e+00
-1.688554679930348232e-02 -1.754426328470996138e-02 -1.690950223857693585e-02
-1.615708214780109953e-01 -1.614383280147698163e-01 -1.613774225067309553e-01
-5.661170213831405729e-01 -5.661005240950712780e-01 -5.662085973893445923e-01
-1.090666840136045979e+00 -1.090453793897284474e+00 -1.090516716526659158e+00
-1.277600111901991298e+00 -1.277616398543718779e+00 -1.277636254219558287e+00
-1.320505768780988687e+00 -1.320497815225243121e+00 -1.320509603165549661e+00
-1.330426523146064799e+00 -1.330431047911000642e+00 -1.330428932472042636e+00
-1.331718296017922576e+00 -1.331718117120708200e+00 -1.331717736847648048e+00
-1.328754528455080797e+00 -1.328755352672300383e+00 -1.328753223882908285e+00
-1.314458226305238897e+00 -1.314456111485909240e+00 -1.314455839416187821e+00
-1.244284492756721372e+00 -1.244201051815627901e+00 -1.244221212601386517e+00
-9.503962509046435247e-01 -9.501384652356409388e-01 -9.500490604244932191e-01
-3.898256758367384389e-01 -3.894311459238502526e-01 -3.895859565456211704e-01
-8.450351000017396197e-02 -8.404135984907244727e-02 -8.433225975773375738e-02
-1.325903876146513434e-03 -1.332761204296734493e-03 -1.000000000000000021e-03
-1.332062847318782588e-03 -3.978943199907002820e-03 -1.332555645109292615e-03
0.000000000000000000e+00 0.000000000000000000e+00 -1.000000000000000021e-03
0.000000000000000000e+00 0.000000000000000000e+00 0.000000000000000000e+00
-1.332830934259099029e-03 0.000000000000000000e+00 0.000000000000000000e+00
-2.663762293754981351e-03 -1.318897053625062805e-03 0.000000000000000000e+00
-6.992031244153096292e-03 -6.326578233018119793e-03 -6.988974819222715934e-03
-7.926232653920207982e-02 -8.011427090568280784e-02 -7.991363096672364497e-02
-3.569633675975761866e-01 -3.568478395686371374e-01 -3.563279231407606717e-01
-8.679032327721147855e-01 -8.680453042175421130e-01 -8.678249288292567698e-01
-1.184239524935161381e+00 -1.184259337709289372e+00 -1.184255328956257625e+00
-1.285809928694707782e+00 -1.285808725696769184e+00 -1.285815731150280028e+00
-1.314080756722724619e+00 -1.314082958727195605e+00 -1.314083164961959316e+00
-1.320613409177102904e+00 -1.320602858193361095e+00 -1.320605159950054341e+00
-1.312063700167536817e+00 -1.312074655412174273e+00 -1.312042623068168545e+00
-1.275344095139957279e+00 -1.275373518839896470e+00 -1.275345399172710836e+00
-1.129563696580056398e+00 -1.129422200715110236e+00 -1.129521677664678148e+00
-7.364141430403567945e-01 -7.362526630716419440e-01 -7.363813678148658504e-01
-2.647239322243153947e-01 -2.651571053884351770e-01 -2.653751171093122196e-01
-4.696356864333599279e-02 -4.666477738613503817e-02 -4.597752542299606004e-02
-2.332389830430980308e-03 -1.333004032991584554e-03 -1.333109701976661551e-03
-2.553667360256214099e-03 -2.654777844757781179e-03 -1.242578019884079234e-03
0.000000000000000000e+00 0.000000000000000000e+00 0.000000000000000000e+00
0.000000000000000000e+00 0.000000000000000000e+00 0.000000000000000000e+00
0.000000000000000000e+00 0.000000000000000000e+00 0.000000000000000000e+00
-2.583599564632003270e-03 -1.282154718472132676e-03 0.000000000000000000e+00
-2.331584076590674168e-03 -2.663827329114613722e-03 -1.332848319220268033e-03
-2.909643636384700444e-02 -2.914181256521525959e-02 -2.844806132287541062e-02
-1.623153357163275579e-01 -1.615481454771298953e-01 -1.624098548830781308e-01
-4.892261806264599500e-01 -4.893177413437376222e-01 -4.889966045100535008e-01
-9.096519312918754929e-01 -9.098012663139984912e-01 -9.103196843194907295e-01
-1.146762433300351880e+00 -1.146597536082767155e+00 -1.146600347950526455e+00
-1.235591786307656204e+00 -1.235651126470655559e+00 -1.235559914442672769e+00
-1.254700782533061165e+00 -1.254695199985923271e+00 -1.254741677115393639e+00
-1.228358034455703018e+00 -1.228379897235494012e+00 -1.228345304800355642e+00
-1.124617932418276789e+00 -1.124582983679842441e+00 -1.124430572637301395e+00
-8.521672854181941981e-01 -8.519967352951763884e-01 -8.520162535282906902e-01
-4.231221667568776379e-01 -4.232157296818925274e-01 -4.236666093474980577e-01
-1.295364396280115904e-01 -1.296929256892860316e-01 -1.302637292738457186e-01
-9.097475799561539206e-03 -1.033969597977834123e-02 -9.367486000670487492e-03
-2.631772625029042516e-03 -2.458539702027881611e-03 -1.332201511507269788e-03
-1.331463534883906442e-03 -1.333124725214744144e-03 0.000000000000000000e+00
0.000000000000000000e+00 0.000000000000000000e+00 0.000000000000000000e+00
0.000000000000000000e+00 0.000000000000000000e+00 0.000000000000000000e+00
-1.333166175037299103e-03 0.000000000000000000e+00 0.000000000000000000e+00
-1.332613779369739172e-03 -2.662982340966402184e-03 -2.581778241272666627e-03
-1.331477568868719673e-03 0.000000000000000000e+00 0.000000000000000000e+00
-5.605871869127134963e-03 -6.326775713266867204e-03 -5.327829552681953226e-03
-5.254009651519462448e-02 -5.325276936953540069e-02 -5.293830781978684646e-02
-2.085668555501634103e-01 -2.087790752472193923e-01 -2.084538498129275830e-01
-4.713964133688999802e-01 -4.716732253771956374e-01 -4.722349209453691188e-01
-7.656608246478855406e-01 -7.656789482739181363e-01 -7.654035566297849869e-01
-9.407614546612450557e-01 -9.414842513339403141e-01 -9.409410029774137874e-01
-9.932665294713186599e-01 -9.933924594412254505e-01 -9.932759663164892894e-01
-9.323429671270538899e-01 -9.321659030089297637e-01 -9.323717360375020080e-01
-7.301564261158424163e-01 -7.302716541632658931e-01 -7.301459048058193124e-01
-4.417665347267975551e-01 -4.415886346262452022e-01 -4.411956110614768667e-01
-1.784100668408587220e-01 -1.787362765000293230e-01 -1.791548277701584813e-01
-3.921870471167798744e-02 -4.010480124225047210e-02 -3.966668856234772250e-02
-1.001250046797912954e-03 -2.324381296018531232e-03 -1.333240943093983409e-03
-1.332880645998353163e-03 -1.333038684691345219e-03 0.000000000000000000e+00
-2.655300014427848000e-03 -1.331968287991290752e-03 0.000000000000000000e+00
0.000000000000000000e+00 0.000000000000000000e+00 0.000000000000000000e+00
0.000000000000000000e+00 0.000000000000000000e+00 0.000000000000000000e+00
0.000000000000000000e+00 0.000000000000000000e+00 0.000000000000000000e+00
-2.659769759163838759e-03 -2.655908322834345421e-03 -3.691610289191772643e-03
-1.331889603105610755e-03 -1.322879739563908056e-03 0.000000000000000000e+00
-1.320666345304915158e-03 -1.331109682257794555e-03 -1.333256745052144874e-03
-9.322788612445375919e-03 -8.663978955718914729e-03 -9.337481503096347474e-03
-6.253284787626879615e-02 -6.234112189551006128e-02 -6.202352156994132143e-02
-1.787730357063187225e-01 -1.793956348663574563e-01 -1.786021319376075167e-01
-3.406685704709099816e-01 -3.410047525844034366e-01 -3.406078950315679088e-01
-4.627874829112513799e-01 -4.632296934599128835e-01 -4.631536065712321681e-01
-5.094247379720329150e-01 -5.097526378822104798e-01 -5.099563211029759513e-01
-4.484643166641765211e-01 -4.489142475143664268e-01 -4.480888280053720862e-01
-3.216849072785342711e-01 -3.209427965830589091e-01 -3.211093293526073866e-01
-1.613474010279347670e-01 -1.647112868688574705e-01 -1.629669765822126526e-01
-5.549472953985267604e-02 -5.551984765028937507e-02 -5.476053757200988192e-02
-5.341184266502074438e-03 -4.340212541110062550e-03 -3.583862003298904711e-03
-1.331792790919043628e-03 0.000000000000000000e+00 0.000000000000000000e+00
-1.329831223814664136e-03 -2.621889233057639670e-03 -1.332834609170259563e-03
-1.322495158206674027e-03 0.000000000000000000e+00 0.000000000000000000e+00
0.000000000000000000e+00 0.000000000000000000e+00 0.000000000000000000e+00
0.000000000000000000e+00 0.000000000000000000e+00 0.000000000000000000e+00
0.000000000000000000e+00 0.000000000000000000e+00 0.000000000000000000e+00
-1.333292921194642947e-03 0.000000000000000000e+00 -1.329967462646370691e-03
-1.328591772868775549e-03 -1.333074664982485157e-03 0.000000000000000000e+00
-1.332829800626608848e-03 -1.333234066754233850e-03 -2.650423320801746120e-03
-2.332188023105150401e-03 -2.663487604667404227e-03 -2.527597477764300694e-03
-1.026159119576218817e-02 -1.031836286052925829e-02 -1.064347864766476866e-02
-5.446731113685805009e-02 -5.355154844328917363e-02 -5.430856071705535137e-02
-1.141621567591992736e-01 -1.141718864345717677e-01 -1.125138373780665835e-01
-1.743566078833317379e-01 -1.737588757573768627e-01 -1.740146254528055214e-01
-1.979001023435169593e-01 -1.977669729044972680e-01 -1.974707645970664449e-01
-1.715188818038408947e-01 -1.713113951200049279e-01 -1.713267090071142196e-01
-1.117139371643565832e-01 -1.121093369778268095e-01 -1.122054201096471387e-01
-4.475280407559632107e-02 -4.537271939084189937e-02 -4.460310490289302876e-02
-4.328360268016134306e-03 -4.008045594548250053e-03 -5.007399956236896141e-03
-1.331032663288836404e-03 -1.319118249305196045e-03 0.000000000000000000e+00
-1.329699108742587576e-03 0.000000000000000000e+00 -1.332959588186767184e-03
-2.639369878044744034e-03 -3.972981885953497626e-03 -1.332678949854508533e-03
-1.332548880686875445e-03 0.000000000000000000e+00 0.000000000000000000e+00
0.000000000000000000e+00 0.000000000000000000e+00 0.000000000000000000e+00
0.000000000000000000e+00 0.000000000000000000e+00 0.000000000000000000e+00
-1.240031127420930523e-03 -1.331740625732117907e-03 0.000000000000000000e+00
-2.657502852048677228e-03 -2.661347208091358052e-03 -1.331063270056138210e-03
-1.052780326781314153e-03 -1.332675632640764173e-03 -1.324583011750110487e-03
-1.332769219893772819e-03 -1.327322765779793880e-03 -1.333265786666236203e-03
0.000000000000000000e+00 -2.524547312836372941e-03 0.000000000000000000e+00
-1.000999867769211118e-03 -2.297919949051074537e-03 -1.000499812499999969e-03
-5.996683371685694423e-03 -5.995978564784511591e-03 -7.328827740492737872e-03
-3.240498768963164661e-02 -3.198213006486534671e-02 -3.269562520941966810e-02
-5.679570176843323770e-02 -5.614238543483850846e-02 -5.597891114146114067e-02
-7.482090263491678050e-02 -7.481114098473247431e-02 -7.451242142985237127e-02
-5.296370046022765704e-02 -5.425486032065100772e-02 -5.227760979135621933e-02
-2.679421897111464862e-02 -2.448024488522960312e-02 -2.544262949668792129e-02
-5.659439833182549479e-03 -7.326410188375274794e-03 -7.308084676371728004e-03
-1.332271942895214920e-03 -1.332488598135741619e-03 -2.442968118332493332e-03
-2.458592936679672956e-03 -1.332603604044668363e-03 -1.332495790611406801e-03
-2.647537091299501100e-03 -1.330504372108336913e-03 -2.593590899493479485e-03
-1.327973495635993923e-03 0.000000000000000000e+00 0.000000000000000000e+00
-2.611580057198387150e-03 -1.333240908250167209e-03 -1.267872655308867466e-03
0.000000000000000000e+00 0.000000000000000000e+00 0.000000000000000000e+00
0.000000000000000000e+00 0.000000000000000000e+00 0.000000000000000000e+00
-1.332305492921220542e-03 0.000000000000000000e+00 0.000000000000000000e+00
-1.327927856605164636e-03 -1.332146964354738190e-03 0.000000000000000000e+00
-1.320653491044066277e-03 -1.333245147701341005e-03 0.000000000000000000e+00
-2.604033895199726802e-03 0.000000000000000000e+00 -1.333158318692734181e-03
-2.653957359120812706e-03 -1.333187616786417730e-03 -2.651163137922921999e-03
0.000000000000000000e+00 0.000000000000000000e+00 0.000000000000000000e+00
-2.616224227790352012e-03 -2.332260071007361945e-03 -3.331369342920314364e-03
-6.641256570053304803e-03 -5.987173194823859450e-03 -6.617575649217857965e-03
-8.975342541449644537e-03 -8.972301063362711146e-03 -7.987946234045795874e-03
-1.194640298652227539e-02 -1.189325997390147313e-02 -1.095849726938066815e-02
-1.153574558322915250e-02 -9.963831190361345860e-03 -1.029370677023567181e-02
-5.309177936707903077e-03 -5.241583759380232486e-03 -4.324513994627273220e-03
-1.326299012008520448e-03 0.000000000000000000e+00 0.000000000000000000e+00
-1.333278844623604588e-03 -2.575910534618646493e-03 0.000000000000000000e+00
-1.333120699652810002e-03 0.000000000000000000e+00 0.000000000000000000e+00
-1.332346630371968261e-03 -1.333127840081421885e-03 0.000000000000000000e+00
-2.653351145864608126e-03 0.000000000000000000e+00 -1.327981632298491123e-03
0.000000000000000000e+00 0.000000000000000000e+00 0.000000000000000000e+00
-1.318306587994745984e-03 0.000000000000000000e+00 -1.326009997560133845e-03
0.000000000000000000e+00 0.000000000000000000e+00 0.000000000000000000e+00
-1.315891387712368743e-03 -1.332941807170005995e-03 0.000000000000000000e+00
-1.113864507922890379e-03 -1.332601994932112273e-03 0.000000000000000000e+00
-3.986831543100423716e-03 -1.333134128210935283e-03 -1.318607735201688443e-03
-1.312950041835978269e-03 -1.303755324459958875e-03 -1.332615790604435536e-03
-1.326695694401259715e-03 -2.568327821259081163e-03 -1.333012349173277053e-03
-1.332551876965592120e-03 -1.332501285045886242e-03 -1.291340292956437300e-03
-1.187647169153826154e-03 -1.313221825748690829e-03 -4.897909901633131641e-03
-2.650353867999875358e-03 -3.451100698598319298e-03 -2.662680968251098391e-03
-3.995002811937500842e-03 -4.658507654834564277e-03 -4.327399617746395706e-03
-7.307478021296722262e-03 -7.314794830971731859e-03 -6.984269548068826848e-03
-2.295836888182232506e-03 -3.661737862993125724e-03 -2.997500750000000203e-03
-2.497178130474589537e-03 -2.663674200555072105e-03 -1.333255307808532773e-03
-2.662077232282425172e-03 -2.662638396254033216e-03 -2.652509844244917842e-03
0.000000000000000000e+00 -1.270955407688203554e-03 0.000000000000000000e+00
-3.775056768182073665e-03 -3.965337949997988463e-03 -2.484546850268883750e-03
0.000000000000000000e+00 0.000000000000000000e+00 0.000000000000000000e+00
-1.325167910971107718e-03 -1.332680421113339661e-03 0.000000000000000000e+00
-1.327424731501206188e-03 0.000000000000000000e+00 0.000000000000000000e+00
0.000000000000000000e+00 0.000000000000000000e+00 0.000000000000000000e+00
0.000000000000000000e+00 0.000000000000000000e+00 0.000000000000000000e+00
-2.482459426572101654e-03 -1.333216993289750279e-03 0.000000000000000000e+00
-1.321608013403636648e-03 -1.330639298835285290e-03 0.000000000000000000e+00
-1.332001441035864705e-03 -1.332255028455344272e-03 -3.972372480942196714e-03
-1.332865326169894397e-03 -1.333087533440968208e-03 -2.663169256575883756e-03
-1.129504581576266237e-03 -1.329815912814697127e-03 -1.331309357915509651e-03
-3.926696321598067106e-03 -1.332777225644350043e-03 -1.332984917498215805e-03
-1.315180202967266903e-03 -1.330792514806431338e-03 0.000000000000000000e+00
0.000000000000000000e+00 0.000000000000000000e+00 0.000000000000000000e+00
0.000000000000000000e+00 0.000000000000000000e+00 0.000000000000000000e+00
-2.624678551711470860e-03 -1.316339696883764591e-03 -2.624750242388685425e-03
0.000000000000000000e+00 -2.509312316704204182e-03 0.000000000000000000e+00
0.000000000000000000e+00 0.000000000000000000e+00 0.000000000000000000e+00
-1.326044809609443469e-03 -1.298603726220434219e-03 0.000000000000000000e+00
0.000000000000000000e+00 0.000000000000000000e+00 0.000000000000000000e+00
-1.331300069601920252e-03 0.000000000000000000e+00 0.000000000000000000e+00
-1.331186302737541027e-03 -1.333217240279639540e-03 -2.628392358289691980e-03
-2.628071006110107265e-03 -1.317367560790720128e-03 -1.328187229582073825e-03
-2.663290395758252573e-03 -1.332236743425248542e-03 -1.332934359352899245e-03
0.000000000000000000e+00 0.000000000000000000e+00 0.000000000000000000e+00
0.000000000000000000e+00 0.000000000000000000e+00 0.000000000000000000e+00
-1.332315311434831631e-03 0.000000000000000000e+00 0.000000000000000000e+00
-1.332620596118648006e-03 0.000000000000000000e+00 -1.263324350853857166e-03
-1.316512394538646262e-03 -1.327123705353434229e-03 -1.330230137920463849e-03
0.000000000000000000e+00 0.000000000000000000e+00 0.000000000000000000e+00
0.000000000000000000e+00 0.000000000000000000e+00 0.000000000000000000e+00
-1.285532431914264374e-03 -1.216003432795058478e-03 -1.330183562103347782e-03
0.000000000000000000e+00 0.000000000000000000e+00 -1.331897749788813574e-03
-1.218686080425710437e-03 -1.332323580913652092e-03 0.000000000000000000e+00
0.000000000000000000e+00 0.000000000000000000e+00 0.000000000000000000e+00
0.000000000000000000e+00 0.000000000000000000e+00 0.000000000000000000e+00
-1.333284359298831908e-03 0.000000000000000000e+00 0.000000000000000000e+00
-1.285598539717691755e-03 -1.330186102885961164e-03 0.000000000000000000e+00
-2.662822878491375150e-03 -1.332828964945730185e-03 0.000000000000000000e+00
-1.332274898340066660e-03 -1.332614611950532109e-03 -1.227688043683487816e-03
-1.331995891427184119e-03 0.000000000000000000e+00 0.000000000000000000e+00
-1.332224332365708431e-03 -1.332644581858337136e-03 -2.624251380383065511e-03
0.000000000000000000e+00 0.000000000000000000e+00 0.000000000000000000e+00
-1.331109548015012951e-03 0.000000000000000000e+00 -1.330117162889677459e-03
0.000000000000000000e+00 0.000000000000000000e+00 0.000000000000000000e+00
0.000000000000000000e+00 0.000000000000000000e+00 0.000000000000000000e+00
0.000000000000000000e+00 0.000000000000000000e+00 0.000000000000000000e+00
0.000000000000000000e+00 0.000000000000000000e+00 0.000000000000000000e+00
0.000000000000000000e+00 0.000000000000000000e+00 0.000000000000000000e+00
0.000000000000000000e+00 0.000000000000000000e+00 0.000000000000000000e+00
0.000000000000000000e+00 0.000000000000000000e+00 0.000000000000000000e+00
0.000000000000000000e+00 0.000000000000000000e+00 0.000000000000000000e+00
0.000000000000000000e+00 0.000000000000000000e+00 0.000000000000000000e+00
0.000000000000000000e+00 0.000000000000000000e+00 0.000000000000000000e+00
0.000000000000000000e+00 0.000000000000000000e+00 0.000000000000000000e+00
0.000000000000000000e+00 0.000000000000000000e+00 0.000000000000000000e+00
0.000000000000000000e+00 0.000000000000000000e+00 0.000000000000000000e+00
0.000000000000000000e+00 0.000000000000000000e+00 0.000000000000000000e+00
0.000000000000000000e+00 0.000000000000000000e+00 0.000000000000000000e+00
0.000000000000000000e+00 0.000000000000000000e+00 0.000000000000000000e+00
0.000000000000000000e+00 0.000000000000000000e+00 0.000000000000000000e+00
0.000000000000000000e+00 0.000000000000000000e+00 0.000000000000000000e+00
0.000000000000000000e+00 0.000000000000000000e+00 0.000000000000000000e+00
0.000000000000000000e+00 0.000000000000000000e+00 0.000000000000000000e+00
0.000000000000000000e+00 0.000000000000000000e+00 0.000000000000000000e+00
