0.000000000000000000e+00 0.000000000000000000e+00 0.000000000000000000e+00
0.000000000000000000e+00 0.000000000000000000e+00 0.000000000000000000e+00
nan 0.000000000000000000e+00 0.000000000000000000e+00
nan nan 0.000000000000000000e+00
0.000000000000000000e+00 nan 0.000000000000000000e+00
0.000000000000000000e+00 nan 0.000000000000000000e+00
nan nan nan
nan nan nan
nan nan nan
nan nan nan
nan nan nan
nan nan nan
nan nan 0.000000000000000000e+00
0.000000000000000000e+00 0.000000000000000000e+00 0.000000000000000000e+00
nan nan 0.000000000000000000e+00
nan nan nan
0.000000000000000000e+00 0.000000000000000000e+00 nan
0.000000000000000000e+00 nan nan
nan 0.000000000000000000e+00 0.000000000000000000e+00
0.000000000000000000e+00 0.000000000000000000e+00 0.000000000000000000e+00
0.000000000000000000e+00 0.000000000000000000e+00 0.000000000000000000e+00
0.000000000000000000e+00 0.000000000000000000e+00 0.000000000000000000e+00
nan 0.000000000000000000e+00 0.000000000000000000e+00
0.000000000000000000e+00 0.000000000000000000e+00 nan
nan 8.542764274913330524e+147 0.000000000000000000e+00
nan nan nan
nan nan nan
nan nan nan
nan nan nan
nan nan nan
nan nan nan
nan nan nan
nan nan nan
nan nan nan
0.000000000000000000e+00 0.000000000000000000e+00 nan
nan 0.000000000000000000e+00 nan
nan nan nan
nan 0.000000000000000000e+00 0.000000000000000000e+00
nan 0.000000000000000000e+00 0.000000000000000000e+00
0.000000000000000000e+00 0.000000000000000000e+00 0.000000000000000000e+00
0.000000000000000000e+00 0.000000000000000000e+00 0.000000000000000000e+00
nan 0.000000000000000000e+00 0.000000000000000000e+00
nan 0.000000000000000000e+00 0.000000000000000000e+00
0.000000000000000000e+00 0.000000000000000000e+00 0.000000000000000000e+00
nan nan nan
nan nan nan
nan nan nan
nan nan nan
nan nan nan
nan nan nan
nan nan nan
nan nan nan
nan nan nan
nan nan nan
nan nan nan
nan 0.000000000000000000e+00 0.000000000000000000e+00
0.000000000000000000e+00 0.000000000000000000e+00 0.000000000000000000e+00
nan 0.000000000000000000e+00 0.000000000000000000e+00
nan 0.000000000000000000e+00 0.000000000000000000e+00
0.000000000000000000e+00 0.000000000000000000e+00 0.000000000000000000e+00
0.000000000000000000e+00 0.000000000000000000e+00 0.000000000000000000e+00
0.000000000000000000e+00 0.000000000000000000e+00 nan
nan 0.000000000000000000e+00 0.000000000000000000e+00
0.000000000000000000e+00 nan nan
nan nan nan
nan nan nan
nan nan nan
nan nan nan
nan nan nan
nan nan nan
nan nan nan
nan nan nan
nan nan nan
nan nan nan
nan nan nan
nan nan nan
nan 0.000000000000000000e+00 nan
nan 0.000000000000000000e+00 0.000000000000000000e+00
0.000000000000000000e+00 nan 0.000000000000000000e+00
0.000000000000000000e+00 0.000000000000000000e+00 0.000000000000000000e+00
0.000000000000000000e+00 0.000000000000000000e+00 0.000000000000000000e+00
0.000000000000000000e+00 0.000000000000000000e+00 0.000000000000000000e+00
0.000000000000000000e+00 nan 0.000000000000000000e+00
nan nan nan
nan nan nan
nan nan nan
nan nan nan
nan nan nan
nan nan nan
nan nan nan
nan nan nan
nan nan nan
nan nan nan
nan nan nan
nan nan nan
nan nan nan
nan 0.000000000000000000e+00 0.000000000000000000e+00
nan 0.000000000000000000e+00 nan
nan -2.000000000000000000e+00 nan
0.000000000000000000e+00 0.000000000000000000e+00 0.000000000000000000e+00
0.000000000000000000e+00 0.000000000000000000e+00 0.000000000000000000e+00
0.000000000000000000e+00 nan 0.000000000000000000e+00
nan 0.000000000000000000e+00 0.000000000000000000e+00
nan nan nan
nan nan nan
nan nan nan
nan nan nan
nan nan nan
nan nan nan
nan nan nan
nan nan nan
nan nan nan
nan nan nan
nan nan nan
nan nan nan
nan nan nan
nan nan nan
nan 0.000000000000000000e+00 nan
nan 0.000000000000000000e+00 0.000000000000000000e+00
0.000000000000000000e+00 0.000000000000000000e+00 0.000000000000000000e+00
0.000000000000000000e+00 0.000000000000000000e+00 0.000000000000000000e+00
nan 0.000000000000000000e+00 0.000000000000000000e+00
nan 0.000000000000000000e+00 0.000000000000000000e+00
nan nan nan
nan nan nan
nan nan nan
nan nan nan
nan nan nan
nan nan nan
nan nan nan
nan nan nan
nan nan nan
nan nan nan
nan nan nan
nan nan nan
nan nan nan
nan nan nan
nan 0.000000000000000000e+00 0.000000000000000000e+00
0.000000000000000000e+00 nan 0.000000000000000000e+00
0.000000000000000000e+00 0.000000000000000000e+00 0.000000000000000000e+00
0.000000000000000000e+00 0.000000000000000000e+00 0.000000000000000000e+00
nan 0.000000000000000000e+00 0.000000000000000000e+00
0.000000000000000000e+00 nan 0.000000000000000000e+00
nan nan nan
nan nan nan
nan nan nan
nan nan nan
nan nan nan
nan nan nan
nan nan nan
nan nan nan
nan nan nan
nan nan nan
nan nan nan
nan nan nan
nan nan nan
nan nan nan
nan 0.000000000000000000e+00 0.000000000000000000e+00
0.000000000000000000e+00 nan nan
0.000000000000000000e+00 0.000000000000000000e+00 0.000000000000000000e+00
0.000000000000000000e+00 0.000000000000000000e+00 0.000000000000000000e+00
nan 0.000000000000000000e+00 0.000000000000000000e+00
0.000000000000000000e+00 nan 0.000000000000000000e+00
2.754000000000000000e+03 nan nan
nan nan nan
nan nan nan
nan nan nan
nan nan nan
nan nan nan
nan nan nan
nan nan nan
nan nan nan
nan nan nan
nan nan nan
nan nan nan
nan nan nan
nan nan nan
nan 0.000000000000000000e+00 0.000000000000000000e+00
0.000000000000000000e+00 nan 0.000000000000000000e+00
nan 0.000000000000000000e+00 0.000000000000000000e+00
0.000000000000000000e+00 0.000000000000000000e+00 0.000000000000000000e+00
0.000000000000000000e+00 0.000000000000000000e+00 nan
nan 0.000000000000000000e+00 0.000000000000000000e+00
nan 2.754000000000000000e+03 -2.000000000000000000e+00
nan nan nan
nan nan nan
nan nan nan
nan nan nan
nan nan nan
nan nan nan
nan nan nan
nan nan nan
nan nan nan
nan nan nan
nan nan nan
nan nan nan
nan nan nan
nan nan 0.000000000000000000e+00
nan 0.000000000000000000e+00 0.000000000000000000e+00
0.000000000000000000e+00 0.000000000000000000e+00 0.000000000000000000e+00
0.000000000000000000e+00 0.000000000000000000e+00 0.000000000000000000e+00
0.000000000000000000e+00 nan 0.000000000000000000e+00
nan 0.000000000000000000e+00 0.000000000000000000e+00
0.000000000000000000e+00 nan nan
nan nan nan
nan nan nan
nan nan nan
nan nan nan
nan nan nan
nan nan nan
nan nan nan
nan nan nan
nan nan nan
nan nan nan
nan nan nan
nan nan nan
nan 0.000000000000000000e+00 0.000000000000000000e+00
0.000000000000000000e+00 nan 0.000000000000000000e+00
nan 0.000000000000000000e+00 0.000000000000000000e+00
0.000000000000000000e+00 0.000000000000000000e+00 0.000000000000000000e+00
0.000000000000000000e+00 0.000000000000000000e+00 0.000000000000000000e+00
0.000000000000000000e+00 0.000000000000000000e+00 0.000000000000000000e+00
nan 0.000000000000000000e+00 0.000000000000000000e+00
0.000000000000000000e+00 0.000000000000000000e+00 nan
nan 9.522914334836038433e+102 nan
nan nan nan
nan nan nan
nan nan nan
nan nan nan
nan nan nan
nan nan nan
nan nan nan
nan nan nan
nan nan nan
nan nan nan
nan 0.000000000000000000e+00 nan
nan 0.000000000000000000e+00 0.000000000000000000e+00
0.000000000000000000e+00 nan 0.000000000000000000e+00
nan 0.000000000000000000e+00 0.000000000000000000e+00
0.000000000000000000e+00 0.000000000000000000e+00 0.000000000000000000e+00
0.000000000000000000e+00 0.000000000000000000e+00 0.000000000000000000e+00
nan 0.000000000000000000e+00 nan
nan 0.000000000000000000e+00 nan
nan nan 0.000000000000000000e+00
0.000000000000000000e+00 nan 0.000000000000000000e+00
nan nan -2.000000000000000000e+00
nan nan nan
nan nan nan
nan nan nan
nan nan nan
nan nan nan
nan nan nan
nan nan nan
nan nan nan
nan nan nan
nan 0.000000000000000000e+00 0.000000000000000000e+00
nan 0.000000000000000000e+00 0.000000000000000000e+00
nan 0.000000000000000000e+00 0.000000000000000000e+00
nan nan nan
0.000000000000000000e+00 0.000000000000000000e+00 0.000000000000000000e+00
0.000000000000000000e+00 0.000000000000000000e+00 0.000000000000000000e+00
0.000000000000000000e+00 0.000000000000000000e+00 nan
nan 0.000000000000000000e+00 0.000000000000000000e+00
nan nan 0.000000000000000000e+00
nan 0.000000000000000000e+00 0.000000000000000000e+00
0.000000000000000000e+00 nan nan
-2.000000000000000000e+00 0.000000000000000000e+00 nan
nan nan nan
nan nan nan
nan nan nan
nan nan nan
nan nan nan
nan nan nan
nan nan nan
nan 0.000000000000000000e+00 nan
0.000000000000000000e+00 nan 0.000000000000000000e+00
0.000000000000000000e+00 0.000000000000000000e+00 nan
0.000000000000000000e+00 0.000000000000000000e+00 nan
0.000000000000000000e+00 0.000000000000000000e+00 0.000000000000000000e+00
0.000000000000000000e+00 0.000000000000000000e+00 0.000000000000000000e+00
0.000000000000000000e+00 0.000000000000000000e+00 0.000000000000000000e+00
nan 0.000000000000000000e+00 0.000000000000000000e+00
0.000000000000000000e+00 nan nan
0.000000000000000000e+00 nan nan
nan 0.000000000000000000e+00 0.000000000000000000e+00
nan 0.000000000000000000e+00 0.000000000000000000e+00
nan 0.000000000000000000e+00 0.000000000000000000e+00
0.000000000000000000e+00 3.229494487349034653e+167 nan
0.000000000000000000e+00 nan nan
nan nan nan
-2.000000000000000000e+00 nan -2.000000000000000000e+00
0.000000000000000000e+00 nan 0.000000000000000000e+00
-2.000000000000000000e+00 nan nan
0.000000000000000000e+00 nan 0.000000000000000000e+00
nan nan nan
nan 0.000000000000000000e+00 0.000000000000000000e+00
nan 0.000000000000000000e+00 0.000000000000000000e+00
nan nan 0.000000000000000000e+00
0.000000000000000000e+00 0.000000000000000000e+00 nan
0.000000000000000000e+00 0.000000000000000000e+00 0.000000000000000000e+00
0.000000000000000000e+00 0.000000000000000000e+00 0.000000000000000000e+00
0.000000000000000000e+00 nan 0.000000000000000000e+00
nan 0.000000000000000000e+00 nan
nan nan nan
nan 0.000000000000000000e+00 nan
0.000000000000000000e+00 nan 0.000000000000000000e+00
0.000000000000000000e+00 0.000000000000000000e+00 nan
nan nan 0.000000000000000000e+00
nan 0.000000000000000000e+00 0.000000000000000000e+00
nan 0.000000000000000000e+00 0.000000000000000000e+00
nan nan nan
0.000000000000000000e+00 0.000000000000000000e+00 nan
nan nan 0.000000000000000000e+00
1.246586729959029141e+34 0.000000000000000000e+00 nan
nan nan nan
nan 0.000000000000000000e+00 0.000000000000000000e+00
nan 0.000000000000000000e+00 nan
nan 0.000000000000000000e+00 0.000000000000000000e+00
nan 0.000000000000000000e+00 0.000000000000000000e+00
0.000000000000000000e+00 0.000000000000000000e+00 0.000000000000000000e+00
0.000000000000000000e+00 0.000000000000000000e+00 0.000000000000000000e+00
nan 0.000000000000000000e+00 0.000000000000000000e+00
nan nan nan
0.000000000000000000e+00 0.000000000000000000e+00 nan
0.000000000000000000e+00 0.000000000000000000e+00 nan
nan 0.000000000000000000e+00 0.000000000000000000e+00
nan 0.000000000000000000e+00 0.000000000000000000e+00
0.000000000000000000e+00 nan 0.000000000000000000e+00
nan 0.000000000000000000e+00 nan
0.000000000000000000e+00 nan 0.000000000000000000e+00
0.000000000000000000e+00 0.000000000000000000e+00 nan
0.000000000000000000e+00 0.000000000000000000e+00 nan
0.000000000000000000e+00 nan nan
0.000000000000000000e+00 0.000000000000000000e+00 nan
nan 0.000000000000000000e+00 0.000000000000000000e+00
nan nan 0.000000000000000000e+00
0.000000000000000000e+00 0.000000000000000000e+00 nan
0.000000000000000000e+00 nan nan
nan 0.000000000000000000e+00 0.000000000000000000e+00
0.000000000000000000e+00 0.000000000000000000e+00 0.000000000000000000e+00
0.000000000000000000e+00 0.000000000000000000e+00 0.000000000000000000e+00
nan 0.000000000000000000e+00 0.000000000000000000e+00
0.000000000000000000e+00 0.000000000000000000e+00 nan
nan 0.000000000000000000e+00 0.000000000000000000e+00
0.000000000000000000e+00 0.000000000000000000e+00 nan
nan 0.000000000000000000e+00 0.000000000000000000e+00
nan 0.000000000000000000e+00 nan
nan nan nan
nan 0.000000000000000000e+00 0.000000000000000000e+00
0.000000000000000000e+00 0.000000000000000000e+00 0.000000000000000000e+00
nan 0.000000000000000000e+00 0.000000000000000000e+00
nan 0.000000000000000000e+00 0.000000000000000000e+00
nan 0.000000000000000000e+00 0.000000000000000000e+00
nan nan nan
0.000000000000000000e+00 nan nan
nan nan nan
nan nan nan
nan nan 0.000000000000000000e+00
nan 0.000000000000000000e+00 nan
0.000000000000000000e+00 0.000000000000000000e+00 0.000000000000000000e+00
0.000000000000000000e+00 0.000000000000000000e+00 0.000000000000000000e+00
0.000000000000000000e+00 nan 0.000000000000000000e+00
0.000000000000000000e+00 0.000000000000000000e+00 nan
nan 4.723774219358614092e+286 nan
nan 0.000000000000000000e+00 0.000000000000000000e+00
nan 0.000000000000000000e+00 0.000000000000000000e+00
0.000000000000000000e+00 nan nan
0.000000000000000000e+00 0.000000000000000000e+00 nan
0.000000000000000000e+00 0.000000000000000000e+00 0.000000000000000000e+00
nan 0.000000000000000000e+00 0.000000000000000000e+00
0.000000000000000000e+00 0.000000000000000000e+00 0.000000000000000000e+00
0.000000000000000000e+00 nan 0.000000000000000000e+00
nan 0.000000000000000000e+00 0.000000000000000000e+00
nan 0.000000000000000000e+00 0.000000000000000000e+00
nan 0.000000000000000000e+00 0.000000000000000000e+00
nan 0.000000000000000000e+00 0.000000000000000000e+00
0.000000000000000000e+00 nan 0.000000000000000000e+00
nan 0.000000000000000000e+00 0.000000000000000000e+00
0.000000000000000000e+00 0.000000000000000000e+00 nan
0.000000000000000000e+00 0.000000000000000000e+00 0.000000000000000000e+00
0.000000000000000000e+00 0.000000000000000000e+00 0.000000000000000000e+00
0.000000000000000000e+00 0.000000000000000000e+00 0.000000000000000000e+00
0.000000000000000000e+00 0.000000000000000000e+00 0.000000000000000000e+00
0.000000000000000000e+00 0.000000000000000000e+00 0.000000000000000000e+00
0.000000000000000000e+00 0.000000000000000000e+00 0.000000000000000000e+00
0.000000000000000000e+00 0.000000000000000000e+00 0.000000000000000000e+00
0.000000000000000000e+00 0.000000000000000000e+00 0.000000000000000000e+00
0.000000000000000000e+00 0.000000000000000000e+00 0.000000000000000000e+00
0.000000000000000000e+00 0.000000000000000000e+00 0.000000000000000000e+00
0.000000000000000000e+00 0.000000000000000000e+00 0.000000000000000000e+00
0.000000000000000000e+00 0.000000000000000000e+00 0.000000000000000000e+00
0.000000000000000000e+00 0.000000000000000000e+00 0.000000000000000000e+00
0.000000000000000000e+00 0.000000000000000000e+00 0.000000000000000000e+00
0.000000000000000000e+00 0.000000000000000000e+00 0.000000000000000000e+00
0.000000000000000000e+00 0.000000000000000000e+00 0.000000000000000000e+00
0.000000000000000000e+00 0.000000000000000000e+00 0.000000000000000000e+00
0.000000000000000000e+00 0.000000000000000000e+00 0.000000000000000000e+00
0.000000000000000000e+00 0.000000000000000000e+00 0.000000000000000000e+00
0.000000000000000000e+00 0.000000000000000000e+00 0.000000000000000000e+00
0.000000000000000000e+00 0.000000000000000000e+00 0.000000000000000000e+00
