0.000000000000000000e+00 0.000000000000000000e+00 0.000000000000000000e+00
0.000000000000000000e+00 0.000000000000000000e+00 0.000000000000000000e+00
0.000000000000000000e+00 0.000000000000000000e+00 0.000000000000000000e+00
0.000000000000000000e+00 0.000000000000000000e+00 0.000000000000000000e+00
-1.966707539107483312e-03 0.000000000000000000e+00 0.000000000000000000e+00
-2.963292905185180466e-03 -3.033370037663002568e-03 -3.961328940454174677e-03
-1.755213267735649882e-02 -1.728669639127431920e-02 -1.785602888859957882e-02
-4.557177683571713572e-02 -4.564793737757134179e-02 -4.467804888401730179e-02
-1.040816993773256982e-01 -1.038902588182558373e-01 -1.032914289035272576e-01
-1.405512208742059621e-01 -1.398051692467427998e-01 -1.405274157805326274e-01
-2.746956465910198042e-01 -2.753718226831468607e-01 -2.752704564120443953e-01
-2.032337416515325457e-01 -2.031163653012444392e-01 -2.030389211647847247e-01
-4.126942225094128863e-03 -4.031055381253525680e-03 -7.758610196499759158e-03
0.000000000000000000e+00 -1.978694617511706725e-03 0.000000000000000000e+00
0.000000000000000000e+00 0.000000000000000000e+00 0.000000000000000000e+00
0.000000000000000000e+00 0.000000000000000000e+00 0.000000000000000000e+00
-1.918955348915774711e-03 0.000000000000000000e+00 0.000000000000000000e+00
0.000000000000000000e+00 0.000000000000000000e+00 0.000000000000000000e+00
-1.751967826085158936e-03 -1.153252986121552914e-03 0.000000000000000000e+00
0.000000000000000000e+00 0.000000000000000000e+00 0.000000000000000000e+00
0.000000000000000000e+00 0.000000000000000000e+00 0.000000000000000000e+00
0.000000000000000000e+00 0.000000000000000000e+00 0.000000000000000000e+00
-7.360558778696738719e-03 -1.976298505721622162e-03 -1.987052866083191711e-03
-3.742135700378849267e-03 -1.918065640260964303e-03 -3.724042477433336679e-03
-1.000000000000000021e-03 -1.000501000122752931e-03 -1.976120576319852565e-03
-2.299567265674221442e-02 -2.274632703565609287e-02 -2.202507044964864893e-02
-9.834962611985563485e-02 -9.915248470273718695e-02 -9.923749843738081944e-02
-2.576762621217941196e-01 -2.586275043694534204e-01 -2.577959608090755195e-01
-3.989880814233528472e-01 -3.997591003085302352e-01 -3.982398083620976026e-01
-4.808731784891898120e-01 -4.810047078524044561e-01 -4.804856452095129793e-01
-4.989889151008974344e-01 -4.988301895988740409e-01 -4.988973952323347283e-01
-4.185322540540169500e-01 -4.176846113510537251e-01 -4.190306225517931304e-01
-3.382702394464670026e-01 -3.397798735273519499e-01 -3.384071608521908026e-01
-9.564554316941793755e-02 -9.624147362510612758e-02 -9.660271557352179128e-02
-3.905093675131924430e-03 -1.983361367967647129e-03 -1.902879801932028277e-03
-3.695298779540586234e-03 -3.847275185954352004e-03 -1.990233282894627101e-03
-3.771205879447797702e-03 -3.894772497535554327e-03 -1.986925894235812198e-03
-1.988395877341907897e-03 -1.967541793301406071e-03 -1.986853593889214946e-03
-3.776173499992632656e-03 -1.809916254257522544e-03 -1.982987260283566693e-03
-1.993052037910131562e-03 0.000000000000000000e+00 0.000000000000000000e+00
0.000000000000000000e+00 0.000000000000000000e+00 0.000000000000000000e+00
-1.994585215652624772e-03 -1.995658995486104120e-03 0.000000000000000000e+00
-1.873733205461470793e-03 -1.898808827938926278e-03 -1.949401787822765270e-03
-1.940759093479975947e-03 -1.937270918911132784e-03 -1.983799836083101256e-03
-1.429940122523964963e-02 -1.409302959203143427e-02 -1.406016361500876666e-02
-9.675313914390128167e-02 -9.756969331404066748e-02 -9.728370658270454885e-02
-3.102646379498225082e-01 -3.090138708912230636e-01 -3.105500968547575957e-01
-5.989539637132750283e-01 -5.991016233414175884e-01 -5.984318318177831442e-01
-8.796823929973505152e-01 -8.796080850183525257e-01 -8.799269052932549018e-01
-1.018321414923403445e+00 -1.018503857417543346e+00 -1.018788005512897943e+00
-1.008353440014412739e+00 -1.008120411800075944e+00 -1.008349826016899931e+00
-9.030504972629066485e-01 -9.030708015309966141e-01 -9.027329644643076190e-01
-6.401468810179646862e-01 -6.404922325951178941e-01 -6.398669400286727260e-01
-3.834436611484176027e-01 -3.832010934778075639e-01 -3.836547818860853720e-01
-1.041561740641149536e-01 -1.036896419720794854e-01 -1.031935534770070800e-01
0.000000000000000000e+00 0.000000000000000000e+00 -1.918428887299413431e-03
-1.967596171393170765e-03 -3.864447302475341670e-03 -3.913048703592846012e-03
-1.821824605850145542e-03 -1.923945209336283589e-03 -3.704633995569419150e-03
-3.946074300509073290e-03 -3.915529575657802734e-03 -3.958963930540852078e-03
0.000000000000000000e+00 0.000000000000000000e+00 0.000000000000000000e+00
0.000000000000000000e+00 0.000000000000000000e+00 0.000000000000000000e+00
0.000000000000000000e+00 0.000000000000000000e+00 0.000000000000000000e+00
-1.984606110325664707e-03 -1.988459729179942268e-03 0.000000000000000000e+00
-2.940432984174004213e-03 -3.021020231515156133e-03 -3.010525105970839749e-03
-5.541851040555235280e-02 -5.605337486883028159e-02 -5.669776998670219420e-02
-2.801312482014320926e-01 -2.797832642393264790e-01 -2.801604535421804432e-01
-6.965203192035757107e-01 -6.971349118955371127e-01 -6.970657706668554887e-01
-1.112185352247978987e+00 -1.112014348237802652e+00 -1.111847190711581002e+00
-1.373652639256772501e+00 -1.373868214208402438e+00 -1.373954204744270990e+00
-1.491637711301156743e+00 -1.491695653839030022e+00 -1.491585485375653830e+00
-1.497229017494080328e+00 -1.497191581210562950e+00 -1.497293128813013574e+00
-1.394619097569404165e+00 -1.394671882613217617e+00 -1.394525547258387954e+00
-1.156674690218834956e+00 -1.156705648640284023e+00 -1.156600928093522107e+00
-7.510600862087810636e-01 -7.513636554351811325e-01 -7.516601778449749638e-01
-3.689577837748088673e-01 -3.687097884169580619e-01 -3.692733672694655800e-01
-4.836808430065601960e-02 -4.848143294960893801e-02 -4.762154130249781486e-02
-1.467450803243842668e-03 0.000000000000000000e+00 -1.983928503190901960e-03
-1.821289142998244130e-03 -1.972227166663708883e-03 0.000000000000000000e+00
-1.981308294830300132e-03 -1.976339088500603681e-03 0.000000000000000000e+00
0.000000000000000000e+00 0.000000000000000000e+00 0.000000000000000000e+00
0.000000000000000000e+00 0.000000000000000000e+00 0.000000000000000000e+00
-1.969976934345229677e-03 -1.994449476331603202e-03 -1.689298659156983655e-03
-3.868914736740002112e-03 -1.897375954961469250e-03 -1.978912575428772979e-03
-1.415554130420563356e-02 -1.514290717019748864e-02 -1.429532448506080737e-02
-1.668793557806320660e-01 -1.677464109777102030e-01 -1.679873000627466750e-01
-5.701566532392897679e-01 -5.705759802208164588e-01 -5.698231362183510118e-01
-1.117675759560184279e+00 -1.117567956911534433e+00 -1.117541300141700278e+00
-1.499680689941381706e+00 -1.499730252701955591e+00 -1.499686862659098674e+00
-1.695250409337498931e+00 -1.695279916315553193e+00 -1.695194163588649161e+00
-1.772732581794947526e+00 -1.772765239604335630e+00 -1.772761412015993132e+00
-1.777175656660172853e+00 -1.777124289798459600e+00 -1.777142016226374244e+00
-1.709568108942280285e+00 -1.709432826751816181e+00 -1.709497096861240184e+00
-1.543098930295829341e+00 -1.542965311908203851e+00 -1.542942353238960562e+00
-1.216634173372625138e+00 -1.216738429280019851e+00 -1.216698836395987637e+00
-6.860461266553322668e-01 -6.851945316166353495e-01 -6.856963464708665246e-01
-2.619753189335801702e-01 -2.616838803628338539e-01 -2.623079404242330548e-01
-4.989545523345430104e-03 -5.041413501211169587e-03 -5.800437646821856794e-03
-5.889913728090275663e-03 -5.458325237574100132e-03 -3.919997390640563885e-03
-3.933495700915863071e-03 -3.887216288195918280e-03 -5.025194700179966278e-03
0.000000000000000000e+00 0.000000000000000000e+00 0.000000000000000000e+00
0.000000000000000000e+00 0.000000000000000000e+00 0.000000000000000000e+00
0.000000000000000000e+00 0.000000000000000000e+00 0.000000000000000000e+00
-2.994019921424280733e-03 -1.001505233247737287e-03 -1.993156375225517158e-03
-3.934571375963748230e-02 -3.916311726842248292e-02 -4.009813800276033902e-02
-2.907834811631340721e-01 -2.914665850745224440e-01 -2.915693328724519029e-01
-8.603694670993743410e-01 -8.608931172611451466e-01 -8.603670016208023741e-01
-1.400181267063859369e+00 -1.400249701575434935e+00 -1.400407608139214055e+00
-1.710623128948270288e+00 -1.710657099370255674e+00 -1.710706028949822155e+00
-1.847521270566277130e+00 -1.847543428418191969e+00 -1.847511723375515613e+00
-1.914701264860599439e+00 -1.914701729408186504e+00 -1.914730314282878210e+00
-1.913657521238886439e+00 -1.913687665266277316e+00 -1.913651258318388448e+00
-1.866040968790191323e+00 -1.866009057593737586e+00 -1.865986137632879904e+00
-1.753269465275112626e+00 -1.753165282400220848e+00 -1.753220633346152413e+00
-1.505301754402329717e+00 -1.504826262717623431e+00 -1.505351645383004255e+00
-1.041185835748410726e+00 -1.040894109033475790e+00 -1.041809114309103057e+00
-4.491126615401436761e-01 -4.490343219704564515e-01 -4.487946090511822916e-01
-6.305839355201534047e-02 -6.390489108616409508e-02 -6.385206059079899521e-02
-3.867627024563995153e-03 -1.984219096536878058e-03 -1.989455377939859312e-03
-1.952437697455923103e-03 0.000000000000000000e+00 -1.884839164092438337e-03
-1.994521463888733817e-03 0.000000000000000000e+00 0.000000000000000000e+00
0.000000000000000000e+00 0.000000000000000000e+00 0.000000000000000000e+00
0.000000000000000000e+00 0.000000000000000000e+00 0.000000000000000000e+00
-3.366202607777036594e-03 -2.009699171676479230e-03 -6.506781519157928996e-03
-5.608448483972622994e-02 -5.617402220249993056e-02 -5.555746735953060594e-02
-3.735368892509725591e-01 -3.737508874859691299e-01 -3.741928330114656642e-01
-1.016360532126861393e+00 -1.016414339016293189e+00 -1.016606532425856635e+00
-1.538771037371645001e+00 -1.538704425350470251e+00 -1.538765080129433693e+00
-1.798576497639279737e+00 -1.798526279435269215e+00 -1.798563229931368301e+00
-1.928497922573736645e+00 -1.928542205900511286e+00 -1.928543703607454196e+00
-1.970894882402646653e+00 -1.970881131814412157e+00 -1.970897659161475524e+00
-1.977076304778625060e+00 -1.977080903631106779e+00 -1.977063702194104655e+00
-1.936591846554332141e+00 -1.936589620031477166e+00 -1.936572432677978295e+00
-1.848306965310319905e+00 -1.848326077889058228e+00 -1.848233744412536073e+00
-1.658375611180510356e+00 -1.658273734090416784e+00 -1.658402647221583370e+00
-1.265550665218464932e+00 -1.265322339192937795e+00 -1.265568680157943104e+00
-6.060780237690955863e-01 -6.051580799058401405e-01 -6.055179381593315258e-01
-1.567577004480762981e-01 -1.561619803459745881e-01 -1.561100253280680306e-01
-1.895825743583021833e-03 -1.913302442448950279e-03 0.000000000000000000e+00
-1.977206475902385657e-03 -1.993290048746826880e-03 -1.744463701443120084e-03
0.000000000000000000e+00 0.000000000000000000e+00 0.000000000000000000e+00
0.000000000000000000e+00 0.000000000000000000e+00 0.000000000000000000e+00
0.000000000000000000e+00 0.000000000000000000e+00 0.000000000000000000e+00
-1.888486633435632056e-03 -4.622329710717638061e-03 -2.992518853048525482e-03
-5.035622566516142345e-02 -5.058465426737215193e-02 -5.118626423971335548e-02
-3.736910437585990175e-01 -3.735877950957769422e-01 -3.740453491894311644e-01
-1.007471550473841404e+00 -1.007110278702616490e+00 -1.007342286849420843e+00
-1.539118287054473733e+00 -1.539532834723347676e+00 -1.539163739627580130e+00
-1.802076819544896624e+00 -1.802109406659630819e+00 -1.802083491513716496e+00
-1.930203370565936938e+00 -1.930262454332274835e+00 -1.930247976769380092e+00
-1.979814147730261320e+00 -1.979916162779320032e+00 -1.979893697239910599e+00
-1.992142594073475159e+00 -1.992148518629384579e+00 -1.992115276002284885e+00
-1.961958521296906399e+00 -1.961948150910658883e+00 -1.961926853683280791e+00
-1.883099065373327052e+00 -1.883069340373708656e+00 -1.883108380820520011e+00
-1.703415483116211382e+00 -1.703457854238543012e+00 -1.703462365837748349e+00
-1.325954937002329359e+00 -1.325337809737120232e+00 -1.325594811637212489e+00
-6.784196178688888246e-01 -6.782032933643683537e-01 -6.780645639963407412e-01
-1.857120650210693502e-01 -1.857699270110459988e-01 -1.859560625383875065e-01
-3.320878203975060998e-03 -4.722566992509142671e-03 -3.931976021124461776e-03
-3.860374279415271052e-03 -1.994528661764214793e-03 -1.996051933511651215e-03
0.000000000000000000e+00 0.000000000000000000e+00 0.000000000000000000e+00
0.000000000000000000e+00 0.000000000000000000e+00 0.000000000000000000e+00
-3.689833115115925474e-03 -1.831119980800327866e-03 0.000000000000000000e+00
-1.915686265525347147e-03 -3.449772575017302258e-03 -1.162846104798337474e-03
-3.527484426409080442e-02 -3.462524381331448520e-02 -3.575620754148790825e-02
-2.903167432778213097e-01 -2.903508220369209192e-01 -2.911641938060819390e-01
-8.446249626507473796e-01 -8.442902808665728731e-01 -8.448668141318189662e-01
-1.419001381738761225e+00 -1.419338848580186330e+00 -1.419167828382996710e+00
-1.729688477694590887e+00 -1.729686517188388617e+00 -1.729798942516711957e+00
-1.872125860225951399e+00 -1.872112675585267505e+00 -1.872046399717689491e+00
-1.945341093809405564e+00 -1.945324396227655628e+00 -1.945308081052497196e+00
-1.960107760472270755e+00 -1.960107934202982127e+00 -1.960102297119834747e+00
-1.929283572553924797e+00 -1.929329980707123138e+00 -1.929310755055235083e+00
-1.847824125867320033e+00 -1.847807205166345002e+00 -1.847853902865206344e+00
-1.659965668338518663e+00 -1.659884217868379030e+00 -1.659949344226393730e+00
-1.274064973817641944e+00 -1.273966509303857908e+00 -1.274070478673915208e+00
-6.215852180503761426e-01 -6.212746169278094976e-01 -6.210044602658190138e-01
-1.558553621737553685e-01 -1.553034497335577524e-01 -1.546224650623820029e-01
-2.964003025671458659e-03 -3.845939769591951839e-03 -1.998999999999999909e-03
-1.963939177160891041e-03 0.000000000000000000e+00 0.000000000000000000e+00
0.000000000000000000e+00 0.000000000000000000e+00 0.000000000000000000e+00
0.000000000000000000e+00 0.000000000000000000e+00 0.000000000000000000e+00
-1.861718776392820313e-03 0.000000000000000000e+00 -1.983331331450609650e-03
-1.986077402960006229e-03 -1.987207627153624555e-03 0.000000000000000000e+00
-1.285177029458889168e-02 -1.289771391197212617e-02 -1.295430831667705729e-02
-1.542781900310751242e-01 -1.541501231086838952e-01 -1.535034298796615349e-01
-5.844189264124404204e-01 -5.840451597989626542e-01 -5.845376070562814386e-01
-1.174878647011104560e+00 -1.174857451129162955e+00 -1.174965532322424400e+00
-1.551287586857367673e+00 -1.551195524593204977e+00 -1.550987580426943069e+00
-1.749744387622974351e+00 -1.749776639733431338e+00 -1.749790943907106433e+00
-1.841382393276795648e+00 -1.841344987584484283e+00 -1.841355899057306456e+00
-1.867646432324278294e+00 -1.867684651175169019e+00 -1.867705790860319404e+00
-1.833146674768227458e+00 -1.833272490132045851e+00 -1.833074599876479027e+00
-1.726995086935734669e+00 -1.726874124116821063e+00 -1.726907934367439390e+00
-1.486203600770965805e+00 -1.486180976264917186e+00 -1.486165578025967715e+00
-1.030304484550542909e+00 -1.030409089853811633e+00 -1.029447900636027979e+00
-4.627657742749989311e-01 -4.628247954817221732e-01 -4.619732597482548719e-01
-8.638516796244195828e-02 -8.468729805947045053e-02 -8.512455499312443497e-02
-4.983968308024097627e-03 -1.000000000000000021e-03 0.000000000000000000e+00
-1.982047012045500250e-03 -1.762105943488826701e-03 0.000000000000000000e+00
-1.980940331591543764e-03 0.000000000000000000e+00 0.000000000000000000e+00
0.000000000000000000e+00 0.000000000000000000e+00 0.000000000000000000e+00
0.000000000000000000e+00 0.000000000000000000e+00 -1.030986090686195327e-03
-1.991488711962124698e-03 -1.668030065472736858e-03 0.000000000000000000e+00
-2.909059264607663335e-03 -2.990138774259244649e-03 -1.972515054067573541e-03
-4.677223938226773847e-02 -4.820149508576171415e-02 -4.630425313177700258e-02
-3.114603643611132955e-01 -3.106887690563732707e-01 -3.105016443646433921e-01
-7.524770237902234093e-01 -7.522134821728824194e-01 -7.529671307184331308e-01
-1.230957778334227815e+00 -1.231196185898874029e+00 -1.231178781867764416e+00
-1.493120002466199692e+00 -1.492882264737656284e+00 -1.492957061452937495e+00
-1.644189758193909334e+00 -1.644405792891062257e+00 -1.644234363939861998e+00
-1.675746586417879325e+00 -1.675619414508242810e+00 -1.675747442288970435e+00
-1.630840266657852977e+00 -1.630824252248779471e+00 -1.630867717860858157e+00
-1.470718904208588640e+00 -1.470217188226619953e+00 -1.470416317345354829e+00
-1.173369038978403056e+00 -1.173063071410881841e+00 -1.173424756658135726e+00
-6.644246161714814081e-01 -6.644942482749075507e-01 -6.647371603468132939e-01
-2.416480995948614707e-01 -2.415239156101487428e-01 -2.414335393940039709e-01
-1.964699159532436526e-02 -1.941962566232998538e-02 -1.906955974503585227e-02
-3.876524250224737747e-03 0.000000000000000000e+00 0.000000000000000000e+00
-1.984824912662270027e-03 0.000000000000000000e+00 0.000000000000000000e+00
0.000000000000000000e+00 0.000000000000000000e+00 0.000000000000000000e+00
0.000000000000000000e+00 0.000000000000000000e+00 0.000000000000000000e+00
-1.961887415607785866e-03 -1.950726775396880450e-03 -1.965489658821500344e-03
0.000000000000000000e+00 -1.913311091251199744e-03 0.000000000000000000e+00
-1.908915074516367646e-03 -1.954054992584392490e-03 0.000000000000000000e+00
-1.002293605521742230e-02 -9.872133721239732818e-03 -8.963004889282708346e-03
-9.760981704194648945e-02 -9.652457021242064061e-02 -9.582476627501354538e-02
-3.744360431890965679e-01 -3.738955359020432745e-01 -3.754681169879928171e-01
-7.276884178173101958e-01 -7.270018267796032330e-01 -7.268338415299817612e-01
-1.057304576387756656e+00 -1.057434904897505579e+00 -1.057179001619036995e+00
-1.257054604791731922e+00 -1.257214125388532278e+00 -1.257306025694171492e+00
-1.320131668572291916e+00 -1.320449232078775292e+00 -1.320188272195383705e+00
-1.252476147627022085e+00 -1.252647356267984069e+00 -1.252518323232484354e+00
-1.036067090598324469e+00 -1.036407737072281066e+00 -1.036249831210806827e+00
-6.809816913227885182e-01 -6.810289934168795023e-01 -6.810537088494198477e-01
-3.343289044366369867e-01 -3.346578584882265450e-01 -3.337071134079943047e-01
-7.364659409124295342e-02 -7.307542002491339284e-02 -7.277742987926219542e-02
-5.863241522936098876e-03 -5.196566972092534625e-03 -3.923135482819700356e-03
-1.828148958231066686e-03 0.000000000000000000e+00 -1.975316028168432395e-03
0.000000000000000000e+00 0.000000000000000000e+00 0.000000000000000000e+00
0.000000000000000000e+00 0.000000000000000000e+00 0.000000000000000000e+00
0.000000000000000000e+00 0.000000000000000000e+00 0.000000000000000000e+00
-1.986950739035209679e-03 0.000000000000000000e+00 0.000000000000000000e+00
-3.872619013357809104e-03 -3.595736529403804199e-03 -1.945675413975629176e-03
-3.924494288393843254e-03 -3.872734241367381015e-03 -1.963738129405295536e-03
-1.961933846552992543e-03 -1.888397696165169341e-03 -2.994428644740621502e-03
-1.411441104374651541e-02 -1.413600464529821306e-02 -1.510227241506678815e-02
-1.142364603478427526e-01 -1.133441858559601084e-01 -1.134656587121770643e-01
-3.282147401060999115e-01 -3.279013467246885138e-01 -3.286198290648292275e-01
-5.499087679011741558e-01 -5.491672274304171264e-01 -5.493806751297423130e-01
-7.113522262524533124e-01 -7.109885940199055510e-01 -7.114294877679272489e-01
-7.598881755726601961e-01 -7.605559812125587404e-01 -7.594580476880901099e-01
-6.917851147993877570e-01 -6.922893107980712113e-01 -6.916373067873324842e-01
-5.451481925193257805e-01 -5.454225307905267162e-01 -5.451705314899025767e-01
-2.940488061177699008e-01 -2.937831928330917886e-01 -2.935658245196838823e-01
-1.016530353024620581e-01 -1.011719683431980543e-01 -1.012947911061528733e-01
-1.107790164955445647e-02 -1.083854001023605053e-02 -1.196736691659184247e-02
-1.636398451964735231e-03 -1.985888138687915642e-03 0.000000000000000000e+00
-3.361338736134063601e-03 -3.698378353494646310e-03 -3.960857312210419763e-03
-3.749064184383859612e-03 -3.931259333931947514e-03 -1.987854301276271128e-03
-1.956542441463138965e-03 0.000000000000000000e+00 0.000000000000000000e+00
0.000000000000000000e+00 0.000000000000000000e+00 0.000000000000000000e+00
-1.834635010190001445e-03 0.000000000000000000e+00 -1.700094630033647516e-03
0.000000000000000000e+00 -1.973429668377237739e-03 0.000000000000000000e+00
0.000000000000000000e+00 0.000000000000000000e+00 0.000000000000000000e+00
-1.976679653239692656e-03 -1.941154464762585028e-03 0.000000000000000000e+00
-2.893399828917191021e-03 -1.881494681741347885e-03 -3.840053731322090082e-03
-1.763102519734663018e-02 -1.819151875681329980e-02 -1.721559935136032435e-02
-9.697318898509710294e-02 -9.634269924964311560e-02 -9.774928866092794100e-02
-2.207457006928325582e-01 -2.193286853477292020e-01 -2.199906071985955336e-01
-3.269200265100063452e-01 -3.260691162422761358e-01 -3.261723926057942258e-01
-3.543968454952812208e-01 -3.539131449646749639e-01 -3.542019424153312057e-01
-3.151551950478814201e-01 -3.152294546125299912e-01 -3.152950244663947355e-01
-2.061662330987278635e-01 -2.056726675047934882e-01 -2.055617551788989916e-01
-8.917581528909722388e-02 -8.964932916883525116e-02 -9.013458651666521326e-02
-8.092979471784651421e-03 -8.075903919278646856e-03 -1.004426211372543877e-02
-1.936545536127344145e-03 -1.970865235015348792e-03 -1.399117000560586802e-03
-1.856560552177605010e-03 -3.374147272162690038e-03 -3.766754799412102249e-03
-3.773798070203399600e-03 -3.962945385841988404e-03 -1.974587789964246665e-03
-1.825514462851017582e-03 -1.852715492508187015e-03 -1.978654086980681601e-03
0.000000000000000000e+00 0.000000000000000000e+00 0.000000000000000000e+00
0.000000000000000000e+00 0.000000000000000000e+00 0.000000000000000000e+00
-1.944583478379649207e-03 -1.992487228709862931e-03 0.000000000000000000e+00
-1.988913470331896399e-03 0.000000000000000000e+00 0.000000000000000000e+00
-3.965018912950738286e-03 0.000000000000000000e+00 -5.452705600502746885e-03
-3.501741767192098100e-03 -1.935524627814448097e-03 -1.874608295041112682e-03
-3.711417002797436603e-03 -1.943624566167788999e-03 -1.990189355062653605e-03
-3.914590105482181059e-03 -3.459584319758753253e-03 -3.855362800109084220e-03
-1.366319319654711421e-02 -1.308594242331219577e-02 -1.407559980154262334e-02
-5.936144994440606393e-02 -6.099776944064408402e-02 -5.877226748830056968e-02
-9.790040923622472802e-02 -9.846269101472428231e-02 -9.828635509649807922e-02
-1.174998108723501467e-01 -1.172919975881077798e-01 -1.168298177195961907e-01
-1.023412220965671804e-01 -1.016821553083360474e-01 -1.015445806502156406e-01
-5.550150346632846954e-02 -5.509568627304651384e-02 -5.526948094331706612e-02
-1.232998348538508551e-02 -1.101759297812401547e-02 -1.074205220302617420e-02
-1.835623449409639696e-03 -1.001501130832765539e-03 -1.978278350020229361e-03
-1.994560896990798301e-03 0.000000000000000000e+00 0.000000000000000000e+00
-1.911171349382568153e-03 0.000000000000000000e+00 0.000000000000000000e+00
-1.765206330953970892e-03 -1.985669892085640403e-03 0.000000000000000000e+00
-3.480176956025775228e-03 -1.947743038013764706e-03 -1.970332300020102498e-03
0.000000000000000000e+00 0.000000000000000000e+00 0.000000000000000000e+00
0.000000000000000000e+00 0.000000000000000000e+00 0.000000000000000000e+00
-1.805784064955166194e-03 -1.541649373599294701e-03 -1.982069489996639549e-03
-1.944197947191427444e-03 0.000000000000000000e+00 0.000000000000000000e+00
-1.986252803025136387e-03 -3.945587621265761458e-03 -1.975420835233132524e-03
-1.677495288799924497e-03 -1.993184476887756556e-03 -1.986456022351367010e-03
-3.139456645497033533e-03 -3.968664316256368535e-03 -3.912906857094330254e-03
-1.809262893063829985e-03 -1.987692379278725718e-03 0.000000000000000000e+00
-2.933936506374184173e-03 0.000000000000000000e+00 0.000000000000000000e+00
-8.514011139768387984e-03 -7.989940872135028321e-03 -6.900244589232137730e-03
-2.093437790647641877e-02 -2.182580105829806313e-02 -2.095350744158640255e-02
-3.640581176693361010e-02 -3.561358664285298181e-02 -3.561085703504950767e-02
-1.892746372641355979e-02 -2.067302551105541439e-02 -1.890621806713170192e-02
-8.866553024652518850e-03 -6.955062475284053136e-03 -8.759097683038565355e-03
-2.654431706127069641e-03 -3.716346517064791737e-03 -3.812284064782144044e-03
-3.100986089953041563e-03 -3.265259631342581903e-03 -1.864022985238465800e-03
-1.826509083946939276e-03 -1.994007031957646062e-03 -1.968821966781083514e-03
-1.787492205137860375e-03 -3.853506560495223183e-03 0.000000000000000000e+00
-1.993154151236224084e-03 -3.937101973128189283e-03 -3.345436741582534339e-03
-1.995281498073069124e-03 -1.193541470275150205e-03 0.000000000000000000e+00
0.000000000000000000e+00 0.000000000000000000e+00 0.000000000000000000e+00
0.000000000000000000e+00 0.000000000000000000e+00 0.000000000000000000e+00
-1.973482745283816359e-03 -3.210474172458342365e-03 -1.995303576099962794e-03
-1.970645204649660535e-03 -3.839289035762356687e-03 -1.975989440886804973e-03
0.000000000000000000e+00 -1.963463478525107487e-03 -1.950166881793793938e-03
0.000000000000000000e+00 0.000000000000000000e+00 -3.966738028067387858e-03
-5.425724912388174385e-03 -1.987920939477868555e-03 -3.718632362756867874e-03
-3.989676056523939335e-03 -1.833095652377245838e-03 -1.991087328273567943e-03
0.000000000000000000e+00 0.000000000000000000e+00 0.000000000000000000e+00
-1.955425181606972734e-03 -1.922244265545585556e-03 0.000000000000000000e+00
-4.964792823595375049e-03 -6.910697226644419745e-03 -4.011345814041262711e-03
-4.992015674835872767e-03 -3.997000999875000189e-03 -3.997000999875000189e-03
-1.999499999999999975e-03 -3.992040616565446787e-03 -1.998999999999999909e-03
-3.068346050631643417e-03 0.000000000000000000e+00 0.000000000000000000e+00
-1.940272683021861556e-03 -1.983518609865548774e-03 -3.798819884144506893e-03
-3.655408567855614708e-03 -3.438757553200782677e-03 -1.929122425300460993e-03
-1.982268343486125965e-03 -1.988308543988175515e-03 -3.870941337949240779e-03
-1.973464643891076602e-03 -3.935296357390894242e-03 -1.947523558897537675e-03
-1.881694404703149626e-03 -3.163318000460496257e-03 -1.636879407903183174e-03
-5.503137238826890515e-03 -3.929515186026184652e-03 -2.871638033403131965e-03
0.000000000000000000e+00 0.000000000000000000e+00 0.000000000000000000e+00
0.000000000000000000e+00 0.000000000000000000e+00 0.000000000000000000e+00
-1.994095557904355075e-03 0.000000000000000000e+00 -1.661316607711771452e-03
-1.947791895174394612e-03 0.000000000000000000e+00 -1.875564653665147104e-03
-1.965954391736474648e-03 -1.987882648931571516e-03 0.000000000000000000e+00
-1.918285039868869099e-03 -3.936017866019946715e-03 -1.993230018738974697e-03
-1.961061115834662229e-03 -1.982126989273018391e-03 0.000000000000000000e+00
-7.656052054049007453e-03 -1.946984163651408091e-03 -3.883203206212263413e-03
-1.911854855125329645e-03 0.000000000000000000e+00 -1.900142035198780152e-03
0.000000000000000000e+00 0.000000000000000000e+00 0.000000000000000000e+00
-5.811204150829084834e-03 -5.739367093313263793e-03 -7.465463247836919697e-03
0.000000000000000000e+00 0.000000000000000000e+00 0.000000000000000000e+00
-1.956280800681895263e-03 -3.879170638840589297e-03 -1.972996569158464580e-03
-5.753196461967344071e-03 -5.903920106772838836e-03 -5.334250186519427957e-03
-3.705108373825557674e-03 -1.975892600778469434e-03 0.000000000000000000e+00
-1.963801192712221009e-03 -1.966156499539382669e-03 0.000000000000000000e+00
-3.571424435042019462e-03 -1.994772768930272878e-03 -1.934581407303067680e-03
-1.586654118096170922e-03 -1.893710205154635522e-03 -3.449703571512861486e-03
-1.976212384845565332e-03 0.000000000000000000e+00 0.000000000000000000e+00
-1.980436702934626220e-03 -1.967713556881380693e-03 0.000000000000000000e+00
-1.671397714634331993e-03 0.000000000000000000e+00 0.000000000000000000e+00
0.000000000000000000e+00 0.000000000000000000e+00 0.000000000000000000e+00
0.000000000000000000e+00 0.000000000000000000e+00 0.000000000000000000e+00
0.000000000000000000e+00 0.000000000000000000e+00 0.000000000000000000e+00
-1.994641675302986829e-03 -1.511854961481399898e-03 0.000000000000000000e+00
0.000000000000000000e+00 -3.944069138805085181e-03 -1.653879104346592157e-03
0.000000000000000000e+00 -1.993492921951403596e-03 -1.770735832688402882e-03
-1.924095033345759763e-03 -1.902234913651339740e-03 -1.994509260510104152e-03
-1.976560326142550502e-03 0.000000000000000000e+00 -1.922968626156520023e-03
-1.947566730632230465e-03 0.000000000000000000e+00 0.000000000000000000e+00
-1.705226572254486209e-03 0.000000000000000000e+00 -1.974339024396963051e-03
-1.949224345676718205e-03 -1.995402807418800509e-03 -3.135113491676851279e-03
-1.993496175490427728e-03 0.000000000000000000e+00 0.000000000000000000e+00
-1.083226358595255770e-03 0.000000000000000000e+00 0.000000000000000000e+00
-3.381931427287847812e-03 0.000000000000000000e+00 0.000000000000000000e+00
-1.971243002852512624e-03 0.000000000000000000e+00 -1.119187371661330621e-03
0.000000000000000000e+00 0.000000000000000000e+00 -1.921278624002759625e-03
-1.969578066875473515e-03 -1.970941477768984023e-03 -3.887758247112881645e-03
0.000000000000000000e+00 0.000000000000000000e+00 0.000000000000000000e+00
-1.355297003672658847e-03 -1.286503452025238243e-03 -1.966271488270985180e-03
0.000000000000000000e+00 0.000000000000000000e+00 0.000000000000000000e+00
0.000000000000000000e+00 0.000000000000000000e+00 0.000000000000000000e+00
0.000000000000000000e+00 0.000000000000000000e+00 0.000000000000000000e+00
0.000000000000000000e+00 0.000000000000000000e+00 0.000000000000000000e+00
0.000000000000000000e+00 0.000000000000000000e+00 0.000000000000000000e+00
0.000000000000000000e+00 0.000000000000000000e+00 0.000000000000000000e+00
0.000000000000000000e+00 0.000000000000000000e+00 0.000000000000000000e+00
0.000000000000000000e+00 0.000000000000000000e+00 0.000000000000000000e+00
0.000000000000000000e+00 0.000000000000000000e+00 0.000000000000000000e+00
0.000000000000000000e+00 0.000000000000000000e+00 0.000000000000000000e+00
0.000000000000000000e+00 0.000000000000000000e+00 0.000000000000000000e+00
0.000000000000000000e+00 0.000000000000000000e+00 0.000000000000000000e+00
0.000000000000000000e+00 0.000000000000000000e+00 0.000000000000000000e+00
0.000000000000000000e+00 0.000000000000000000e+00 0.000000000000000000e+00
0.000000000000000000e+00 0.000000000000000000e+00 0.000000000000000000e+00
0.000000000000000000e+00 0.000000000000000000e+00 0.000000000000000000e+00
0.000000000000000000e+00 0.000000000000000000e+00 0.000000000000000000e+00
0.000000000000000000e+00 0.000000000000000000e+00 0.000000000000000000e+00
0.000000000000000000e+00 0.000000000000000000e+00 0.000000000000000000e+00
0.000000000000000000e+00 0.000000000000000000e+00 0.000000000000000000e+00
0.000000000000000000e+00 0.000000000000000000e+00 0.000000000000000000e+00
