8.060000000000000000e+02
9.290000000000000000e+02
5.500000000000000000e+02
9.810000000000000000e+02
9.980000000000000000e+02
8.400000000000000000e+02
9.880000000000000000e+02
7.010000000000000000e+02
7.980000000000000000e+02
9.410000000000000000e+02
9.390000000000000000e+02
9.720000000000000000e+02
8.650000000000000000e+02
7.490000000000000000e+02
6.750000000000000000e+02
6.860000000000000000e+02
7.330000000000000000e+02
7.540000000000000000e+02
6.180000000000000000e+02
9.240000000000000000e+02
6.810000000000000000e+02
4.890000000000000000e+02
5.050000000000000000e+02
9.310000000000000000e+02
8.200000000000000000e+02
5.410000000000000000e+02
7.380000000000000000e+02
8.730000000000000000e+02
7.010000000000000000e+02
9.760000000000000000e+02
9.530000000000000000e+02
6.440000000000000000e+02
5.740000000000000000e+02
8.860000000000000000e+02
4.970000000000000000e+02
8.450000000000000000e+02
7.190000000000000000e+02
9.880000000000000000e+02
6.940000000000000000e+02
9.960000000000000000e+02
3.920000000000000000e+02
6.980000000000000000e+02
8.600000000000000000e+02
6.790000000000000000e+02
6.540000000000000000e+02
9.020000000000000000e+02
6.550000000000000000e+02
9.620000000000000000e+02
6.290000000000000000e+02
8.160000000000000000e+02
5.950000000000000000e+02
8.610000000000000000e+02
7.590000000000000000e+02
9.490000000000000000e+02
6.690000000000000000e+02
6.960000000000000000e+02
7.530000000000000000e+02
6.470000000000000000e+02
8.780000000000000000e+02
6.940000000000000000e+02
8.650000000000000000e+02
7.910000000000000000e+02
4.600000000000000000e+02
9.120000000000000000e+02
4.960000000000000000e+02
7.080000000000000000e+02
5.800000000000000000e+02
6.760000000000000000e+02
7.820000000000000000e+02
7.480000000000000000e+02
6.080000000000000000e+02
9.290000000000000000e+02
9.410000000000000000e+02
7.870000000000000000e+02
7.600000000000000000e+02
5.230000000000000000e+02
6.270000000000000000e+02
5.170000000000000000e+02
7.140000000000000000e+02
7.110000000000000000e+02
9.930000000000000000e+02
7.540000000000000000e+02
7.260000000000000000e+02
9.110000000000000000e+02
9.120000000000000000e+02
5.490000000000000000e+02
5.330000000000000000e+02
8.530000000000000000e+02
5.390000000000000000e+02
7.890000000000000000e+02
5.400000000000000000e+02
8.390000000000000000e+02
8.610000000000000000e+02
8.660000000000000000e+02
7.390000000000000000e+02
5.600000000000000000e+02
5.200000000000000000e+02
7.650000000000000000e+02
8.330000000000000000e+02
7.150000000000000000e+02
4.440000000000000000e+02
6.570000000000000000e+02
3.480000000000000000e+02
4.100000000000000000e+02
4.630000000000000000e+02
4.520000000000000000e+02
6.190000000000000000e+02
4.370000000000000000e+02
5.640000000000000000e+02
5.030000000000000000e+02
5.310000000000000000e+02
5.240000000000000000e+02
6.480000000000000000e+02
6.100000000000000000e+02
6.070000000000000000e+02
8.050000000000000000e+02
5.900000000000000000e+02
8.840000000000000000e+02
4.580000000000000000e+02
6.140000000000000000e+02
8.470000000000000000e+02
5.020000000000000000e+02
4.370000000000000000e+02
4.660000000000000000e+02
8.500000000000000000e+02
5.030000000000000000e+02
7.090000000000000000e+02
6.680000000000000000e+02
7.430000000000000000e+02
4.900000000000000000e+02
8.010000000000000000e+02
4.160000000000000000e+02
5.880000000000000000e+02
7.090000000000000000e+02
5.040000000000000000e+02
7.200000000000000000e+02
8.990000000000000000e+02
6.410000000000000000e+02
7.430000000000000000e+02
4.980000000000000000e+02
7.010000000000000000e+02
8.450000000000000000e+02
5.320000000000000000e+02
4.740000000000000000e+02
4.510000000000000000e+02
4.200000000000000000e+02
5.770000000000000000e+02
7.590000000000000000e+02
7.550000000000000000e+02
6.130000000000000000e+02
6.740000000000000000e+02
4.880000000000000000e+02
4.330000000000000000e+02
3.430000000000000000e+02
8.730000000000000000e+02
4.080000000000000000e+02
5.300000000000000000e+02
4.120000000000000000e+02
5.820000000000000000e+02
8.450000000000000000e+02
7.930000000000000000e+02
7.470000000000000000e+02
6.580000000000000000e+02
6.610000000000000000e+02
8.950000000000000000e+02
9.580000000000000000e+02
9.280000000000000000e+02
4.510000000000000000e+02
8.740000000000000000e+02
6.930000000000000000e+02
6.790000000000000000e+02
5.350000000000000000e+02
7.390000000000000000e+02
5.170000000000000000e+02
7.300000000000000000e+02
5.530000000000000000e+02
8.460000000000000000e+02
4.950000000000000000e+02
5.290000000000000000e+02
5.150000000000000000e+02
4.810000000000000000e+02
5.830000000000000000e+02
4.600000000000000000e+02
6.550000000000000000e+02
5.510000000000000000e+02
7.190000000000000000e+02
9.400000000000000000e+02
4.310000000000000000e+02
6.060000000000000000e+02
7.750000000000000000e+02
6.080000000000000000e+02
8.120000000000000000e+02
9.830000000000000000e+02
9.370000000000000000e+02
7.930000000000000000e+02
6.930000000000000000e+02
5.590000000000000000e+02
6.250000000000000000e+02
4.450000000000000000e+02
4.870000000000000000e+02
4.950000000000000000e+02
8.740000000000000000e+02
3.460000000000000000e+02
4.720000000000000000e+02
8.780000000000000000e+02
4.920000000000000000e+02
4.100000000000000000e+02
6.560000000000000000e+02
4.150000000000000000e+02
8.410000000000000000e+02
4.530000000000000000e+02
6.980000000000000000e+02
4.920000000000000000e+02
6.550000000000000000e+02
5.210000000000000000e+02
5.390000000000000000e+02
6.680000000000000000e+02
5.730000000000000000e+02
3.510000000000000000e+02
8.840000000000000000e+02
5.200000000000000000e+02
4.820000000000000000e+02
6.840000000000000000e+02
5.800000000000000000e+02
9.060000000000000000e+02
4.570000000000000000e+02
4.060000000000000000e+02
8.370000000000000000e+02
5.380000000000000000e+02
5.370000000000000000e+02
5.430000000000000000e+02
3.670000000000000000e+02
9.320000000000000000e+02
5.130000000000000000e+02
9.260000000000000000e+02
4.950000000000000000e+02
4.990000000000000000e+02
5.210000000000000000e+02
9.150000000000000000e+02
9.140000000000000000e+02
6.150000000000000000e+02
5.890000000000000000e+02
4.830000000000000000e+02
8.100000000000000000e+02
4.250000000000000000e+02
4.610000000000000000e+02
5.100000000000000000e+02
3.820000000000000000e+02
5.560000000000000000e+02
9.600000000000000000e+02
6.740000000000000000e+02
6.440000000000000000e+02
8.780000000000000000e+02
2.640000000000000000e+02
5.840000000000000000e+02
4.240000000000000000e+02
6.790000000000000000e+02
3.830000000000000000e+02
3.580000000000000000e+02
3.410000000000000000e+02
4.940000000000000000e+02
4.890000000000000000e+02
5.040000000000000000e+02
5.900000000000000000e+02
5.720000000000000000e+02
6.840000000000000000e+02
4.310000000000000000e+02
5.020000000000000000e+02
8.010000000000000000e+02
2.610000000000000000e+02
8.840000000000000000e+02
3.470000000000000000e+02
5.480000000000000000e+02
4.140000000000000000e+02
6.120000000000000000e+02
5.910000000000000000e+02
4.710000000000000000e+02
4.870000000000000000e+02
8.570000000000000000e+02
8.110000000000000000e+02
8.660000000000000000e+02
3.300000000000000000e+02
6.560000000000000000e+02
7.420000000000000000e+02
4.440000000000000000e+02
4.590000000000000000e+02
6.050000000000000000e+02
7.940000000000000000e+02
4.470000000000000000e+02
3.390000000000000000e+02
9.390000000000000000e+02
5.110000000000000000e+02
5.840000000000000000e+02
5.790000000000000000e+02
5.030000000000000000e+02
4.310000000000000000e+02
7.700000000000000000e+02
5.220000000000000000e+02
8.320000000000000000e+02
6.280000000000000000e+02
7.420000000000000000e+02
5.200000000000000000e+02
9.300000000000000000e+02
6.270000000000000000e+02
8.490000000000000000e+02
9.470000000000000000e+02
8.500000000000000000e+02
3.280000000000000000e+02
8.340000000000000000e+02
5.550000000000000000e+02
7.110000000000000000e+02
5.420000000000000000e+02
5.410000000000000000e+02
5.190000000000000000e+02
5.200000000000000000e+02
4.920000000000000000e+02
5.140000000000000000e+02
7.120000000000000000e+02
2.700000000000000000e+02
5.500000000000000000e+02
6.500000000000000000e+02
7.580000000000000000e+02
5.410000000000000000e+02
6.530000000000000000e+02
9.360000000000000000e+02
5.760000000000000000e+02
7.760000000000000000e+02
5.840000000000000000e+02
5.140000000000000000e+02
7.420000000000000000e+02
6.400000000000000000e+02
6.580000000000000000e+02
2.730000000000000000e+02
4.770000000000000000e+02
5.150000000000000000e+02
4.610000000000000000e+02
5.940000000000000000e+02
6.450000000000000000e+02
5.230000000000000000e+02
4.650000000000000000e+02
5.370000000000000000e+02
5.680000000000000000e+02
7.270000000000000000e+02
5.100000000000000000e+02
5.260000000000000000e+02
5.740000000000000000e+02
3.380000000000000000e+02
5.950000000000000000e+02
4.370000000000000000e+02
6.330000000000000000e+02
3.570000000000000000e+02
6.280000000000000000e+02
3.230000000000000000e+02
2.940000000000000000e+02
4.440000000000000000e+02
7.800000000000000000e+02
3.520000000000000000e+02
5.570000000000000000e+02
4.950000000000000000e+02
6.010000000000000000e+02
3.830000000000000000e+02
6.230000000000000000e+02
3.630000000000000000e+02
2.490000000000000000e+02
3.420000000000000000e+02
4.370000000000000000e+02
3.530000000000000000e+02
3.190000000000000000e+02
4.430000000000000000e+02
4.110000000000000000e+02
6.760000000000000000e+02
3.730000000000000000e+02
6.480000000000000000e+02
3.360000000000000000e+02
5.230000000000000000e+02
4.370000000000000000e+02
6.140000000000000000e+02
3.710000000000000000e+02
5.160000000000000000e+02
8.090000000000000000e+02
8.730000000000000000e+02
4.350000000000000000e+02
8.490000000000000000e+02
6.600000000000000000e+02
6.630000000000000000e+02
3.490000000000000000e+02
5.390000000000000000e+02
3.780000000000000000e+02
4.910000000000000000e+02
4.270000000000000000e+02
4.460000000000000000e+02
4.550000000000000000e+02
3.770000000000000000e+02
6.010000000000000000e+02
5.300000000000000000e+02
5.690000000000000000e+02
4.540000000000000000e+02
5.310000000000000000e+02
3.420000000000000000e+02
5.220000000000000000e+02
4.350000000000000000e+02
7.150000000000000000e+02
9.570000000000000000e+02
9.950000000000000000e+02
4.460000000000000000e+02
4.340000000000000000e+02
5.620000000000000000e+02
5.920000000000000000e+02
3.900000000000000000e+02
4.330000000000000000e+02
3.850000000000000000e+02
5.020000000000000000e+02
3.580000000000000000e+02
5.980000000000000000e+02
5.840000000000000000e+02
