7.940000000000000000e+02
8.800000000000000000e+02
8.980000000000000000e+02
9.430000000000000000e+02
9.960000000000000000e+02
5.740000000000000000e+02
8.970000000000000000e+02
7.100000000000000000e+02
8.080000000000000000e+02
7.560000000000000000e+02
7.970000000000000000e+02
9.260000000000000000e+02
7.330000000000000000e+02
8.980000000000000000e+02
9.260000000000000000e+02
3.210000000000000000e+02
7.570000000000000000e+02
5.130000000000000000e+02
5.650000000000000000e+02
4.510000000000000000e+02
8.530000000000000000e+02
8.650000000000000000e+02
4.220000000000000000e+02
5.070000000000000000e+02
6.180000000000000000e+02
4.280000000000000000e+02
6.610000000000000000e+02
9.160000000000000000e+02
9.330000000000000000e+02
4.240000000000000000e+02
9.850000000000000000e+02
9.700000000000000000e+02
3.170000000000000000e+02
5.630000000000000000e+02
4.810000000000000000e+02
7.520000000000000000e+02
9.440000000000000000e+02
5.780000000000000000e+02
7.580000000000000000e+02
6.360000000000000000e+02
8.630000000000000000e+02
6.610000000000000000e+02
4.970000000000000000e+02
9.130000000000000000e+02
5.920000000000000000e+02
7.300000000000000000e+02
9.190000000000000000e+02
8.180000000000000000e+02
4.920000000000000000e+02
5.010000000000000000e+02
8.130000000000000000e+02
8.570000000000000000e+02
7.310000000000000000e+02
5.070000000000000000e+02
8.240000000000000000e+02
8.270000000000000000e+02
9.520000000000000000e+02
8.490000000000000000e+02
3.000000000000000000e+02
5.080000000000000000e+02
5.770000000000000000e+02
8.370000000000000000e+02
4.670000000000000000e+02
7.760000000000000000e+02
7.070000000000000000e+02
6.620000000000000000e+02
4.550000000000000000e+02
7.450000000000000000e+02
7.060000000000000000e+02
5.220000000000000000e+02
4.940000000000000000e+02
3.940000000000000000e+02
7.610000000000000000e+02
7.140000000000000000e+02
9.630000000000000000e+02
5.980000000000000000e+02
9.800000000000000000e+02
6.670000000000000000e+02
7.360000000000000000e+02
9.790000000000000000e+02
9.210000000000000000e+02
8.210000000000000000e+02
9.350000000000000000e+02
4.000000000000000000e+02
5.570000000000000000e+02
2.770000000000000000e+02
5.550000000000000000e+02
6.790000000000000000e+02
7.360000000000000000e+02
9.760000000000000000e+02
7.980000000000000000e+02
4.500000000000000000e+02
8.920000000000000000e+02
8.210000000000000000e+02
7.330000000000000000e+02
9.430000000000000000e+02
7.650000000000000000e+02
9.610000000000000000e+02
9.370000000000000000e+02
4.610000000000000000e+02
7.760000000000000000e+02
6.480000000000000000e+02
6.820000000000000000e+02
8.290000000000000000e+02
9.250000000000000000e+02
7.040000000000000000e+02
7.850000000000000000e+02
7.550000000000000000e+02
8.460000000000000000e+02
8.290000000000000000e+02
7.610000000000000000e+02
8.940000000000000000e+02
9.300000000000000000e+02
9.420000000000000000e+02
7.530000000000000000e+02
8.440000000000000000e+02
6.620000000000000000e+02
9.040000000000000000e+02
6.360000000000000000e+02
9.540000000000000000e+02
8.180000000000000000e+02
9.230000000000000000e+02
5.470000000000000000e+02
9.530000000000000000e+02
9.480000000000000000e+02
7.060000000000000000e+02
4.100000000000000000e+02
7.750000000000000000e+02
6.370000000000000000e+02
4.710000000000000000e+02
3.360000000000000000e+02
4.800000000000000000e+02
5.880000000000000000e+02
6.360000000000000000e+02
7.910000000000000000e+02
3.460000000000000000e+02
3.890000000000000000e+02
9.360000000000000000e+02
5.160000000000000000e+02
3.650000000000000000e+02
4.510000000000000000e+02
3.750000000000000000e+02
5.040000000000000000e+02
5.470000000000000000e+02
4.370000000000000000e+02
7.030000000000000000e+02
3.460000000000000000e+02
5.840000000000000000e+02
4.340000000000000000e+02
7.460000000000000000e+02
8.340000000000000000e+02
8.000000000000000000e+02
3.880000000000000000e+02
7.110000000000000000e+02
9.860000000000000000e+02
2.360000000000000000e+02
8.810000000000000000e+02
8.750000000000000000e+02
7.490000000000000000e+02
7.900000000000000000e+02
7.990000000000000000e+02
4.170000000000000000e+02
6.260000000000000000e+02
5.700000000000000000e+02
9.400000000000000000e+02
5.240000000000000000e+02
5.740000000000000000e+02
8.390000000000000000e+02
7.760000000000000000e+02
7.940000000000000000e+02
6.870000000000000000e+02
6.490000000000000000e+02
2.430000000000000000e+02
5.930000000000000000e+02
2.730000000000000000e+02
4.200000000000000000e+02
5.720000000000000000e+02
9.880000000000000000e+02
4.970000000000000000e+02
5.960000000000000000e+02
2.600000000000000000e+02
5.960000000000000000e+02
6.850000000000000000e+02
7.960000000000000000e+02
8.150000000000000000e+02
5.160000000000000000e+02
8.370000000000000000e+02
6.190000000000000000e+02
6.740000000000000000e+02
3.190000000000000000e+02
5.910000000000000000e+02
4.030000000000000000e+02
7.240000000000000000e+02
9.940000000000000000e+02
6.390000000000000000e+02
4.440000000000000000e+02
5.480000000000000000e+02
4.190000000000000000e+02
7.020000000000000000e+02
7.420000000000000000e+02
9.260000000000000000e+02
6.560000000000000000e+02
4.180000000000000000e+02
3.670000000000000000e+02
6.420000000000000000e+02
3.570000000000000000e+02
5.760000000000000000e+02
3.160000000000000000e+02
4.930000000000000000e+02
8.400000000000000000e+02
8.150000000000000000e+02
6.830000000000000000e+02
7.890000000000000000e+02
7.550000000000000000e+02
3.870000000000000000e+02
3.040000000000000000e+02
7.990000000000000000e+02
3.390000000000000000e+02
8.200000000000000000e+02
4.630000000000000000e+02
4.650000000000000000e+02
3.090000000000000000e+02
8.570000000000000000e+02
8.360000000000000000e+02
4.310000000000000000e+02
8.500000000000000000e+02
9.370000000000000000e+02
9.970000000000000000e+02
6.770000000000000000e+02
9.130000000000000000e+02
6.740000000000000000e+02
9.770000000000000000e+02
4.450000000000000000e+02
3.980000000000000000e+02
5.540000000000000000e+02
7.790000000000000000e+02
8.180000000000000000e+02
8.130000000000000000e+02
6.310000000000000000e+02
8.130000000000000000e+02
2.940000000000000000e+02
6.590000000000000000e+02
4.240000000000000000e+02
7.800000000000000000e+02
9.050000000000000000e+02
5.730000000000000000e+02
6.570000000000000000e+02
6.880000000000000000e+02
3.390000000000000000e+02
7.210000000000000000e+02
9.020000000000000000e+02
