7.860000000000000000e+02
9.420000000000000000e+02
8.160000000000000000e+02
8.520000000000000000e+02
7.750000000000000000e+02
6.300000000000000000e+02
8.800000000000000000e+02
7.800000000000000000e+02
8.870000000000000000e+02
6.840000000000000000e+02
8.990000000000000000e+02
7.860000000000000000e+02
3.730000000000000000e+02
6.290000000000000000e+02
8.960000000000000000e+02
7.650000000000000000e+02
8.400000000000000000e+02
9.210000000000000000e+02
6.490000000000000000e+02
6.300000000000000000e+02
5.920000000000000000e+02
7.110000000000000000e+02
8.690000000000000000e+02
7.790000000000000000e+02
8.810000000000000000e+02
9.550000000000000000e+02
7.400000000000000000e+02
8.100000000000000000e+02
7.740000000000000000e+02
7.530000000000000000e+02
7.040000000000000000e+02
7.820000000000000000e+02
7.030000000000000000e+02
9.520000000000000000e+02
6.010000000000000000e+02
6.440000000000000000e+02
8.350000000000000000e+02
7.630000000000000000e+02
9.160000000000000000e+02
9.330000000000000000e+02
9.280000000000000000e+02
4.140000000000000000e+02
4.800000000000000000e+02
9.850000000000000000e+02
6.380000000000000000e+02
7.040000000000000000e+02
4.920000000000000000e+02
6.750000000000000000e+02
7.550000000000000000e+02
8.970000000000000000e+02
9.500000000000000000e+02
6.160000000000000000e+02
8.790000000000000000e+02
6.530000000000000000e+02
8.600000000000000000e+02
7.740000000000000000e+02
4.130000000000000000e+02
9.830000000000000000e+02
8.540000000000000000e+02
5.960000000000000000e+02
6.750000000000000000e+02
6.790000000000000000e+02
7.610000000000000000e+02
7.590000000000000000e+02
3.530000000000000000e+02
8.820000000000000000e+02
8.870000000000000000e+02
7.960000000000000000e+02
8.180000000000000000e+02
4.910000000000000000e+02
6.940000000000000000e+02
6.800000000000000000e+02
5.670000000000000000e+02
4.320000000000000000e+02
9.160000000000000000e+02
6.840000000000000000e+02
4.940000000000000000e+02
8.990000000000000000e+02
5.660000000000000000e+02
6.510000000000000000e+02
6.420000000000000000e+02
7.280000000000000000e+02
7.630000000000000000e+02
9.680000000000000000e+02
7.620000000000000000e+02
7.900000000000000000e+02
9.270000000000000000e+02
9.150000000000000000e+02
8.810000000000000000e+02
9.890000000000000000e+02
4.570000000000000000e+02
7.200000000000000000e+02
6.450000000000000000e+02
7.670000000000000000e+02
9.960000000000000000e+02
8.440000000000000000e+02
7.160000000000000000e+02
6.760000000000000000e+02
7.290000000000000000e+02
5.250000000000000000e+02
7.840000000000000000e+02
8.720000000000000000e+02
7.750000000000000000e+02
7.450000000000000000e+02
7.220000000000000000e+02
9.250000000000000000e+02
4.520000000000000000e+02
4.030000000000000000e+02
3.960000000000000000e+02
7.510000000000000000e+02
3.300000000000000000e+02
3.610000000000000000e+02
6.870000000000000000e+02
9.680000000000000000e+02
6.750000000000000000e+02
9.560000000000000000e+02
5.180000000000000000e+02
5.990000000000000000e+02
6.750000000000000000e+02
8.710000000000000000e+02
6.550000000000000000e+02
4.150000000000000000e+02
2.690000000000000000e+02
7.070000000000000000e+02
7.380000000000000000e+02
7.910000000000000000e+02
9.130000000000000000e+02
6.630000000000000000e+02
9.630000000000000000e+02
9.880000000000000000e+02
8.710000000000000000e+02
4.140000000000000000e+02
5.010000000000000000e+02
8.330000000000000000e+02
5.880000000000000000e+02
6.360000000000000000e+02
8.880000000000000000e+02
9.140000000000000000e+02
8.270000000000000000e+02
4.690000000000000000e+02
9.330000000000000000e+02
6.450000000000000000e+02
9.360000000000000000e+02
8.150000000000000000e+02
6.590000000000000000e+02
9.000000000000000000e+02
9.670000000000000000e+02
5.990000000000000000e+02
4.240000000000000000e+02
8.020000000000000000e+02
4.750000000000000000e+02
5.630000000000000000e+02
4.190000000000000000e+02
9.060000000000000000e+02
7.030000000000000000e+02
6.610000000000000000e+02
9.350000000000000000e+02
4.350000000000000000e+02
7.030000000000000000e+02
7.360000000000000000e+02
6.560000000000000000e+02
9.380000000000000000e+02
4.460000000000000000e+02
6.740000000000000000e+02
6.590000000000000000e+02
5.880000000000000000e+02
7.190000000000000000e+02
7.620000000000000000e+02
7.230000000000000000e+02
4.700000000000000000e+02
5.040000000000000000e+02
9.610000000000000000e+02
8.530000000000000000e+02
7.170000000000000000e+02
8.310000000000000000e+02
7.280000000000000000e+02
8.860000000000000000e+02
8.520000000000000000e+02
6.960000000000000000e+02
4.910000000000000000e+02
6.330000000000000000e+02
4.040000000000000000e+02
6.550000000000000000e+02
6.200000000000000000e+02
5.440000000000000000e+02
7.110000000000000000e+02
4.920000000000000000e+02
5.020000000000000000e+02
6.280000000000000000e+02
9.320000000000000000e+02
5.640000000000000000e+02
4.990000000000000000e+02
3.230000000000000000e+02
4.050000000000000000e+02
6.630000000000000000e+02
3.600000000000000000e+02
7.250000000000000000e+02
5.480000000000000000e+02
6.460000000000000000e+02
7.220000000000000000e+02
7.140000000000000000e+02
6.930000000000000000e+02
4.400000000000000000e+02
7.640000000000000000e+02
7.340000000000000000e+02
3.580000000000000000e+02
5.420000000000000000e+02
6.530000000000000000e+02
3.530000000000000000e+02
4.340000000000000000e+02
4.990000000000000000e+02
3.260000000000000000e+02
4.170000000000000000e+02
3.640000000000000000e+02
2.890000000000000000e+02
6.710000000000000000e+02
4.360000000000000000e+02
3.860000000000000000e+02
5.820000000000000000e+02
4.300000000000000000e+02
4.960000000000000000e+02
6.690000000000000000e+02
5.060000000000000000e+02
6.400000000000000000e+02
5.130000000000000000e+02
7.790000000000000000e+02
6.930000000000000000e+02
5.250000000000000000e+02
5.920000000000000000e+02
4.480000000000000000e+02
4.490000000000000000e+02
4.500000000000000000e+02
4.150000000000000000e+02
7.800000000000000000e+02
3.670000000000000000e+02
4.530000000000000000e+02
3.760000000000000000e+02
6.500000000000000000e+02
8.870000000000000000e+02
7.780000000000000000e+02
7.830000000000000000e+02
7.730000000000000000e+02
6.510000000000000000e+02
9.670000000000000000e+02
8.570000000000000000e+02
4.520000000000000000e+02
8.080000000000000000e+02
7.140000000000000000e+02
4.540000000000000000e+02
6.160000000000000000e+02
4.260000000000000000e+02
3.220000000000000000e+02
5.790000000000000000e+02
5.890000000000000000e+02
8.550000000000000000e+02
8.400000000000000000e+02
9.890000000000000000e+02
8.300000000000000000e+02
6.540000000000000000e+02
5.430000000000000000e+02
4.230000000000000000e+02
7.530000000000000000e+02
6.990000000000000000e+02
4.120000000000000000e+02
5.980000000000000000e+02
7.090000000000000000e+02
6.530000000000000000e+02
3.870000000000000000e+02
4.350000000000000000e+02
5.400000000000000000e+02
6.130000000000000000e+02
4.690000000000000000e+02
5.890000000000000000e+02
7.570000000000000000e+02
4.420000000000000000e+02
5.290000000000000000e+02
6.720000000000000000e+02
8.060000000000000000e+02
4.530000000000000000e+02
4.460000000000000000e+02
4.280000000000000000e+02
7.090000000000000000e+02
7.710000000000000000e+02
3.270000000000000000e+02
6.140000000000000000e+02
6.830000000000000000e+02
3.870000000000000000e+02
4.550000000000000000e+02
8.270000000000000000e+02
3.440000000000000000e+02
5.290000000000000000e+02
9.130000000000000000e+02
6.260000000000000000e+02
4.550000000000000000e+02
8.610000000000000000e+02
4.280000000000000000e+02
6.740000000000000000e+02
5.560000000000000000e+02
6.190000000000000000e+02
6.950000000000000000e+02
7.520000000000000000e+02
5.790000000000000000e+02
3.450000000000000000e+02
7.330000000000000000e+02
4.210000000000000000e+02
7.690000000000000000e+02
7.950000000000000000e+02
4.700000000000000000e+02
5.410000000000000000e+02
5.230000000000000000e+02
6.810000000000000000e+02
4.500000000000000000e+02
5.940000000000000000e+02
3.770000000000000000e+02
5.270000000000000000e+02
6.840000000000000000e+02
4.990000000000000000e+02
5.260000000000000000e+02
7.990000000000000000e+02
6.010000000000000000e+02
4.470000000000000000e+02
6.100000000000000000e+02
5.740000000000000000e+02
4.380000000000000000e+02
5.760000000000000000e+02
7.180000000000000000e+02
8.970000000000000000e+02
7.640000000000000000e+02
5.160000000000000000e+02
8.430000000000000000e+02
7.430000000000000000e+02
5.750000000000000000e+02
5.020000000000000000e+02
4.850000000000000000e+02
4.900000000000000000e+02
4.490000000000000000e+02
5.730000000000000000e+02
9.510000000000000000e+02
5.620000000000000000e+02
6.190000000000000000e+02
8.370000000000000000e+02
9.480000000000000000e+02
8.990000000000000000e+02
5.170000000000000000e+02
5.800000000000000000e+02
9.600000000000000000e+02
4.990000000000000000e+02
6.380000000000000000e+02
3.960000000000000000e+02
7.760000000000000000e+02
6.310000000000000000e+02
6.380000000000000000e+02
5.080000000000000000e+02
4.910000000000000000e+02
5.360000000000000000e+02
4.250000000000000000e+02
5.710000000000000000e+02
6.060000000000000000e+02
7.460000000000000000e+02
5.810000000000000000e+02
7.290000000000000000e+02
3.710000000000000000e+02
4.860000000000000000e+02
4.210000000000000000e+02
5.350000000000000000e+02
3.290000000000000000e+02
4.580000000000000000e+02
3.070000000000000000e+02
4.000000000000000000e+02
7.140000000000000000e+02
5.850000000000000000e+02
3.920000000000000000e+02
4.040000000000000000e+02
6.600000000000000000e+02
5.560000000000000000e+02
4.720000000000000000e+02
6.420000000000000000e+02
5.100000000000000000e+02
8.600000000000000000e+02
7.070000000000000000e+02
3.320000000000000000e+02
8.850000000000000000e+02
3.110000000000000000e+02
5.260000000000000000e+02
3.440000000000000000e+02
6.230000000000000000e+02
2.700000000000000000e+02
6.180000000000000000e+02
8.270000000000000000e+02
6.400000000000000000e+02
5.580000000000000000e+02
4.850000000000000000e+02
4.720000000000000000e+02
2.810000000000000000e+02
7.320000000000000000e+02
5.720000000000000000e+02
5.060000000000000000e+02
3.920000000000000000e+02
6.430000000000000000e+02
4.990000000000000000e+02
6.390000000000000000e+02
4.090000000000000000e+02
6.050000000000000000e+02
4.050000000000000000e+02
5.010000000000000000e+02
7.120000000000000000e+02
5.550000000000000000e+02
3.040000000000000000e+02
6.120000000000000000e+02
3.320000000000000000e+02
8.900000000000000000e+02
5.390000000000000000e+02
4.140000000000000000e+02
5.090000000000000000e+02
4.120000000000000000e+02
6.720000000000000000e+02
3.200000000000000000e+02
5.260000000000000000e+02
7.070000000000000000e+02
8.400000000000000000e+02
4.730000000000000000e+02
4.650000000000000000e+02
5.740000000000000000e+02
4.670000000000000000e+02
3.870000000000000000e+02
7.930000000000000000e+02
4.680000000000000000e+02
2.910000000000000000e+02
7.020000000000000000e+02
3.100000000000000000e+02
4.590000000000000000e+02
9.210000000000000000e+02
3.530000000000000000e+02
5.400000000000000000e+02
6.300000000000000000e+02
4.660000000000000000e+02
4.610000000000000000e+02
5.910000000000000000e+02
7.990000000000000000e+02
4.340000000000000000e+02
7.140000000000000000e+02
4.210000000000000000e+02
3.100000000000000000e+02
4.330000000000000000e+02
4.880000000000000000e+02
5.130000000000000000e+02
3.170000000000000000e+02
4.290000000000000000e+02
5.380000000000000000e+02
4.430000000000000000e+02
9.110000000000000000e+02
4.060000000000000000e+02
8.350000000000000000e+02
5.280000000000000000e+02
7.660000000000000000e+02
7.450000000000000000e+02
7.890000000000000000e+02
4.730000000000000000e+02
8.490000000000000000e+02
6.610000000000000000e+02
5.080000000000000000e+02
9.480000000000000000e+02
8.280000000000000000e+02
9.840000000000000000e+02
6.420000000000000000e+02
4.890000000000000000e+02
5.000000000000000000e+02
5.520000000000000000e+02
5.630000000000000000e+02
4.050000000000000000e+02
6.670000000000000000e+02
9.620000000000000000e+02
6.010000000000000000e+02
6.090000000000000000e+02
6.970000000000000000e+02
4.960000000000000000e+02
5.630000000000000000e+02
4.200000000000000000e+02
4.110000000000000000e+02
4.780000000000000000e+02
