8.110000000000000000e+02
8.250000000000000000e+02
7.250000000000000000e+02
9.910000000000000000e+02
7.970000000000000000e+02
8.380000000000000000e+02
8.420000000000000000e+02
7.390000000000000000e+02
8.830000000000000000e+02
1.000000000000000000e+03
4.780000000000000000e+02
7.730000000000000000e+02
9.000000000000000000e+02
6.040000000000000000e+02
8.410000000000000000e+02
8.020000000000000000e+02
5.800000000000000000e+02
4.620000000000000000e+02
9.600000000000000000e+02
7.960000000000000000e+02
5.950000000000000000e+02
6.260000000000000000e+02
7.770000000000000000e+02
5.400000000000000000e+02
7.250000000000000000e+02
7.520000000000000000e+02
7.660000000000000000e+02
8.580000000000000000e+02
7.550000000000000000e+02
7.530000000000000000e+02
9.670000000000000000e+02
3.260000000000000000e+02
9.740000000000000000e+02
6.020000000000000000e+02
3.840000000000000000e+02
3.590000000000000000e+02
8.430000000000000000e+02
6.830000000000000000e+02
7.970000000000000000e+02
4.590000000000000000e+02
7.340000000000000000e+02
7.170000000000000000e+02
6.350000000000000000e+02
9.620000000000000000e+02
9.230000000000000000e+02
5.970000000000000000e+02
8.810000000000000000e+02
4.850000000000000000e+02
8.970000000000000000e+02
7.910000000000000000e+02
4.670000000000000000e+02
8.650000000000000000e+02
4.190000000000000000e+02
9.080000000000000000e+02
9.200000000000000000e+02
5.390000000000000000e+02
6.120000000000000000e+02
6.890000000000000000e+02
9.060000000000000000e+02
9.990000000000000000e+02
7.490000000000000000e+02
6.640000000000000000e+02
6.740000000000000000e+02
5.360000000000000000e+02
4.880000000000000000e+02
7.680000000000000000e+02
3.580000000000000000e+02
6.450000000000000000e+02
5.590000000000000000e+02
8.500000000000000000e+02
8.230000000000000000e+02
8.610000000000000000e+02
8.440000000000000000e+02
7.140000000000000000e+02
4.120000000000000000e+02
8.900000000000000000e+02
8.730000000000000000e+02
3.720000000000000000e+02
4.450000000000000000e+02
7.210000000000000000e+02
9.850000000000000000e+02
7.680000000000000000e+02
6.840000000000000000e+02
9.360000000000000000e+02
4.300000000000000000e+02
5.470000000000000000e+02
3.350000000000000000e+02
7.840000000000000000e+02
9.050000000000000000e+02
6.950000000000000000e+02
3.250000000000000000e+02
6.650000000000000000e+02
9.940000000000000000e+02
7.190000000000000000e+02
9.280000000000000000e+02
8.660000000000000000e+02
7.720000000000000000e+02
5.530000000000000000e+02
6.370000000000000000e+02
4.360000000000000000e+02
3.340000000000000000e+02
4.330000000000000000e+02
6.280000000000000000e+02
6.460000000000000000e+02
7.370000000000000000e+02
8.580000000000000000e+02
7.530000000000000000e+02
9.780000000000000000e+02
9.390000000000000000e+02
7.530000000000000000e+02
9.490000000000000000e+02
8.750000000000000000e+02
9.570000000000000000e+02
3.150000000000000000e+02
5.190000000000000000e+02
9.300000000000000000e+02
3.780000000000000000e+02
2.730000000000000000e+02
4.740000000000000000e+02
6.360000000000000000e+02
9.880000000000000000e+02
4.160000000000000000e+02
2.580000000000000000e+02
3.740000000000000000e+02
7.530000000000000000e+02
5.400000000000000000e+02
4.900000000000000000e+02
9.860000000000000000e+02
4.460000000000000000e+02
3.340000000000000000e+02
3.930000000000000000e+02
3.910000000000000000e+02
3.460000000000000000e+02
2.910000000000000000e+02
2.660000000000000000e+02
3.400000000000000000e+02
8.620000000000000000e+02
7.320000000000000000e+02
5.430000000000000000e+02
6.930000000000000000e+02
5.800000000000000000e+02
5.750000000000000000e+02
7.710000000000000000e+02
5.610000000000000000e+02
6.700000000000000000e+02
4.740000000000000000e+02
3.150000000000000000e+02
8.480000000000000000e+02
4.970000000000000000e+02
6.290000000000000000e+02
3.950000000000000000e+02
5.390000000000000000e+02
6.070000000000000000e+02
6.620000000000000000e+02
8.580000000000000000e+02
6.910000000000000000e+02
6.550000000000000000e+02
7.880000000000000000e+02
7.830000000000000000e+02
9.120000000000000000e+02
7.810000000000000000e+02
6.060000000000000000e+02
8.160000000000000000e+02
7.150000000000000000e+02
8.740000000000000000e+02
8.460000000000000000e+02
5.010000000000000000e+02
3.060000000000000000e+02
4.110000000000000000e+02
5.950000000000000000e+02
4.720000000000000000e+02
3.760000000000000000e+02
2.540000000000000000e+02
5.970000000000000000e+02
3.460000000000000000e+02
3.480000000000000000e+02
4.650000000000000000e+02
8.440000000000000000e+02
6.670000000000000000e+02
5.770000000000000000e+02
4.750000000000000000e+02
9.950000000000000000e+02
3.530000000000000000e+02
4.290000000000000000e+02
5.110000000000000000e+02
3.910000000000000000e+02
7.460000000000000000e+02
3.170000000000000000e+02
8.880000000000000000e+02
7.150000000000000000e+02
4.910000000000000000e+02
9.190000000000000000e+02
3.350000000000000000e+02
6.200000000000000000e+02
5.180000000000000000e+02
3.270000000000000000e+02
6.780000000000000000e+02
5.260000000000000000e+02
7.670000000000000000e+02
6.460000000000000000e+02
4.520000000000000000e+02
9.020000000000000000e+02
5.500000000000000000e+02
6.220000000000000000e+02
5.480000000000000000e+02
8.940000000000000000e+02
7.110000000000000000e+02
5.880000000000000000e+02
3.130000000000000000e+02
3.190000000000000000e+02
4.970000000000000000e+02
