9.280000000000000000e+02
8.020000000000000000e+02
9.460000000000000000e+02
6.310000000000000000e+02
8.850000000000000000e+02
9.830000000000000000e+02
5.940000000000000000e+02
6.920000000000000000e+02
9.600000000000000000e+02
6.840000000000000000e+02
8.140000000000000000e+02
6.600000000000000000e+02
9.120000000000000000e+02
6.660000000000000000e+02
9.230000000000000000e+02
7.320000000000000000e+02
5.080000000000000000e+02
9.950000000000000000e+02
8.550000000000000000e+02
7.150000000000000000e+02
8.900000000000000000e+02
7.580000000000000000e+02
8.880000000000000000e+02
6.360000000000000000e+02
9.870000000000000000e+02
8.440000000000000000e+02
6.900000000000000000e+02
6.760000000000000000e+02
5.870000000000000000e+02
3.150000000000000000e+02
6.340000000000000000e+02
7.080000000000000000e+02
6.010000000000000000e+02
9.330000000000000000e+02
5.450000000000000000e+02
8.180000000000000000e+02
7.050000000000000000e+02
