9.270000000000000000e+02
9.220000000000000000e+02
8.430000000000000000e+02
8.650000000000000000e+02
9.330000000000000000e+02
9.190000000000000000e+02
7.910000000000000000e+02
9.490000000000000000e+02
5.000000000000000000e+02
9.860000000000000000e+02
8.910000000000000000e+02
6.650000000000000000e+02
6.550000000000000000e+02
8.680000000000000000e+02
9.470000000000000000e+02
9.870000000000000000e+02
7.340000000000000000e+02
9.400000000000000000e+02
8.650000000000000000e+02
7.630000000000000000e+02
7.040000000000000000e+02
8.490000000000000000e+02
9.920000000000000000e+02
7.600000000000000000e+02
9.570000000000000000e+02
8.610000000000000000e+02
8.670000000000000000e+02
4.410000000000000000e+02
9.500000000000000000e+02
8.170000000000000000e+02
7.800000000000000000e+02
8.770000000000000000e+02
9.410000000000000000e+02
8.530000000000000000e+02
8.090000000000000000e+02
7.900000000000000000e+02
7.240000000000000000e+02
7.320000000000000000e+02
6.490000000000000000e+02
6.140000000000000000e+02
9.770000000000000000e+02
9.440000000000000000e+02
5.820000000000000000e+02
9.490000000000000000e+02
7.840000000000000000e+02
5.880000000000000000e+02
9.190000000000000000e+02
9.360000000000000000e+02
9.360000000000000000e+02
9.330000000000000000e+02
7.260000000000000000e+02
9.450000000000000000e+02
9.590000000000000000e+02
7.130000000000000000e+02
5.690000000000000000e+02
9.370000000000000000e+02
7.380000000000000000e+02
6.610000000000000000e+02
7.190000000000000000e+02
5.710000000000000000e+02
5.120000000000000000e+02
7.370000000000000000e+02
7.050000000000000000e+02
9.050000000000000000e+02
8.300000000000000000e+02
9.420000000000000000e+02
5.960000000000000000e+02
7.910000000000000000e+02
6.190000000000000000e+02
6.560000000000000000e+02
5.680000000000000000e+02
4.280000000000000000e+02
7.880000000000000000e+02
8.490000000000000000e+02
5.800000000000000000e+02
6.520000000000000000e+02
9.790000000000000000e+02
4.190000000000000000e+02
8.760000000000000000e+02
8.730000000000000000e+02
5.360000000000000000e+02
7.180000000000000000e+02
6.010000000000000000e+02
9.180000000000000000e+02
8.480000000000000000e+02
7.170000000000000000e+02
6.840000000000000000e+02
9.060000000000000000e+02
9.630000000000000000e+02
8.920000000000000000e+02
7.720000000000000000e+02
7.480000000000000000e+02
6.890000000000000000e+02
6.910000000000000000e+02
5.330000000000000000e+02
6.760000000000000000e+02
6.810000000000000000e+02
5.170000000000000000e+02
7.460000000000000000e+02
7.370000000000000000e+02
5.340000000000000000e+02
8.740000000000000000e+02
7.670000000000000000e+02
7.770000000000000000e+02
9.830000000000000000e+02
9.470000000000000000e+02
8.250000000000000000e+02
6.390000000000000000e+02
4.940000000000000000e+02
8.570000000000000000e+02
7.880000000000000000e+02
4.750000000000000000e+02
3.410000000000000000e+02
8.740000000000000000e+02
7.540000000000000000e+02
5.990000000000000000e+02
4.400000000000000000e+02
9.840000000000000000e+02
6.870000000000000000e+02
7.060000000000000000e+02
5.330000000000000000e+02
3.590000000000000000e+02
5.160000000000000000e+02
6.530000000000000000e+02
4.780000000000000000e+02
4.850000000000000000e+02
6.840000000000000000e+02
9.260000000000000000e+02
4.290000000000000000e+02
7.370000000000000000e+02
4.930000000000000000e+02
7.980000000000000000e+02
5.920000000000000000e+02
9.090000000000000000e+02
7.580000000000000000e+02
4.560000000000000000e+02
4.280000000000000000e+02
9.600000000000000000e+02
7.000000000000000000e+02
6.930000000000000000e+02
5.010000000000000000e+02
5.690000000000000000e+02
6.330000000000000000e+02
5.020000000000000000e+02
8.380000000000000000e+02
6.790000000000000000e+02
6.790000000000000000e+02
5.040000000000000000e+02
5.310000000000000000e+02
4.530000000000000000e+02
7.290000000000000000e+02
6.790000000000000000e+02
5.710000000000000000e+02
5.780000000000000000e+02
7.800000000000000000e+02
9.570000000000000000e+02
5.790000000000000000e+02
5.090000000000000000e+02
5.850000000000000000e+02
6.880000000000000000e+02
4.150000000000000000e+02
5.770000000000000000e+02
7.110000000000000000e+02
6.650000000000000000e+02
6.640000000000000000e+02
7.580000000000000000e+02
6.010000000000000000e+02
8.850000000000000000e+02
8.370000000000000000e+02
7.560000000000000000e+02
7.600000000000000000e+02
5.520000000000000000e+02
9.380000000000000000e+02
3.670000000000000000e+02
6.430000000000000000e+02
3.910000000000000000e+02
6.690000000000000000e+02
5.850000000000000000e+02
5.420000000000000000e+02
6.750000000000000000e+02
7.970000000000000000e+02
8.300000000000000000e+02
5.970000000000000000e+02
9.880000000000000000e+02
8.910000000000000000e+02
6.550000000000000000e+02
4.170000000000000000e+02
4.050000000000000000e+02
7.080000000000000000e+02
5.770000000000000000e+02
7.090000000000000000e+02
6.970000000000000000e+02
5.490000000000000000e+02
5.270000000000000000e+02
6.790000000000000000e+02
3.480000000000000000e+02
4.080000000000000000e+02
6.300000000000000000e+02
7.030000000000000000e+02
8.330000000000000000e+02
7.690000000000000000e+02
8.090000000000000000e+02
8.330000000000000000e+02
3.740000000000000000e+02
5.200000000000000000e+02
7.060000000000000000e+02
4.520000000000000000e+02
6.040000000000000000e+02
7.320000000000000000e+02
9.320000000000000000e+02
4.390000000000000000e+02
4.190000000000000000e+02
5.970000000000000000e+02
4.500000000000000000e+02
5.300000000000000000e+02
4.040000000000000000e+02
6.740000000000000000e+02
5.050000000000000000e+02
5.170000000000000000e+02
4.890000000000000000e+02
3.570000000000000000e+02
5.920000000000000000e+02
6.050000000000000000e+02
3.540000000000000000e+02
8.880000000000000000e+02
2.840000000000000000e+02
7.370000000000000000e+02
4.980000000000000000e+02
3.180000000000000000e+02
6.750000000000000000e+02
5.530000000000000000e+02
4.450000000000000000e+02
4.880000000000000000e+02
3.730000000000000000e+02
4.940000000000000000e+02
3.660000000000000000e+02
5.130000000000000000e+02
4.490000000000000000e+02
4.120000000000000000e+02
5.200000000000000000e+02
2.720000000000000000e+02
4.970000000000000000e+02
5.040000000000000000e+02
8.140000000000000000e+02
4.600000000000000000e+02
5.650000000000000000e+02
7.060000000000000000e+02
6.090000000000000000e+02
6.450000000000000000e+02
9.830000000000000000e+02
6.170000000000000000e+02
4.560000000000000000e+02
6.540000000000000000e+02
7.100000000000000000e+02
9.850000000000000000e+02
4.340000000000000000e+02
6.570000000000000000e+02
4.430000000000000000e+02
6.110000000000000000e+02
6.690000000000000000e+02
3.620000000000000000e+02
5.860000000000000000e+02
5.310000000000000000e+02
5.630000000000000000e+02
3.280000000000000000e+02
5.730000000000000000e+02
5.030000000000000000e+02
3.520000000000000000e+02
5.760000000000000000e+02
8.120000000000000000e+02
4.950000000000000000e+02
6.360000000000000000e+02
5.230000000000000000e+02
4.200000000000000000e+02
5.100000000000000000e+02
5.220000000000000000e+02
3.270000000000000000e+02
4.540000000000000000e+02
7.540000000000000000e+02
4.430000000000000000e+02
5.360000000000000000e+02
5.970000000000000000e+02
6.980000000000000000e+02
5.640000000000000000e+02
5.140000000000000000e+02
4.050000000000000000e+02
5.600000000000000000e+02
5.160000000000000000e+02
4.410000000000000000e+02
7.890000000000000000e+02
4.080000000000000000e+02
3.270000000000000000e+02
6.270000000000000000e+02
3.280000000000000000e+02
5.400000000000000000e+02
4.070000000000000000e+02
5.030000000000000000e+02
3.920000000000000000e+02
6.360000000000000000e+02
6.130000000000000000e+02
4.090000000000000000e+02
5.090000000000000000e+02
5.920000000000000000e+02
3.180000000000000000e+02
3.230000000000000000e+02
6.910000000000000000e+02
3.290000000000000000e+02
4.980000000000000000e+02
5.120000000000000000e+02
3.110000000000000000e+02
6.250000000000000000e+02
5.680000000000000000e+02
3.230000000000000000e+02
4.100000000000000000e+02
4.300000000000000000e+02
4.010000000000000000e+02
5.810000000000000000e+02
6.820000000000000000e+02
4.740000000000000000e+02
4.750000000000000000e+02
7.990000000000000000e+02
8.080000000000000000e+02
6.730000000000000000e+02
5.180000000000000000e+02
4.810000000000000000e+02
4.960000000000000000e+02
5.020000000000000000e+02
6.180000000000000000e+02
4.470000000000000000e+02
6.920000000000000000e+02
5.800000000000000000e+02
2.560000000000000000e+02
9.010000000000000000e+02
5.970000000000000000e+02
5.240000000000000000e+02
9.110000000000000000e+02
3.280000000000000000e+02
8.360000000000000000e+02
2.940000000000000000e+02
4.730000000000000000e+02
5.310000000000000000e+02
7.700000000000000000e+02
5.010000000000000000e+02
3.180000000000000000e+02
4.740000000000000000e+02
6.770000000000000000e+02
7.120000000000000000e+02
4.040000000000000000e+02
4.580000000000000000e+02
4.380000000000000000e+02
6.010000000000000000e+02
7.900000000000000000e+02
4.250000000000000000e+02
9.710000000000000000e+02
9.880000000000000000e+02
7.600000000000000000e+02
6.130000000000000000e+02
7.020000000000000000e+02
5.200000000000000000e+02
6.630000000000000000e+02
3.290000000000000000e+02
4.310000000000000000e+02
4.320000000000000000e+02
3.780000000000000000e+02
6.370000000000000000e+02
5.550000000000000000e+02
6.140000000000000000e+02
5.710000000000000000e+02
4.500000000000000000e+02
4.030000000000000000e+02
3.570000000000000000e+02
5.950000000000000000e+02
3.450000000000000000e+02
4.210000000000000000e+02
4.090000000000000000e+02
8.920000000000000000e+02
3.490000000000000000e+02
6.510000000000000000e+02
5.670000000000000000e+02
3.160000000000000000e+02
6.040000000000000000e+02
4.330000000000000000e+02
4.360000000000000000e+02
6.520000000000000000e+02
3.040000000000000000e+02
3.250000000000000000e+02
3.850000000000000000e+02
3.330000000000000000e+02
4.040000000000000000e+02
7.630000000000000000e+02
5.220000000000000000e+02
6.430000000000000000e+02
3.410000000000000000e+02
2.570000000000000000e+02
7.750000000000000000e+02
7.140000000000000000e+02
4.890000000000000000e+02
6.550000000000000000e+02
4.340000000000000000e+02
2.770000000000000000e+02
8.860000000000000000e+02
3.300000000000000000e+02
5.200000000000000000e+02
7.230000000000000000e+02
4.250000000000000000e+02
4.140000000000000000e+02
3.860000000000000000e+02
3.270000000000000000e+02
6.210000000000000000e+02
4.790000000000000000e+02
6.600000000000000000e+02
3.920000000000000000e+02
3.570000000000000000e+02
4.330000000000000000e+02
4.020000000000000000e+02
3.850000000000000000e+02
4.060000000000000000e+02
2.490000000000000000e+02
9.920000000000000000e+02
3.580000000000000000e+02
5.120000000000000000e+02
3.190000000000000000e+02
5.290000000000000000e+02
3.230000000000000000e+02
2.490000000000000000e+02
8.720000000000000000e+02
4.600000000000000000e+02
6.010000000000000000e+02
3.880000000000000000e+02
2.320000000000000000e+02
3.360000000000000000e+02
5.790000000000000000e+02
3.240000000000000000e+02
2.140000000000000000e+02
4.270000000000000000e+02
5.540000000000000000e+02
6.080000000000000000e+02
3.810000000000000000e+02
5.900000000000000000e+02
2.400000000000000000e+02
6.010000000000000000e+02
6.550000000000000000e+02
4.230000000000000000e+02
6.900000000000000000e+02
3.570000000000000000e+02
3.230000000000000000e+02
4.310000000000000000e+02
5.980000000000000000e+02
4.870000000000000000e+02
6.380000000000000000e+02
7.500000000000000000e+02
5.680000000000000000e+02
3.200000000000000000e+02
3.290000000000000000e+02
3.210000000000000000e+02
2.540000000000000000e+02
6.850000000000000000e+02
4.710000000000000000e+02
4.200000000000000000e+02
5.280000000000000000e+02
7.690000000000000000e+02
7.900000000000000000e+02
2.480000000000000000e+02
4.140000000000000000e+02
4.660000000000000000e+02
5.900000000000000000e+02
6.150000000000000000e+02
8.880000000000000000e+02
5.120000000000000000e+02
9.230000000000000000e+02
8.930000000000000000e+02
8.850000000000000000e+02
3.390000000000000000e+02
7.100000000000000000e+02
5.810000000000000000e+02
6.490000000000000000e+02
4.930000000000000000e+02
9.010000000000000000e+02
5.140000000000000000e+02
4.780000000000000000e+02
5.090000000000000000e+02
4.750000000000000000e+02
3.310000000000000000e+02
8.990000000000000000e+02
5.890000000000000000e+02
3.470000000000000000e+02
9.000000000000000000e+02
6.870000000000000000e+02
5.370000000000000000e+02
6.050000000000000000e+02
4.430000000000000000e+02
5.810000000000000000e+02
3.390000000000000000e+02
7.630000000000000000e+02
6.960000000000000000e+02
3.330000000000000000e+02
8.560000000000000000e+02
6.620000000000000000e+02
5.680000000000000000e+02
4.110000000000000000e+02
7.930000000000000000e+02
5.420000000000000000e+02
3.130000000000000000e+02
4.950000000000000000e+02
5.180000000000000000e+02
5.130000000000000000e+02
3.610000000000000000e+02
6.040000000000000000e+02
4.330000000000000000e+02
