8.500000000000000000e+02
6.780000000000000000e+02
9.430000000000000000e+02
4.830000000000000000e+02
8.520000000000000000e+02
9.210000000000000000e+02
8.270000000000000000e+02
9.520000000000000000e+02
8.840000000000000000e+02
6.180000000000000000e+02
6.940000000000000000e+02
9.250000000000000000e+02
8.490000000000000000e+02
8.810000000000000000e+02
8.160000000000000000e+02
9.490000000000000000e+02
5.950000000000000000e+02
8.300000000000000000e+02
7.970000000000000000e+02
8.000000000000000000e+02
7.940000000000000000e+02
8.940000000000000000e+02
9.390000000000000000e+02
8.330000000000000000e+02
9.540000000000000000e+02
7.740000000000000000e+02
7.930000000000000000e+02
5.150000000000000000e+02
6.650000000000000000e+02
7.120000000000000000e+02
6.600000000000000000e+02
8.030000000000000000e+02
8.600000000000000000e+02
4.040000000000000000e+02
7.740000000000000000e+02
7.130000000000000000e+02
7.690000000000000000e+02
7.410000000000000000e+02
8.100000000000000000e+02
5.810000000000000000e+02
7.370000000000000000e+02
9.950000000000000000e+02
9.760000000000000000e+02
6.540000000000000000e+02
9.690000000000000000e+02
9.360000000000000000e+02
4.130000000000000000e+02
5.940000000000000000e+02
9.850000000000000000e+02
9.170000000000000000e+02
8.690000000000000000e+02
6.440000000000000000e+02
9.010000000000000000e+02
8.350000000000000000e+02
7.060000000000000000e+02
6.410000000000000000e+02
7.080000000000000000e+02
6.930000000000000000e+02
6.840000000000000000e+02
7.670000000000000000e+02
7.730000000000000000e+02
8.750000000000000000e+02
6.740000000000000000e+02
8.730000000000000000e+02
8.460000000000000000e+02
9.550000000000000000e+02
5.020000000000000000e+02
9.870000000000000000e+02
6.960000000000000000e+02
9.800000000000000000e+02
7.770000000000000000e+02
5.120000000000000000e+02
8.970000000000000000e+02
5.100000000000000000e+02
5.260000000000000000e+02
8.510000000000000000e+02
7.800000000000000000e+02
7.150000000000000000e+02
6.050000000000000000e+02
8.190000000000000000e+02
7.040000000000000000e+02
7.630000000000000000e+02
8.220000000000000000e+02
6.010000000000000000e+02
6.770000000000000000e+02
6.260000000000000000e+02
9.950000000000000000e+02
6.580000000000000000e+02
4.130000000000000000e+02
9.050000000000000000e+02
9.440000000000000000e+02
5.180000000000000000e+02
8.970000000000000000e+02
8.280000000000000000e+02
9.000000000000000000e+02
4.920000000000000000e+02
8.700000000000000000e+02
7.580000000000000000e+02
5.170000000000000000e+02
6.680000000000000000e+02
8.810000000000000000e+02
4.320000000000000000e+02
9.340000000000000000e+02
6.060000000000000000e+02
8.440000000000000000e+02
6.110000000000000000e+02
9.310000000000000000e+02
5.170000000000000000e+02
7.880000000000000000e+02
5.010000000000000000e+02
7.250000000000000000e+02
8.520000000000000000e+02
7.640000000000000000e+02
8.160000000000000000e+02
9.040000000000000000e+02
7.700000000000000000e+02
6.770000000000000000e+02
7.710000000000000000e+02
8.280000000000000000e+02
9.580000000000000000e+02
7.830000000000000000e+02
5.850000000000000000e+02
5.970000000000000000e+02
7.750000000000000000e+02
9.180000000000000000e+02
8.350000000000000000e+02
8.080000000000000000e+02
4.790000000000000000e+02
5.710000000000000000e+02
8.390000000000000000e+02
8.460000000000000000e+02
5.820000000000000000e+02
6.250000000000000000e+02
7.630000000000000000e+02
8.140000000000000000e+02
7.550000000000000000e+02
5.160000000000000000e+02
9.880000000000000000e+02
7.390000000000000000e+02
9.690000000000000000e+02
7.010000000000000000e+02
5.400000000000000000e+02
9.700000000000000000e+02
8.380000000000000000e+02
7.280000000000000000e+02
5.870000000000000000e+02
8.810000000000000000e+02
7.860000000000000000e+02
9.970000000000000000e+02
7.550000000000000000e+02
6.940000000000000000e+02
8.750000000000000000e+02
6.080000000000000000e+02
8.920000000000000000e+02
8.330000000000000000e+02
7.550000000000000000e+02
7.830000000000000000e+02
8.270000000000000000e+02
9.690000000000000000e+02
8.160000000000000000e+02
8.710000000000000000e+02
9.470000000000000000e+02
9.630000000000000000e+02
6.550000000000000000e+02
6.300000000000000000e+02
5.100000000000000000e+02
5.050000000000000000e+02
6.630000000000000000e+02
7.010000000000000000e+02
7.540000000000000000e+02
6.850000000000000000e+02
8.610000000000000000e+02
6.620000000000000000e+02
6.540000000000000000e+02
6.340000000000000000e+02
5.880000000000000000e+02
6.410000000000000000e+02
6.500000000000000000e+02
6.180000000000000000e+02
6.880000000000000000e+02
8.050000000000000000e+02
8.940000000000000000e+02
8.370000000000000000e+02
4.340000000000000000e+02
6.390000000000000000e+02
6.490000000000000000e+02
4.840000000000000000e+02
7.910000000000000000e+02
5.860000000000000000e+02
6.510000000000000000e+02
5.460000000000000000e+02
9.990000000000000000e+02
7.450000000000000000e+02
9.660000000000000000e+02
9.080000000000000000e+02
4.530000000000000000e+02
6.950000000000000000e+02
8.010000000000000000e+02
6.740000000000000000e+02
7.430000000000000000e+02
7.330000000000000000e+02
8.250000000000000000e+02
6.430000000000000000e+02
4.650000000000000000e+02
8.500000000000000000e+02
7.170000000000000000e+02
8.130000000000000000e+02
7.800000000000000000e+02
9.750000000000000000e+02
8.540000000000000000e+02
5.210000000000000000e+02
7.690000000000000000e+02
4.560000000000000000e+02
4.540000000000000000e+02
5.060000000000000000e+02
6.600000000000000000e+02
7.970000000000000000e+02
8.060000000000000000e+02
7.330000000000000000e+02
4.460000000000000000e+02
9.390000000000000000e+02
7.910000000000000000e+02
7.850000000000000000e+02
8.430000000000000000e+02
4.830000000000000000e+02
9.100000000000000000e+02
8.100000000000000000e+02
4.830000000000000000e+02
9.090000000000000000e+02
7.560000000000000000e+02
6.460000000000000000e+02
7.380000000000000000e+02
6.860000000000000000e+02
7.030000000000000000e+02
8.000000000000000000e+02
