5.600000000000000000e+02
8.120000000000000000e+02
6.770000000000000000e+02
3.930000000000000000e+02
9.450000000000000000e+02
9.430000000000000000e+02
6.160000000000000000e+02
8.360000000000000000e+02
9.260000000000000000e+02
8.660000000000000000e+02
6.720000000000000000e+02
8.530000000000000000e+02
4.220000000000000000e+02
6.850000000000000000e+02
8.840000000000000000e+02
7.650000000000000000e+02
8.110000000000000000e+02
7.070000000000000000e+02
9.070000000000000000e+02
9.810000000000000000e+02
4.810000000000000000e+02
5.710000000000000000e+02
8.620000000000000000e+02
8.910000000000000000e+02
8.960000000000000000e+02
7.690000000000000000e+02
3.980000000000000000e+02
6.560000000000000000e+02
4.430000000000000000e+02
7.730000000000000000e+02
8.790000000000000000e+02
7.930000000000000000e+02
6.870000000000000000e+02
5.800000000000000000e+02
8.580000000000000000e+02
7.240000000000000000e+02
7.040000000000000000e+02
3.970000000000000000e+02
6.390000000000000000e+02
4.680000000000000000e+02
5.280000000000000000e+02
7.310000000000000000e+02
8.740000000000000000e+02
3.430000000000000000e+02
3.390000000000000000e+02
5.840000000000000000e+02
5.530000000000000000e+02
