4.930000000000000000e+02
9.060000000000000000e+02
5.840000000000000000e+02
9.900000000000000000e+02
6.820000000000000000e+02
9.210000000000000000e+02
8.260000000000000000e+02
6.600000000000000000e+02
7.230000000000000000e+02
9.290000000000000000e+02
9.430000000000000000e+02
8.420000000000000000e+02
7.970000000000000000e+02
9.300000000000000000e+02
6.290000000000000000e+02
9.050000000000000000e+02
7.210000000000000000e+02
6.950000000000000000e+02
8.510000000000000000e+02
7.880000000000000000e+02
7.290000000000000000e+02
8.350000000000000000e+02
7.460000000000000000e+02
9.740000000000000000e+02
8.220000000000000000e+02
9.680000000000000000e+02
8.080000000000000000e+02
8.410000000000000000e+02
9.900000000000000000e+02
9.890000000000000000e+02
9.320000000000000000e+02
9.040000000000000000e+02
9.610000000000000000e+02
8.230000000000000000e+02
9.440000000000000000e+02
8.130000000000000000e+02
7.440000000000000000e+02
7.610000000000000000e+02
9.090000000000000000e+02
8.260000000000000000e+02
8.140000000000000000e+02
7.860000000000000000e+02
6.210000000000000000e+02
6.430000000000000000e+02
7.700000000000000000e+02
5.330000000000000000e+02
4.540000000000000000e+02
7.740000000000000000e+02
9.370000000000000000e+02
6.520000000000000000e+02
5.310000000000000000e+02
9.630000000000000000e+02
8.350000000000000000e+02
8.820000000000000000e+02
7.070000000000000000e+02
6.110000000000000000e+02
7.470000000000000000e+02
9.960000000000000000e+02
5.660000000000000000e+02
7.580000000000000000e+02
6.770000000000000000e+02
7.430000000000000000e+02
8.000000000000000000e+02
8.880000000000000000e+02
5.090000000000000000e+02
6.400000000000000000e+02
9.160000000000000000e+02
5.070000000000000000e+02
6.790000000000000000e+02
8.820000000000000000e+02
7.690000000000000000e+02
7.090000000000000000e+02
7.120000000000000000e+02
9.490000000000000000e+02
4.670000000000000000e+02
9.360000000000000000e+02
8.510000000000000000e+02
9.070000000000000000e+02
8.260000000000000000e+02
6.560000000000000000e+02
5.680000000000000000e+02
7.780000000000000000e+02
5.890000000000000000e+02
9.750000000000000000e+02
9.280000000000000000e+02
6.590000000000000000e+02
5.670000000000000000e+02
4.740000000000000000e+02
7.310000000000000000e+02
5.460000000000000000e+02
8.430000000000000000e+02
7.750000000000000000e+02
7.560000000000000000e+02
5.790000000000000000e+02
5.020000000000000000e+02
9.310000000000000000e+02
5.490000000000000000e+02
7.050000000000000000e+02
7.600000000000000000e+02
8.100000000000000000e+02
7.290000000000000000e+02
9.420000000000000000e+02
6.300000000000000000e+02
8.920000000000000000e+02
8.700000000000000000e+02
7.540000000000000000e+02
4.910000000000000000e+02
9.040000000000000000e+02
7.620000000000000000e+02
8.000000000000000000e+02
6.650000000000000000e+02
7.840000000000000000e+02
6.110000000000000000e+02
7.910000000000000000e+02
7.440000000000000000e+02
8.840000000000000000e+02
4.220000000000000000e+02
8.510000000000000000e+02
5.840000000000000000e+02
9.060000000000000000e+02
5.510000000000000000e+02
8.740000000000000000e+02
6.680000000000000000e+02
9.500000000000000000e+02
5.750000000000000000e+02
6.820000000000000000e+02
6.160000000000000000e+02
6.580000000000000000e+02
6.260000000000000000e+02
4.730000000000000000e+02
8.680000000000000000e+02
8.690000000000000000e+02
5.190000000000000000e+02
8.010000000000000000e+02
7.880000000000000000e+02
7.900000000000000000e+02
7.340000000000000000e+02
7.020000000000000000e+02
9.320000000000000000e+02
5.890000000000000000e+02
7.530000000000000000e+02
6.760000000000000000e+02
7.170000000000000000e+02
8.640000000000000000e+02
8.500000000000000000e+02
6.720000000000000000e+02
7.080000000000000000e+02
4.000000000000000000e+02
8.160000000000000000e+02
9.260000000000000000e+02
9.820000000000000000e+02
7.810000000000000000e+02
8.480000000000000000e+02
7.320000000000000000e+02
5.240000000000000000e+02
8.210000000000000000e+02
5.550000000000000000e+02
7.730000000000000000e+02
7.560000000000000000e+02
7.300000000000000000e+02
5.470000000000000000e+02
8.170000000000000000e+02
9.430000000000000000e+02
3.360000000000000000e+02
4.850000000000000000e+02
5.930000000000000000e+02
4.190000000000000000e+02
6.240000000000000000e+02
5.860000000000000000e+02
9.910000000000000000e+02
3.780000000000000000e+02
8.880000000000000000e+02
6.940000000000000000e+02
6.720000000000000000e+02
8.790000000000000000e+02
5.400000000000000000e+02
4.410000000000000000e+02
4.170000000000000000e+02
4.710000000000000000e+02
5.100000000000000000e+02
4.550000000000000000e+02
9.900000000000000000e+02
7.580000000000000000e+02
8.410000000000000000e+02
6.240000000000000000e+02
7.530000000000000000e+02
8.470000000000000000e+02
5.970000000000000000e+02
6.880000000000000000e+02
5.380000000000000000e+02
4.340000000000000000e+02
6.300000000000000000e+02
6.890000000000000000e+02
5.500000000000000000e+02
6.040000000000000000e+02
9.720000000000000000e+02
5.950000000000000000e+02
6.940000000000000000e+02
4.850000000000000000e+02
7.340000000000000000e+02
8.710000000000000000e+02
6.780000000000000000e+02
