9.310000000000000000e+02
9.520000000000000000e+02
9.510000000000000000e+02
9.360000000000000000e+02
8.520000000000000000e+02
5.360000000000000000e+02
9.490000000000000000e+02
8.360000000000000000e+02
6.920000000000000000e+02
8.860000000000000000e+02
9.580000000000000000e+02
7.780000000000000000e+02
9.560000000000000000e+02
8.580000000000000000e+02
7.420000000000000000e+02
9.640000000000000000e+02
9.500000000000000000e+02
7.270000000000000000e+02
9.210000000000000000e+02
9.760000000000000000e+02
9.510000000000000000e+02
9.200000000000000000e+02
9.920000000000000000e+02
9.760000000000000000e+02
9.840000000000000000e+02
4.870000000000000000e+02
8.010000000000000000e+02
9.860000000000000000e+02
9.700000000000000000e+02
8.560000000000000000e+02
8.540000000000000000e+02
6.020000000000000000e+02
8.570000000000000000e+02
7.300000000000000000e+02
8.000000000000000000e+02
6.670000000000000000e+02
8.430000000000000000e+02
9.210000000000000000e+02
7.390000000000000000e+02
8.820000000000000000e+02
8.130000000000000000e+02
5.300000000000000000e+02
9.630000000000000000e+02
6.000000000000000000e+02
7.820000000000000000e+02
8.570000000000000000e+02
6.680000000000000000e+02
8.630000000000000000e+02
9.980000000000000000e+02
9.440000000000000000e+02
9.860000000000000000e+02
7.740000000000000000e+02
7.260000000000000000e+02
8.660000000000000000e+02
7.600000000000000000e+02
9.270000000000000000e+02
6.060000000000000000e+02
7.730000000000000000e+02
7.530000000000000000e+02
9.810000000000000000e+02
7.630000000000000000e+02
4.580000000000000000e+02
1.000000000000000000e+03
7.860000000000000000e+02
9.410000000000000000e+02
4.960000000000000000e+02
7.050000000000000000e+02
6.620000000000000000e+02
7.190000000000000000e+02
6.940000000000000000e+02
6.930000000000000000e+02
9.870000000000000000e+02
8.930000000000000000e+02
9.300000000000000000e+02
5.930000000000000000e+02
9.280000000000000000e+02
8.450000000000000000e+02
8.630000000000000000e+02
6.530000000000000000e+02
6.760000000000000000e+02
5.640000000000000000e+02
6.900000000000000000e+02
8.430000000000000000e+02
5.770000000000000000e+02
7.120000000000000000e+02
9.700000000000000000e+02
9.530000000000000000e+02
8.760000000000000000e+02
7.590000000000000000e+02
5.890000000000000000e+02
8.570000000000000000e+02
6.960000000000000000e+02
6.600000000000000000e+02
9.930000000000000000e+02
7.570000000000000000e+02
9.410000000000000000e+02
7.990000000000000000e+02
9.200000000000000000e+02
8.060000000000000000e+02
6.920000000000000000e+02
9.910000000000000000e+02
8.660000000000000000e+02
5.960000000000000000e+02
5.190000000000000000e+02
4.820000000000000000e+02
8.800000000000000000e+02
6.320000000000000000e+02
7.730000000000000000e+02
9.430000000000000000e+02
8.760000000000000000e+02
6.230000000000000000e+02
7.460000000000000000e+02
5.160000000000000000e+02
6.560000000000000000e+02
8.860000000000000000e+02
6.640000000000000000e+02
7.340000000000000000e+02
9.680000000000000000e+02
8.920000000000000000e+02
7.870000000000000000e+02
9.130000000000000000e+02
7.030000000000000000e+02
6.220000000000000000e+02
6.040000000000000000e+02
6.800000000000000000e+02
8.620000000000000000e+02
9.640000000000000000e+02
7.300000000000000000e+02
3.870000000000000000e+02
8.990000000000000000e+02
7.890000000000000000e+02
9.700000000000000000e+02
6.200000000000000000e+02
9.340000000000000000e+02
6.660000000000000000e+02
9.500000000000000000e+02
9.390000000000000000e+02
9.520000000000000000e+02
7.460000000000000000e+02
8.900000000000000000e+02
8.290000000000000000e+02
9.510000000000000000e+02
7.630000000000000000e+02
7.360000000000000000e+02
8.600000000000000000e+02
9.560000000000000000e+02
9.640000000000000000e+02
9.770000000000000000e+02
9.620000000000000000e+02
5.020000000000000000e+02
7.730000000000000000e+02
7.540000000000000000e+02
7.940000000000000000e+02
8.010000000000000000e+02
5.250000000000000000e+02
7.860000000000000000e+02
5.780000000000000000e+02
9.750000000000000000e+02
5.270000000000000000e+02
6.890000000000000000e+02
7.280000000000000000e+02
5.600000000000000000e+02
8.590000000000000000e+02
6.050000000000000000e+02
5.820000000000000000e+02
8.670000000000000000e+02
6.620000000000000000e+02
5.550000000000000000e+02
4.830000000000000000e+02
5.640000000000000000e+02
5.680000000000000000e+02
6.570000000000000000e+02
9.630000000000000000e+02
5.670000000000000000e+02
9.560000000000000000e+02
8.510000000000000000e+02
