9.290000000000000000e+02
9.110000000000000000e+02
8.540000000000000000e+02
9.210000000000000000e+02
6.610000000000000000e+02
7.060000000000000000e+02
7.620000000000000000e+02
7.450000000000000000e+02
5.680000000000000000e+02
6.630000000000000000e+02
6.970000000000000000e+02
4.880000000000000000e+02
7.690000000000000000e+02
9.680000000000000000e+02
7.730000000000000000e+02
8.750000000000000000e+02
9.570000000000000000e+02
7.910000000000000000e+02
5.240000000000000000e+02
7.910000000000000000e+02
6.210000000000000000e+02
8.720000000000000000e+02
8.780000000000000000e+02
7.440000000000000000e+02
9.250000000000000000e+02
9.590000000000000000e+02
6.890000000000000000e+02
5.450000000000000000e+02
9.350000000000000000e+02
6.950000000000000000e+02
8.140000000000000000e+02
6.610000000000000000e+02
7.200000000000000000e+02
8.490000000000000000e+02
7.920000000000000000e+02
8.020000000000000000e+02
5.430000000000000000e+02
9.360000000000000000e+02
9.170000000000000000e+02
6.440000000000000000e+02
7.960000000000000000e+02
9.020000000000000000e+02
6.950000000000000000e+02
8.820000000000000000e+02
7.890000000000000000e+02
5.070000000000000000e+02
8.210000000000000000e+02
7.980000000000000000e+02
4.970000000000000000e+02
6.930000000000000000e+02
7.980000000000000000e+02
5.850000000000000000e+02
5.900000000000000000e+02
6.640000000000000000e+02
5.350000000000000000e+02
8.540000000000000000e+02
7.450000000000000000e+02
6.740000000000000000e+02
8.160000000000000000e+02
5.000000000000000000e+02
8.270000000000000000e+02
6.910000000000000000e+02
4.560000000000000000e+02
6.710000000000000000e+02
7.680000000000000000e+02
7.940000000000000000e+02
5.130000000000000000e+02
8.210000000000000000e+02
8.900000000000000000e+02
7.660000000000000000e+02
8.860000000000000000e+02
9.770000000000000000e+02
5.840000000000000000e+02
9.030000000000000000e+02
5.740000000000000000e+02
7.560000000000000000e+02
8.010000000000000000e+02
8.760000000000000000e+02
6.060000000000000000e+02
6.930000000000000000e+02
7.460000000000000000e+02
8.080000000000000000e+02
5.540000000000000000e+02
5.810000000000000000e+02
7.020000000000000000e+02
1.000000000000000000e+03
8.340000000000000000e+02
6.870000000000000000e+02
7.390000000000000000e+02
9.020000000000000000e+02
7.260000000000000000e+02
4.770000000000000000e+02
6.780000000000000000e+02
9.120000000000000000e+02
7.240000000000000000e+02
6.530000000000000000e+02
6.700000000000000000e+02
9.320000000000000000e+02
6.730000000000000000e+02
9.300000000000000000e+02
8.710000000000000000e+02
8.500000000000000000e+02
9.860000000000000000e+02
8.630000000000000000e+02
8.200000000000000000e+02
6.320000000000000000e+02
4.850000000000000000e+02
9.220000000000000000e+02
9.540000000000000000e+02
5.680000000000000000e+02
4.910000000000000000e+02
9.940000000000000000e+02
6.020000000000000000e+02
5.260000000000000000e+02
8.670000000000000000e+02
7.340000000000000000e+02
8.490000000000000000e+02
9.390000000000000000e+02
9.590000000000000000e+02
5.220000000000000000e+02
9.130000000000000000e+02
7.000000000000000000e+02
5.980000000000000000e+02
5.380000000000000000e+02
6.850000000000000000e+02
7.210000000000000000e+02
7.840000000000000000e+02
8.000000000000000000e+02
7.310000000000000000e+02
6.990000000000000000e+02
9.730000000000000000e+02
8.760000000000000000e+02
7.940000000000000000e+02
5.300000000000000000e+02
9.930000000000000000e+02
9.860000000000000000e+02
4.210000000000000000e+02
8.530000000000000000e+02
7.840000000000000000e+02
5.330000000000000000e+02
6.090000000000000000e+02
6.620000000000000000e+02
7.590000000000000000e+02
4.920000000000000000e+02
8.030000000000000000e+02
6.300000000000000000e+02
4.790000000000000000e+02
8.310000000000000000e+02
9.120000000000000000e+02
8.610000000000000000e+02
6.800000000000000000e+02
7.860000000000000000e+02
7.750000000000000000e+02
8.370000000000000000e+02
6.530000000000000000e+02
7.570000000000000000e+02
6.780000000000000000e+02
8.490000000000000000e+02
9.210000000000000000e+02
4.230000000000000000e+02
8.250000000000000000e+02
8.570000000000000000e+02
7.830000000000000000e+02
6.810000000000000000e+02
7.680000000000000000e+02
6.560000000000000000e+02
5.130000000000000000e+02
9.390000000000000000e+02
5.940000000000000000e+02
6.680000000000000000e+02
5.730000000000000000e+02
5.090000000000000000e+02
8.460000000000000000e+02
9.210000000000000000e+02
8.190000000000000000e+02
8.570000000000000000e+02
6.140000000000000000e+02
6.140000000000000000e+02
7.870000000000000000e+02
6.900000000000000000e+02
9.920000000000000000e+02
6.670000000000000000e+02
5.580000000000000000e+02
5.250000000000000000e+02
9.290000000000000000e+02
7.970000000000000000e+02
6.020000000000000000e+02
9.160000000000000000e+02
5.670000000000000000e+02
3.530000000000000000e+02
4.480000000000000000e+02
4.430000000000000000e+02
4.310000000000000000e+02
4.120000000000000000e+02
5.200000000000000000e+02
5.230000000000000000e+02
4.610000000000000000e+02
5.240000000000000000e+02
4.230000000000000000e+02
4.450000000000000000e+02
6.960000000000000000e+02
6.460000000000000000e+02
4.490000000000000000e+02
5.090000000000000000e+02
4.130000000000000000e+02
6.930000000000000000e+02
7.470000000000000000e+02
5.300000000000000000e+02
6.830000000000000000e+02
6.790000000000000000e+02
4.350000000000000000e+02
6.880000000000000000e+02
8.310000000000000000e+02
4.420000000000000000e+02
6.530000000000000000e+02
6.700000000000000000e+02
6.840000000000000000e+02
7.680000000000000000e+02
6.860000000000000000e+02
7.020000000000000000e+02
6.490000000000000000e+02
4.330000000000000000e+02
9.950000000000000000e+02
5.960000000000000000e+02
7.820000000000000000e+02
7.520000000000000000e+02
5.120000000000000000e+02
3.930000000000000000e+02
8.720000000000000000e+02
9.630000000000000000e+02
3.240000000000000000e+02
5.110000000000000000e+02
4.300000000000000000e+02
3.980000000000000000e+02
7.870000000000000000e+02
3.170000000000000000e+02
8.950000000000000000e+02
4.820000000000000000e+02
6.130000000000000000e+02
6.420000000000000000e+02
7.730000000000000000e+02
5.640000000000000000e+02
8.540000000000000000e+02
6.730000000000000000e+02
6.350000000000000000e+02
7.350000000000000000e+02
6.250000000000000000e+02
8.420000000000000000e+02
5.470000000000000000e+02
7.700000000000000000e+02
7.800000000000000000e+02
7.500000000000000000e+02
7.930000000000000000e+02
8.760000000000000000e+02
5.560000000000000000e+02
5.090000000000000000e+02
9.490000000000000000e+02
8.390000000000000000e+02
5.700000000000000000e+02
6.840000000000000000e+02
8.000000000000000000e+02
7.760000000000000000e+02
6.690000000000000000e+02
5.690000000000000000e+02
4.800000000000000000e+02
8.860000000000000000e+02
9.870000000000000000e+02
4.180000000000000000e+02
6.320000000000000000e+02
3.340000000000000000e+02
5.240000000000000000e+02
7.060000000000000000e+02
5.450000000000000000e+02
4.150000000000000000e+02
5.020000000000000000e+02
9.450000000000000000e+02
4.930000000000000000e+02
5.520000000000000000e+02
3.950000000000000000e+02
5.470000000000000000e+02
7.050000000000000000e+02
5.660000000000000000e+02
4.990000000000000000e+02
4.870000000000000000e+02
3.900000000000000000e+02
3.210000000000000000e+02
6.320000000000000000e+02
4.570000000000000000e+02
4.860000000000000000e+02
4.810000000000000000e+02
6.740000000000000000e+02
5.930000000000000000e+02
6.890000000000000000e+02
4.820000000000000000e+02
5.070000000000000000e+02
4.030000000000000000e+02
7.080000000000000000e+02
3.260000000000000000e+02
5.010000000000000000e+02
4.990000000000000000e+02
7.010000000000000000e+02
5.410000000000000000e+02
3.840000000000000000e+02
5.780000000000000000e+02
6.220000000000000000e+02
6.880000000000000000e+02
5.840000000000000000e+02
4.220000000000000000e+02
4.120000000000000000e+02
5.480000000000000000e+02
4.910000000000000000e+02
5.130000000000000000e+02
4.810000000000000000e+02
3.580000000000000000e+02
7.850000000000000000e+02
4.950000000000000000e+02
5.370000000000000000e+02
6.960000000000000000e+02
4.260000000000000000e+02
5.970000000000000000e+02
6.120000000000000000e+02
4.720000000000000000e+02
5.950000000000000000e+02
3.930000000000000000e+02
4.000000000000000000e+02
4.690000000000000000e+02
4.910000000000000000e+02
5.070000000000000000e+02
3.890000000000000000e+02
3.960000000000000000e+02
4.850000000000000000e+02
5.780000000000000000e+02
4.420000000000000000e+02
8.990000000000000000e+02
6.130000000000000000e+02
4.240000000000000000e+02
5.930000000000000000e+02
5.870000000000000000e+02
6.930000000000000000e+02
4.550000000000000000e+02
5.440000000000000000e+02
4.060000000000000000e+02
2.310000000000000000e+02
4.780000000000000000e+02
5.260000000000000000e+02
5.700000000000000000e+02
7.860000000000000000e+02
3.990000000000000000e+02
3.250000000000000000e+02
6.890000000000000000e+02
6.850000000000000000e+02
6.070000000000000000e+02
6.580000000000000000e+02
4.050000000000000000e+02
5.730000000000000000e+02
3.970000000000000000e+02
7.830000000000000000e+02
5.110000000000000000e+02
4.850000000000000000e+02
6.950000000000000000e+02
6.590000000000000000e+02
4.910000000000000000e+02
6.440000000000000000e+02
5.570000000000000000e+02
5.990000000000000000e+02
7.560000000000000000e+02
3.730000000000000000e+02
4.850000000000000000e+02
4.450000000000000000e+02
4.470000000000000000e+02
5.660000000000000000e+02
5.660000000000000000e+02
5.660000000000000000e+02
4.140000000000000000e+02
3.790000000000000000e+02
6.760000000000000000e+02
9.820000000000000000e+02
4.020000000000000000e+02
5.150000000000000000e+02
7.910000000000000000e+02
8.330000000000000000e+02
4.140000000000000000e+02
6.530000000000000000e+02
4.060000000000000000e+02
8.860000000000000000e+02
4.100000000000000000e+02
7.080000000000000000e+02
4.040000000000000000e+02
6.530000000000000000e+02
7.820000000000000000e+02
4.630000000000000000e+02
3.830000000000000000e+02
4.390000000000000000e+02
4.980000000000000000e+02
5.730000000000000000e+02
4.510000000000000000e+02
5.090000000000000000e+02
7.290000000000000000e+02
3.980000000000000000e+02
7.840000000000000000e+02
5.350000000000000000e+02
5.310000000000000000e+02
4.780000000000000000e+02
4.580000000000000000e+02
4.950000000000000000e+02
3.810000000000000000e+02
6.830000000000000000e+02
3.990000000000000000e+02
4.860000000000000000e+02
4.920000000000000000e+02
5.470000000000000000e+02
5.900000000000000000e+02
5.780000000000000000e+02
5.580000000000000000e+02
6.820000000000000000e+02
3.230000000000000000e+02
9.260000000000000000e+02
6.470000000000000000e+02
5.750000000000000000e+02
7.130000000000000000e+02
7.680000000000000000e+02
8.670000000000000000e+02
8.370000000000000000e+02
8.040000000000000000e+02
4.110000000000000000e+02
4.900000000000000000e+02
9.670000000000000000e+02
6.480000000000000000e+02
7.780000000000000000e+02
5.370000000000000000e+02
8.120000000000000000e+02
7.120000000000000000e+02
3.980000000000000000e+02
7.860000000000000000e+02
5.160000000000000000e+02
8.730000000000000000e+02
5.040000000000000000e+02
4.750000000000000000e+02
5.560000000000000000e+02
4.640000000000000000e+02
4.990000000000000000e+02
6.860000000000000000e+02
4.920000000000000000e+02
5.630000000000000000e+02
9.310000000000000000e+02
4.830000000000000000e+02
7.050000000000000000e+02
4.930000000000000000e+02
4.870000000000000000e+02
6.190000000000000000e+02
9.240000000000000000e+02
6.900000000000000000e+02
5.130000000000000000e+02
6.310000000000000000e+02
3.240000000000000000e+02
4.990000000000000000e+02
4.290000000000000000e+02
5.750000000000000000e+02
2.960000000000000000e+02
7.100000000000000000e+02
4.010000000000000000e+02
6.710000000000000000e+02
7.340000000000000000e+02
4.070000000000000000e+02
7.050000000000000000e+02
6.510000000000000000e+02
8.230000000000000000e+02
9.800000000000000000e+02
4.680000000000000000e+02
4.730000000000000000e+02
4.020000000000000000e+02
4.900000000000000000e+02
4.500000000000000000e+02
7.430000000000000000e+02
5.540000000000000000e+02
4.190000000000000000e+02
6.050000000000000000e+02
9.480000000000000000e+02
5.070000000000000000e+02
4.910000000000000000e+02
4.310000000000000000e+02
3.430000000000000000e+02
3.330000000000000000e+02
4.860000000000000000e+02
4.220000000000000000e+02
3.630000000000000000e+02
3.210000000000000000e+02
6.030000000000000000e+02
4.000000000000000000e+02
2.400000000000000000e+02
4.490000000000000000e+02
3.170000000000000000e+02
3.940000000000000000e+02
4.880000000000000000e+02
5.230000000000000000e+02
4.790000000000000000e+02
4.050000000000000000e+02
5.110000000000000000e+02
3.750000000000000000e+02
4.470000000000000000e+02
5.110000000000000000e+02
4.560000000000000000e+02
4.380000000000000000e+02
3.330000000000000000e+02
4.150000000000000000e+02
3.320000000000000000e+02
3.570000000000000000e+02
6.240000000000000000e+02
5.050000000000000000e+02
3.360000000000000000e+02
5.670000000000000000e+02
4.440000000000000000e+02
6.220000000000000000e+02
