7.190000000000000000e+02
5.910000000000000000e+02
6.800000000000000000e+02
8.260000000000000000e+02
4.820000000000000000e+02
9.020000000000000000e+02
8.130000000000000000e+02
7.270000000000000000e+02
8.520000000000000000e+02
9.840000000000000000e+02
6.870000000000000000e+02
7.650000000000000000e+02
6.580000000000000000e+02
9.390000000000000000e+02
8.410000000000000000e+02
9.550000000000000000e+02
9.630000000000000000e+02
9.420000000000000000e+02
8.310000000000000000e+02
8.520000000000000000e+02
8.420000000000000000e+02
8.600000000000000000e+02
8.870000000000000000e+02
8.990000000000000000e+02
5.240000000000000000e+02
6.440000000000000000e+02
7.770000000000000000e+02
9.070000000000000000e+02
6.830000000000000000e+02
7.150000000000000000e+02
9.970000000000000000e+02
5.770000000000000000e+02
7.030000000000000000e+02
7.420000000000000000e+02
8.080000000000000000e+02
8.490000000000000000e+02
7.970000000000000000e+02
8.150000000000000000e+02
7.660000000000000000e+02
8.300000000000000000e+02
7.880000000000000000e+02
8.230000000000000000e+02
4.610000000000000000e+02
8.750000000000000000e+02
6.470000000000000000e+02
8.730000000000000000e+02
9.360000000000000000e+02
8.790000000000000000e+02
9.470000000000000000e+02
8.640000000000000000e+02
7.400000000000000000e+02
4.710000000000000000e+02
9.380000000000000000e+02
7.700000000000000000e+02
8.640000000000000000e+02
6.870000000000000000e+02
9.900000000000000000e+02
7.550000000000000000e+02
9.170000000000000000e+02
7.250000000000000000e+02
7.200000000000000000e+02
7.940000000000000000e+02
7.880000000000000000e+02
4.890000000000000000e+02
6.880000000000000000e+02
7.810000000000000000e+02
7.390000000000000000e+02
8.920000000000000000e+02
8.540000000000000000e+02
8.790000000000000000e+02
8.700000000000000000e+02
7.540000000000000000e+02
8.130000000000000000e+02
5.870000000000000000e+02
9.290000000000000000e+02
6.710000000000000000e+02
8.170000000000000000e+02
6.160000000000000000e+02
7.080000000000000000e+02
5.810000000000000000e+02
8.280000000000000000e+02
6.960000000000000000e+02
6.030000000000000000e+02
6.950000000000000000e+02
8.040000000000000000e+02
6.950000000000000000e+02
9.020000000000000000e+02
4.530000000000000000e+02
8.970000000000000000e+02
6.000000000000000000e+02
8.680000000000000000e+02
6.930000000000000000e+02
8.810000000000000000e+02
6.300000000000000000e+02
7.790000000000000000e+02
7.260000000000000000e+02
4.980000000000000000e+02
9.370000000000000000e+02
6.810000000000000000e+02
7.480000000000000000e+02
9.550000000000000000e+02
9.510000000000000000e+02
7.620000000000000000e+02
4.940000000000000000e+02
5.610000000000000000e+02
6.820000000000000000e+02
7.930000000000000000e+02
6.570000000000000000e+02
9.080000000000000000e+02
6.260000000000000000e+02
6.650000000000000000e+02
8.270000000000000000e+02
8.520000000000000000e+02
9.770000000000000000e+02
7.500000000000000000e+02
9.550000000000000000e+02
8.980000000000000000e+02
6.780000000000000000e+02
9.590000000000000000e+02
5.690000000000000000e+02
9.220000000000000000e+02
9.060000000000000000e+02
3.260000000000000000e+02
9.660000000000000000e+02
7.880000000000000000e+02
7.180000000000000000e+02
9.490000000000000000e+02
7.000000000000000000e+02
7.730000000000000000e+02
5.110000000000000000e+02
7.950000000000000000e+02
7.120000000000000000e+02
7.530000000000000000e+02
7.190000000000000000e+02
7.510000000000000000e+02
8.660000000000000000e+02
8.430000000000000000e+02
2.490000000000000000e+02
7.710000000000000000e+02
7.100000000000000000e+02
9.620000000000000000e+02
7.280000000000000000e+02
5.640000000000000000e+02
7.970000000000000000e+02
9.050000000000000000e+02
8.410000000000000000e+02
8.970000000000000000e+02
9.220000000000000000e+02
4.930000000000000000e+02
6.410000000000000000e+02
5.450000000000000000e+02
4.770000000000000000e+02
4.310000000000000000e+02
7.770000000000000000e+02
4.410000000000000000e+02
6.580000000000000000e+02
4.180000000000000000e+02
7.020000000000000000e+02
5.700000000000000000e+02
6.160000000000000000e+02
5.880000000000000000e+02
8.420000000000000000e+02
5.700000000000000000e+02
4.480000000000000000e+02
9.240000000000000000e+02
4.660000000000000000e+02
6.610000000000000000e+02
5.380000000000000000e+02
7.770000000000000000e+02
7.470000000000000000e+02
6.440000000000000000e+02
6.540000000000000000e+02
6.110000000000000000e+02
8.880000000000000000e+02
7.540000000000000000e+02
5.420000000000000000e+02
8.530000000000000000e+02
4.300000000000000000e+02
9.260000000000000000e+02
7.090000000000000000e+02
5.970000000000000000e+02
5.610000000000000000e+02
