6.860000000000000000e+02
6.420000000000000000e+02
7.760000000000000000e+02
7.090000000000000000e+02
8.790000000000000000e+02
6.500000000000000000e+02
6.770000000000000000e+02
9.780000000000000000e+02
8.510000000000000000e+02
5.980000000000000000e+02
4.440000000000000000e+02
9.640000000000000000e+02
9.270000000000000000e+02
8.000000000000000000e+02
8.020000000000000000e+02
9.980000000000000000e+02
8.760000000000000000e+02
8.650000000000000000e+02
7.440000000000000000e+02
9.960000000000000000e+02
4.830000000000000000e+02
9.930000000000000000e+02
8.530000000000000000e+02
4.840000000000000000e+02
6.080000000000000000e+02
8.460000000000000000e+02
6.310000000000000000e+02
5.410000000000000000e+02
8.670000000000000000e+02
8.790000000000000000e+02
8.980000000000000000e+02
8.790000000000000000e+02
6.210000000000000000e+02
9.460000000000000000e+02
6.200000000000000000e+02
5.340000000000000000e+02
4.770000000000000000e+02
8.560000000000000000e+02
6.260000000000000000e+02
8.920000000000000000e+02
5.760000000000000000e+02
6.060000000000000000e+02
8.260000000000000000e+02
8.460000000000000000e+02
8.510000000000000000e+02
8.960000000000000000e+02
5.650000000000000000e+02
9.190000000000000000e+02
6.330000000000000000e+02
8.000000000000000000e+02
6.990000000000000000e+02
5.070000000000000000e+02
7.710000000000000000e+02
4.570000000000000000e+02
8.700000000000000000e+02
6.580000000000000000e+02
5.470000000000000000e+02
7.300000000000000000e+02
3.050000000000000000e+02
8.430000000000000000e+02
9.670000000000000000e+02
5.800000000000000000e+02
5.860000000000000000e+02
6.650000000000000000e+02
8.340000000000000000e+02
6.690000000000000000e+02
4.070000000000000000e+02
9.590000000000000000e+02
6.990000000000000000e+02
4.220000000000000000e+02
7.640000000000000000e+02
9.450000000000000000e+02
6.120000000000000000e+02
5.740000000000000000e+02
6.350000000000000000e+02
8.640000000000000000e+02
7.500000000000000000e+02
8.070000000000000000e+02
7.380000000000000000e+02
8.030000000000000000e+02
4.680000000000000000e+02
6.860000000000000000e+02
5.020000000000000000e+02
6.060000000000000000e+02
5.900000000000000000e+02
4.660000000000000000e+02
4.020000000000000000e+02
8.050000000000000000e+02
7.400000000000000000e+02
5.430000000000000000e+02
7.940000000000000000e+02
9.890000000000000000e+02
4.870000000000000000e+02
4.620000000000000000e+02
7.890000000000000000e+02
9.010000000000000000e+02
7.950000000000000000e+02
8.480000000000000000e+02
6.860000000000000000e+02
3.890000000000000000e+02
5.810000000000000000e+02
4.980000000000000000e+02
7.930000000000000000e+02
6.550000000000000000e+02
2.500000000000000000e+02
7.670000000000000000e+02
9.540000000000000000e+02
3.930000000000000000e+02
4.420000000000000000e+02
3.270000000000000000e+02
4.190000000000000000e+02
4.630000000000000000e+02
7.390000000000000000e+02
3.500000000000000000e+02
9.380000000000000000e+02
9.130000000000000000e+02
4.370000000000000000e+02
9.680000000000000000e+02
6.390000000000000000e+02
9.080000000000000000e+02
7.910000000000000000e+02
5.350000000000000000e+02
9.360000000000000000e+02
7.950000000000000000e+02
8.730000000000000000e+02
9.050000000000000000e+02
6.000000000000000000e+02
3.400000000000000000e+02
9.600000000000000000e+02
6.820000000000000000e+02
4.270000000000000000e+02
9.350000000000000000e+02
7.870000000000000000e+02
7.440000000000000000e+02
4.410000000000000000e+02
6.340000000000000000e+02
7.360000000000000000e+02
4.590000000000000000e+02
4.150000000000000000e+02
3.980000000000000000e+02
6.000000000000000000e+02
6.440000000000000000e+02
8.670000000000000000e+02
9.510000000000000000e+02
3.870000000000000000e+02
2.640000000000000000e+02
3.440000000000000000e+02
4.740000000000000000e+02
5.620000000000000000e+02
9.440000000000000000e+02
6.070000000000000000e+02
6.680000000000000000e+02
8.520000000000000000e+02
9.650000000000000000e+02
9.500000000000000000e+02
3.590000000000000000e+02
3.250000000000000000e+02
4.410000000000000000e+02
6.110000000000000000e+02
9.680000000000000000e+02
6.870000000000000000e+02
5.470000000000000000e+02
3.170000000000000000e+02
2.280000000000000000e+02
4.610000000000000000e+02
4.240000000000000000e+02
6.510000000000000000e+02
6.370000000000000000e+02
9.440000000000000000e+02
7.760000000000000000e+02
4.830000000000000000e+02
9.650000000000000000e+02
3.890000000000000000e+02
3.790000000000000000e+02
8.890000000000000000e+02
6.010000000000000000e+02
5.480000000000000000e+02
2.540000000000000000e+02
3.270000000000000000e+02
9.630000000000000000e+02
3.470000000000000000e+02
8.710000000000000000e+02
8.170000000000000000e+02
