6.220000000000000000e+02
9.990000000000000000e+02
9.780000000000000000e+02
5.330000000000000000e+02
9.090000000000000000e+02
5.180000000000000000e+02
6.460000000000000000e+02
6.120000000000000000e+02
7.240000000000000000e+02
9.760000000000000000e+02
7.180000000000000000e+02
7.600000000000000000e+02
9.460000000000000000e+02
8.520000000000000000e+02
8.290000000000000000e+02
4.620000000000000000e+02
4.890000000000000000e+02
5.110000000000000000e+02
9.270000000000000000e+02
8.010000000000000000e+02
6.080000000000000000e+02
5.630000000000000000e+02
6.520000000000000000e+02
9.680000000000000000e+02
8.200000000000000000e+02
7.900000000000000000e+02
6.490000000000000000e+02
3.480000000000000000e+02
6.290000000000000000e+02
9.200000000000000000e+02
9.650000000000000000e+02
6.940000000000000000e+02
8.330000000000000000e+02
5.740000000000000000e+02
7.630000000000000000e+02
6.690000000000000000e+02
8.450000000000000000e+02
8.910000000000000000e+02
8.180000000000000000e+02
9.110000000000000000e+02
5.990000000000000000e+02
9.450000000000000000e+02
6.730000000000000000e+02
7.690000000000000000e+02
8.660000000000000000e+02
6.140000000000000000e+02
4.000000000000000000e+02
7.900000000000000000e+02
5.560000000000000000e+02
9.570000000000000000e+02
6.560000000000000000e+02
8.960000000000000000e+02
6.500000000000000000e+02
9.150000000000000000e+02
7.030000000000000000e+02
9.430000000000000000e+02
9.310000000000000000e+02
5.210000000000000000e+02
7.370000000000000000e+02
7.540000000000000000e+02
9.360000000000000000e+02
9.780000000000000000e+02
6.890000000000000000e+02
9.140000000000000000e+02
4.680000000000000000e+02
5.270000000000000000e+02
7.470000000000000000e+02
5.440000000000000000e+02
8.200000000000000000e+02
5.300000000000000000e+02
7.430000000000000000e+02
9.610000000000000000e+02
7.430000000000000000e+02
8.480000000000000000e+02
7.050000000000000000e+02
4.220000000000000000e+02
6.780000000000000000e+02
3.160000000000000000e+02
3.910000000000000000e+02
5.230000000000000000e+02
8.850000000000000000e+02
6.410000000000000000e+02
6.590000000000000000e+02
5.930000000000000000e+02
6.620000000000000000e+02
8.560000000000000000e+02
8.220000000000000000e+02
9.050000000000000000e+02
6.020000000000000000e+02
7.750000000000000000e+02
8.870000000000000000e+02
3.740000000000000000e+02
5.340000000000000000e+02
8.880000000000000000e+02
9.020000000000000000e+02
8.740000000000000000e+02
7.670000000000000000e+02
7.920000000000000000e+02
9.900000000000000000e+02
6.560000000000000000e+02
5.280000000000000000e+02
4.730000000000000000e+02
4.840000000000000000e+02
9.190000000000000000e+02
7.230000000000000000e+02
9.070000000000000000e+02
8.400000000000000000e+02
6.710000000000000000e+02
8.270000000000000000e+02
5.300000000000000000e+02
4.590000000000000000e+02
7.840000000000000000e+02
6.960000000000000000e+02
8.560000000000000000e+02
8.130000000000000000e+02
6.730000000000000000e+02
6.240000000000000000e+02
7.720000000000000000e+02
7.890000000000000000e+02
4.550000000000000000e+02
6.460000000000000000e+02
4.480000000000000000e+02
5.490000000000000000e+02
9.700000000000000000e+02
8.370000000000000000e+02
3.610000000000000000e+02
8.640000000000000000e+02
4.540000000000000000e+02
3.090000000000000000e+02
2.840000000000000000e+02
6.010000000000000000e+02
6.290000000000000000e+02
5.380000000000000000e+02
4.820000000000000000e+02
8.930000000000000000e+02
7.980000000000000000e+02
7.530000000000000000e+02
4.670000000000000000e+02
3.830000000000000000e+02
4.080000000000000000e+02
2.380000000000000000e+02
4.120000000000000000e+02
4.130000000000000000e+02
5.900000000000000000e+02
4.160000000000000000e+02
4.800000000000000000e+02
6.760000000000000000e+02
5.000000000000000000e+02
5.330000000000000000e+02
5.410000000000000000e+02
8.490000000000000000e+02
4.940000000000000000e+02
5.770000000000000000e+02
4.750000000000000000e+02
7.390000000000000000e+02
6.810000000000000000e+02
9.360000000000000000e+02
4.520000000000000000e+02
6.980000000000000000e+02
6.720000000000000000e+02
8.130000000000000000e+02
5.030000000000000000e+02
8.870000000000000000e+02
8.000000000000000000e+02
6.840000000000000000e+02
7.390000000000000000e+02
6.700000000000000000e+02
3.480000000000000000e+02
4.820000000000000000e+02
7.590000000000000000e+02
6.330000000000000000e+02
8.060000000000000000e+02
5.170000000000000000e+02
5.160000000000000000e+02
6.660000000000000000e+02
4.700000000000000000e+02
9.160000000000000000e+02
5.910000000000000000e+02
7.810000000000000000e+02
4.970000000000000000e+02
6.050000000000000000e+02
5.040000000000000000e+02
8.890000000000000000e+02
6.260000000000000000e+02
9.700000000000000000e+02
4.850000000000000000e+02
4.000000000000000000e+02
4.660000000000000000e+02
8.090000000000000000e+02
9.520000000000000000e+02
4.090000000000000000e+02
8.660000000000000000e+02
6.900000000000000000e+02
7.080000000000000000e+02
7.290000000000000000e+02
6.150000000000000000e+02
5.550000000000000000e+02
6.910000000000000000e+02
6.560000000000000000e+02
6.070000000000000000e+02
9.380000000000000000e+02
2.390000000000000000e+02
2.690000000000000000e+02
3.720000000000000000e+02
4.610000000000000000e+02
9.090000000000000000e+02
7.860000000000000000e+02
4.430000000000000000e+02
5.030000000000000000e+02
4.260000000000000000e+02
6.190000000000000000e+02
9.910000000000000000e+02
6.410000000000000000e+02
5.010000000000000000e+02
9.550000000000000000e+02
5.130000000000000000e+02
5.960000000000000000e+02
6.360000000000000000e+02
7.010000000000000000e+02
7.990000000000000000e+02
6.130000000000000000e+02
5.740000000000000000e+02
3.930000000000000000e+02
4.400000000000000000e+02
8.450000000000000000e+02
3.000000000000000000e+02
2.420000000000000000e+02
7.550000000000000000e+02
3.680000000000000000e+02
4.690000000000000000e+02
3.310000000000000000e+02
9.000000000000000000e+02
5.450000000000000000e+02
3.160000000000000000e+02
4.900000000000000000e+02
8.720000000000000000e+02
2.320000000000000000e+02
4.200000000000000000e+02
7.590000000000000000e+02
3.570000000000000000e+02
8.110000000000000000e+02
8.030000000000000000e+02
9.780000000000000000e+02
9.050000000000000000e+02
6.830000000000000000e+02
6.590000000000000000e+02
8.350000000000000000e+02
3.810000000000000000e+02
3.150000000000000000e+02
7.730000000000000000e+02
6.340000000000000000e+02
9.890000000000000000e+02
9.480000000000000000e+02
9.770000000000000000e+02
8.180000000000000000e+02
3.150000000000000000e+02
3.950000000000000000e+02
6.600000000000000000e+02
2.690000000000000000e+02
5.220000000000000000e+02
3.670000000000000000e+02
4.310000000000000000e+02
6.730000000000000000e+02
7.480000000000000000e+02
3.080000000000000000e+02
8.730000000000000000e+02
9.190000000000000000e+02
4.670000000000000000e+02
4.160000000000000000e+02
3.570000000000000000e+02
9.980000000000000000e+02
4.290000000000000000e+02
5.480000000000000000e+02
5.760000000000000000e+02
3.300000000000000000e+02
8.980000000000000000e+02
7.310000000000000000e+02
8.050000000000000000e+02
7.280000000000000000e+02
6.060000000000000000e+02
5.140000000000000000e+02
4.340000000000000000e+02
5.460000000000000000e+02
9.430000000000000000e+02
9.680000000000000000e+02
9.650000000000000000e+02
9.080000000000000000e+02
5.070000000000000000e+02
9.060000000000000000e+02
6.090000000000000000e+02
9.680000000000000000e+02
5.290000000000000000e+02
3.520000000000000000e+02
4.050000000000000000e+02
3.950000000000000000e+02
2.350000000000000000e+02
3.360000000000000000e+02
5.900000000000000000e+02
3.850000000000000000e+02
5.510000000000000000e+02
4.890000000000000000e+02
3.970000000000000000e+02
7.700000000000000000e+02
7.660000000000000000e+02
2.410000000000000000e+02
4.920000000000000000e+02
4.220000000000000000e+02
5.170000000000000000e+02
3.560000000000000000e+02
5.530000000000000000e+02
4.030000000000000000e+02
4.330000000000000000e+02
4.230000000000000000e+02
6.250000000000000000e+02
3.460000000000000000e+02
4.950000000000000000e+02
6.300000000000000000e+02
6.420000000000000000e+02
4.000000000000000000e+02
7.380000000000000000e+02
6.230000000000000000e+02
7.340000000000000000e+02
8.700000000000000000e+02
8.070000000000000000e+02
4.170000000000000000e+02
3.680000000000000000e+02
9.410000000000000000e+02
8.890000000000000000e+02
4.800000000000000000e+02
6.840000000000000000e+02
5.650000000000000000e+02
9.970000000000000000e+02
5.150000000000000000e+02
6.980000000000000000e+02
3.830000000000000000e+02
4.900000000000000000e+02
3.640000000000000000e+02
7.790000000000000000e+02
4.860000000000000000e+02
6.300000000000000000e+02
2.720000000000000000e+02
5.030000000000000000e+02
4.080000000000000000e+02
6.940000000000000000e+02
6.540000000000000000e+02
6.070000000000000000e+02
4.850000000000000000e+02
5.630000000000000000e+02
3.880000000000000000e+02
4.870000000000000000e+02
9.860000000000000000e+02
4.270000000000000000e+02
9.930000000000000000e+02
3.320000000000000000e+02
9.860000000000000000e+02
5.490000000000000000e+02
3.410000000000000000e+02
6.170000000000000000e+02
3.360000000000000000e+02
3.990000000000000000e+02
