9.590000000000000000e+02
7.770000000000000000e+02
5.980000000000000000e+02
5.530000000000000000e+02
8.780000000000000000e+02
7.700000000000000000e+02
8.550000000000000000e+02
7.630000000000000000e+02
7.790000000000000000e+02
9.150000000000000000e+02
9.110000000000000000e+02
9.230000000000000000e+02
8.990000000000000000e+02
9.950000000000000000e+02
7.430000000000000000e+02
6.730000000000000000e+02
9.270000000000000000e+02
8.480000000000000000e+02
7.440000000000000000e+02
4.900000000000000000e+02
8.220000000000000000e+02
9.780000000000000000e+02
8.890000000000000000e+02
6.830000000000000000e+02
9.130000000000000000e+02
6.450000000000000000e+02
9.330000000000000000e+02
7.110000000000000000e+02
8.490000000000000000e+02
8.890000000000000000e+02
5.140000000000000000e+02
5.970000000000000000e+02
8.480000000000000000e+02
4.960000000000000000e+02
4.590000000000000000e+02
9.180000000000000000e+02
9.540000000000000000e+02
7.600000000000000000e+02
7.960000000000000000e+02
7.760000000000000000e+02
3.190000000000000000e+02
9.110000000000000000e+02
8.370000000000000000e+02
8.930000000000000000e+02
5.950000000000000000e+02
6.200000000000000000e+02
6.330000000000000000e+02
4.870000000000000000e+02
3.260000000000000000e+02
9.080000000000000000e+02
6.780000000000000000e+02
5.520000000000000000e+02
4.930000000000000000e+02
8.810000000000000000e+02
9.940000000000000000e+02
7.160000000000000000e+02
8.520000000000000000e+02
7.910000000000000000e+02
9.160000000000000000e+02
3.260000000000000000e+02
9.910000000000000000e+02
2.810000000000000000e+02
7.310000000000000000e+02
9.330000000000000000e+02
7.380000000000000000e+02
5.990000000000000000e+02
4.550000000000000000e+02
6.960000000000000000e+02
6.800000000000000000e+02
7.580000000000000000e+02
6.880000000000000000e+02
4.430000000000000000e+02
9.390000000000000000e+02
8.400000000000000000e+02
5.720000000000000000e+02
9.810000000000000000e+02
8.640000000000000000e+02
6.240000000000000000e+02
2.730000000000000000e+02
6.260000000000000000e+02
9.900000000000000000e+02
5.620000000000000000e+02
8.130000000000000000e+02
5.010000000000000000e+02
4.670000000000000000e+02
7.450000000000000000e+02
7.870000000000000000e+02
8.480000000000000000e+02
3.010000000000000000e+02
8.410000000000000000e+02
9.890000000000000000e+02
8.470000000000000000e+02
6.180000000000000000e+02
9.290000000000000000e+02
6.760000000000000000e+02
7.370000000000000000e+02
4.920000000000000000e+02
7.300000000000000000e+02
3.600000000000000000e+02
3.370000000000000000e+02
5.720000000000000000e+02
9.930000000000000000e+02
6.290000000000000000e+02
9.770000000000000000e+02
6.690000000000000000e+02
8.160000000000000000e+02
9.950000000000000000e+02
6.750000000000000000e+02
4.380000000000000000e+02
7.140000000000000000e+02
6.450000000000000000e+02
7.230000000000000000e+02
5.760000000000000000e+02
6.890000000000000000e+02
5.860000000000000000e+02
9.490000000000000000e+02
7.150000000000000000e+02
4.070000000000000000e+02
7.010000000000000000e+02
4.760000000000000000e+02
7.610000000000000000e+02
4.850000000000000000e+02
3.350000000000000000e+02
7.330000000000000000e+02
4.350000000000000000e+02
5.000000000000000000e+02
5.670000000000000000e+02
5.970000000000000000e+02
5.340000000000000000e+02
4.670000000000000000e+02
9.620000000000000000e+02
9.080000000000000000e+02
6.950000000000000000e+02
3.210000000000000000e+02
2.480000000000000000e+02
6.160000000000000000e+02
8.080000000000000000e+02
3.550000000000000000e+02
9.190000000000000000e+02
3.940000000000000000e+02
6.640000000000000000e+02
8.970000000000000000e+02
6.600000000000000000e+02
3.930000000000000000e+02
3.210000000000000000e+02
9.060000000000000000e+02
6.480000000000000000e+02
6.880000000000000000e+02
6.490000000000000000e+02
6.760000000000000000e+02
6.760000000000000000e+02
6.990000000000000000e+02
6.520000000000000000e+02
3.200000000000000000e+02
4.010000000000000000e+02
3.710000000000000000e+02
4.680000000000000000e+02
5.440000000000000000e+02
9.790000000000000000e+02
4.370000000000000000e+02
7.770000000000000000e+02
4.170000000000000000e+02
7.710000000000000000e+02
8.730000000000000000e+02
4.260000000000000000e+02
4.340000000000000000e+02
7.350000000000000000e+02
6.950000000000000000e+02
9.800000000000000000e+02
8.570000000000000000e+02
5.670000000000000000e+02
8.390000000000000000e+02
7.950000000000000000e+02
2.570000000000000000e+02
8.240000000000000000e+02
1.000000000000000000e+03
3.750000000000000000e+02
5.400000000000000000e+02
4.660000000000000000e+02
5.030000000000000000e+02
4.140000000000000000e+02
3.720000000000000000e+02
4.440000000000000000e+02
6.660000000000000000e+02
6.640000000000000000e+02
6.980000000000000000e+02
5.260000000000000000e+02
7.640000000000000000e+02
4.270000000000000000e+02
8.330000000000000000e+02
4.950000000000000000e+02
4.150000000000000000e+02
6.790000000000000000e+02
7.340000000000000000e+02
8.920000000000000000e+02
7.760000000000000000e+02
5.610000000000000000e+02
6.210000000000000000e+02
8.900000000000000000e+02
8.980000000000000000e+02
7.870000000000000000e+02
3.160000000000000000e+02
4.010000000000000000e+02
4.260000000000000000e+02
4.000000000000000000e+02
1.000000000000000000e+03
4.940000000000000000e+02
5.420000000000000000e+02
4.880000000000000000e+02
5.400000000000000000e+02
5.000000000000000000e+02
5.090000000000000000e+02
7.800000000000000000e+02
3.660000000000000000e+02
9.290000000000000000e+02
7.540000000000000000e+02
8.510000000000000000e+02
4.160000000000000000e+02
3.880000000000000000e+02
3.940000000000000000e+02
2.840000000000000000e+02
5.330000000000000000e+02
5.650000000000000000e+02
4.890000000000000000e+02
4.350000000000000000e+02
2.850000000000000000e+02
5.460000000000000000e+02
3.160000000000000000e+02
8.580000000000000000e+02
5.760000000000000000e+02
7.030000000000000000e+02
2.530000000000000000e+02
6.980000000000000000e+02
9.770000000000000000e+02
9.750000000000000000e+02
9.710000000000000000e+02
3.160000000000000000e+02
6.640000000000000000e+02
2.400000000000000000e+02
6.000000000000000000e+02
4.080000000000000000e+02
5.560000000000000000e+02
3.930000000000000000e+02
7.630000000000000000e+02
6.790000000000000000e+02
3.740000000000000000e+02
8.410000000000000000e+02
2.950000000000000000e+02
2.460000000000000000e+02
6.860000000000000000e+02
4.800000000000000000e+02
5.440000000000000000e+02
6.490000000000000000e+02
3.550000000000000000e+02
8.710000000000000000e+02
2.420000000000000000e+02
6.930000000000000000e+02
7.820000000000000000e+02
7.700000000000000000e+02
8.060000000000000000e+02
5.100000000000000000e+02
7.430000000000000000e+02
3.130000000000000000e+02
4.170000000000000000e+02
4.280000000000000000e+02
4.060000000000000000e+02
3.320000000000000000e+02
2.880000000000000000e+02
3.740000000000000000e+02
5.150000000000000000e+02
8.210000000000000000e+02
5.430000000000000000e+02
5.360000000000000000e+02
6.860000000000000000e+02
4.200000000000000000e+02
2.980000000000000000e+02
5.000000000000000000e+02
4.590000000000000000e+02
3.620000000000000000e+02
2.550000000000000000e+02
2.450000000000000000e+02
5.250000000000000000e+02
3.580000000000000000e+02
8.220000000000000000e+02
3.350000000000000000e+02
5.290000000000000000e+02
4.990000000000000000e+02
4.350000000000000000e+02
4.590000000000000000e+02
3.310000000000000000e+02
9.760000000000000000e+02
4.920000000000000000e+02
3.670000000000000000e+02
5.370000000000000000e+02
2.750000000000000000e+02
4.900000000000000000e+02
4.980000000000000000e+02
7.170000000000000000e+02
5.200000000000000000e+02
2.220000000000000000e+02
3.870000000000000000e+02
7.130000000000000000e+02
8.180000000000000000e+02
4.400000000000000000e+02
8.380000000000000000e+02
9.500000000000000000e+02
7.920000000000000000e+02
9.200000000000000000e+02
4.150000000000000000e+02
4.680000000000000000e+02
3.350000000000000000e+02
8.290000000000000000e+02
7.640000000000000000e+02
9.300000000000000000e+02
6.810000000000000000e+02
3.320000000000000000e+02
5.510000000000000000e+02
9.780000000000000000e+02
4.340000000000000000e+02
3.180000000000000000e+02
6.610000000000000000e+02
6.820000000000000000e+02
5.610000000000000000e+02
3.160000000000000000e+02
6.120000000000000000e+02
7.480000000000000000e+02
4.720000000000000000e+02
3.180000000000000000e+02
5.570000000000000000e+02
5.390000000000000000e+02
6.100000000000000000e+02
8.690000000000000000e+02
5.870000000000000000e+02
6.000000000000000000e+02
5.770000000000000000e+02
4.950000000000000000e+02
4.260000000000000000e+02
2.870000000000000000e+02
5.790000000000000000e+02
5.250000000000000000e+02
3.080000000000000000e+02
3.880000000000000000e+02
3.000000000000000000e+02
5.780000000000000000e+02
6.630000000000000000e+02
3.130000000000000000e+02
2.460000000000000000e+02
3.250000000000000000e+02
6.360000000000000000e+02
4.650000000000000000e+02
3.620000000000000000e+02
2.710000000000000000e+02
4.810000000000000000e+02
3.990000000000000000e+02
4.870000000000000000e+02
3.740000000000000000e+02
5.580000000000000000e+02
7.960000000000000000e+02
5.020000000000000000e+02
6.410000000000000000e+02
8.220000000000000000e+02
4.600000000000000000e+02
4.440000000000000000e+02
8.690000000000000000e+02
2.440000000000000000e+02
3.420000000000000000e+02
4.330000000000000000e+02
3.620000000000000000e+02
2.620000000000000000e+02
3.520000000000000000e+02
3.290000000000000000e+02
6.290000000000000000e+02
6.680000000000000000e+02
5.230000000000000000e+02
4.110000000000000000e+02
6.470000000000000000e+02
3.760000000000000000e+02
5.230000000000000000e+02
6.030000000000000000e+02
6.170000000000000000e+02
3.960000000000000000e+02
4.080000000000000000e+02
5.660000000000000000e+02
3.720000000000000000e+02
2.320000000000000000e+02
2.990000000000000000e+02
3.720000000000000000e+02
4.520000000000000000e+02
4.770000000000000000e+02
6.200000000000000000e+02
3.740000000000000000e+02
8.400000000000000000e+02
5.220000000000000000e+02
4.230000000000000000e+02
3.980000000000000000e+02
3.900000000000000000e+02
4.940000000000000000e+02
6.340000000000000000e+02
2.680000000000000000e+02
9.770000000000000000e+02
3.290000000000000000e+02
8.630000000000000000e+02
4.470000000000000000e+02
3.400000000000000000e+02
4.730000000000000000e+02
2.960000000000000000e+02
8.490000000000000000e+02
3.620000000000000000e+02
3.030000000000000000e+02
5.520000000000000000e+02
2.710000000000000000e+02
4.550000000000000000e+02
4.110000000000000000e+02
3.310000000000000000e+02
3.640000000000000000e+02
5.570000000000000000e+02
8.890000000000000000e+02
6.010000000000000000e+02
4.900000000000000000e+02
9.240000000000000000e+02
8.760000000000000000e+02
5.890000000000000000e+02
4.100000000000000000e+02
5.250000000000000000e+02
4.460000000000000000e+02
4.220000000000000000e+02
5.650000000000000000e+02
9.540000000000000000e+02
3.250000000000000000e+02
9.740000000000000000e+02
2.440000000000000000e+02
4.060000000000000000e+02
3.920000000000000000e+02
3.110000000000000000e+02
3.920000000000000000e+02
3.790000000000000000e+02
4.580000000000000000e+02
4.890000000000000000e+02
6.090000000000000000e+02
4.880000000000000000e+02
7.560000000000000000e+02
6.890000000000000000e+02
8.220000000000000000e+02
4.900000000000000000e+02
5.850000000000000000e+02
7.300000000000000000e+02
3.460000000000000000e+02
