6.740000000000000000e+02
7.820000000000000000e+02
7.260000000000000000e+02
9.870000000000000000e+02
6.590000000000000000e+02
9.730000000000000000e+02
7.520000000000000000e+02
7.820000000000000000e+02
9.930000000000000000e+02
9.890000000000000000e+02
9.140000000000000000e+02
4.700000000000000000e+02
9.050000000000000000e+02
8.390000000000000000e+02
5.850000000000000000e+02
9.950000000000000000e+02
8.460000000000000000e+02
8.760000000000000000e+02
9.410000000000000000e+02
9.000000000000000000e+02
4.930000000000000000e+02
5.240000000000000000e+02
8.300000000000000000e+02
6.730000000000000000e+02
9.820000000000000000e+02
9.270000000000000000e+02
9.670000000000000000e+02
7.730000000000000000e+02
7.240000000000000000e+02
4.800000000000000000e+02
7.760000000000000000e+02
6.770000000000000000e+02
9.600000000000000000e+02
9.960000000000000000e+02
7.790000000000000000e+02
4.700000000000000000e+02
8.040000000000000000e+02
9.280000000000000000e+02
5.180000000000000000e+02
7.820000000000000000e+02
5.560000000000000000e+02
7.250000000000000000e+02
5.520000000000000000e+02
7.110000000000000000e+02
7.810000000000000000e+02
5.130000000000000000e+02
7.870000000000000000e+02
6.800000000000000000e+02
4.300000000000000000e+02
5.060000000000000000e+02
8.890000000000000000e+02
3.300000000000000000e+02
4.800000000000000000e+02
5.860000000000000000e+02
8.210000000000000000e+02
4.320000000000000000e+02
7.170000000000000000e+02
9.180000000000000000e+02
3.580000000000000000e+02
7.070000000000000000e+02
5.010000000000000000e+02
7.850000000000000000e+02
8.870000000000000000e+02
8.160000000000000000e+02
7.360000000000000000e+02
6.730000000000000000e+02
6.150000000000000000e+02
5.570000000000000000e+02
4.990000000000000000e+02
8.250000000000000000e+02
7.210000000000000000e+02
6.670000000000000000e+02
3.670000000000000000e+02
9.800000000000000000e+02
8.070000000000000000e+02
3.310000000000000000e+02
2.420000000000000000e+02
2.500000000000000000e+02
5.100000000000000000e+02
9.720000000000000000e+02
5.870000000000000000e+02
3.120000000000000000e+02
5.930000000000000000e+02
5.760000000000000000e+02
5.810000000000000000e+02
7.060000000000000000e+02
4.450000000000000000e+02
4.040000000000000000e+02
4.660000000000000000e+02
4.970000000000000000e+02
4.220000000000000000e+02
5.970000000000000000e+02
3.350000000000000000e+02
3.330000000000000000e+02
7.860000000000000000e+02
6.310000000000000000e+02
3.790000000000000000e+02
3.100000000000000000e+02
7.190000000000000000e+02
3.950000000000000000e+02
5.440000000000000000e+02
3.080000000000000000e+02
3.070000000000000000e+02
5.350000000000000000e+02
7.180000000000000000e+02
9.640000000000000000e+02
8.810000000000000000e+02
6.510000000000000000e+02
8.140000000000000000e+02
6.490000000000000000e+02
6.010000000000000000e+02
6.820000000000000000e+02
9.940000000000000000e+02
4.930000000000000000e+02
3.970000000000000000e+02
4.600000000000000000e+02
4.990000000000000000e+02
5.180000000000000000e+02
3.040000000000000000e+02
3.750000000000000000e+02
6.080000000000000000e+02
4.040000000000000000e+02
4.920000000000000000e+02
3.170000000000000000e+02
7.570000000000000000e+02
4.840000000000000000e+02
4.910000000000000000e+02
8.320000000000000000e+02
6.970000000000000000e+02
4.060000000000000000e+02
6.150000000000000000e+02
9.370000000000000000e+02
5.160000000000000000e+02
8.940000000000000000e+02
3.310000000000000000e+02
4.990000000000000000e+02
7.170000000000000000e+02
7.410000000000000000e+02
8.950000000000000000e+02
9.370000000000000000e+02
3.840000000000000000e+02
4.260000000000000000e+02
7.560000000000000000e+02
4.000000000000000000e+02
5.080000000000000000e+02
3.120000000000000000e+02
3.600000000000000000e+02
3.800000000000000000e+02
3.780000000000000000e+02
4.060000000000000000e+02
5.890000000000000000e+02
8.010000000000000000e+02
9.210000000000000000e+02
4.950000000000000000e+02
6.210000000000000000e+02
6.620000000000000000e+02
5.150000000000000000e+02
4.610000000000000000e+02
3.230000000000000000e+02
2.410000000000000000e+02
3.900000000000000000e+02
3.220000000000000000e+02
3.240000000000000000e+02
4.620000000000000000e+02
3.280000000000000000e+02
4.540000000000000000e+02
7.660000000000000000e+02
3.970000000000000000e+02
3.250000000000000000e+02
3.230000000000000000e+02
4.510000000000000000e+02
4.180000000000000000e+02
2.460000000000000000e+02
3.610000000000000000e+02
6.920000000000000000e+02
6.650000000000000000e+02
5.220000000000000000e+02
3.160000000000000000e+02
4.270000000000000000e+02
5.980000000000000000e+02
4.140000000000000000e+02
9.230000000000000000e+02
3.960000000000000000e+02
4.300000000000000000e+02
2.540000000000000000e+02
7.860000000000000000e+02
8.080000000000000000e+02
