8.200000000000000000e+02
9.040000000000000000e+02
9.490000000000000000e+02
9.980000000000000000e+02
9.420000000000000000e+02
8.720000000000000000e+02
7.560000000000000000e+02
6.350000000000000000e+02
7.960000000000000000e+02
5.570000000000000000e+02
9.550000000000000000e+02
5.620000000000000000e+02
4.610000000000000000e+02
8.450000000000000000e+02
5.340000000000000000e+02
5.230000000000000000e+02
8.290000000000000000e+02
7.400000000000000000e+02
9.450000000000000000e+02
9.050000000000000000e+02
7.010000000000000000e+02
7.170000000000000000e+02
4.590000000000000000e+02
7.720000000000000000e+02
7.470000000000000000e+02
7.160000000000000000e+02
6.130000000000000000e+02
6.390000000000000000e+02
3.980000000000000000e+02
8.440000000000000000e+02
5.560000000000000000e+02
6.600000000000000000e+02
8.490000000000000000e+02
3.180000000000000000e+02
8.880000000000000000e+02
9.310000000000000000e+02
7.800000000000000000e+02
2.750000000000000000e+02
7.740000000000000000e+02
9.780000000000000000e+02
7.690000000000000000e+02
6.040000000000000000e+02
4.910000000000000000e+02
5.740000000000000000e+02
7.280000000000000000e+02
8.380000000000000000e+02
7.910000000000000000e+02
8.740000000000000000e+02
7.060000000000000000e+02
6.230000000000000000e+02
5.790000000000000000e+02
9.720000000000000000e+02
8.850000000000000000e+02
5.270000000000000000e+02
8.270000000000000000e+02
9.800000000000000000e+02
9.610000000000000000e+02
9.780000000000000000e+02
8.410000000000000000e+02
6.230000000000000000e+02
3.240000000000000000e+02
4.990000000000000000e+02
7.790000000000000000e+02
9.170000000000000000e+02
9.130000000000000000e+02
8.720000000000000000e+02
6.450000000000000000e+02
4.420000000000000000e+02
4.110000000000000000e+02
8.080000000000000000e+02
9.000000000000000000e+02
2.450000000000000000e+02
6.620000000000000000e+02
5.060000000000000000e+02
7.160000000000000000e+02
9.560000000000000000e+02
6.080000000000000000e+02
7.000000000000000000e+02
4.690000000000000000e+02
6.880000000000000000e+02
5.360000000000000000e+02
2.590000000000000000e+02
4.030000000000000000e+02
9.470000000000000000e+02
6.990000000000000000e+02
8.350000000000000000e+02
6.240000000000000000e+02
3.370000000000000000e+02
5.220000000000000000e+02
8.350000000000000000e+02
4.410000000000000000e+02
5.450000000000000000e+02
4.010000000000000000e+02
5.270000000000000000e+02
4.990000000000000000e+02
8.690000000000000000e+02
4.450000000000000000e+02
5.040000000000000000e+02
7.630000000000000000e+02
4.320000000000000000e+02
3.350000000000000000e+02
5.200000000000000000e+02
5.660000000000000000e+02
5.730000000000000000e+02
5.140000000000000000e+02
8.550000000000000000e+02
8.450000000000000000e+02
4.650000000000000000e+02
6.650000000000000000e+02
4.630000000000000000e+02
9.070000000000000000e+02
5.790000000000000000e+02
4.280000000000000000e+02
5.590000000000000000e+02
4.470000000000000000e+02
6.130000000000000000e+02
4.670000000000000000e+02
5.920000000000000000e+02
9.510000000000000000e+02
8.910000000000000000e+02
8.010000000000000000e+02
9.380000000000000000e+02
6.690000000000000000e+02
7.670000000000000000e+02
8.300000000000000000e+02
8.650000000000000000e+02
8.230000000000000000e+02
8.780000000000000000e+02
9.720000000000000000e+02
8.930000000000000000e+02
4.130000000000000000e+02
8.960000000000000000e+02
4.420000000000000000e+02
8.820000000000000000e+02
7.730000000000000000e+02
7.030000000000000000e+02
2.400000000000000000e+02
7.550000000000000000e+02
7.560000000000000000e+02
2.340000000000000000e+02
7.100000000000000000e+02
8.540000000000000000e+02
7.880000000000000000e+02
7.730000000000000000e+02
7.880000000000000000e+02
5.410000000000000000e+02
6.220000000000000000e+02
7.150000000000000000e+02
9.440000000000000000e+02
9.650000000000000000e+02
7.070000000000000000e+02
5.930000000000000000e+02
9.990000000000000000e+02
4.880000000000000000e+02
5.620000000000000000e+02
8.280000000000000000e+02
3.140000000000000000e+02
5.660000000000000000e+02
6.020000000000000000e+02
8.660000000000000000e+02
7.470000000000000000e+02
6.680000000000000000e+02
4.760000000000000000e+02
8.340000000000000000e+02
5.180000000000000000e+02
4.350000000000000000e+02
3.310000000000000000e+02
3.990000000000000000e+02
6.150000000000000000e+02
9.180000000000000000e+02
4.800000000000000000e+02
6.080000000000000000e+02
5.700000000000000000e+02
9.090000000000000000e+02
4.670000000000000000e+02
4.210000000000000000e+02
7.340000000000000000e+02
2.320000000000000000e+02
3.330000000000000000e+02
5.410000000000000000e+02
7.800000000000000000e+02
3.760000000000000000e+02
4.340000000000000000e+02
2.540000000000000000e+02
3.470000000000000000e+02
7.880000000000000000e+02
6.710000000000000000e+02
4.560000000000000000e+02
6.310000000000000000e+02
3.460000000000000000e+02
5.180000000000000000e+02
5.080000000000000000e+02
5.460000000000000000e+02
6.880000000000000000e+02
2.450000000000000000e+02
3.760000000000000000e+02
3.070000000000000000e+02
4.120000000000000000e+02
9.550000000000000000e+02
3.930000000000000000e+02
6.510000000000000000e+02
5.000000000000000000e+02
3.190000000000000000e+02
3.880000000000000000e+02
9.410000000000000000e+02
6.970000000000000000e+02
5.690000000000000000e+02
9.260000000000000000e+02
8.000000000000000000e+02
