8.520000000000000000e+02
5.710000000000000000e+02
9.660000000000000000e+02
5.020000000000000000e+02
8.380000000000000000e+02
9.780000000000000000e+02
9.940000000000000000e+02
9.410000000000000000e+02
9.250000000000000000e+02
6.720000000000000000e+02
5.390000000000000000e+02
8.850000000000000000e+02
9.880000000000000000e+02
7.050000000000000000e+02
4.980000000000000000e+02
6.570000000000000000e+02
7.550000000000000000e+02
9.280000000000000000e+02
6.950000000000000000e+02
7.520000000000000000e+02
9.890000000000000000e+02
9.140000000000000000e+02
5.710000000000000000e+02
7.750000000000000000e+02
9.110000000000000000e+02
9.410000000000000000e+02
9.990000000000000000e+02
4.170000000000000000e+02
8.160000000000000000e+02
8.770000000000000000e+02
9.210000000000000000e+02
7.670000000000000000e+02
8.830000000000000000e+02
9.810000000000000000e+02
6.160000000000000000e+02
9.810000000000000000e+02
8.360000000000000000e+02
5.950000000000000000e+02
4.630000000000000000e+02
8.130000000000000000e+02
5.560000000000000000e+02
6.150000000000000000e+02
4.910000000000000000e+02
8.210000000000000000e+02
3.160000000000000000e+02
6.210000000000000000e+02
6.530000000000000000e+02
5.090000000000000000e+02
8.660000000000000000e+02
6.760000000000000000e+02
4.780000000000000000e+02
6.070000000000000000e+02
6.810000000000000000e+02
9.990000000000000000e+02
9.960000000000000000e+02
5.870000000000000000e+02
7.640000000000000000e+02
8.360000000000000000e+02
7.420000000000000000e+02
7.300000000000000000e+02
9.280000000000000000e+02
9.150000000000000000e+02
5.310000000000000000e+02
6.170000000000000000e+02
7.680000000000000000e+02
4.480000000000000000e+02
6.870000000000000000e+02
8.610000000000000000e+02
6.980000000000000000e+02
6.660000000000000000e+02
9.520000000000000000e+02
9.530000000000000000e+02
9.960000000000000000e+02
6.620000000000000000e+02
8.530000000000000000e+02
5.900000000000000000e+02
8.850000000000000000e+02
8.430000000000000000e+02
7.340000000000000000e+02
6.490000000000000000e+02
9.210000000000000000e+02
8.440000000000000000e+02
7.350000000000000000e+02
6.190000000000000000e+02
9.890000000000000000e+02
5.060000000000000000e+02
5.260000000000000000e+02
5.810000000000000000e+02
5.800000000000000000e+02
4.290000000000000000e+02
3.170000000000000000e+02
7.400000000000000000e+02
4.890000000000000000e+02
4.420000000000000000e+02
8.230000000000000000e+02
6.760000000000000000e+02
9.050000000000000000e+02
3.860000000000000000e+02
6.280000000000000000e+02
4.610000000000000000e+02
5.690000000000000000e+02
8.430000000000000000e+02
3.230000000000000000e+02
7.700000000000000000e+02
6.590000000000000000e+02
3.630000000000000000e+02
3.200000000000000000e+02
6.310000000000000000e+02
7.900000000000000000e+02
8.930000000000000000e+02
8.620000000000000000e+02
3.650000000000000000e+02
5.850000000000000000e+02
8.110000000000000000e+02
9.560000000000000000e+02
6.240000000000000000e+02
8.460000000000000000e+02
5.950000000000000000e+02
8.120000000000000000e+02
8.060000000000000000e+02
9.150000000000000000e+02
6.710000000000000000e+02
7.220000000000000000e+02
4.250000000000000000e+02
6.980000000000000000e+02
4.130000000000000000e+02
3.450000000000000000e+02
7.330000000000000000e+02
