9.800000000000000000e+02
9.880000000000000000e+02
7.280000000000000000e+02
9.000000000000000000e+02
5.290000000000000000e+02
7.260000000000000000e+02
7.690000000000000000e+02
7.640000000000000000e+02
6.530000000000000000e+02
9.910000000000000000e+02
9.590000000000000000e+02
5.920000000000000000e+02
7.770000000000000000e+02
7.770000000000000000e+02
6.240000000000000000e+02
8.480000000000000000e+02
9.950000000000000000e+02
9.990000000000000000e+02
9.270000000000000000e+02
9.230000000000000000e+02
8.220000000000000000e+02
7.650000000000000000e+02
7.560000000000000000e+02
9.230000000000000000e+02
8.850000000000000000e+02
5.410000000000000000e+02
8.510000000000000000e+02
6.190000000000000000e+02
6.170000000000000000e+02
4.280000000000000000e+02
8.120000000000000000e+02
7.510000000000000000e+02
4.040000000000000000e+02
6.730000000000000000e+02
5.290000000000000000e+02
7.480000000000000000e+02
9.130000000000000000e+02
9.540000000000000000e+02
9.650000000000000000e+02
8.340000000000000000e+02
8.050000000000000000e+02
9.940000000000000000e+02
7.350000000000000000e+02
9.490000000000000000e+02
5.490000000000000000e+02
7.710000000000000000e+02
8.050000000000000000e+02
4.270000000000000000e+02
9.790000000000000000e+02
6.780000000000000000e+02
8.470000000000000000e+02
7.070000000000000000e+02
9.910000000000000000e+02
9.870000000000000000e+02
9.020000000000000000e+02
7.950000000000000000e+02
8.060000000000000000e+02
9.960000000000000000e+02
6.200000000000000000e+02
8.730000000000000000e+02
6.170000000000000000e+02
7.420000000000000000e+02
5.510000000000000000e+02
8.210000000000000000e+02
5.670000000000000000e+02
8.230000000000000000e+02
6.840000000000000000e+02
8.110000000000000000e+02
9.820000000000000000e+02
8.630000000000000000e+02
7.430000000000000000e+02
