5.140000000000000000e+02
8.090000000000000000e+02
7.440000000000000000e+02
8.600000000000000000e+02
5.060000000000000000e+02
7.490000000000000000e+02
7.270000000000000000e+02
8.350000000000000000e+02
6.650000000000000000e+02
8.100000000000000000e+02
9.080000000000000000e+02
6.750000000000000000e+02
8.860000000000000000e+02
5.080000000000000000e+02
8.940000000000000000e+02
4.000000000000000000e+02
6.410000000000000000e+02
8.790000000000000000e+02
6.620000000000000000e+02
9.010000000000000000e+02
9.850000000000000000e+02
7.010000000000000000e+02
9.480000000000000000e+02
5.550000000000000000e+02
4.920000000000000000e+02
5.450000000000000000e+02
9.480000000000000000e+02
9.930000000000000000e+02
8.960000000000000000e+02
7.760000000000000000e+02
5.610000000000000000e+02
9.480000000000000000e+02
8.180000000000000000e+02
6.230000000000000000e+02
8.980000000000000000e+02
8.420000000000000000e+02
8.900000000000000000e+02
4.050000000000000000e+02
5.750000000000000000e+02
9.000000000000000000e+02
3.000000000000000000e+02
8.590000000000000000e+02
8.160000000000000000e+02
7.580000000000000000e+02
9.830000000000000000e+02
9.200000000000000000e+02
4.790000000000000000e+02
3.580000000000000000e+02
5.090000000000000000e+02
4.940000000000000000e+02
3.390000000000000000e+02
9.040000000000000000e+02
5.780000000000000000e+02
5.880000000000000000e+02
9.520000000000000000e+02
8.350000000000000000e+02
4.050000000000000000e+02
4.360000000000000000e+02
9.620000000000000000e+02
9.770000000000000000e+02
9.920000000000000000e+02
9.910000000000000000e+02
8.760000000000000000e+02
4.670000000000000000e+02
9.790000000000000000e+02
3.940000000000000000e+02
6.190000000000000000e+02
4.680000000000000000e+02
3.660000000000000000e+02
4.460000000000000000e+02
6.510000000000000000e+02
8.190000000000000000e+02
8.620000000000000000e+02
7.900000000000000000e+02
4.940000000000000000e+02
6.360000000000000000e+02
6.890000000000000000e+02
7.430000000000000000e+02
7.150000000000000000e+02
7.660000000000000000e+02
3.990000000000000000e+02
6.790000000000000000e+02
3.000000000000000000e+02
6.680000000000000000e+02
8.370000000000000000e+02
9.330000000000000000e+02
9.230000000000000000e+02
6.860000000000000000e+02
5.870000000000000000e+02
7.720000000000000000e+02
4.580000000000000000e+02
4.710000000000000000e+02
5.970000000000000000e+02
8.590000000000000000e+02
3.400000000000000000e+02
9.440000000000000000e+02
5.720000000000000000e+02
3.940000000000000000e+02
8.930000000000000000e+02
6.340000000000000000e+02
9.820000000000000000e+02
7.790000000000000000e+02
8.340000000000000000e+02
9.740000000000000000e+02
7.350000000000000000e+02
5.230000000000000000e+02
5.870000000000000000e+02
6.830000000000000000e+02
8.110000000000000000e+02
4.840000000000000000e+02
7.250000000000000000e+02
4.460000000000000000e+02
8.590000000000000000e+02
8.010000000000000000e+02
3.840000000000000000e+02
9.090000000000000000e+02
7.750000000000000000e+02
4.020000000000000000e+02
6.010000000000000000e+02
7.380000000000000000e+02
6.000000000000000000e+02
6.640000000000000000e+02
6.560000000000000000e+02
7.910000000000000000e+02
4.950000000000000000e+02
5.490000000000000000e+02
9.860000000000000000e+02
4.870000000000000000e+02
5.230000000000000000e+02
3.100000000000000000e+02
3.080000000000000000e+02
9.520000000000000000e+02
4.080000000000000000e+02
8.980000000000000000e+02
6.710000000000000000e+02
4.390000000000000000e+02
5.760000000000000000e+02
8.340000000000000000e+02
5.590000000000000000e+02
4.270000000000000000e+02
2.960000000000000000e+02
3.410000000000000000e+02
5.560000000000000000e+02
8.340000000000000000e+02
3.600000000000000000e+02
5.500000000000000000e+02
8.820000000000000000e+02
8.140000000000000000e+02
7.060000000000000000e+02
9.870000000000000000e+02
4.240000000000000000e+02
6.740000000000000000e+02
8.220000000000000000e+02
4.610000000000000000e+02
3.260000000000000000e+02
7.430000000000000000e+02
9.380000000000000000e+02
2.970000000000000000e+02
6.480000000000000000e+02
3.740000000000000000e+02
6.200000000000000000e+02
9.850000000000000000e+02
5.900000000000000000e+02
9.880000000000000000e+02
8.960000000000000000e+02
5.910000000000000000e+02
5.630000000000000000e+02
9.560000000000000000e+02
9.420000000000000000e+02
1.000000000000000000e+03
9.670000000000000000e+02
3.850000000000000000e+02
5.450000000000000000e+02
2.460000000000000000e+02
3.580000000000000000e+02
3.730000000000000000e+02
5.570000000000000000e+02
5.210000000000000000e+02
5.620000000000000000e+02
9.070000000000000000e+02
5.800000000000000000e+02
6.680000000000000000e+02
2.780000000000000000e+02
4.970000000000000000e+02
4.910000000000000000e+02
8.460000000000000000e+02
3.320000000000000000e+02
9.050000000000000000e+02
3.850000000000000000e+02
4.520000000000000000e+02
6.770000000000000000e+02
5.570000000000000000e+02
5.480000000000000000e+02
3.780000000000000000e+02
5.600000000000000000e+02
6.320000000000000000e+02
5.100000000000000000e+02
7.610000000000000000e+02
6.680000000000000000e+02
7.130000000000000000e+02
7.370000000000000000e+02
9.130000000000000000e+02
8.550000000000000000e+02
3.810000000000000000e+02
8.140000000000000000e+02
6.840000000000000000e+02
5.730000000000000000e+02
3.890000000000000000e+02
2.380000000000000000e+02
3.660000000000000000e+02
3.910000000000000000e+02
4.370000000000000000e+02
4.100000000000000000e+02
3.650000000000000000e+02
4.460000000000000000e+02
3.200000000000000000e+02
4.340000000000000000e+02
4.900000000000000000e+02
5.260000000000000000e+02
3.320000000000000000e+02
3.620000000000000000e+02
7.720000000000000000e+02
9.100000000000000000e+02
2.420000000000000000e+02
3.180000000000000000e+02
4.720000000000000000e+02
3.940000000000000000e+02
3.870000000000000000e+02
7.720000000000000000e+02
6.690000000000000000e+02
2.670000000000000000e+02
4.900000000000000000e+02
5.630000000000000000e+02
5.730000000000000000e+02
3.410000000000000000e+02
4.830000000000000000e+02
8.110000000000000000e+02
7.310000000000000000e+02
3.360000000000000000e+02
4.620000000000000000e+02
7.530000000000000000e+02
7.750000000000000000e+02
8.980000000000000000e+02
6.450000000000000000e+02
3.980000000000000000e+02
3.810000000000000000e+02
6.660000000000000000e+02
3.150000000000000000e+02
3.840000000000000000e+02
6.300000000000000000e+02
2.940000000000000000e+02
6.570000000000000000e+02
9.800000000000000000e+02
