0.000000000000000000e+00 0.000000000000000000e+00 0.000000000000000000e+00
0.000000000000000000e+00 0.000000000000000000e+00 0.000000000000000000e+00
0.000000000000000000e+00 0.000000000000000000e+00 0.000000000000000000e+00
0.000000000000000000e+00 0.000000000000000000e+00 0.000000000000000000e+00
0.000000000000000000e+00 0.000000000000000000e+00 0.000000000000000000e+00
0.000000000000000000e+00 0.000000000000000000e+00 0.000000000000000000e+00
-2.781078720092773438e+01 -2.793824768066406250e+01 -2.851320838928222656e+01
-2.781612968444824219e+01 -2.794364547729492188e+01 -2.851869583129882812e+01
-2.781192398071289062e+01 -2.793939971923828125e+01 -2.851437377929687500e+01
-2.782300758361816406e+01 -2.795059394836425781e+01 -2.852575492858886719e+01
-2.782382583618164062e+01 -2.795141410827636719e+01 -2.852659797668457031e+01
-2.781979370117187500e+01 -2.794734573364257812e+01 -2.852245330810546875e+01
-2.782070541381835938e+01 0.000000000000000000e+00 0.000000000000000000e+00
0.000000000000000000e+00 0.000000000000000000e+00 0.000000000000000000e+00
0.000000000000000000e+00 0.000000000000000000e+00 0.000000000000000000e+00
0.000000000000000000e+00 0.000000000000000000e+00 0.000000000000000000e+00
0.000000000000000000e+00 0.000000000000000000e+00 0.000000000000000000e+00
0.000000000000000000e+00 0.000000000000000000e+00 0.000000000000000000e+00
0.000000000000000000e+00 0.000000000000000000e+00 0.000000000000000000e+00
0.000000000000000000e+00 0.000000000000000000e+00 0.000000000000000000e+00
0.000000000000000000e+00 0.000000000000000000e+00 0.000000000000000000e+00
0.000000000000000000e+00 0.000000000000000000e+00 0.000000000000000000e+00
0.000000000000000000e+00 0.000000000000000000e+00 0.000000000000000000e+00
0.000000000000000000e+00 0.000000000000000000e+00 0.000000000000000000e+00
0.000000000000000000e+00 0.000000000000000000e+00 0.000000000000000000e+00
-2.779111289978027344e+01 -2.791838455200195312e+01 -2.849300193786621094e+01
-2.779636573791503906e+01 -2.792368507385253906e+01 -2.849839782714843750e+01
-2.778137969970703125e+01 -2.790855407714843750e+01 -2.848300170898437500e+01
-2.779772186279296875e+01 -2.792504692077636719e+01 -2.849978446960449219e+01
-2.779665565490722656e+01 -2.792397689819335938e+01 -2.849869346618652344e+01
-2.779907417297363281e+01 -2.792642211914062500e+01 -2.850117874145507812e+01
-2.780995178222656250e+01 -2.793740081787109375e+01 -2.851235198974609375e+01
-2.779808044433593750e+01 -2.792541694641113281e+01 -2.850016212463378906e+01
-2.780430603027343750e+01 -2.793169975280761719e+01 -2.850654983520507812e+01
0.000000000000000000e+00 0.000000000000000000e+00 0.000000000000000000e+00
0.000000000000000000e+00 0.000000000000000000e+00 0.000000000000000000e+00
0.000000000000000000e+00 0.000000000000000000e+00 0.000000000000000000e+00
0.000000000000000000e+00 0.000000000000000000e+00 0.000000000000000000e+00
0.000000000000000000e+00 0.000000000000000000e+00 0.000000000000000000e+00
0.000000000000000000e+00 0.000000000000000000e+00 0.000000000000000000e+00
0.000000000000000000e+00 0.000000000000000000e+00 0.000000000000000000e+00
0.000000000000000000e+00 0.000000000000000000e+00 0.000000000000000000e+00
0.000000000000000000e+00 0.000000000000000000e+00 0.000000000000000000e+00
0.000000000000000000e+00 0.000000000000000000e+00 0.000000000000000000e+00
0.000000000000000000e+00 0.000000000000000000e+00 0.000000000000000000e+00
-2.774895095825195312e+01 -2.787595367431640625e+01 -2.844971466064453125e+01
-2.775476837158203125e+01 -2.788176918029785156e+01 -2.845568466186523438e+01
-2.777528953552246094e+01 -2.790241241455078125e+01 -2.847674560546875000e+01
-2.777149200439453125e+01 -2.789858627319335938e+01 -2.847284698486328125e+01
-2.777338218688964844e+01 -2.790047836303710938e+01 -2.847478866577148438e+01
-2.777773094177246094e+01 -2.790487289428710938e+01 -2.847926139831542969e+01
-2.779079055786132812e+01 -2.791805648803710938e+01 -2.849267387390136719e+01
-2.777587699890136719e+01 -2.790299797058105469e+01 -2.847735023498535156e+01
-2.776782417297363281e+01 -2.789488792419433594e+01 -2.846908187866210938e+01
-2.777121734619140625e+01 -2.789830970764160156e+01 -2.847256851196289062e+01
0.000000000000000000e+00 0.000000000000000000e+00 0.000000000000000000e+00
0.000000000000000000e+00 0.000000000000000000e+00 0.000000000000000000e+00
0.000000000000000000e+00 0.000000000000000000e+00 0.000000000000000000e+00
0.000000000000000000e+00 0.000000000000000000e+00 0.000000000000000000e+00
0.000000000000000000e+00 0.000000000000000000e+00 0.000000000000000000e+00
0.000000000000000000e+00 0.000000000000000000e+00 0.000000000000000000e+00
0.000000000000000000e+00 0.000000000000000000e+00 0.000000000000000000e+00
0.000000000000000000e+00 0.000000000000000000e+00 0.000000000000000000e+00
0.000000000000000000e+00 0.000000000000000000e+00 0.000000000000000000e+00
-2.773640823364257812e+01 -2.786342048645019531e+01 -2.843686866760253906e+01
-2.772382736206054688e+01 -2.785094833374023438e+01 -2.842401504516601562e+01
-2.773462104797363281e+01 -2.786167144775390625e+01 -2.843504142761230469e+01
-2.774898719787597656e+01 -2.787598609924316406e+01 -2.844974708557128906e+01
-2.774353218078613281e+01 -2.787053298950195312e+01 -2.844415855407714844e+01
-2.775201606750488281e+01 -2.787900733947753906e+01 -2.845285224914550781e+01
-2.775215911865234375e+01 -2.787912940979003906e+01 -2.845300102233886719e+01
-2.774709892272949219e+01 -2.787409782409667969e+01 -2.844781684875488281e+01
-2.775805091857910156e+01 -2.788507652282714844e+01 -2.845905303955078125e+01
-2.774894332885742188e+01 -2.787595176696777344e+01 -2.844970893859863281e+01
-2.775290107727050781e+01 -2.787991142272949219e+01 -2.845376968383789062e+01
-2.774945831298828125e+01 -2.787646675109863281e+01 -2.845023345947265625e+01
0.000000000000000000e+00 0.000000000000000000e+00 0.000000000000000000e+00
0.000000000000000000e+00 0.000000000000000000e+00 0.000000000000000000e+00
0.000000000000000000e+00 0.000000000000000000e+00 0.000000000000000000e+00
0.000000000000000000e+00 0.000000000000000000e+00 0.000000000000000000e+00
0.000000000000000000e+00 0.000000000000000000e+00 0.000000000000000000e+00
0.000000000000000000e+00 0.000000000000000000e+00 0.000000000000000000e+00
0.000000000000000000e+00 0.000000000000000000e+00 0.000000000000000000e+00
0.000000000000000000e+00 0.000000000000000000e+00 0.000000000000000000e+00
-2.771770095825195312e+01 -2.784499740600585938e+01 -2.841780281066894531e+01
-2.771853446960449219e+01 -2.784579658508300781e+01 -2.841864585876464844e+01
-2.771834945678710938e+01 -2.784577751159667969e+01 -2.841851997375488281e+01
-2.772152328491210938e+01 -2.784877014160156250e+01 -2.842170143127441406e+01
-2.771343994140625000e+01 -2.784073829650878906e+01 -2.841344261169433594e+01
-2.771870803833007812e+01 -2.784592437744140625e+01 -2.841880798339843750e+01
-2.772426986694335938e+01 -2.785149383544921875e+01 -2.842450332641601562e+01
-2.772015762329101562e+01 -2.784734153747558594e+01 -2.842027473449707031e+01
-2.772852134704589844e+01 -2.785571479797363281e+01 -2.842884445190429688e+01
-2.773742485046386719e+01 -2.786448287963867188e+01 -2.843791580200195312e+01
-2.772644424438476562e+01 -2.785360145568847656e+01 -2.842670631408691406e+01
-2.772996711730957031e+01 -2.785700035095214844e+01 -2.843027305603027344e+01
0.000000000000000000e+00 0.000000000000000000e+00 0.000000000000000000e+00
0.000000000000000000e+00 0.000000000000000000e+00 0.000000000000000000e+00
0.000000000000000000e+00 0.000000000000000000e+00 0.000000000000000000e+00
0.000000000000000000e+00 0.000000000000000000e+00 0.000000000000000000e+00
0.000000000000000000e+00 0.000000000000000000e+00 0.000000000000000000e+00
0.000000000000000000e+00 0.000000000000000000e+00 0.000000000000000000e+00
0.000000000000000000e+00 0.000000000000000000e+00 0.000000000000000000e+00
0.000000000000000000e+00 0.000000000000000000e+00 0.000000000000000000e+00
-2.771517372131347656e+01 -2.784289169311523438e+01 -2.841539573669433594e+01
-2.771637535095214844e+01 -2.784398460388183594e+01 -2.841657638549804688e+01
-2.772108840942382812e+01 -2.784868049621582031e+01 -2.842139625549316406e+01
-2.772096443176269531e+01 -2.784848213195800781e+01 -2.842123603820800781e+01
-2.771820068359375000e+01 -2.784568977355957031e+01 -2.841839981079101562e+01
-2.771648406982421875e+01 -2.784389305114746094e+01 -2.841660690307617188e+01
-2.771973609924316406e+01 -2.784722137451171875e+01 -2.841996955871582031e+01
-2.772417831420898438e+01 -2.785173988342285156e+01 -2.842454910278320312e+01
-2.771720314025878906e+01 -2.784451866149902344e+01 -2.841730499267578125e+01
-2.771694374084472656e+01 -2.784422874450683594e+01 -2.841702651977539062e+01
-2.771579742431640625e+01 -2.784310340881347656e+01 -2.841586303710937500e+01
-2.772295379638671875e+01 -2.785017204284667969e+01 -2.842315673828125000e+01
0.000000000000000000e+00 0.000000000000000000e+00 0.000000000000000000e+00
0.000000000000000000e+00 0.000000000000000000e+00 0.000000000000000000e+00
0.000000000000000000e+00 0.000000000000000000e+00 0.000000000000000000e+00
0.000000000000000000e+00 0.000000000000000000e+00 0.000000000000000000e+00
0.000000000000000000e+00 0.000000000000000000e+00 0.000000000000000000e+00
0.000000000000000000e+00 0.000000000000000000e+00 0.000000000000000000e+00
0.000000000000000000e+00 0.000000000000000000e+00 0.000000000000000000e+00
0.000000000000000000e+00 0.000000000000000000e+00 0.000000000000000000e+00
-2.771371269226074219e+01 -2.784143638610839844e+01 -2.841390419006347656e+01
-2.771447181701660156e+01 -2.784221649169921875e+01 -2.841469573974609375e+01
-2.770809555053710938e+01 -2.783585166931152344e+01 -2.840816688537597656e+01
-2.771238708496093750e+01 -2.784012031555175781e+01 -2.841254615783691406e+01
-2.771891403198242188e+01 -2.784659957885742188e+01 -2.841920661926269531e+01
-2.771891403198242188e+01 -2.784659957885742188e+01 -2.841920661926269531e+01
-2.771531867980957031e+01 -2.784306144714355469e+01 -2.841555404663085938e+01
-2.771377182006835938e+01 -2.784150505065917969e+01 -2.841396713256835938e+01
-2.771689987182617188e+01 -2.784458160400390625e+01 -2.841714668273925781e+01
-2.771698188781738281e+01 -2.784464645385742188e+01 -2.841722106933593750e+01
-2.771435737609863281e+01 -2.784190368652343750e+01 -2.841448402404785156e+01
-2.771826171875000000e+01 -2.784595489501953125e+01 -2.841854476928710938e+01
0.000000000000000000e+00 0.000000000000000000e+00 0.000000000000000000e+00
0.000000000000000000e+00 0.000000000000000000e+00 0.000000000000000000e+00
0.000000000000000000e+00 0.000000000000000000e+00 0.000000000000000000e+00
0.000000000000000000e+00 0.000000000000000000e+00 0.000000000000000000e+00
0.000000000000000000e+00 0.000000000000000000e+00 0.000000000000000000e+00
0.000000000000000000e+00 0.000000000000000000e+00 0.000000000000000000e+00
0.000000000000000000e+00 0.000000000000000000e+00 0.000000000000000000e+00
0.000000000000000000e+00 0.000000000000000000e+00 0.000000000000000000e+00
-2.771145439147949219e+01 -2.783919143676757812e+01 -2.841160202026367188e+01
-2.771108055114746094e+01 -2.783882713317871094e+01 -2.841122055053710938e+01
-2.770789337158203125e+01 -2.783561325073242188e+01 -2.840794754028320312e+01
-2.771138381958007812e+01 -2.783914947509765625e+01 -2.841153907775878906e+01
-2.770950317382812500e+01 -2.783725547790527344e+01 -2.840961265563964844e+01
-2.771290206909179688e+01 -2.784066390991210938e+01 -2.841308975219726562e+01
-2.770610046386718750e+01 -2.783386611938476562e+01 -2.840613174438476562e+01
-2.771072959899902344e+01 -2.783849334716796875e+01 -2.841086959838867188e+01
-2.771276855468750000e+01 -2.784052467346191406e+01 -2.841295051574707031e+01
-2.770975303649902344e+01 -2.783751869201660156e+01 -2.840986824035644531e+01
-2.771115112304687500e+01 -2.783890724182128906e+01 -2.841129684448242188e+01
-2.771533584594726562e+01 -2.784306907653808594e+01 -2.841556358337402344e+01
0.000000000000000000e+00 0.000000000000000000e+00 0.000000000000000000e+00
0.000000000000000000e+00 0.000000000000000000e+00 0.000000000000000000e+00
0.000000000000000000e+00 0.000000000000000000e+00 0.000000000000000000e+00
0.000000000000000000e+00 0.000000000000000000e+00 0.000000000000000000e+00
0.000000000000000000e+00 0.000000000000000000e+00 0.000000000000000000e+00
0.000000000000000000e+00 0.000000000000000000e+00 0.000000000000000000e+00
0.000000000000000000e+00 0.000000000000000000e+00 0.000000000000000000e+00
0.000000000000000000e+00 0.000000000000000000e+00 0.000000000000000000e+00
-2.769605636596679688e+01 -2.782333946228027344e+01 -2.839564895629882812e+01
-2.769762802124023438e+01 -2.782507705688476562e+01 -2.839732551574707031e+01
-2.770177841186523438e+01 -2.782926368713378906e+01 -2.840158843994140625e+01
-2.770850944519042969e+01 -2.783612632751464844e+01 -2.840853500366210938e+01
-2.770191955566406250e+01 -2.782948684692382812e+01 -2.840177345275878906e+01
-2.771555137634277344e+01 -2.784327125549316406e+01 -2.841578865051269531e+01
-2.770978164672851562e+01 -2.783746528625488281e+01 -2.840986442565917969e+01
-2.770731735229492188e+01 -2.783505821228027344e+01 -2.840736961364746094e+01
-2.770809745788574219e+01 -2.783580970764160156e+01 -2.840815162658691406e+01
-2.770954513549804688e+01 -2.783726310729980469e+01 -2.840963745117187500e+01
-2.770758438110351562e+01 -2.783532142639160156e+01 -2.840763854980468750e+01
-2.770987510681152344e+01 -2.783758926391601562e+01 -2.840997695922851562e+01
0.000000000000000000e+00 0.000000000000000000e+00 0.000000000000000000e+00
0.000000000000000000e+00 0.000000000000000000e+00 0.000000000000000000e+00
0.000000000000000000e+00 0.000000000000000000e+00 0.000000000000000000e+00
0.000000000000000000e+00 0.000000000000000000e+00 0.000000000000000000e+00
0.000000000000000000e+00 0.000000000000000000e+00 0.000000000000000000e+00
0.000000000000000000e+00 0.000000000000000000e+00 0.000000000000000000e+00
0.000000000000000000e+00 0.000000000000000000e+00 0.000000000000000000e+00
0.000000000000000000e+00 0.000000000000000000e+00 0.000000000000000000e+00
0.000000000000000000e+00 0.000000000000000000e+00 0.000000000000000000e+00
-2.769252014160156250e+01 0.000000000000000000e+00 0.000000000000000000e+00
-2.769177246093750000e+01 -2.781896781921386719e+01 -2.839122962951660156e+01
-2.768760681152343750e+01 -2.781461143493652344e+01 -2.838688468933105469e+01
-2.769232177734375000e+01 -2.781961822509765625e+01 -2.839183425903320312e+01
-2.769437026977539062e+01 -2.782172775268554688e+01 -2.839395332336425781e+01
-2.769101715087890625e+01 -2.781834030151367188e+01 -2.839051055908203125e+01
-2.770226669311523438e+01 -2.782976150512695312e+01 -2.840209579467773438e+01
-2.770013999938964844e+01 -2.782756996154785156e+01 -2.839989089965820312e+01
-2.769353103637695312e+01 -2.782083320617675781e+01 -2.839307403564453125e+01
-2.770529747009277344e+01 -2.783288002014160156e+01 -2.840523529052734375e+01
0.000000000000000000e+00 0.000000000000000000e+00 0.000000000000000000e+00
0.000000000000000000e+00 0.000000000000000000e+00 0.000000000000000000e+00
0.000000000000000000e+00 0.000000000000000000e+00 0.000000000000000000e+00
0.000000000000000000e+00 0.000000000000000000e+00 0.000000000000000000e+00
0.000000000000000000e+00 0.000000000000000000e+00 0.000000000000000000e+00
0.000000000000000000e+00 0.000000000000000000e+00 0.000000000000000000e+00
0.000000000000000000e+00 0.000000000000000000e+00 0.000000000000000000e+00
0.000000000000000000e+00 0.000000000000000000e+00 0.000000000000000000e+00
0.000000000000000000e+00 0.000000000000000000e+00 0.000000000000000000e+00
0.000000000000000000e+00 0.000000000000000000e+00 0.000000000000000000e+00
0.000000000000000000e+00 0.000000000000000000e+00 0.000000000000000000e+00
-2.766758155822753906e+01 -2.779411506652832031e+01 -2.836621856689453125e+01
-2.768508911132812500e+01 -2.781184959411621094e+01 -2.838421630859375000e+01
-2.768017387390136719e+01 -2.780689048767089844e+01 -2.837916946411132812e+01
-2.768614578247070312e+01 -2.781302452087402344e+01 -2.838534355163574219e+01
-2.767953300476074219e+01 -2.780620384216308594e+01 -2.837849235534667969e+01
-2.767937088012695312e+01 -2.780622482299804688e+01 -2.837839508056640625e+01
-2.768556404113769531e+01 -2.781265640258789062e+01 -2.838483238220214844e+01
-2.769408226013183594e+01 -2.782114028930664062e+01 -2.839353561401367188e+01
-2.769305610656738281e+01 -2.782019042968750000e+01 -2.839251899719238281e+01
0.000000000000000000e+00 0.000000000000000000e+00 0.000000000000000000e+00
0.000000000000000000e+00 0.000000000000000000e+00 0.000000000000000000e+00
0.000000000000000000e+00 0.000000000000000000e+00 0.000000000000000000e+00
0.000000000000000000e+00 0.000000000000000000e+00 0.000000000000000000e+00
0.000000000000000000e+00 0.000000000000000000e+00 0.000000000000000000e+00
0.000000000000000000e+00 0.000000000000000000e+00 0.000000000000000000e+00
0.000000000000000000e+00 0.000000000000000000e+00 0.000000000000000000e+00
0.000000000000000000e+00 0.000000000000000000e+00 0.000000000000000000e+00
0.000000000000000000e+00 0.000000000000000000e+00 0.000000000000000000e+00
0.000000000000000000e+00 0.000000000000000000e+00 0.000000000000000000e+00
0.000000000000000000e+00 0.000000000000000000e+00 0.000000000000000000e+00
0.000000000000000000e+00 0.000000000000000000e+00 0.000000000000000000e+00
-2.765826606750488281e+01 -2.778442001342773438e+01 -2.835659980773925781e+01
-2.766737174987792969e+01 0.000000000000000000e+00 0.000000000000000000e+00
-2.766409492492675781e+01 -2.779047775268554688e+01 -2.836261558532714844e+01
-2.767120552062988281e+01 -2.779767227172851562e+01 -2.836992073059082031e+01
-2.765911102294921875e+01 -2.778523635864257812e+01 -2.835745811462402344e+01
0.000000000000000000e+00 0.000000000000000000e+00 0.000000000000000000e+00
-2.767330360412597656e+01 -2.779980850219726562e+01 -2.837207794189453125e+01
0.000000000000000000e+00 0.000000000000000000e+00 0.000000000000000000e+00
0.000000000000000000e+00 0.000000000000000000e+00 0.000000000000000000e+00
0.000000000000000000e+00 0.000000000000000000e+00 0.000000000000000000e+00
0.000000000000000000e+00 0.000000000000000000e+00 0.000000000000000000e+00
0.000000000000000000e+00 0.000000000000000000e+00 0.000000000000000000e+00
0.000000000000000000e+00 0.000000000000000000e+00 0.000000000000000000e+00
0.000000000000000000e+00 0.000000000000000000e+00 0.000000000000000000e+00
0.000000000000000000e+00 0.000000000000000000e+00 0.000000000000000000e+00
0.000000000000000000e+00 0.000000000000000000e+00 0.000000000000000000e+00
0.000000000000000000e+00 0.000000000000000000e+00 0.000000000000000000e+00
0.000000000000000000e+00 0.000000000000000000e+00 0.000000000000000000e+00
0.000000000000000000e+00 0.000000000000000000e+00 0.000000000000000000e+00
0.000000000000000000e+00 0.000000000000000000e+00 0.000000000000000000e+00
0.000000000000000000e+00 0.000000000000000000e+00 0.000000000000000000e+00
0.000000000000000000e+00 0.000000000000000000e+00 0.000000000000000000e+00
0.000000000000000000e+00 0.000000000000000000e+00 0.000000000000000000e+00
0.000000000000000000e+00 0.000000000000000000e+00 0.000000000000000000e+00
0.000000000000000000e+00 0.000000000000000000e+00 0.000000000000000000e+00
0.000000000000000000e+00 0.000000000000000000e+00 0.000000000000000000e+00
0.000000000000000000e+00 0.000000000000000000e+00 0.000000000000000000e+00
0.000000000000000000e+00 0.000000000000000000e+00 0.000000000000000000e+00
0.000000000000000000e+00 0.000000000000000000e+00 0.000000000000000000e+00
0.000000000000000000e+00 0.000000000000000000e+00 0.000000000000000000e+00
0.000000000000000000e+00 0.000000000000000000e+00 0.000000000000000000e+00
0.000000000000000000e+00 0.000000000000000000e+00 0.000000000000000000e+00
0.000000000000000000e+00 0.000000000000000000e+00 0.000000000000000000e+00
0.000000000000000000e+00 0.000000000000000000e+00 0.000000000000000000e+00
0.000000000000000000e+00 0.000000000000000000e+00 0.000000000000000000e+00
0.000000000000000000e+00 0.000000000000000000e+00 0.000000000000000000e+00
0.000000000000000000e+00 0.000000000000000000e+00 0.000000000000000000e+00
0.000000000000000000e+00 0.000000000000000000e+00 0.000000000000000000e+00
0.000000000000000000e+00 0.000000000000000000e+00 0.000000000000000000e+00
0.000000000000000000e+00 0.000000000000000000e+00 0.000000000000000000e+00
0.000000000000000000e+00 0.000000000000000000e+00 0.000000000000000000e+00
0.000000000000000000e+00 0.000000000000000000e+00 0.000000000000000000e+00
0.000000000000000000e+00 0.000000000000000000e+00 0.000000000000000000e+00
0.000000000000000000e+00 0.000000000000000000e+00 0.000000000000000000e+00
0.000000000000000000e+00 0.000000000000000000e+00 0.000000000000000000e+00
0.000000000000000000e+00 0.000000000000000000e+00 0.000000000000000000e+00
0.000000000000000000e+00 0.000000000000000000e+00 0.000000000000000000e+00
0.000000000000000000e+00 0.000000000000000000e+00 0.000000000000000000e+00
0.000000000000000000e+00 0.000000000000000000e+00 0.000000000000000000e+00
0.000000000000000000e+00 0.000000000000000000e+00 0.000000000000000000e+00
0.000000000000000000e+00 0.000000000000000000e+00 0.000000000000000000e+00
0.000000000000000000e+00 0.000000000000000000e+00 0.000000000000000000e+00
0.000000000000000000e+00 0.000000000000000000e+00 0.000000000000000000e+00
0.000000000000000000e+00 0.000000000000000000e+00 0.000000000000000000e+00
0.000000000000000000e+00 0.000000000000000000e+00 0.000000000000000000e+00
0.000000000000000000e+00 0.000000000000000000e+00 0.000000000000000000e+00
0.000000000000000000e+00 0.000000000000000000e+00 0.000000000000000000e+00
0.000000000000000000e+00 0.000000000000000000e+00 0.000000000000000000e+00
0.000000000000000000e+00 0.000000000000000000e+00 0.000000000000000000e+00
0.000000000000000000e+00 0.000000000000000000e+00 0.000000000000000000e+00
0.000000000000000000e+00 0.000000000000000000e+00 0.000000000000000000e+00
0.000000000000000000e+00 0.000000000000000000e+00 0.000000000000000000e+00
0.000000000000000000e+00 0.000000000000000000e+00 0.000000000000000000e+00
0.000000000000000000e+00 0.000000000000000000e+00 0.000000000000000000e+00
0.000000000000000000e+00 0.000000000000000000e+00 0.000000000000000000e+00
0.000000000000000000e+00 0.000000000000000000e+00 0.000000000000000000e+00
0.000000000000000000e+00 0.000000000000000000e+00 0.000000000000000000e+00
0.000000000000000000e+00 0.000000000000000000e+00 0.000000000000000000e+00
0.000000000000000000e+00 0.000000000000000000e+00 0.000000000000000000e+00
0.000000000000000000e+00 0.000000000000000000e+00 0.000000000000000000e+00
0.000000000000000000e+00 0.000000000000000000e+00 0.000000000000000000e+00
0.000000000000000000e+00 0.000000000000000000e+00 0.000000000000000000e+00
0.000000000000000000e+00 0.000000000000000000e+00 0.000000000000000000e+00
0.000000000000000000e+00 0.000000000000000000e+00 0.000000000000000000e+00
0.000000000000000000e+00 0.000000000000000000e+00 0.000000000000000000e+00
0.000000000000000000e+00 0.000000000000000000e+00 0.000000000000000000e+00
0.000000000000000000e+00 0.000000000000000000e+00 0.000000000000000000e+00
0.000000000000000000e+00 0.000000000000000000e+00 0.000000000000000000e+00
0.000000000000000000e+00 0.000000000000000000e+00 0.000000000000000000e+00
0.000000000000000000e+00 0.000000000000000000e+00 0.000000000000000000e+00
0.000000000000000000e+00 0.000000000000000000e+00 0.000000000000000000e+00
0.000000000000000000e+00 0.000000000000000000e+00 0.000000000000000000e+00
0.000000000000000000e+00 0.000000000000000000e+00 0.000000000000000000e+00
0.000000000000000000e+00 0.000000000000000000e+00 0.000000000000000000e+00
0.000000000000000000e+00 0.000000000000000000e+00 0.000000000000000000e+00
0.000000000000000000e+00 0.000000000000000000e+00 0.000000000000000000e+00
0.000000000000000000e+00 0.000000000000000000e+00 0.000000000000000000e+00
0.000000000000000000e+00 0.000000000000000000e+00 0.000000000000000000e+00
0.000000000000000000e+00 0.000000000000000000e+00 0.000000000000000000e+00
0.000000000000000000e+00 0.000000000000000000e+00 0.000000000000000000e+00
0.000000000000000000e+00 0.000000000000000000e+00 0.000000000000000000e+00
0.000000000000000000e+00 0.000000000000000000e+00 0.000000000000000000e+00
0.000000000000000000e+00 0.000000000000000000e+00 0.000000000000000000e+00
0.000000000000000000e+00 0.000000000000000000e+00 0.000000000000000000e+00
0.000000000000000000e+00 0.000000000000000000e+00 0.000000000000000000e+00
0.000000000000000000e+00 0.000000000000000000e+00 0.000000000000000000e+00
0.000000000000000000e+00 0.000000000000000000e+00 0.000000000000000000e+00
0.000000000000000000e+00 0.000000000000000000e+00 0.000000000000000000e+00
0.000000000000000000e+00 0.000000000000000000e+00 0.000000000000000000e+00
0.000000000000000000e+00 0.000000000000000000e+00 0.000000000000000000e+00
0.000000000000000000e+00 0.000000000000000000e+00 0.000000000000000000e+00
0.000000000000000000e+00 0.000000000000000000e+00 0.000000000000000000e+00
0.000000000000000000e+00 0.000000000000000000e+00 0.000000000000000000e+00
0.000000000000000000e+00 0.000000000000000000e+00 0.000000000000000000e+00
0.000000000000000000e+00 0.000000000000000000e+00 0.000000000000000000e+00
0.000000000000000000e+00 0.000000000000000000e+00 0.000000000000000000e+00
0.000000000000000000e+00 0.000000000000000000e+00 0.000000000000000000e+00
0.000000000000000000e+00 0.000000000000000000e+00 0.000000000000000000e+00
0.000000000000000000e+00 0.000000000000000000e+00 0.000000000000000000e+00
0.000000000000000000e+00 0.000000000000000000e+00 0.000000000000000000e+00
0.000000000000000000e+00 0.000000000000000000e+00 0.000000000000000000e+00
0.000000000000000000e+00 0.000000000000000000e+00 0.000000000000000000e+00
0.000000000000000000e+00 0.000000000000000000e+00 0.000000000000000000e+00
0.000000000000000000e+00 0.000000000000000000e+00 0.000000000000000000e+00
0.000000000000000000e+00 0.000000000000000000e+00 0.000000000000000000e+00
0.000000000000000000e+00 0.000000000000000000e+00 0.000000000000000000e+00
0.000000000000000000e+00 0.000000000000000000e+00 0.000000000000000000e+00
0.000000000000000000e+00 0.000000000000000000e+00 0.000000000000000000e+00
0.000000000000000000e+00 0.000000000000000000e+00 0.000000000000000000e+00
0.000000000000000000e+00 0.000000000000000000e+00 0.000000000000000000e+00
0.000000000000000000e+00 0.000000000000000000e+00 0.000000000000000000e+00
0.000000000000000000e+00 0.000000000000000000e+00 0.000000000000000000e+00
0.000000000000000000e+00 0.000000000000000000e+00 0.000000000000000000e+00
0.000000000000000000e+00 0.000000000000000000e+00 0.000000000000000000e+00
0.000000000000000000e+00 0.000000000000000000e+00 0.000000000000000000e+00
0.000000000000000000e+00 0.000000000000000000e+00 0.000000000000000000e+00
0.000000000000000000e+00 0.000000000000000000e+00 0.000000000000000000e+00
0.000000000000000000e+00 0.000000000000000000e+00 0.000000000000000000e+00
0.000000000000000000e+00 0.000000000000000000e+00 0.000000000000000000e+00
0.000000000000000000e+00 0.000000000000000000e+00 0.000000000000000000e+00
0.000000000000000000e+00 0.000000000000000000e+00 0.000000000000000000e+00
0.000000000000000000e+00 0.000000000000000000e+00 0.000000000000000000e+00
0.000000000000000000e+00 0.000000000000000000e+00 0.000000000000000000e+00
0.000000000000000000e+00 0.000000000000000000e+00 0.000000000000000000e+00
0.000000000000000000e+00 0.000000000000000000e+00 0.000000000000000000e+00
0.000000000000000000e+00 0.000000000000000000e+00 0.000000000000000000e+00
0.000000000000000000e+00 0.000000000000000000e+00 0.000000000000000000e+00
0.000000000000000000e+00 0.000000000000000000e+00 0.000000000000000000e+00
0.000000000000000000e+00 0.000000000000000000e+00 0.000000000000000000e+00
0.000000000000000000e+00 0.000000000000000000e+00 0.000000000000000000e+00
0.000000000000000000e+00 0.000000000000000000e+00 0.000000000000000000e+00
0.000000000000000000e+00 0.000000000000000000e+00 0.000000000000000000e+00
0.000000000000000000e+00 0.000000000000000000e+00 0.000000000000000000e+00
0.000000000000000000e+00 0.000000000000000000e+00 0.000000000000000000e+00
0.000000000000000000e+00 0.000000000000000000e+00 0.000000000000000000e+00
0.000000000000000000e+00 0.000000000000000000e+00 0.000000000000000000e+00
0.000000000000000000e+00 0.000000000000000000e+00 0.000000000000000000e+00
0.000000000000000000e+00 0.000000000000000000e+00 0.000000000000000000e+00
0.000000000000000000e+00 0.000000000000000000e+00 0.000000000000000000e+00
0.000000000000000000e+00 0.000000000000000000e+00 0.000000000000000000e+00
0.000000000000000000e+00 0.000000000000000000e+00 0.000000000000000000e+00
0.000000000000000000e+00 0.000000000000000000e+00 0.000000000000000000e+00
0.000000000000000000e+00 0.000000000000000000e+00 0.000000000000000000e+00
0.000000000000000000e+00 0.000000000000000000e+00 0.000000000000000000e+00
0.000000000000000000e+00 0.000000000000000000e+00 0.000000000000000000e+00
0.000000000000000000e+00 0.000000000000000000e+00 0.000000000000000000e+00
0.000000000000000000e+00 0.000000000000000000e+00 0.000000000000000000e+00
0.000000000000000000e+00 0.000000000000000000e+00 0.000000000000000000e+00
0.000000000000000000e+00 0.000000000000000000e+00 0.000000000000000000e+00
0.000000000000000000e+00 0.000000000000000000e+00 0.000000000000000000e+00
0.000000000000000000e+00 0.000000000000000000e+00 0.000000000000000000e+00
0.000000000000000000e+00 0.000000000000000000e+00 0.000000000000000000e+00
0.000000000000000000e+00 0.000000000000000000e+00 0.000000000000000000e+00
0.000000000000000000e+00 0.000000000000000000e+00 0.000000000000000000e+00
0.000000000000000000e+00 0.000000000000000000e+00 0.000000000000000000e+00
0.000000000000000000e+00 0.000000000000000000e+00 0.000000000000000000e+00
0.000000000000000000e+00 0.000000000000000000e+00 0.000000000000000000e+00
0.000000000000000000e+00 0.000000000000000000e+00 0.000000000000000000e+00
0.000000000000000000e+00 0.000000000000000000e+00 0.000000000000000000e+00
0.000000000000000000e+00 0.000000000000000000e+00 0.000000000000000000e+00
0.000000000000000000e+00 0.000000000000000000e+00 0.000000000000000000e+00
0.000000000000000000e+00 0.000000000000000000e+00 0.000000000000000000e+00
0.000000000000000000e+00 0.000000000000000000e+00 0.000000000000000000e+00
