-9.739137291908264160e-01
-4.000403583049774170e-01
-8.930001854896545410e-01
-7.337801456451416016e-01
-1.293055295944213867e+00
-7.151411175727844238e-01
-5.851947665214538574e-01
-5.013272166252136230e-01
-1.783985614776611328e+00
-3.619043588638305664e+00
-3.151224613189697266e+00
-3.206224203109741211e+00
-2.245082616806030273e+00
-2.054225444793701172e+00
-2.704125881195068359e+00
-3.381571769714355469e+00
-3.361111402511596680e+00
-3.073409318923950195e+00
-1.980120658874511719e+00
-2.698055982589721680e+00
-3.318861722946166992e+00
-3.076731920242309570e+00
-3.180860280990600586e+00
-2.926150798797607422e+00
-5.308683872222900391e+00
-3.303829669952392578e+00
-2.545187234878540039e+00
-2.957481622695922852e+00
-4.630138874053955078e+00
-2.765144586563110352e+00
-3.263930320739746094e+00
-3.601561307907104492e+00
-3.319224834442138672e+00
-1.911194682121276855e+00
-4.188985347747802734e+00
-2.422830581665039062e+00
-4.151184558868408203e+00
-4.475361824035644531e+00
-3.193076133728027344e+00
-3.013345241546630859e+00
-2.708644628524780273e+00
-4.399126052856445312e+00
-4.341153621673583984e+00
-3.539484739303588867e+00
-3.123563051223754883e+00
-3.237146615982055664e+00
-4.547186851501464844e+00
-4.696199417114257812e+00
-3.431962728500366211e+00
-4.336666584014892578e+00
-3.542258262634277344e+00
-3.407769918441772461e+00
-3.586010694503784180e+00
-3.350503444671630859e+00
-3.828794479370117188e+00
-3.353925466537475586e+00
-3.850834369659423828e+00
-4.106410980224609375e+00
-3.882319927215576172e+00
-3.352641582489013672e+00
-4.719485282897949219e+00
-5.735217094421386719e+00
-4.781303405761718750e+00
-7.299255371093750000e+00
-5.276838302612304688e+00
-4.034865856170654297e+00
-4.824900627136230469e+00
-4.167965412139892578e+00
-4.988955497741699219e+00
-4.067181110382080078e+00
-3.594624519348144531e+00
-5.438701152801513672e+00
-4.317883014678955078e+00
-4.780451297760009766e+00
-5.997697830200195312e+00
-4.285309314727783203e+00
-5.299091815948486328e+00
-6.144222736358642578e+00
-4.606246471405029297e+00
-4.245073795318603516e+00
-4.839264392852783203e+00
-4.567482948303222656e+00
-4.612741947174072266e+00
-5.148696899414062500e+00
-3.513945341110229492e+00
-5.597579002380371094e+00
-6.322719097137451172e+00
-7.518316268920898438e+00
-7.754942417144775391e+00
-6.735310077667236328e+00
-6.868082046508789062e+00
-6.843377590179443359e+00
-4.321300029754638672e+00
-4.900711059570312500e+00
-5.424122333526611328e+00
-6.973190307617187500e+00
-6.279360771179199219e+00
-5.498267650604248047e+00
-6.527488708496093750e+00
-6.197325229644775391e+00
-5.813069343566894531e+00
-6.892897129058837891e+00
-7.589652061462402344e+00
-7.405698299407958984e+00
-8.030822753906250000e+00
-6.102118968963623047e+00
-8.231048583984375000e+00
-7.919436454772949219e+00
-4.634943962097167969e+00
-4.069424629211425781e+00
-5.544991493225097656e+00
-4.962869167327880859e+00
-6.299229145050048828e+00
-4.595570087432861328e+00
-5.280329704284667969e+00
-5.485362529754638672e+00
-6.348669528961181641e+00
-7.640194416046142578e+00
-7.245738506317138672e+00
-5.029393196105957031e+00
-8.910576820373535156e+00
-6.657528400421142578e+00
-1.044767761230468750e+01
-8.379507064819335938e+00
-6.984992504119873047e+00
-6.896236419677734375e+00
-7.719455242156982422e+00
-7.451274871826171875e+00
-1.076381778717041016e+01
-5.877187252044677734e+00
-7.420410156250000000e+00
-6.822547435760498047e+00
-5.637377738952636719e+00
-8.183817863464355469e+00
-1.242001914978027344e+01
-9.928469657897949219e+00
-1.096926021575927734e+01
-8.111521720886230469e+00
-5.570843219757080078e+00
-7.908370018005371094e+00
-1.265833187103271484e+01
-9.472582817077636719e+00
-1.108168792724609375e+01
-9.582493782043457031e+00
-1.134211635589599609e+01
-1.164776325225830078e+01
-1.313701915740966797e+01
-8.508309364318847656e+00
-1.096611213684082031e+01
-8.133391380310058594e+00
-1.044333934783935547e+01
-8.934144973754882812e+00
-1.020863056182861328e+01
-9.793055534362792969e+00
-1.165205860137939453e+01
-7.086674690246582031e+00
-8.528166770935058594e+00
-7.728806972503662109e+00
-8.525888442993164062e+00
-1.112650203704833984e+01
-1.060262584686279297e+01
-7.954522132873535156e+00
-8.191228866577148438e+00
-9.342629432678222656e+00
-8.611266136169433594e+00
-9.294107437133789062e+00
-8.462748527526855469e+00
-9.416224479675292969e+00
-8.014288902282714844e+00
-9.910216331481933594e+00
-9.263599395751953125e+00
-7.570748329162597656e+00
-8.077982902526855469e+00
-8.974395751953125000e+00
-7.104490756988525391e+00
-9.260517120361328125e+00
-7.295441627502441406e+00
-1.048507881164550781e+01
-1.041325950622558594e+01
-8.809101104736328125e+00
-8.649718284606933594e+00
-8.952095985412597656e+00
-7.155976295471191406e+00
-8.137441635131835938e+00
-1.020605182647705078e+01
-7.540301799774169922e+00
-1.018923282623291016e+01
-9.646668434143066406e+00
-1.025776004791259766e+01
-9.904649734497070312e+00
-1.423590087890625000e+01
-7.850272178649902344e+00
-8.561469078063964844e+00
-8.798718452453613281e+00
-1.222060298919677734e+01
-9.959321975708007812e+00
-8.114456176757812500e+00
-1.257134532928466797e+01
-1.206520080566406250e+01
-1.429792976379394531e+01
-9.491795539855957031e+00
-1.713468551635742188e+01
-1.015379333496093750e+01
-9.942159652709960938e+00
-9.814902305603027344e+00
-1.082565879821777344e+01
-1.126634025573730469e+01
-1.018501186370849609e+01
-1.214876937866210938e+01
-1.028931140899658203e+01
-1.000134277343750000e+01
-1.015352725982666016e+01
-1.335829639434814453e+01
-7.176496028900146484e+00
-1.094172573089599609e+01
-1.257194423675537109e+01
-1.436223506927490234e+01
-1.384957885742187500e+01
-1.200953960418701172e+01
-1.037500000000000000e+01
-1.110745334625244141e+01
-1.447327327728271484e+01
-1.245854949951171875e+01
-1.198645973205566406e+01
-1.336612319946289062e+01
-1.166298294067382812e+01
-9.788043975830078125e+00
-1.393101024627685547e+01
-1.145479965209960938e+01
-1.640661048889160156e+01
-1.414647960662841797e+01
-1.233401584625244141e+01
-1.696991729736328125e+01
-1.312218189239501953e+01
-1.284093761444091797e+01
-1.311598491668701172e+01
-1.317317485809326172e+01
-1.379222774505615234e+01
-1.715398406982421875e+01
-1.607593917846679688e+01
-1.214064884185791016e+01
-1.442055606842041016e+01
-1.233405494689941406e+01
-1.652827262878417969e+01
-1.602693367004394531e+01
-1.464363098144531250e+01
-1.311139965057373047e+01
-1.272066783905029297e+01
-1.155871677398681641e+01
-1.465154266357421875e+01
-1.364104938507080078e+01
-1.196111297607421875e+01
-1.321582984924316406e+01
-1.231938362121582031e+01
-1.289305973052978516e+01
-9.583518981933593750e+00
-1.132164478302001953e+01
-8.150296211242675781e+00
-8.977348327636718750e+00
-8.348251342773437500e+00
-1.082884597778320312e+01
-9.440738677978515625e+00
-1.158892822265625000e+01
-1.038315773010253906e+01
-9.735111236572265625e+00
-9.400998115539550781e+00
-1.086665248870849609e+01
-9.985540390014648438e+00
-1.125594234466552734e+01
-1.168422985076904297e+01
-9.488730430603027344e+00
-9.763507843017578125e+00
-9.465254783630371094e+00
-1.018359470367431641e+01
-7.786911487579345703e+00
-7.260073184967041016e+00
-6.854675292968750000e+00
-9.559546470642089844e+00
-8.246120452880859375e+00
-7.829080581665039062e+00
-1.117140007019042969e+01
-7.728060245513916016e+00
-8.805482864379882812e+00
-9.110743522644042969e+00
-8.698547363281250000e+00
-1.102717971801757812e+01
-8.175807952880859375e+00
-9.777901649475097656e+00
-9.939234733581542969e+00
-1.022428035736083984e+01
-1.155745315551757812e+01
-8.691504478454589844e+00
-1.075536251068115234e+01
-8.611240386962890625e+00
-9.532265663146972656e+00
-1.047318077087402344e+01
-7.185585975646972656e+00
-9.854116439819335938e+00
-1.080645465850830078e+01
-1.084062957763671875e+01
-9.353264808654785156e+00
-9.853666305541992188e+00
-9.139780044555664062e+00
-8.277620315551757812e+00
-9.187519073486328125e+00
-1.076171588897705078e+01
-9.487607955932617188e+00
-1.032289886474609375e+01
-1.694940376281738281e+01
-1.040246772766113281e+01
-7.379987716674804688e+00
-1.048436641693115234e+01
-9.078659057617187500e+00
-9.552936553955078125e+00
-8.624101638793945312e+00
-6.697756767272949219e+00
-9.367437362670898438e+00
-9.507904052734375000e+00
-8.915831565856933594e+00
-1.079728221893310547e+01
-9.438760757446289062e+00
-1.134098339080810547e+01
-1.021752929687500000e+01
-1.186301326751708984e+01
-1.318005847930908203e+01
-1.182452583312988281e+01
-1.235671138763427734e+01
-1.009580135345458984e+01
-1.176617431640625000e+01
-1.359851074218750000e+01
-1.274483489990234375e+01
-1.216499042510986328e+01
-1.072748756408691406e+01
-1.117458248138427734e+01
-1.171593475341796875e+01
-1.433985900878906250e+01
-1.519610118865966797e+01
-1.108224582672119141e+01
-1.576884460449218750e+01
-1.171000003814697266e+01
-1.331981754302978516e+01
-1.479801368713378906e+01
-1.207393360137939453e+01
-1.662456321716308594e+01
-1.706263351440429688e+01
-1.183081150054931641e+01
-1.150309085845947266e+01
-1.389066886901855469e+01
-1.376418876647949219e+01
-1.558871555328369141e+01
-1.433078193664550781e+01
-1.328672790527343750e+01
-1.514449691772460938e+01
-1.896097183227539062e+01
-1.338788414001464844e+01
-1.562512397766113281e+01
-2.186454582214355469e+01
-1.351863098144531250e+01
-1.101912212371826172e+01
-1.615078735351562500e+01
-1.728148269653320312e+01
-1.111384010314941406e+01
-1.743180084228515625e+01
-1.418879318237304688e+01
-1.335510921478271484e+01
-1.582146549224853516e+01
-1.545065402984619141e+01
-1.478975677490234375e+01
-1.885490798950195312e+01
-1.535928630828857422e+01
-1.261749935150146484e+01
-1.688980865478515625e+01
-1.743717002868652344e+01
-1.716013336181640625e+01
-1.790553474426269531e+01
-1.608900260925292969e+01
-1.290659141540527344e+01
-1.413871097564697266e+01
-1.688275909423828125e+01
-1.860964393615722656e+01
-1.366353607177734375e+01
-1.826281738281250000e+01
-2.645060729980468750e+01
-1.757159233093261719e+01
-1.668552970886230469e+01
-1.817229270935058594e+01
-2.002016067504882812e+01
-2.302026367187500000e+01
-2.078550720214843750e+01
-1.931736946105957031e+01
-2.198746490478515625e+01
-1.959795761108398438e+01
-1.990580368041992188e+01
-2.429274368286132812e+01
-1.472438430786132812e+01
-1.940038299560546875e+01
-2.446562004089355469e+01
-1.825330734252929688e+01
-2.249150276184082031e+01
-1.335846900939941406e+01
-1.728323173522949219e+01
-2.092383766174316406e+01
-2.268351173400878906e+01
-2.114001846313476562e+01
-2.492212677001953125e+01
-1.715419197082519531e+01
-1.948398971557617188e+01
-1.961299896240234375e+01
-2.074120521545410156e+01
-1.949549102783203125e+01
-1.434635257720947266e+01
-2.224760437011718750e+01
-2.479082870483398438e+01
-2.051738548278808594e+01
-2.094113159179687500e+01
-1.543345165252685547e+01
-2.789303207397460938e+01
-2.141513633728027344e+01
-2.814121246337890625e+01
-2.228692817687988281e+01
-2.558355140686035156e+01
-2.346391487121582031e+01
-2.974230194091796875e+01
-2.239206504821777344e+01
-2.257020187377929688e+01
-1.914028358459472656e+01
-1.949290466308593750e+01
-2.327209472656250000e+01
-2.402994728088378906e+01
-1.951555633544921875e+01
-2.239701652526855469e+01
-1.800238227844238281e+01
-2.674062728881835938e+01
-2.200550651550292969e+01
-1.919375801086425781e+01
-1.850468635559082031e+01
-1.949349021911621094e+01
-1.966326713562011719e+01
-2.035837745666503906e+01
-1.747941207885742188e+01
-1.663518714904785156e+01
-2.318095207214355469e+01
-1.938846015930175781e+01
-1.748967552185058594e+01
-2.321512222290039062e+01
-1.577557659149169922e+01
-1.781902313232421875e+01
-1.944337272644042969e+01
-1.848313522338867188e+01
-1.641456031799316406e+01
-1.684946060180664062e+01
-1.759896850585937500e+01
-1.623381996154785156e+01
-2.471780204772949219e+01
-2.774176216125488281e+01
-1.843029975891113281e+01
-2.167267799377441406e+01
-2.144720077514648438e+01
-3.285055923461914062e+01
-2.090229415893554688e+01
-1.839093399047851562e+01
-2.739347648620605469e+01
-2.642599105834960938e+01
-2.103242683410644531e+01
-2.136553573608398438e+01
-2.034914970397949219e+01
-2.345298957824707031e+01
-2.471433258056640625e+01
-2.195500373840332031e+01
-1.667469978332519531e+01
-2.157941055297851562e+01
-1.867432022094726562e+01
-1.747610282897949219e+01
-2.574166870117187500e+01
-1.908728790283203125e+01
-1.852085685729980469e+01
-1.664070320129394531e+01
-2.166545104980468750e+01
-1.584702682495117188e+01
-1.607594108581542969e+01
-1.628214836120605469e+01
-1.831981468200683594e+01
-1.758209228515625000e+01
-1.515643501281738281e+01
-1.705150032043457031e+01
-1.490762519836425781e+01
-1.958478546142578125e+01
-1.724500846862792969e+01
-1.681196022033691406e+01
-1.622003555297851562e+01
-1.849255752563476562e+01
-1.533115482330322266e+01
-1.804253959655761719e+01
-1.926844596862792969e+01
-1.376250934600830078e+01
-1.922204589843750000e+01
-1.624144554138183594e+01
-1.498645019531250000e+01
-1.416689682006835938e+01
-1.682784843444824219e+01
-1.439698600769042969e+01
-1.556103515625000000e+01
-1.512092208862304688e+01
-1.336787414550781250e+01
-2.087862777709960938e+01
-1.713549995422363281e+01
-1.311953449249267578e+01
-1.389025592803955078e+01
-1.335890102386474609e+01
-1.811721801757812500e+01
-2.055775260925292969e+01
-1.554372787475585938e+01
-1.521647930145263672e+01
-1.346399021148681641e+01
-1.674311447143554688e+01
-1.536581993103027344e+01
-1.506886196136474609e+01
-1.347348403930664062e+01
-1.247720432281494141e+01
-1.360303211212158203e+01
-1.181204032897949219e+01
-1.508774852752685547e+01
-1.420194435119628906e+01
-1.310192108154296875e+01
-1.432335376739501953e+01
-7.738233566284179688e+00
-1.241237735748291016e+01
-1.297362041473388672e+01
-1.017202568054199219e+01
-1.246238899230957031e+01
-1.350683212280273438e+01
-1.230294132232666016e+01
-1.446386528015136719e+01
-1.289175796508789062e+01
-1.170613002777099609e+01
-1.554944038391113281e+01
-1.252830886840820312e+01
-1.209776782989501953e+01
-1.149056148529052734e+01
-6.789240360260009766e+00
-1.020920467376708984e+01
-1.226490688323974609e+01
-1.236624813079833984e+01
-9.256959915161132812e+00
-1.093431282043457031e+01
-8.426527976989746094e+00
-1.225667667388916016e+01
-1.006213569641113281e+01
-2.091648674011230469e+01
-6.416785240173339844e+00
-8.478574752807617188e+00
-1.067171764373779297e+01
-1.191623306274414062e+01
-1.312130546569824219e+01
-8.600804328918457031e+00
-9.449720382690429688e+00
-9.853873252868652344e+00
-8.540925979614257812e+00
-1.156438446044921875e+01
-1.220336437225341797e+01
-9.728149414062500000e+00
-9.349100112915039062e+00
-8.307519912719726562e+00
-8.142093658447265625e+00
-1.056841850280761719e+01
-1.168619632720947266e+01
-9.497506141662597656e+00
-9.173688888549804688e+00
-1.627907752990722656e+01
-1.334497261047363281e+01
-1.370284652709960938e+01
-1.539387893676757812e+01
-1.227672290802001953e+01
-1.384172344207763672e+01
-1.765441131591796875e+01
-1.333129978179931641e+01
-1.035820579528808594e+01
-1.161404037475585938e+01
-1.311925792694091797e+01
-1.394583606719970703e+01
-1.353824234008789062e+01
-1.070247650146484375e+01
-1.394088459014892578e+01
-1.318550491333007812e+01
-1.491684055328369141e+01
-1.524167156219482422e+01
-1.109473133087158203e+01
-1.529356384277343750e+01
-1.558487510681152344e+01
-1.226771736145019531e+01
-1.988131141662597656e+01
-1.712712669372558594e+01
-1.796230888366699219e+01
-2.125978660583496094e+01
-1.562435054779052734e+01
-1.257408332824707031e+01
-1.648404693603515625e+01
-1.917330932617187500e+01
-1.841737747192382812e+01
-1.942873954772949219e+01
-1.770420646667480469e+01
-1.852090263366699219e+01
-1.531228828430175781e+01
-1.705869865417480469e+01
-1.678049850463867188e+01
-1.821112823486328125e+01
-1.415571784973144531e+01
-1.610261917114257812e+01
-1.951465988159179688e+01
-2.206269454956054688e+01
-2.079727935791015625e+01
-1.661062622070312500e+01
-1.323577976226806641e+01
-1.540719223022460938e+01
-1.781759452819824219e+01
-2.116968727111816406e+01
-1.413688278198242188e+01
-1.692460632324218750e+01
-1.174754810333251953e+01
-1.648269081115722656e+01
-1.766579246520996094e+01
-2.063308715820312500e+01
-2.010456466674804688e+01
-1.922269058227539062e+01
-1.933680725097656250e+01
-1.174172306060791016e+01
-1.673242759704589844e+01
-1.414573955535888672e+01
-1.660662651062011719e+01
-1.836104965209960938e+01
-2.246342468261718750e+01
-1.777334976196289062e+01
-1.829387474060058594e+01
-1.925347518920898438e+01
-2.286551284790039062e+01
-1.567043304443359375e+01
-1.987032127380371094e+01
-2.023967933654785156e+01
-1.707724952697753906e+01
-1.907697296142578125e+01
-2.137572669982910156e+01
-1.587939167022705078e+01
-2.045371055603027344e+01
-1.788223648071289062e+01
-1.537690639495849609e+01
-1.900292968750000000e+01
-2.371208381652832031e+01
-1.996518325805664062e+01
-2.539548683166503906e+01
-2.479711914062500000e+01
-1.956204032897949219e+01
-2.077447891235351562e+01
-1.538169860839843750e+01
-1.452546119689941406e+01
-1.722848892211914062e+01
-1.724060058593750000e+01
-2.095029449462890625e+01
-2.182949638366699219e+01
-2.128063392639160156e+01
-1.863189315795898438e+01
-2.201749038696289062e+01
-1.988719749450683594e+01
-2.998404693603515625e+01
-2.300099754333496094e+01
-2.077918815612792969e+01
-2.747519874572753906e+01
-2.524015045166015625e+01
-2.306812667846679688e+01
-2.021934318542480469e+01
-1.705092430114746094e+01
-2.070819854736328125e+01
-1.880562973022460938e+01
-2.183852577209472656e+01
-2.059238243103027344e+01
-2.223501014709472656e+01
-1.699039268493652344e+01
-1.594167613983154297e+01
-2.073554801940917969e+01
-1.817411804199218750e+01
-1.603090858459472656e+01
-1.731207084655761719e+01
-1.985095596313476562e+01
-1.713956832885742188e+01
-1.817347335815429688e+01
-1.584641170501708984e+01
-2.089779472351074219e+01
-2.203011703491210938e+01
-1.869613456726074219e+01
-2.037537384033203125e+01
-1.615056800842285156e+01
-2.327751731872558594e+01
-1.699781417846679688e+01
-1.951796531677246094e+01
-1.841418457031250000e+01
-2.124948883056640625e+01
-1.900531768798828125e+01
-1.987626266479492188e+01
-1.575385951995849609e+01
-1.900120162963867188e+01
-1.864727020263671875e+01
-1.928292846679687500e+01
-1.865701675415039062e+01
-1.636845588684082031e+01
-2.057240676879882812e+01
-1.879901504516601562e+01
-1.467594432830810547e+01
-1.864931869506835938e+01
-1.479545116424560547e+01
-1.881793022155761719e+01
-2.057748985290527344e+01
-1.583692359924316406e+01
-1.414323902130126953e+01
-1.705814361572265625e+01
-1.760952758789062500e+01
-2.126044464111328125e+01
-2.262364768981933594e+01
-2.153717803955078125e+01
-2.004847335815429688e+01
-1.941018867492675781e+01
-1.623231124877929688e+01
-1.801651382446289062e+01
-2.255361366271972656e+01
-1.746785545349121094e+01
-1.819517898559570312e+01
-1.569711112976074219e+01
-1.902288818359375000e+01
-1.951786422729492188e+01
-1.928813743591308594e+01
-1.854327011108398438e+01
-2.217601013183593750e+01
-2.190552711486816406e+01
-1.627093887329101562e+01
-2.067558479309082031e+01
-1.734016609191894531e+01
-2.487795829772949219e+01
-2.025539207458496094e+01
-1.531675052642822266e+01
-2.000736618041992188e+01
-1.780856323242187500e+01
-1.766777992248535156e+01
-1.562107658386230469e+01
-1.789650917053222656e+01
-1.833130073547363281e+01
-1.999102020263671875e+01
-1.740623664855957031e+01
-2.381031227111816406e+01
-2.197977828979492188e+01
-1.895817375183105469e+01
-1.933409309387207031e+01
-1.901593399047851562e+01
-1.323945808410644531e+01
-2.080758666992187500e+01
-2.252387237548828125e+01
-2.026950073242187500e+01
-1.682117080688476562e+01
-1.898628807067871094e+01
-1.905577278137207031e+01
-1.717521286010742188e+01
-1.603372764587402344e+01
-2.279768180847167969e+01
-1.973505592346191406e+01
-1.903934097290039062e+01
-1.947778320312500000e+01
-1.937767410278320312e+01
-1.919425392150878906e+01
-1.847602081298828125e+01
-1.838535308837890625e+01
-2.071768569946289062e+01
-9.753214836120605469e+00
-1.776941680908203125e+01
-1.986349296569824219e+01
-2.020498085021972656e+01
-1.662403297424316406e+01
-1.727206230163574219e+01
-1.632312202453613281e+01
-1.811658859252929688e+01
-1.522018527984619141e+01
-1.742803001403808594e+01
-2.004914855957031250e+01
-1.511345386505126953e+01
-1.640046691894531250e+01
-1.862584877014160156e+01
-1.414716053009033203e+01
-1.758835983276367188e+01
-2.046304130554199219e+01
-1.913417053222656250e+01
-1.710884475708007812e+01
-1.518970203399658203e+01
-1.747490501403808594e+01
-1.832139205932617188e+01
-1.585900115966796875e+01
-1.798612213134765625e+01
-1.720326042175292969e+01
-1.996297264099121094e+01
-1.960964584350585938e+01
-1.929281044006347656e+01
-1.900287055969238281e+01
-1.606485366821289062e+01
-1.644284629821777344e+01
-1.896510887145996094e+01
-2.361840248107910156e+01
-1.939557838439941406e+01
-1.741795158386230469e+01
-1.612581443786621094e+01
-1.634173393249511719e+01
-1.729676628112792969e+01
-1.870671081542968750e+01
-1.605421257019042969e+01
-1.327699756622314453e+01
-1.083222866058349609e+01
-1.179442119598388672e+01
-1.265595912933349609e+01
-1.312441539764404297e+01
-1.508010482788085938e+01
-1.085827636718750000e+01
-1.017380142211914062e+01
-1.322573471069335938e+01
-1.547957134246826172e+01
-9.866127967834472656e+00
-9.928066253662109375e+00
-1.150987625122070312e+01
-1.370288181304931641e+01
-1.496442604064941406e+01
-1.623165702819824219e+01
-1.095709419250488281e+01
-1.738994026184082031e+01
-1.174476528167724609e+01
-1.639078903198242188e+01
-1.105187034606933594e+01
-1.240095520019531250e+01
-1.259064102172851562e+01
-1.095496845245361328e+01
-1.080563354492187500e+01
-8.857439041137695312e+00
-1.158318614959716797e+01
-1.371441841125488281e+01
-1.232993602752685547e+01
-1.357567119598388672e+01
-1.291419887542724609e+01
-1.285100650787353516e+01
-1.511255359649658203e+01
-1.222270107269287109e+01
-1.135728263854980469e+01
-1.284957981109619141e+01
-1.042909145355224609e+01
-1.326438903808593750e+01
-1.246101284027099609e+01
-1.189883041381835938e+01
-1.301327896118164062e+01
-1.390475559234619141e+01
-1.422581291198730469e+01
-1.105882644653320312e+01
-1.166130352020263672e+01
-1.063569068908691406e+01
-1.053647899627685547e+01
-1.047867774963378906e+01
-1.353282070159912109e+01
-1.387206745147705078e+01
-1.341356372833251953e+01
-1.519911956787109375e+01
-1.375010204315185547e+01
-9.469899177551269531e+00
-1.130697441101074219e+01
-1.238652896881103516e+01
-1.809904289245605469e+01
-1.425756168365478516e+01
-1.574759578704833984e+01
-1.890022659301757812e+01
-1.660547256469726562e+01
-1.323189163208007812e+01
-1.315857791900634766e+01
-1.159655380249023438e+01
-1.379862976074218750e+01
-1.499516582489013672e+01
-1.772026252746582031e+01
-1.614265060424804688e+01
-1.098682117462158203e+01
-1.039464855194091797e+01
-1.451150798797607422e+01
-1.162854003906250000e+01
-1.757702445983886719e+01
-1.409865474700927734e+01
-1.293585681915283203e+01
-9.540128707885742188e+00
-1.332348632812500000e+01
-1.148354911804199219e+01
-1.518344974517822266e+01
-1.030294609069824219e+01
-1.289562988281250000e+01
-1.420730972290039062e+01
-1.295627021789550781e+01
-1.425145816802978516e+01
-1.725915527343750000e+01
-1.346953868865966797e+01
-1.449125003814697266e+01
-1.286905574798583984e+01
-1.181069087982177734e+01
-1.041274261474609375e+01
-1.475933933258056641e+01
-1.257209682464599609e+01
-1.212890625000000000e+01
-1.158351802825927734e+01
-1.388014221191406250e+01
-9.904387474060058594e+00
-1.043891048431396484e+01
-1.128943920135498047e+01
-1.034638118743896484e+01
-1.097683715820312500e+01
-1.069794368743896484e+01
-1.019962406158447266e+01
-1.279706764221191406e+01
-1.139847660064697266e+01
-1.307754135131835938e+01
-1.131621932983398438e+01
-8.757842063903808594e+00
-1.405060768127441406e+01
-1.485211658477783203e+01
-1.051022338867187500e+01
-1.230962085723876953e+01
-1.767463493347167969e+01
-1.103078556060791016e+01
-8.508173942565917969e+00
-1.058168697357177734e+01
-1.284199714660644531e+01
-1.181165218353271484e+01
-9.719131469726562500e+00
-1.455298709869384766e+01
-1.070427513122558594e+01
-1.257116222381591797e+01
-1.077302360534667969e+01
-1.301134872436523438e+01
-1.573127365112304688e+01
-1.370095634460449219e+01
-1.337965679168701172e+01
-1.191859149932861328e+01
-1.889625930786132812e+01
-1.248518180847167969e+01
-1.543723106384277344e+01
-1.288160896301269531e+01
-1.122970390319824219e+01
-1.582304382324218750e+01
-1.102530097961425781e+01
-1.556391048431396484e+01
-1.064210700988769531e+01
-1.278040218353271484e+01
-1.092786979675292969e+01
-1.042504882812500000e+01
-1.772322463989257812e+01
-1.301143074035644531e+01
-1.038588333129882812e+01
-1.400133609771728516e+01
-1.277247524261474609e+01
-1.404067325592041016e+01
-1.118781089782714844e+01
-1.134967422485351562e+01
-1.229062557220458984e+01
-9.372179031372070312e+00
-1.169427013397216797e+01
-1.334433555603027344e+01
-1.521521472930908203e+01
-1.220861434936523438e+01
-1.166282081604003906e+01
-1.150410652160644531e+01
-9.696829795837402344e+00
-1.250634860992431641e+01
-1.273332405090332031e+01
-1.137909412384033203e+01
-1.301096439361572266e+01
-1.076423549652099609e+01
-1.456230068206787109e+01
-1.260352802276611328e+01
-1.304274654388427734e+01
-1.504073429107666016e+01
-1.238115692138671875e+01
-1.323716259002685547e+01
-1.260461616516113281e+01
-1.278695774078369141e+01
-1.137359619140625000e+01
-9.982198715209960938e+00
-1.513497734069824219e+01
-9.226106643676757812e+00
-1.127725410461425781e+01
-1.033643436431884766e+01
-9.859997749328613281e+00
-8.392115592956542969e+00
-1.813930702209472656e+01
-1.352434825897216797e+01
-1.412149238586425781e+01
-1.263936233520507812e+01
-1.264020442962646484e+01
-1.052132987976074219e+01
-1.378406238555908203e+01
-1.072404861450195312e+01
-1.665264320373535156e+01
-1.485794639587402344e+01
-1.433538532257080078e+01
-1.736032104492187500e+01
-1.326839351654052734e+01
-1.574104499816894531e+01
-1.436075210571289062e+01
