-5.234908461570739746e-01
-9.026418924331665039e-01
-3.359521627426147461e+00
-9.363183975219726562e-01
-1.095674753189086914e+00
-1.144502282142639160e+00
-8.837414979934692383e-01
-7.183632850646972656e-01
-6.485731601715087891e-01
-8.017784357070922852e-01
-8.425986766815185547e-01
-2.870029509067535400e-01
-7.952579259872436523e-01
-9.235370755195617676e-01
-8.503129482269287109e-01
-1.001585721969604492e+00
-9.921545386314392090e-01
-3.229432344436645508e+00
-4.145416736602783203e+00
-4.629224777221679688e+00
-5.251067638397216797e+00
-3.560385704040527344e+00
-3.151612758636474609e+00
-3.499817609786987305e+00
-2.436525344848632812e+00
-1.889388918876647949e+00
-3.146711826324462891e+00
-4.230840682983398438e+00
-2.452218770980834961e+00
-3.098514556884765625e+00
-3.511510372161865234e+00
-4.831696033477783203e+00
-3.620146512985229492e+00
-4.658649444580078125e+00
-4.383534431457519531e+00
-3.355331182479858398e+00
-3.853187322616577148e+00
-2.453076839447021484e+00
-4.385869026184082031e+00
-3.876937627792358398e+00
-3.950246572494506836e+00
-4.404537677764892578e+00
-4.035920619964599609e+00
-3.784653902053833008e+00
-3.086660146713256836e+00
-2.681327104568481445e+00
-2.374923467636108398e+00
-4.131403923034667969e+00
-3.910340547561645508e+00
-5.933215141296386719e+00
-4.232731342315673828e+00
-2.560859203338623047e+00
-4.163413524627685547e+00
-4.795292854309082031e+00
-4.861029624938964844e+00
-5.395901203155517578e+00
-4.932967185974121094e+00
-3.124483346939086914e+00
-5.683084964752197266e+00
-5.618054389953613281e+00
-4.458344459533691406e+00
-4.052451610565185547e+00
-5.916059494018554688e+00
-4.753553390502929688e+00
-4.482477188110351562e+00
-5.014070987701416016e+00
-4.742538452148437500e+00
-3.957578659057617188e+00
-4.639173030853271484e+00
-7.291100502014160156e+00
-6.175784111022949219e+00
-6.731096267700195312e+00
-5.773589134216308594e+00
-5.982522964477539062e+00
-5.246807098388671875e+00
-5.050979137420654297e+00
-4.095690727233886719e+00
-5.464422702789306641e+00
-5.604232788085937500e+00
-1.042893314361572266e+01
-7.476665973663330078e+00
-9.205338478088378906e+00
-6.004809379577636719e+00
-6.633320331573486328e+00
-7.663606166839599609e+00
-6.574169635772705078e+00
-6.896623611450195312e+00
-5.628895759582519531e+00
-9.572702407836914062e+00
-8.758293151855468750e+00
-6.937888622283935547e+00
-7.804199218750000000e+00
-9.538008689880371094e+00
-6.409047126770019531e+00
-5.873558998107910156e+00
-1.029569053649902344e+01
-5.372548580169677734e+00
-7.239775657653808594e+00
-4.802683830261230469e+00
-6.200731277465820312e+00
-7.783056259155273438e+00
-6.395958900451660156e+00
-8.538096427917480469e+00
-6.827176094055175781e+00
-7.056943893432617188e+00
-7.522320747375488281e+00
-8.240547180175781250e+00
-5.760788440704345703e+00
-6.047061920166015625e+00
-8.420102119445800781e+00
-1.430297088623046875e+01
-1.897365570068359375e+01
-1.105128479003906250e+01
-9.490500450134277344e+00
-1.008163642883300781e+01
-9.818855285644531250e+00
-1.012837886810302734e+01
-9.564279556274414062e+00
-9.904165267944335938e+00
-1.292892551422119141e+01
-9.715930938720703125e+00
-1.308463573455810547e+01
-7.872733592987060547e+00
-8.737010002136230469e+00
-1.366554069519042969e+01
-1.007234668731689453e+01
-1.062648010253906250e+01
-9.328271865844726562e+00
-1.340246009826660156e+01
-9.366740226745605469e+00
-8.250135421752929688e+00
-1.040918254852294922e+01
-8.521685600280761719e+00
-1.181435489654541016e+01
-1.319191932678222656e+01
-8.876708984375000000e+00
-9.592083930969238281e+00
-9.754776000976562500e+00
-1.078074169158935547e+01
-7.678130149841308594e+00
-6.732286453247070312e+00
-6.533267021179199219e+00
-8.678927421569824219e+00
-1.459632682800292969e+01
-9.766340255737304688e+00
-1.350246810913085938e+01
-1.415032672882080078e+01
-1.121791362762451172e+01
-1.510309886932373047e+01
-1.186974334716796875e+01
-1.171093654632568359e+01
-8.548996925354003906e+00
-1.566631412506103516e+01
-1.138519191741943359e+01
-9.695629119873046875e+00
-1.492189311981201172e+01
-1.664386749267578125e+01
-1.216629695892333984e+01
-2.219374847412109375e+01
-2.302272796630859375e+01
-2.659326171875000000e+01
-3.398528289794921875e+01
-2.865757179260253906e+01
-2.707361793518066406e+01
-2.638428688049316406e+01
-2.876165008544921875e+01
-3.611119461059570312e+01
-3.387587356567382812e+01
-2.667792701721191406e+01
-3.097287750244140625e+01
-3.142233657836914062e+01
-3.235267257690429688e+01
-2.937254905700683594e+01
-3.069818305969238281e+01
-2.007703590393066406e+01
-2.667008781433105469e+01
-2.894652557373046875e+01
-2.666711997985839844e+01
-2.752597045898437500e+01
-3.191315078735351562e+01
-3.245192718505859375e+01
-3.218916702270507812e+01
-4.229812622070312500e+01
-1.827395820617675781e+01
-2.780186653137207031e+01
-3.996464920043945312e+01
-3.102852249145507812e+01
-2.345223808288574219e+01
-2.331970596313476562e+01
-3.463298416137695312e+01
-3.156187438964843750e+01
-3.213586425781250000e+01
-2.681152343750000000e+01
-3.563168334960937500e+01
-3.320190048217773438e+01
-3.320098876953125000e+01
-4.200193023681640625e+01
-3.712749862670898438e+01
-4.325447463989257812e+01
-4.085653305053710938e+01
-3.501514434814453125e+01
-3.286061477661132812e+01
-3.581585311889648438e+01
-4.552728271484375000e+01
-4.447393417358398438e+01
-3.286271286010742188e+01
-4.662462615966796875e+01
-3.600783157348632812e+01
-3.915365982055664062e+01
-3.538171005249023438e+01
-3.860731506347656250e+01
-4.267560958862304688e+01
-3.704435729980468750e+01
-3.523404693603515625e+01
-3.388016891479492188e+01
-3.352923583984375000e+01
-4.125975799560546875e+01
-3.975516128540039062e+01
-3.496631622314453125e+01
-4.126811981201171875e+01
-4.397898483276367188e+01
-2.962093925476074219e+01
-3.463796997070312500e+01
-3.380382156372070312e+01
-4.141677474975585938e+01
-3.200727462768554688e+01
-5.194458389282226562e+01
-2.188400077819824219e+01
-3.931887435913085938e+01
-3.849577713012695312e+01
-3.955548477172851562e+01
-3.082804679870605469e+01
-4.068080139160156250e+01
-3.817134475708007812e+01
-3.500045776367187500e+01
-3.596117401123046875e+01
-3.879736709594726562e+01
-3.316922760009765625e+01
-3.081373023986816406e+01
-4.134312438964843750e+01
-3.413067245483398438e+01
-3.730268096923828125e+01
-3.180617904663085938e+01
-4.821793746948242188e+01
-3.377211380004882812e+01
-4.059340667724609375e+01
-3.552291107177734375e+01
-3.651693344116210938e+01
-4.125651931762695312e+01
-3.094502639770507812e+01
-3.207716751098632812e+01
-2.581074905395507812e+01
-3.685413742065429688e+01
-3.696194839477539062e+01
-4.366250991821289062e+01
-3.290501785278320312e+01
-3.885141372680664062e+01
-3.860464859008789062e+01
-3.796992492675781250e+01
-5.084619522094726562e+01
-4.818226242065429688e+01
-3.504980468750000000e+01
-4.755028915405273438e+01
-3.556855010986328125e+01
-4.132600021362304688e+01
-4.950397109985351562e+01
-4.264218902587890625e+01
-4.546344757080078125e+01
-4.385273742675781250e+01
-4.031063079833984375e+01
-4.615039062500000000e+01
-4.355373382568359375e+01
-4.868730926513671875e+01
-3.803480148315429688e+01
-3.873874282836914062e+01
-4.853431701660156250e+01
-4.357236480712890625e+01
-5.281694793701171875e+01
-4.896786117553710938e+01
-4.659881210327148438e+01
-4.578472137451171875e+01
-3.864966201782226562e+01
-4.283897399902343750e+01
-4.677052307128906250e+01
-5.057576751708984375e+01
-4.343047332763671875e+01
-4.158797454833984375e+01
-4.668597030639648438e+01
-4.360586929321289062e+01
-3.670325851440429688e+01
-4.185844421386718750e+01
-3.222676086425781250e+01
-2.971246719360351562e+01
-4.505940628051757812e+01
-4.905022048950195312e+01
-3.974339675903320312e+01
-4.778710556030273438e+01
-5.189646148681640625e+01
-4.038998031616210938e+01
-5.390970230102539062e+01
-5.335464859008789062e+01
-4.791518783569335938e+01
-3.891354370117187500e+01
-5.401510238647460938e+01
-4.486412048339843750e+01
-4.130599975585937500e+01
-5.009877014160156250e+01
-4.222526550292968750e+01
-4.400556182861328125e+01
-4.887723922729492188e+01
-4.362672805786132812e+01
-5.460804367065429688e+01
-5.631612396240234375e+01
-5.531274795532226562e+01
-4.728205490112304688e+01
-4.788851928710937500e+01
-3.177145195007324219e+01
-5.192067337036132812e+01
-4.196833419799804688e+01
-4.417996978759765625e+01
-4.764802932739257812e+01
-4.059855270385742188e+01
-4.286792755126953125e+01
-3.421021270751953125e+01
-4.900060653686523438e+01
-4.574659347534179688e+01
-4.375259399414062500e+01
-4.190364456176757812e+01
-4.077977371215820312e+01
-3.935748672485351562e+01
-4.761319351196289062e+01
-3.813971328735351562e+01
-4.709503173828125000e+01
-4.798258972167968750e+01
-3.419762420654296875e+01
-4.188806915283203125e+01
-4.044141006469726562e+01
-4.638437271118164062e+01
-4.168979644775390625e+01
-4.467082977294921875e+01
-4.964496612548828125e+01
-3.769104766845703125e+01
-3.969722747802734375e+01
-4.250434875488281250e+01
-5.128107070922851562e+01
-4.627705383300781250e+01
-4.311718750000000000e+01
-5.283130264282226562e+01
-5.518476867675781250e+01
-3.934180068969726562e+01
-5.281938934326171875e+01
-5.341373062133789062e+01
-5.312961578369140625e+01
-4.994630813598632812e+01
-3.719430541992187500e+01
-4.232362365722656250e+01
-5.577558898925781250e+01
-3.222558975219726562e+01
-2.726016426086425781e+01
-3.235439682006835938e+01
-2.735734748840332031e+01
-3.261706924438476562e+01
-3.726390838623046875e+01
-3.874301910400390625e+01
-3.549214935302734375e+01
-4.219666290283203125e+01
-3.299338531494140625e+01
-4.312666702270507812e+01
-4.097707366943359375e+01
-3.189331817626953125e+01
-4.221395492553710938e+01
-3.792524337768554688e+01
-3.034347915649414062e+01
-3.638432693481445312e+01
-2.584749794006347656e+01
-3.293050003051757812e+01
-2.467645645141601562e+01
-2.786240386962890625e+01
-3.581299972534179688e+01
-3.922782135009765625e+01
-3.170555686950683594e+01
-3.435834503173828125e+01
-3.424842834472656250e+01
-5.195367813110351562e+01
-3.184018898010253906e+01
-4.383227157592773438e+01
-3.618424987792968750e+01
-3.387340164184570312e+01
-3.688301086425781250e+01
-2.717733001708984375e+01
-3.132303428649902344e+01
-3.424316787719726562e+01
-3.863151931762695312e+01
-3.867013168334960938e+01
-3.457206344604492188e+01
-2.813346099853515625e+01
-3.252632141113281250e+01
-2.717085647583007812e+01
-3.461774063110351562e+01
-3.872446441650390625e+01
-3.857194519042968750e+01
-3.655951309204101562e+01
-2.982913780212402344e+01
-4.266923141479492188e+01
-3.462741851806640625e+01
-3.406794738769531250e+01
-2.847718238830566406e+01
-2.778222656250000000e+01
-3.504860305786132812e+01
-2.630820846557617188e+01
-4.332186508178710938e+01
-4.035525131225585938e+01
-3.494872665405273438e+01
-2.896777343750000000e+01
-2.545560836791992188e+01
-3.561462020874023438e+01
-4.427272796630859375e+01
-2.813718223571777344e+01
-4.114791870117187500e+01
-2.758506965637207031e+01
-3.396170043945312500e+01
-3.547063446044921875e+01
-3.191016197204589844e+01
-3.756795120239257812e+01
-2.824318313598632812e+01
-2.866851806640625000e+01
-3.421684265136718750e+01
-3.276712417602539062e+01
-3.770228576660156250e+01
-3.299243545532226562e+01
-3.054724311828613281e+01
-3.030088996887207031e+01
-3.779753875732421875e+01
-3.185607719421386719e+01
-4.268206024169921875e+01
-3.930678939819335938e+01
-4.334898376464843750e+01
-3.557194519042968750e+01
-3.913365173339843750e+01
-4.101082229614257812e+01
-4.394363403320312500e+01
-4.772538757324218750e+01
-4.330941390991210938e+01
-3.893223953247070312e+01
-3.835787963867187500e+01
-4.177988815307617188e+01
-5.421956253051757812e+01
-4.002691268920898438e+01
-5.091954803466796875e+01
-4.277945327758789062e+01
-4.743805313110351562e+01
-3.671237945556640625e+01
-3.778918075561523438e+01
-4.486278152465820312e+01
-3.509133911132812500e+01
-4.209550476074218750e+01
-3.756012344360351562e+01
-3.836166763305664062e+01
-2.751789283752441406e+01
-3.716992568969726562e+01
-4.045366668701171875e+01
-4.679071807861328125e+01
-4.133677291870117188e+01
-3.555773544311523438e+01
-4.142837524414062500e+01
-5.194050979614257812e+01
-4.292283248901367188e+01
-4.354227828979492188e+01
-3.401253890991210938e+01
-4.530296707153320312e+01
-5.857428359985351562e+01
-4.882234573364257812e+01
-4.077080917358398438e+01
-4.019042587280273438e+01
-4.065547943115234375e+01
-4.156746292114257812e+01
-3.329567718505859375e+01
-3.669578170776367188e+01
-3.644738006591796875e+01
-4.822949218750000000e+01
-4.773833084106445312e+01
-6.146421051025390625e+01
-3.688290786743164062e+01
-4.080266189575195312e+01
-4.486211776733398438e+01
-4.852233123779296875e+01
-4.298299407958984375e+01
-4.766925430297851562e+01
-4.340012741088867188e+01
-3.446193695068359375e+01
-4.387740707397460938e+01
-3.632734680175781250e+01
-2.791662979125976562e+01
-3.385341262817382812e+01
-5.149196243286132812e+01
-3.260098648071289062e+01
-4.132709121704101562e+01
-4.768334579467773438e+01
-4.681185913085937500e+01
-3.949700927734375000e+01
-3.466956329345703125e+01
-4.425566101074218750e+01
-4.562863540649414062e+01
-4.306503677368164062e+01
-4.075954055786132812e+01
-3.894919586181640625e+01
-4.328493881225585938e+01
-6.193520736694335938e+01
-3.547728347778320312e+01
-3.393744277954101562e+01
-2.965793609619140625e+01
-4.073355865478515625e+01
-4.115131759643554688e+01
-3.957427978515625000e+01
-3.953404235839843750e+01
-4.126915359497070312e+01
-4.334157180786132812e+01
-4.513413238525390625e+01
-4.466180419921875000e+01
-3.504287338256835938e+01
-3.696687698364257812e+01
-3.367308425903320312e+01
-3.735163116455078125e+01
-4.400854110717773438e+01
-3.872821044921875000e+01
-3.920504379272460938e+01
-4.056919097900390625e+01
-4.405762863159179688e+01
-4.870018386840820312e+01
-4.422548675537109375e+01
-4.271406555175781250e+01
-4.886531829833984375e+01
-4.672334671020507812e+01
-4.350386810302734375e+01
-5.550382614135742188e+01
-3.957794570922851562e+01
-4.711660003662109375e+01
-3.616073226928710938e+01
-4.389256668090820312e+01
-5.653342056274414062e+01
-4.926183319091796875e+01
-4.084872055053710938e+01
-4.099360656738281250e+01
-4.791326522827148438e+01
-3.589870452880859375e+01
-5.432320404052734375e+01
-4.525346374511718750e+01
-4.320231246948242188e+01
-2.879766464233398438e+01
-4.475511550903320312e+01
-4.799458312988281250e+01
-5.416389465332031250e+01
-4.443397903442382812e+01
-4.637406158447265625e+01
-4.351119613647460938e+01
-4.444989776611328125e+01
-3.823546600341796875e+01
-5.320903778076171875e+01
-4.997341537475585938e+01
-4.865656661987304688e+01
-6.034874725341796875e+01
-5.373782730102539062e+01
-4.165327453613281250e+01
-4.944596481323242188e+01
-3.949629211425781250e+01
-4.751116561889648438e+01
-7.489708709716796875e+01
-3.969504165649414062e+01
-4.640391540527343750e+01
-4.452540588378906250e+01
-4.380184555053710938e+01
-5.117184066772460938e+01
-5.930866241455078125e+01
-5.954916000366210938e+01
-4.887789154052734375e+01
-5.586592483520507812e+01
-5.734826660156250000e+01
-4.556770324707031250e+01
-6.558387756347656250e+01
-4.378268051147460938e+01
-5.271583175659179688e+01
-4.518927383422851562e+01
-4.936611175537109375e+01
-5.530783081054687500e+01
-5.643170928955078125e+01
-5.406541824340820312e+01
-5.511912918090820312e+01
-6.890606689453125000e+01
-4.447105789184570312e+01
-6.446960449218750000e+01
-4.909751129150390625e+01
-4.596616363525390625e+01
-4.920915603637695312e+01
-6.315648651123046875e+01
-4.982229614257812500e+01
-6.963287353515625000e+01
-6.012628555297851562e+01
-6.163841629028320312e+01
-6.778493499755859375e+01
-5.975552749633789062e+01
-5.436363601684570312e+01
-4.801675796508789062e+01
-5.508862686157226562e+01
-4.947940444946289062e+01
-5.394348144531250000e+01
-5.019854736328125000e+01
-5.675768280029296875e+01
-5.848508453369140625e+01
-5.944845962524414062e+01
-4.690866851806640625e+01
-4.480202484130859375e+01
-6.184021377563476562e+01
-5.672846603393554688e+01
-5.788376617431640625e+01
-6.147071456909179688e+01
-4.729554367065429688e+01
-6.314274597167968750e+01
-6.099152755737304688e+01
-5.006599807739257812e+01
-7.002361297607421875e+01
-5.725392532348632812e+01
-6.039846801757812500e+01
-4.183327484130859375e+01
-4.456554794311523438e+01
-4.595142745971679688e+01
-4.519989776611328125e+01
-5.504379653930664062e+01
-4.681888580322265625e+01
-5.842775344848632812e+01
-5.347481536865234375e+01
-5.245746994018554688e+01
-6.809230041503906250e+01
-5.277606582641601562e+01
-6.900314331054687500e+01
-5.816711425781250000e+01
-5.279121398925781250e+01
-4.574193572998046875e+01
-5.679293823242187500e+01
-6.790339660644531250e+01
-7.024398040771484375e+01
-6.271610641479492188e+01
-6.626691436767578125e+01
-7.007836914062500000e+01
-6.016206359863281250e+01
-6.323774337768554688e+01
-6.513964080810546875e+01
-5.816562652587890625e+01
-6.749549102783203125e+01
-6.856719207763671875e+01
-6.340389251708984375e+01
-5.790590286254882812e+01
-5.187676239013671875e+01
-6.549275970458984375e+01
-6.231623840332031250e+01
-6.162582778930664062e+01
-5.925988388061523438e+01
-5.714989852905273438e+01
-5.998037338256835938e+01
-6.608067321777343750e+01
-7.547423553466796875e+01
-5.909007644653320312e+01
-5.686667633056640625e+01
-6.212477874755859375e+01
-4.840415954589843750e+01
-7.236568450927734375e+01
-7.720635223388671875e+01
-7.266590881347656250e+01
-6.257773971557617188e+01
-5.425502014160156250e+01
-6.124827194213867188e+01
-5.715419006347656250e+01
-6.219883346557617188e+01
-4.666738510131835938e+01
-7.118664550781250000e+01
-6.292963409423828125e+01
-7.129285430908203125e+01
-5.862118911743164062e+01
-6.273224258422851562e+01
-7.519314575195312500e+01
-5.623805999755859375e+01
-8.081797027587890625e+01
-5.564402770996093750e+01
-5.912424850463867188e+01
-7.533143615722656250e+01
-9.130555725097656250e+01
-6.521150970458984375e+01
-6.940692138671875000e+01
-6.321262359619140625e+01
-5.139943313598632812e+01
-6.071259307861328125e+01
-5.351868820190429688e+01
-6.216518020629882812e+01
-9.378797912597656250e+01
-5.478281021118164062e+01
-6.512904357910156250e+01
-7.509173583984375000e+01
-6.269454193115234375e+01
-7.019376373291015625e+01
-6.951914978027343750e+01
-4.936143493652343750e+01
-6.499346160888671875e+01
-7.533566284179687500e+01
-4.634685897827148438e+01
-7.909657287597656250e+01
-5.568026351928710938e+01
-7.127014923095703125e+01
-6.262483215332031250e+01
-7.894394683837890625e+01
-5.507425689697265625e+01
-6.533377075195312500e+01
-5.752724456787109375e+01
-7.280039215087890625e+01
-5.729912948608398438e+01
-6.979772186279296875e+01
-6.329479980468750000e+01
-6.906655120849609375e+01
-6.188869094848632812e+01
-6.628414154052734375e+01
-7.746637725830078125e+01
-5.990206909179687500e+01
-5.273261260986328125e+01
-6.482734680175781250e+01
-6.316285324096679688e+01
-6.280319976806640625e+01
-5.716090011596679688e+01
-6.624475097656250000e+01
-4.968554306030273438e+01
-6.186871719360351562e+01
-6.721710968017578125e+01
-9.073419952392578125e+01
-6.182834243774414062e+01
-7.287447357177734375e+01
-5.345063018798828125e+01
-6.193347549438476562e+01
-7.319577789306640625e+01
-6.919801330566406250e+01
-6.226153182983398438e+01
-7.292411804199218750e+01
-5.783594131469726562e+01
-6.796248626708984375e+01
-5.595980453491210938e+01
-5.920186614990234375e+01
-4.634263610839843750e+01
-8.118582916259765625e+01
-5.515298461914062500e+01
-5.966121292114257812e+01
-7.444279479980468750e+01
-5.801568603515625000e+01
-5.596577072143554688e+01
-5.021808242797851562e+01
-5.412233734130859375e+01
-6.907665252685546875e+01
-5.794764709472656250e+01
-6.833405303955078125e+01
-6.760547637939453125e+01
-5.608242416381835938e+01
-7.126627349853515625e+01
-5.660834884643554688e+01
-4.944210815429687500e+01
-4.083254623413085938e+01
-4.868596267700195312e+01
-5.640925216674804688e+01
-6.706506347656250000e+01
-5.943559265136718750e+01
-5.867185592651367188e+01
-5.582162857055664062e+01
-6.872289276123046875e+01
-5.006643676757812500e+01
-5.843178939819335938e+01
-6.089991760253906250e+01
-5.667214584350585938e+01
-6.006987762451171875e+01
-6.177160263061523438e+01
-6.296674728393554688e+01
-6.016559600830078125e+01
-5.382426834106445312e+01
-5.643344497680664062e+01
-6.326076126098632812e+01
-5.415999984741210938e+01
-5.059186935424804688e+01
-5.610504531860351562e+01
-5.195004272460937500e+01
-5.124800872802734375e+01
-6.322676467895507812e+01
-5.175681686401367188e+01
-6.608998870849609375e+01
-7.825246429443359375e+01
-4.416682815551757812e+01
-5.229021835327148438e+01
-6.259204483032226562e+01
-4.396611785888671875e+01
-6.578730010986328125e+01
-5.434756088256835938e+01
-4.577728271484375000e+01
-5.108709335327148438e+01
-4.244205856323242188e+01
-4.841674423217773438e+01
-5.283036804199218750e+01
-5.877150726318359375e+01
-4.148916244506835938e+01
-5.952417755126953125e+01
-5.258803939819335938e+01
-5.267448425292968750e+01
-4.798397064208984375e+01
-7.402132415771484375e+01
-5.609946441650390625e+01
-5.025859069824218750e+01
-5.685536956787109375e+01
-4.718821334838867188e+01
-5.678774642944335938e+01
-5.203788375854492188e+01
-4.840092468261718750e+01
-5.799469375610351562e+01
-5.057430267333984375e+01
-4.286132431030273438e+01
-5.330916213989257812e+01
-4.196760559082031250e+01
-4.268710708618164062e+01
-5.366321945190429688e+01
-6.111175155639648438e+01
-6.332861709594726562e+01
-4.564036941528320312e+01
-6.279977416992187500e+01
-7.377746582031250000e+01
-6.309120559692382812e+01
-4.769932556152343750e+01
-4.232753372192382812e+01
-5.448973083496093750e+01
-5.639225387573242188e+01
-5.493967819213867188e+01
-4.594159317016601562e+01
-4.572980880737304688e+01
-2.963900566101074219e+01
-3.376082611083984375e+01
-3.770379638671875000e+01
-3.982268524169921875e+01
-3.827835083007812500e+01
-3.225854873657226562e+01
-5.490593338012695312e+01
-3.936654281616210938e+01
-4.111527252197265625e+01
-3.878534698486328125e+01
-4.548712539672851562e+01
-4.955239486694335938e+01
-4.032659912109375000e+01
-4.787703704833984375e+01
-4.639906692504882812e+01
-4.064780044555664062e+01
-4.288647079467773438e+01
-4.301135253906250000e+01
-3.961160278320312500e+01
-4.132188034057617188e+01
-4.335271835327148438e+01
-5.245908355712890625e+01
-4.256297683715820312e+01
-4.380551910400390625e+01
-4.801530838012695312e+01
-4.509803009033203125e+01
-5.415853500366210938e+01
-5.219124984741210938e+01
-4.574623107910156250e+01
-5.283035278320312500e+01
-4.717607879638671875e+01
-3.002000236511230469e+01
-2.644591331481933594e+01
-3.246022415161132812e+01
-3.690700149536132812e+01
-3.581153488159179688e+01
-3.964449310302734375e+01
-3.218849563598632812e+01
-2.608338356018066406e+01
-3.162282562255859375e+01
-3.252682495117187500e+01
-3.544770812988281250e+01
-4.638595962524414062e+01
-2.996027565002441406e+01
-3.673059463500976562e+01
-2.674749374389648438e+01
-3.219710922241210938e+01
-3.794452285766601562e+01
-2.728130149841308594e+01
-3.098836517333984375e+01
-2.495454978942871094e+01
-2.324401664733886719e+01
-2.164506912231445312e+01
-2.360683441162109375e+01
-2.541476821899414062e+01
-2.993661689758300781e+01
-4.716474914550781250e+01
-4.501644897460937500e+01
-3.016512870788574219e+01
-3.589899826049804688e+01
-2.847679138183593750e+01
-2.638105583190917969e+01
-2.521338462829589844e+01
-3.206667709350585938e+01
-3.699961090087890625e+01
-4.096961593627929688e+01
-3.929462051391601562e+01
-3.886886215209960938e+01
-3.866098403930664062e+01
-3.649452972412109375e+01
-3.589232635498046875e+01
-3.834675598144531250e+01
-3.859248733520507812e+01
-3.219579315185546875e+01
-4.012196350097656250e+01
-4.142765426635742188e+01
-3.814661788940429688e+01
-3.234214782714843750e+01
-3.723611450195312500e+01
-3.252802276611328125e+01
-3.085606002807617188e+01
-3.733571243286132812e+01
-3.074847030639648438e+01
-3.929965209960937500e+01
-3.574292755126953125e+01
-3.553884124755859375e+01
-4.587807083129882812e+01
-3.615017700195312500e+01
-3.607217025756835938e+01
-2.861106872558593750e+01
-2.777644157409667969e+01
-3.247128677368164062e+01
-2.603778076171875000e+01
-4.102510070800781250e+01
-3.410808944702148438e+01
-3.244719314575195312e+01
-3.749589538574218750e+01
-3.129998397827148438e+01
-3.932368850708007812e+01
-3.508902359008789062e+01
-2.707554244995117188e+01
-4.035386657714843750e+01
-4.040887069702148438e+01
-3.071072959899902344e+01
-4.031215667724609375e+01
-3.359582138061523438e+01
-3.914163208007812500e+01
-3.779602813720703125e+01
-4.041875839233398438e+01
-3.447694778442382812e+01
-3.830734634399414062e+01
-4.179097747802734375e+01
-3.309256362915039062e+01
-4.292413330078125000e+01
-4.938993453979492188e+01
-3.457126235961914062e+01
-3.885559844970703125e+01
-2.934823036193847656e+01
-4.344999694824218750e+01
-3.155496025085449219e+01
-3.651548004150390625e+01
-4.318050765991210938e+01
-3.413529205322265625e+01
-3.874756240844726562e+01
-3.606081390380859375e+01
-2.906411933898925781e+01
-4.413124847412109375e+01
-4.869130706787109375e+01
-4.210018539428710938e+01
-3.585805892944335938e+01
-3.651039123535156250e+01
-3.271865081787109375e+01
-2.995951271057128906e+01
-5.042288970947265625e+01
-3.843695068359375000e+01
-3.675657653808593750e+01
-3.466103744506835938e+01
-3.425628662109375000e+01
-4.735829544067382812e+01
-3.122301101684570312e+01
-4.358140563964843750e+01
-3.472239303588867188e+01
-5.226686859130859375e+01
-4.152664947509765625e+01
-3.925360107421875000e+01
-6.222512054443359375e+01
-3.798816299438476562e+01
-3.506613159179687500e+01
-2.779616165161132812e+01
-3.359149551391601562e+01
-3.922992706298828125e+01
-3.519486236572265625e+01
-3.765153121948242188e+01
-3.678044128417968750e+01
-3.636443710327148438e+01
-2.653663825988769531e+01
-3.474982070922851562e+01
-3.172844696044921875e+01
-3.824925994873046875e+01
-3.749503707885742188e+01
-3.134612464904785156e+01
-3.574879837036132812e+01
-3.193094062805175781e+01
-5.374316406250000000e+01
-3.646957015991210938e+01
-5.138541030883789062e+01
-3.891066741943359375e+01
-4.512976455688476562e+01
