-7.228623628616333008e-01
-6.463841199874877930e-01
-7.005868554115295410e-01
-5.415508747100830078e-01
-9.195176362991333008e-01
-7.343046665191650391e-01
-8.568354845046997070e-01
-8.323933482170104980e-01
-7.590913176536560059e-01
-8.901371359825134277e-01
-8.680152893066406250e-01
-7.094215154647827148e-01
-1.754254817962646484e+00
-1.659970521926879883e+00
-1.687738895416259766e+00
-1.674912691116333008e+00
-1.652127981185913086e+00
-1.711514711380004883e+00
-1.502079486846923828e+00
-1.783448457717895508e+00
-1.581715941429138184e+00
-2.870617628097534180e+00
-2.710171222686767578e+00
-2.901649713516235352e+00
-2.700743675231933594e+00
-2.742939472198486328e+00
-2.752488851547241211e+00
-2.727827787399291992e+00
-2.573659896850585938e+00
-2.745219469070434570e+00
-2.662559986114501953e+00
-2.837180376052856445e+00
-2.836171150207519531e+00
-2.834051370620727539e+00
-2.673568248748779297e+00
-3.604584217071533203e+00
-3.612213134765625000e+00
-3.730962991714477539e+00
-3.686038970947265625e+00
-3.553821086883544922e+00
-3.584441423416137695e+00
-3.633925914764404297e+00
-3.682594776153564453e+00
-3.813152790069580078e+00
-3.775811433792114258e+00
-3.490102529525756836e+00
-3.654489755630493164e+00
-3.546019792556762695e+00
-4.188515663146972656e+00
-4.330161094665527344e+00
-4.244854927062988281e+00
-4.509043693542480469e+00
-4.232624530792236328e+00
-4.397624015808105469e+00
-4.331716060638427734e+00
-4.419847965240478516e+00
-4.354380607604980469e+00
-4.247794151306152344e+00
-4.202302455902099609e+00
-4.284295082092285156e+00
-4.427385330200195312e+00
-4.263981342315673828e+00
-4.649075031280517578e+00
-3.973669767379760742e+00
-4.192288875579833984e+00
-4.803981304168701172e+00
-4.806894779205322266e+00
-4.729443073272705078e+00
-4.833475589752197266e+00
-5.021934032440185547e+00
-4.883761882781982422e+00
-4.871547222137451172e+00
-4.966465473175048828e+00
-4.910184383392333984e+00
-5.922036647796630859e+00
-5.670611381530761719e+00
-5.374140739440917969e+00
-5.772973537445068359e+00
-6.127035617828369141e+00
-5.564970016479492188e+00
-5.768492221832275391e+00
-5.711542606353759766e+00
-5.709667205810546875e+00
-5.717360496520996094e+00
-5.676972389221191406e+00
-5.694804668426513672e+00
-5.699142456054687500e+00
-5.563359260559082031e+00
-5.769067287445068359e+00
-5.923834800720214844e+00
-4.788437366485595703e+00
-5.200041294097900391e+00
-5.562623023986816406e+00
-6.180125713348388672e+00
-6.478572845458984375e+00
-6.757347106933593750e+00
-5.939307212829589844e+00
-6.058494567871093750e+00
-6.727929592132568359e+00
-6.888463973999023438e+00
-6.596082210540771484e+00
-6.335146427154541016e+00
-6.402184963226318359e+00
-6.744423866271972656e+00
-6.374360084533691406e+00
-6.635812282562255859e+00
-6.343727111816406250e+00
-6.459177494049072266e+00
-6.768249511718750000e+00
-6.302512645721435547e+00
-6.391167640686035156e+00
-6.660515785217285156e+00
-6.482492446899414062e+00
-6.280725479125976562e+00
-5.963411808013916016e+00
-6.417833805084228516e+00
-6.754224777221679688e+00
-5.939526081085205078e+00
-7.072532653808593750e+00
-7.553572654724121094e+00
-7.373561859130859375e+00
-7.468906879425048828e+00
-7.586258411407470703e+00
-7.281677722930908203e+00
-7.435136318206787109e+00
-7.580724716186523438e+00
-7.578294277191162109e+00
-7.349633693695068359e+00
-7.659116268157958984e+00
-7.428853511810302734e+00
-7.499287128448486328e+00
-7.585213661193847656e+00
-7.101662635803222656e+00
-7.466758251190185547e+00
-7.669628620147705078e+00
-7.714401721954345703e+00
-7.533106327056884766e+00
-7.365337848663330078e+00
-7.083047866821289062e+00
-6.724328517913818359e+00
-7.736684799194335938e+00
-7.647260665893554688e+00
-7.336141109466552734e+00
-7.304544925689697266e+00
-7.683776855468750000e+00
-7.474690437316894531e+00
-7.521247386932373047e+00
-7.900248050689697266e+00
-8.723967552185058594e+00
-8.488888740539550781e+00
-8.278995513916015625e+00
-8.731307983398437500e+00
-8.603339195251464844e+00
-8.344118118286132812e+00
-8.682430267333984375e+00
-8.472533226013183594e+00
-7.599539756774902344e+00
-8.486725807189941406e+00
-8.088868141174316406e+00
-8.443472862243652344e+00
-8.572704315185546875e+00
-8.596187591552734375e+00
-8.490292549133300781e+00
-7.931813240051269531e+00
-8.090810775756835938e+00
-8.230086326599121094e+00
-8.143756866455078125e+00
-8.395363807678222656e+00
-8.203883171081542969e+00
-8.408717155456542969e+00
-8.908137321472167969e+00
-8.868281364440917969e+00
-8.265905380249023438e+00
-8.166058540344238281e+00
-8.180202484130859375e+00
-8.566551208496093750e+00
-8.235343933105468750e+00
-7.986905574798583984e+00
-8.307586669921875000e+00
-1.001565265655517578e+01
-9.893067359924316406e+00
-9.972429275512695312e+00
-1.020027732849121094e+01
-9.457238197326660156e+00
-1.015214538574218750e+01
-9.607696533203125000e+00
-1.019759654998779297e+01
-8.895609855651855469e+00
-9.921482086181640625e+00
-1.090900611877441406e+01
-9.771965980529785156e+00
-9.470921516418457031e+00
-9.694187164306640625e+00
-1.042614936828613281e+01
-8.676882743835449219e+00
-9.463835716247558594e+00
-9.854397773742675781e+00
-9.876859664916992188e+00
-8.920165061950683594e+00
-1.004706001281738281e+01
-1.003094291687011719e+01
-9.498131752014160156e+00
-1.000719261169433594e+01
-9.598973274230957031e+00
-9.949033737182617188e+00
-1.031270217895507812e+01
-9.804247856140136719e+00
-9.383699417114257812e+00
-1.017519283294677734e+01
-9.769633293151855469e+00
-9.155640602111816406e+00
-9.546778678894042969e+00
-9.442232131958007812e+00
-9.470891952514648438e+00
-1.011603832244873047e+01
-1.065381431579589844e+01
-1.106982135772705078e+01
-1.090801525115966797e+01
-1.108487510681152344e+01
-1.123346424102783203e+01
-1.013852119445800781e+01
-1.152067470550537109e+01
-1.100647068023681641e+01
-9.950626373291015625e+00
-1.140309047698974609e+01
-1.041917228698730469e+01
-1.159194469451904297e+01
-1.075052452087402344e+01
-1.054640483856201172e+01
-1.113373470306396484e+01
-1.144295024871826172e+01
-1.025413322448730469e+01
-1.087406253814697266e+01
-1.133307075500488281e+01
-1.049126338958740234e+01
-1.075884723663330078e+01
-1.128112030029296875e+01
-1.127835655212402344e+01
-1.102849197387695312e+01
-1.163044929504394531e+01
-1.069735240936279297e+01
-1.077516174316406250e+01
-1.117351818084716797e+01
-1.112415122985839844e+01
-1.115935134887695312e+01
-1.099323749542236328e+01
-1.119076728820800781e+01
-1.123813343048095703e+01
-1.086167716979980469e+01
-1.131140804290771484e+01
-1.112625503540039062e+01
-1.065229606628417969e+01
-9.276379585266113281e+00
-1.094568443298339844e+01
-1.098873233795166016e+01
-1.136901473999023438e+01
-1.109022045135498047e+01
-1.067130088806152344e+01
-1.178980731964111328e+01
-1.117389488220214844e+01
-1.194108867645263672e+01
-1.138237380981445312e+01
-1.081550025939941406e+01
-1.118243122100830078e+01
-1.089285659790039062e+01
-1.176721858978271484e+01
-1.089888381958007812e+01
-1.092751693725585938e+01
-1.081795597076416016e+01
-1.110813808441162109e+01
-1.089075279235839844e+01
-1.062721157073974609e+01
-1.095697879791259766e+01
-1.231311511993408203e+01
-1.063330650329589844e+01
-1.064371585845947266e+01
-1.072609615325927734e+01
-1.168762207031250000e+01
-1.147333717346191406e+01
-1.154303646087646484e+01
-1.127489185333251953e+01
-1.174602127075195312e+01
-1.067574691772460938e+01
-1.101851272583007812e+01
-1.113090038299560547e+01
-1.108529281616210938e+01
-1.103298759460449219e+01
-1.179068374633789062e+01
-1.188619804382324219e+01
-1.118866634368896484e+01
-1.103762817382812500e+01
-1.124066829681396484e+01
-1.200122070312500000e+01
-1.085058593750000000e+01
-1.108930110931396484e+01
-1.111960506439208984e+01
-1.045714473724365234e+01
-1.064688682556152344e+01
-1.124020957946777344e+01
-1.027430629730224609e+01
-1.038037109375000000e+01
-1.122233867645263672e+01
-1.129201126098632812e+01
-1.008087348937988281e+01
-1.171719455718994141e+01
-1.041145324707031250e+01
-1.149221420288085938e+01
-1.123917675018310547e+01
-1.090481281280517578e+01
-1.135019493103027344e+01
-1.087266349792480469e+01
-1.108896541595458984e+01
-1.057114601135253906e+01
-1.164043903350830078e+01
-1.164944267272949219e+01
-1.119544124603271484e+01
-1.203707981109619141e+01
-1.120114612579345703e+01
-1.163835430145263672e+01
-1.205956745147705078e+01
-1.048036384582519531e+01
-1.190679073333740234e+01
-1.070351409912109375e+01
-1.181178092956542969e+01
-1.074472427368164062e+01
-1.064728832244873047e+01
-1.021367931365966797e+01
-1.065305995941162109e+01
-1.065843009948730469e+01
-1.148340892791748047e+01
-1.084463214874267578e+01
-1.119256305694580078e+01
-1.039262676239013672e+01
-1.058035469055175781e+01
-1.143566894531250000e+01
-1.039718818664550781e+01
-1.129876899719238281e+01
-1.088927936553955078e+01
-1.070320987701416016e+01
-1.063288879394531250e+01
-1.082237052917480469e+01
-1.115995311737060547e+01
-1.077648448944091797e+01
-1.132977008819580078e+01
-1.081581497192382812e+01
-1.044808769226074219e+01
-1.109551143646240234e+01
-1.169917201995849609e+01
-1.086177921295166016e+01
-1.141730403900146484e+01
-1.070850276947021484e+01
-1.152743339538574219e+01
-1.116186714172363281e+01
-1.108850574493408203e+01
-1.141781616210937500e+01
-1.068799304962158203e+01
-9.944564819335937500e+00
-1.181458473205566406e+01
-1.099365234375000000e+01
-1.099780082702636719e+01
-1.179021930694580078e+01
-1.129523944854736328e+01
-1.113275718688964844e+01
-9.810506820678710938e+00
-1.089251041412353516e+01
-1.100332450866699219e+01
-1.080032825469970703e+01
-1.088417053222656250e+01
-1.047699451446533203e+01
-1.065753650665283203e+01
-1.019760704040527344e+01
-1.108475112915039062e+01
-1.076567649841308594e+01
-1.060571765899658203e+01
-1.035947990417480469e+01
-1.115826892852783203e+01
-1.070310306549072266e+01
-1.096471405029296875e+01
-1.063804435729980469e+01
-1.059237384796142578e+01
-1.140223884582519531e+01
-9.830441474914550781e+00
-1.089243221282958984e+01
-9.793869972229003906e+00
-9.989061355590820312e+00
-1.032009696960449219e+01
-1.114335155487060547e+01
-1.053228569030761719e+01
-1.115626525878906250e+01
-1.035880851745605469e+01
-1.158679008483886719e+01
-1.061626243591308594e+01
-1.040333938598632812e+01
-1.132906723022460938e+01
-1.121440029144287109e+01
-1.034586048126220703e+01
-1.206274127960205078e+01
-1.103459930419921875e+01
-1.031811714172363281e+01
-9.986999511718750000e+00
-9.915621757507324219e+00
-1.042556285858154297e+01
-1.158948230743408203e+01
-1.082562923431396484e+01
-1.178913021087646484e+01
-1.192593383789062500e+01
-1.036578178405761719e+01
-1.125446510314941406e+01
-1.115804386138916016e+01
-1.011984062194824219e+01
-1.117339611053466797e+01
-1.113591670989990234e+01
-9.953065872192382812e+00
-1.060242366790771484e+01
-1.002959537506103516e+01
-1.046129989624023438e+01
-1.133258247375488281e+01
-1.082201194763183594e+01
-1.133076667785644531e+01
-1.033413505554199219e+01
-1.125648403167724609e+01
-1.065760707855224609e+01
-1.066687488555908203e+01
-1.028442955017089844e+01
-1.058307552337646484e+01
-1.035157966613769531e+01
-9.762064933776855469e+00
-1.072286796569824219e+01
-1.047076129913330078e+01
-1.105580425262451172e+01
-1.005394840240478516e+01
-1.069858837127685547e+01
-1.017897319793701172e+01
-1.099999046325683594e+01
-1.092459964752197266e+01
-1.046188735961914062e+01
-1.074311828613281250e+01
-1.097836112976074219e+01
-1.078577899932861328e+01
-1.011728572845458984e+01
-1.096508312225341797e+01
-1.027033042907714844e+01
-1.032733154296875000e+01
-1.099488353729248047e+01
-1.128579330444335938e+01
-1.080130863189697266e+01
-1.095658588409423828e+01
-9.898195266723632812e+00
-1.064782714843750000e+01
-1.065970039367675781e+01
-1.063231658935546875e+01
-1.122956657409667969e+01
-1.078577327728271484e+01
-1.072155380249023438e+01
-1.127525138854980469e+01
-1.035083389282226562e+01
-1.098384380340576172e+01
-1.140400123596191406e+01
-1.041998672485351562e+01
-1.120704460144042969e+01
-1.064680194854736328e+01
-9.498482704162597656e+00
-1.137722110748291016e+01
-1.151742076873779297e+01
-1.162843322753906250e+01
-1.028636932373046875e+01
-9.897330284118652344e+00
-1.044766044616699219e+01
-1.116234874725341797e+01
-1.009650325775146484e+01
-1.060761928558349609e+01
-1.072839355468750000e+01
-1.098414897918701172e+01
-9.514124870300292969e+00
-1.038064670562744141e+01
-1.114206027984619141e+01
-1.047326850891113281e+01
-1.011260700225830078e+01
-1.108570194244384766e+01
-9.160882949829101562e+00
-1.042341327667236328e+01
-1.051860237121582031e+01
-1.050853538513183594e+01
-1.108392715454101562e+01
-1.102735424041748047e+01
-1.122539520263671875e+01
-1.058507156372070312e+01
-1.048229694366455078e+01
-1.030410099029541016e+01
-9.818521499633789062e+00
-1.047835826873779297e+01
-9.991047859191894531e+00
-1.001245212554931641e+01
-1.102437400817871094e+01
-1.118006324768066406e+01
-1.182440662384033203e+01
-1.235386657714843750e+01
-1.227774143218994141e+01
-1.186043930053710938e+01
-1.129025936126708984e+01
-1.273646259307861328e+01
-1.214164257049560547e+01
-1.188540744781494141e+01
-1.290863227844238281e+01
-1.110058593750000000e+01
-1.214349937438964844e+01
-1.121871089935302734e+01
-1.324513053894042969e+01
-1.254205036163330078e+01
-1.133562755584716797e+01
-1.209368515014648438e+01
-1.181231212615966797e+01
-1.195683097839355469e+01
-1.188921833038330078e+01
-1.212648391723632812e+01
-1.234259510040283203e+01
-1.216468715667724609e+01
-1.246801471710205078e+01
-1.202639961242675781e+01
-1.212348461151123047e+01
-1.161745834350585938e+01
-1.223505973815917969e+01
-1.125467300415039062e+01
-1.128927993774414062e+01
-1.191704177856445312e+01
-1.183823490142822266e+01
-1.083925056457519531e+01
-1.249455738067626953e+01
-1.216816139221191406e+01
-1.177697277069091797e+01
-1.292560195922851562e+01
-1.190351295471191406e+01
-1.135565757751464844e+01
-1.211875247955322266e+01
-1.239515113830566406e+01
-1.238006114959716797e+01
-1.260458946228027344e+01
-1.222520256042480469e+01
-1.237324714660644531e+01
-1.135127639770507812e+01
-1.280093193054199219e+01
-1.256962013244628906e+01
-1.127244472503662109e+01
-1.155419921875000000e+01
-1.152058315277099609e+01
-1.211409759521484375e+01
-1.191237640380859375e+01
-1.165351295471191406e+01
-1.136709213256835938e+01
-1.236689758300781250e+01
-1.174795913696289062e+01
-1.172921466827392578e+01
-1.101486301422119141e+01
-1.163470458984375000e+01
-1.107898807525634766e+01
-1.133283519744873047e+01
-1.218818664550781250e+01
-1.160645484924316406e+01
-1.204156208038330078e+01
-1.166754341125488281e+01
-1.182055854797363281e+01
-1.251508426666259766e+01
-1.073636722564697266e+01
-1.220406246185302734e+01
-1.108785152435302734e+01
-1.236087131500244141e+01
-1.264792728424072266e+01
-1.118197441101074219e+01
-1.163056850433349609e+01
-1.166165828704833984e+01
-1.306278514862060547e+01
-1.301606273651123047e+01
-1.162154006958007812e+01
-1.123047828674316406e+01
-1.192615222930908203e+01
-1.174819660186767578e+01
-1.217154502868652344e+01
-1.110693550109863281e+01
-1.109214115142822266e+01
-1.207565879821777344e+01
-1.210670375823974609e+01
-1.167647647857666016e+01
-1.108406925201416016e+01
-1.249414062500000000e+01
-1.128871536254882812e+01
-1.213591861724853516e+01
-1.231924152374267578e+01
-1.129638481140136719e+01
-1.137133312225341797e+01
-1.209596538543701172e+01
-1.152414608001708984e+01
-1.283580875396728516e+01
-9.968372344970703125e+00
-1.188955020904541016e+01
-1.198982906341552734e+01
-1.199611949920654297e+01
-1.112028980255126953e+01
-1.127196025848388672e+01
-1.093033218383789062e+01
-1.178389167785644531e+01
-1.227915954589843750e+01
-1.034774875640869141e+01
-1.154134750366210938e+01
-1.212019634246826172e+01
-1.149961662292480469e+01
-1.160770034790039062e+01
-1.125788211822509766e+01
-1.165295124053955078e+01
-1.244780349731445312e+01
-1.241938209533691406e+01
-1.123061847686767578e+01
-1.191108608245849609e+01
-1.179554462432861328e+01
-1.092811584472656250e+01
-1.181688785552978516e+01
-1.156508255004882812e+01
-1.100192070007324219e+01
-1.128281021118164062e+01
-1.142972183227539062e+01
-1.210239219665527344e+01
-1.113025951385498047e+01
-1.255093479156494141e+01
-1.124366092681884766e+01
-1.157178306579589844e+01
-1.188242912292480469e+01
-1.196705532073974609e+01
-1.224227714538574219e+01
-1.167356395721435547e+01
-1.178608036041259766e+01
-1.149344062805175781e+01
-1.184397220611572266e+01
-1.182576465606689453e+01
-1.182947254180908203e+01
-1.189118099212646484e+01
-1.152206420898437500e+01
-1.151114082336425781e+01
-1.076951026916503906e+01
-1.141446304321289062e+01
-1.164661216735839844e+01
-1.150930404663085938e+01
-1.118458938598632812e+01
-1.132315540313720703e+01
-1.260475540161132812e+01
-1.177847862243652344e+01
-1.126930141448974609e+01
-1.165361499786376953e+01
-1.196792984008789062e+01
-1.168287372589111328e+01
-1.054221439361572266e+01
-1.129540729522705078e+01
-1.051949882507324219e+01
-1.126529121398925781e+01
-1.083482170104980469e+01
-1.182225322723388672e+01
-1.143130683898925781e+01
-1.119618606567382812e+01
-1.089005756378173828e+01
-1.164231777191162109e+01
-1.168801689147949219e+01
-1.206928062438964844e+01
-1.150827884674072266e+01
-1.185739326477050781e+01
-1.146934032440185547e+01
-1.165554428100585938e+01
-1.151006317138671875e+01
-1.221199035644531250e+01
-1.165706634521484375e+01
-1.209943103790283203e+01
-1.194433307647705078e+01
-1.153942871093750000e+01
-1.247968101501464844e+01
-1.105126667022705078e+01
-1.020062923431396484e+01
-1.173551082611083984e+01
-1.061321735382080078e+01
-1.216190147399902344e+01
-1.032428455352783203e+01
-1.076040267944335938e+01
-1.153892707824707031e+01
-1.096582221984863281e+01
-1.143972778320312500e+01
-1.210752391815185547e+01
-1.111937332153320312e+01
-1.081683444976806641e+01
-1.166306781768798828e+01
-1.128533458709716797e+01
-1.047056388854980469e+01
-1.170300006866455078e+01
-1.125729942321777344e+01
-1.136468029022216797e+01
-1.172806453704833984e+01
-1.139457988739013672e+01
-1.067883014678955078e+01
-1.037268257141113281e+01
-1.083258533477783203e+01
-1.161301708221435547e+01
-1.158474540710449219e+01
-1.175083732604980469e+01
-1.165045166015625000e+01
-1.150073432922363281e+01
-1.170437717437744141e+01
-1.064595222473144531e+01
-1.075664615631103516e+01
-1.132197284698486328e+01
-1.093600845336914062e+01
-1.356437492370605469e+01
-1.244358634948730469e+01
-1.173529624938964844e+01
-1.197842502593994141e+01
-1.179250431060791016e+01
-1.181508731842041016e+01
-1.161433696746826172e+01
-1.117128181457519531e+01
-1.116907215118408203e+01
-1.258202075958251953e+01
-1.145951843261718750e+01
-1.287380695343017578e+01
-1.044817256927490234e+01
-1.165078353881835938e+01
-1.175955581665039062e+01
-1.123397350311279297e+01
-1.272116279602050781e+01
-1.246752738952636719e+01
-1.153213882446289062e+01
-1.179853343963623047e+01
-1.200496196746826172e+01
-1.137304496765136719e+01
-1.142955398559570312e+01
-1.202894973754882812e+01
-1.117154788970947266e+01
-1.187006568908691406e+01
-1.135743713378906250e+01
-1.111976528167724609e+01
-1.120212650299072266e+01
-1.200637626647949219e+01
-1.207451629638671875e+01
-1.291239833831787109e+01
-1.185650730133056641e+01
-1.248034381866455078e+01
-1.173772048950195312e+01
-1.276206302642822266e+01
-1.193560314178466797e+01
-1.184273147583007812e+01
-1.131326103210449219e+01
-1.185568332672119141e+01
-1.344832611083984375e+01
-1.192702102661132812e+01
-1.207056617736816406e+01
-1.121060276031494141e+01
-1.215853691101074219e+01
-1.258385753631591797e+01
-1.193694591522216797e+01
-1.208006286621093750e+01
-1.274929428100585938e+01
-1.142704200744628906e+01
-1.166599464416503906e+01
-1.106059265136718750e+01
-1.094786357879638672e+01
-1.251732254028320312e+01
-1.116131401062011719e+01
-1.130449199676513672e+01
-1.138067817687988281e+01
-1.154449081420898438e+01
-1.158131313323974609e+01
-1.194117927551269531e+01
-1.114020729064941406e+01
-1.169781208038330078e+01
-1.203643989562988281e+01
-1.224555778503417969e+01
-1.134739208221435547e+01
-1.250169086456298828e+01
-1.131144714355468750e+01
-1.169671249389648438e+01
-1.235816860198974609e+01
-1.213655471801757812e+01
-1.135600471496582031e+01
-1.244843482971191406e+01
-1.160972595214843750e+01
-1.208621215820312500e+01
-1.101265621185302734e+01
-1.147696399688720703e+01
-1.134737014770507812e+01
-1.073915767669677734e+01
-1.186427497863769531e+01
-1.232122135162353516e+01
-1.228172492980957031e+01
-1.114533329010009766e+01
-1.156544494628906250e+01
-1.273382091522216797e+01
-1.253534126281738281e+01
-1.217271423339843750e+01
-1.170910358428955078e+01
-1.291362285614013672e+01
-1.320009708404541016e+01
-1.234260463714599609e+01
-1.165954971313476562e+01
-1.226839923858642578e+01
-1.194387435913085938e+01
-1.202787780761718750e+01
-1.212129402160644531e+01
-1.149807548522949219e+01
-1.235635089874267578e+01
-1.165937137603759766e+01
-1.126306152343750000e+01
-1.136320972442626953e+01
-1.257162952423095703e+01
-1.071861076354980469e+01
-1.096435260772705078e+01
-1.311987400054931641e+01
-1.160591793060302734e+01
-1.116980457305908203e+01
-1.117029857635498047e+01
-1.159720230102539062e+01
-1.156461238861083984e+01
-1.038683319091796875e+01
-1.100612068176269531e+01
-1.284596538543701172e+01
-1.236114215850830078e+01
-1.065908622741699219e+01
-1.119018077850341797e+01
-1.259667110443115234e+01
-1.057815170288085938e+01
-1.170833492279052734e+01
-1.220540046691894531e+01
-1.132886409759521484e+01
-1.153458309173583984e+01
-1.190998554229736328e+01
-1.138789749145507812e+01
-1.111064624786376953e+01
-1.156656455993652344e+01
-1.106900405883789062e+01
-1.130727291107177734e+01
-1.170643043518066406e+01
-1.224730968475341797e+01
-1.196576118469238281e+01
-1.091909408569335938e+01
-1.141825866699218750e+01
-1.244428157806396484e+01
-1.213951110839843750e+01
-1.089264392852783203e+01
-1.151196479797363281e+01
-1.214031505584716797e+01
-1.205703067779541016e+01
-1.071926116943359375e+01
-1.099032783508300781e+01
-1.074549770355224609e+01
-1.190077590942382812e+01
-1.194943618774414062e+01
-1.175376319885253906e+01
-1.222831249237060547e+01
-1.155254936218261719e+01
-1.161976337432861328e+01
-1.148000335693359375e+01
-1.124780845642089844e+01
-1.137165832519531250e+01
-1.138361835479736328e+01
-1.172117900848388672e+01
-1.059661960601806641e+01
-1.287030982971191406e+01
-1.244524955749511719e+01
-1.197922611236572266e+01
-1.207864475250244141e+01
-1.136659622192382812e+01
-1.188415908813476562e+01
-1.171498107910156250e+01
-1.273542690277099609e+01
-1.197598743438720703e+01
-1.230434799194335938e+01
-1.146484851837158203e+01
-1.127599334716796875e+01
-9.922777175903320312e+00
-1.116691780090332031e+01
-1.265479755401611328e+01
-1.111798572540283203e+01
-1.069911861419677734e+01
-1.096528530120849609e+01
-1.006318092346191406e+01
-1.141879367828369141e+01
-1.178227138519287109e+01
-9.676578521728515625e+00
-1.093377208709716797e+01
-1.181066608428955078e+01
-1.148308849334716797e+01
-1.049467754364013672e+01
-1.013521480560302734e+01
-1.112303447723388672e+01
-1.038668918609619141e+01
-1.050008487701416016e+01
-1.254838562011718750e+01
-1.025957584381103516e+01
-1.150213146209716797e+01
-9.001237869262695312e+00
-1.175831508636474609e+01
-1.116989994049072266e+01
-1.154682350158691406e+01
-1.053363037109375000e+01
-1.178126239776611328e+01
-1.039771938323974609e+01
-1.097314453125000000e+01
-1.022365951538085938e+01
-1.105442619323730469e+01
-1.064589595794677734e+01
-1.171867752075195312e+01
-1.112761974334716797e+01
-1.077310276031494141e+01
-1.045218276977539062e+01
-1.015534114837646484e+01
-1.058893299102783203e+01
-9.761398315429687500e+00
-1.061984062194824219e+01
-1.083062934875488281e+01
-9.799937248229980469e+00
-1.004987812042236328e+01
-1.069350433349609375e+01
-1.084969711303710938e+01
-1.147087764739990234e+01
-1.149322032928466797e+01
-1.101395225524902344e+01
-1.063589477539062500e+01
-9.561681747436523438e+00
-1.107660865783691406e+01
-1.147963809967041016e+01
-1.011882877349853516e+01
-1.060955810546875000e+01
-1.004933834075927734e+01
-1.070708560943603516e+01
-1.017281246185302734e+01
-1.108859252929687500e+01
-1.132058525085449219e+01
-9.695353507995605469e+00
-1.162183189392089844e+01
-1.122975444793701172e+01
-1.003441905975341797e+01
-1.080899620056152344e+01
-1.100096893310546875e+01
-1.091348743438720703e+01
-1.154907894134521484e+01
-1.087866878509521484e+01
-1.064498710632324219e+01
-1.120922374725341797e+01
-9.925641059875488281e+00
-1.259868144989013672e+01
-1.285105705261230469e+01
-1.223248291015625000e+01
-1.184280395507812500e+01
-1.203946971893310547e+01
-1.225518131256103516e+01
-1.291698932647705078e+01
-1.256513690948486328e+01
-1.314002609252929688e+01
-1.249420547485351562e+01
-1.323356914520263672e+01
-1.291230583190917969e+01
-1.181477737426757812e+01
-1.177135562896728516e+01
-1.278164291381835938e+01
-1.262094974517822266e+01
-1.272247982025146484e+01
-1.338990402221679688e+01
-1.274829673767089844e+01
-1.231543922424316406e+01
-1.311250209808349609e+01
-1.199489879608154297e+01
-1.164886188507080078e+01
-1.168618392944335938e+01
-1.162680244445800781e+01
-1.289730930328369141e+01
-1.263035583496093750e+01
-1.241344738006591797e+01
-1.260425758361816406e+01
-1.266673564910888672e+01
-1.141599082946777344e+01
-1.250154972076416016e+01
-1.222701644897460938e+01
-1.199564647674560547e+01
-1.232004833221435547e+01
-1.251778125762939453e+01
-1.355592346191406250e+01
-1.288782882690429688e+01
-1.208329296112060547e+01
-1.168724536895751953e+01
-1.176934528350830078e+01
-1.192705249786376953e+01
-1.265785217285156250e+01
-1.402280235290527344e+01
-1.234709930419921875e+01
-1.221919536590576172e+01
-1.297130298614501953e+01
-1.158514595031738281e+01
-1.203784370422363281e+01
-1.150201606750488281e+01
-1.443013191223144531e+01
-1.167222118377685547e+01
-1.249975585937500000e+01
-1.304479598999023438e+01
-1.348119926452636719e+01
-1.189395713806152344e+01
-1.184767055511474609e+01
-1.203226280212402344e+01
-1.192946052551269531e+01
