-6.719294786453247070e-01
-4.920690059661865234e-01
-7.334191799163818359e-01
-8.362231254577636719e-01
-8.324351310729980469e-01
-1.041555643081665039e+00
-8.512316942214965820e-01
-8.465454578399658203e-01
-7.938613891601562500e-01
-8.008456230163574219e-01
-9.145377874374389648e-01
-8.775607347488403320e-01
-8.422430157661437988e-01
-8.756936192512512207e-01
-8.055938482284545898e-01
-8.144058585166931152e-01
-8.460817337036132812e-01
-8.971745371818542480e-01
-1.907159686088562012e+00
-1.874126791954040527e+00
-2.020530223846435547e+00
-2.133508920669555664e+00
-1.970284223556518555e+00
-1.962481617927551270e+00
-1.941141486167907715e+00
-2.047840118408203125e+00
-1.928950428962707520e+00
-2.038021326065063477e+00
-2.967963218688964844e+00
-2.869439363479614258e+00
-2.958082914352416992e+00
-2.963775634765625000e+00
-2.814733743667602539e+00
-3.092427968978881836e+00
-2.984546661376953125e+00
-2.930561065673828125e+00
-2.896631717681884766e+00
-3.016350746154785156e+00
-2.783443450927734375e+00
-3.088014364242553711e+00
-2.943177938461303711e+00
-3.987672567367553711e+00
-4.070792198181152344e+00
-3.776910066604614258e+00
-3.769127607345581055e+00
-4.211894512176513672e+00
-4.046823978424072266e+00
-4.036141395568847656e+00
-3.968306779861450195e+00
-4.275774955749511719e+00
-4.104186534881591797e+00
-3.766252756118774414e+00
-4.046757698059082031e+00
-4.057813167572021484e+00
-4.905389785766601562e+00
-5.323224544525146484e+00
-5.046835422515869141e+00
-5.051904678344726562e+00
-5.254858493804931641e+00
-4.969286441802978516e+00
-4.823690891265869141e+00
-5.014450550079345703e+00
-4.454184532165527344e+00
-5.076523303985595703e+00
-4.959990978240966797e+00
-5.045298576354980469e+00
-5.000867843627929688e+00
-4.830369949340820312e+00
-4.897962093353271484e+00
-5.039416313171386719e+00
-5.158209323883056641e+00
-5.169050693511962891e+00
-6.245440483093261719e+00
-5.809000015258789062e+00
-6.019530296325683594e+00
-5.910753250122070312e+00
-5.762479305267333984e+00
-5.820716381072998047e+00
-6.007266044616699219e+00
-6.277621746063232422e+00
-5.469334125518798828e+00
-6.348767757415771484e+00
-6.245895385742187500e+00
-5.758864402770996094e+00
-5.815733432769775391e+00
-5.964203357696533203e+00
-5.932539939880371094e+00
-6.153626441955566406e+00
-6.291168212890625000e+00
-6.259412765502929688e+00
-5.942027568817138672e+00
-6.662840843200683594e+00
-6.534663677215576172e+00
-6.326037883758544922e+00
-7.001708984375000000e+00
-6.520662784576416016e+00
-6.243937969207763672e+00
-6.944867610931396484e+00
-6.811838626861572266e+00
-6.143541812896728516e+00
-6.719491004943847656e+00
-6.644876956939697266e+00
-6.357330322265625000e+00
-6.635897159576416016e+00
-6.250074863433837891e+00
-6.901019096374511719e+00
-6.651839256286621094e+00
-6.464262008666992188e+00
-6.516703128814697266e+00
-6.878108978271484375e+00
-6.717452049255371094e+00
-6.621258258819580078e+00
-7.009738445281982422e+00
-6.827147483825683594e+00
-6.465118408203125000e+00
-7.471405982971191406e+00
-7.304334640502929688e+00
-6.935541629791259766e+00
-6.687241077423095703e+00
-6.755772113800048828e+00
-7.168040752410888672e+00
-7.173889160156250000e+00
-7.627284526824951172e+00
-7.474118709564208984e+00
-6.941834449768066406e+00
-6.465198040008544922e+00
-6.844844818115234375e+00
-6.551102638244628906e+00
-6.776879787445068359e+00
-7.483312606811523438e+00
-7.241091251373291016e+00
-7.340094566345214844e+00
-7.318451881408691406e+00
-7.233113765716552734e+00
-6.915075302124023438e+00
-6.808704853057861328e+00
-7.099720954895019531e+00
-7.123491287231445312e+00
-6.831674575805664062e+00
-6.959414005279541016e+00
-6.799775123596191406e+00
-7.456964015960693359e+00
-6.743016242980957031e+00
-7.233917236328125000e+00
-7.174489498138427734e+00
-6.714847087860107422e+00
-7.347548484802246094e+00
-7.309392452239990234e+00
-7.205755233764648438e+00
-7.461210727691650391e+00
-7.227859973907470703e+00
-7.293802261352539062e+00
-7.302338600158691406e+00
-7.263183593750000000e+00
-7.448145389556884766e+00
-7.570639610290527344e+00
-7.050554275512695312e+00
-7.272886753082275391e+00
-7.192987918853759766e+00
-7.353360652923583984e+00
-7.456596374511718750e+00
-7.171292781829833984e+00
-7.663161277770996094e+00
-6.805978775024414062e+00
-7.255042076110839844e+00
-7.399711608886718750e+00
-7.098943710327148438e+00
-7.322942256927490234e+00
-6.601123332977294922e+00
-7.077725887298583984e+00
-7.256793022155761719e+00
-7.502758502960205078e+00
-7.432641506195068359e+00
-7.550654888153076172e+00
-7.317786693572998047e+00
-8.065601348876953125e+00
-7.723421573638916016e+00
-8.039768218994140625e+00
-7.801270484924316406e+00
-7.644492626190185547e+00
-7.579274654388427734e+00
-7.660235881805419922e+00
-7.162123680114746094e+00
-7.598073482513427734e+00
-8.126860618591308594e+00
-7.933204174041748047e+00
-7.608670711517333984e+00
-7.884017944335937500e+00
-7.547834396362304688e+00
-8.135272979736328125e+00
-7.157806873321533203e+00
-7.712979793548583984e+00
-7.239056110382080078e+00
-7.772690296173095703e+00
-8.208291053771972656e+00
-8.116663932800292969e+00
-7.649964332580566406e+00
-7.902592182159423828e+00
-7.366660118103027344e+00
-8.212927818298339844e+00
-8.084789276123046875e+00
-8.122741699218750000e+00
-8.066732406616210938e+00
-8.023210525512695312e+00
-7.662023544311523438e+00
-8.553401947021484375e+00
-8.620984077453613281e+00
-8.502791404724121094e+00
-8.045332908630371094e+00
-7.888783454895019531e+00
-7.769348144531250000e+00
-7.756977558135986328e+00
-8.412768363952636719e+00
-7.698850154876708984e+00
-8.006456375122070312e+00
-7.731209754943847656e+00
-8.178477287292480469e+00
-7.978378772735595703e+00
-8.221588134765625000e+00
-7.943985462188720703e+00
-8.537585258483886719e+00
-8.527747154235839844e+00
-8.363546371459960938e+00
-7.823962688446044922e+00
-7.831565380096435547e+00
-7.579268455505371094e+00
-8.100316047668457031e+00
-7.975067615509033203e+00
-7.919606208801269531e+00
-8.627870559692382812e+00
-8.490548133850097656e+00
-8.150642395019531250e+00
-7.979300498962402344e+00
-8.417472839355468750e+00
-8.667500495910644531e+00
-7.259538173675537109e+00
-7.898428916931152344e+00
-8.223196029663085938e+00
-8.808594703674316406e+00
-8.789208412170410156e+00
-8.816656112670898438e+00
-8.948740005493164062e+00
-7.833082675933837891e+00
-8.471087455749511719e+00
-8.431042671203613281e+00
-9.132534980773925781e+00
-8.340740203857421875e+00
-9.068766593933105469e+00
-9.079974174499511719e+00
-9.360194206237792969e+00
-8.108095169067382812e+00
-8.399238586425781250e+00
-8.341561317443847656e+00
-8.535785675048828125e+00
-8.433352470397949219e+00
-8.777539253234863281e+00
-8.366663932800292969e+00
-8.519034385681152344e+00
-8.235754013061523438e+00
-8.046700477600097656e+00
-9.049093246459960938e+00
-8.538654327392578125e+00
-9.293425559997558594e+00
-8.846217155456542969e+00
-8.632934570312500000e+00
-8.853484153747558594e+00
-8.691347122192382812e+00
-8.756417274475097656e+00
-7.923901081085205078e+00
-8.475381851196289062e+00
-8.252004623413085938e+00
-8.995883941650390625e+00
-8.347440719604492188e+00
-8.241088867187500000e+00
-8.934580802917480469e+00
-9.537343025207519531e+00
-9.065518379211425781e+00
-9.639458656311035156e+00
-9.692714691162109375e+00
-9.406127929687500000e+00
-9.782047271728515625e+00
-9.721139907836914062e+00
-9.663105010986328125e+00
-9.785017013549804688e+00
-9.260761260986328125e+00
-9.471264839172363281e+00
-9.445255279541015625e+00
-9.687452316284179688e+00
-9.682856559753417969e+00
-9.512608528137207031e+00
-9.922096252441406250e+00
-1.033192825317382812e+01
-9.611252784729003906e+00
-9.819478988647460938e+00
-9.249232292175292969e+00
-1.010094451904296875e+01
-9.569563865661621094e+00
-9.057243347167968750e+00
-9.707968711853027344e+00
-9.274729728698730469e+00
-1.065240001678466797e+01
-9.961490631103515625e+00
-9.933985710144042969e+00
-9.194860458374023438e+00
-9.499094963073730469e+00
-1.116507816314697266e+01
-9.925289154052734375e+00
-9.470314979553222656e+00
-9.258237838745117188e+00
-9.960272789001464844e+00
-9.441172599792480469e+00
-9.756685256958007812e+00
-1.001089668273925781e+01
-1.034787082672119141e+01
-9.516768455505371094e+00
-9.720368385314941406e+00
-9.843400955200195312e+00
-9.457661628723144531e+00
-9.605127334594726562e+00
-1.006154155731201172e+01
-9.747896194458007812e+00
-1.060670757293701172e+01
-1.020348930358886719e+01
-1.089923286437988281e+01
-9.861196517944335938e+00
-1.049346160888671875e+01
-1.047835636138916016e+01
-9.642611503601074219e+00
-1.003448772430419922e+01
-1.090648460388183594e+01
-1.059254741668701172e+01
-1.039082717895507812e+01
-1.074306392669677734e+01
-1.040733242034912109e+01
-9.658848762512207031e+00
-1.068337345123291016e+01
-1.043701362609863281e+01
-1.144699954986572266e+01
-9.983051300048828125e+00
-1.071957492828369141e+01
-9.963332176208496094e+00
-1.045477294921875000e+01
-9.939487457275390625e+00
-1.059832954406738281e+01
-9.845475196838378906e+00
-1.104825782775878906e+01
-1.025827503204345703e+01
-9.527996063232421875e+00
-1.046281433105468750e+01
-1.007307624816894531e+01
-1.026397705078125000e+01
-1.100277709960937500e+01
-1.079429817199707031e+01
-1.096063709259033203e+01
-9.919286727905273438e+00
-1.014624977111816406e+01
-1.068999290466308594e+01
-1.114340877532958984e+01
-1.037177371978759766e+01
-1.026464080810546875e+01
-1.105692577362060547e+01
-1.000861358642578125e+01
-9.401982307434082031e+00
-1.020767021179199219e+01
-9.924418449401855469e+00
-1.058261775970458984e+01
-1.095804786682128906e+01
-1.145080661773681641e+01
-1.118564414978027344e+01
-1.107018089294433594e+01
-1.076673603057861328e+01
-1.013007354736328125e+01
-1.074481296539306641e+01
-1.145177745819091797e+01
-1.054118347167968750e+01
-1.082379722595214844e+01
-1.055601692199707031e+01
-1.019036102294921875e+01
-1.074914932250976562e+01
-1.102004146575927734e+01
-1.094381332397460938e+01
-1.084243392944335938e+01
-1.065148639678955078e+01
-1.058321475982666016e+01
-1.071254634857177734e+01
-1.050546073913574219e+01
-1.059839439392089844e+01
-1.109134292602539062e+01
-1.058561897277832031e+01
-1.107854747772216797e+01
-1.044728469848632812e+01
-1.123419380187988281e+01
-1.103144550323486328e+01
-1.072597408294677734e+01
-1.057255554199218750e+01
-1.072503471374511719e+01
-1.131020450592041016e+01
-1.078471755981445312e+01
-1.019367980957031250e+01
-1.013676643371582031e+01
-1.019809722900390625e+01
-1.138408374786376953e+01
-1.061725807189941406e+01
-1.103054428100585938e+01
-1.074988746643066406e+01
-1.030007266998291016e+01
-1.021202278137207031e+01
-1.082934665679931641e+01
-1.101889514923095703e+01
-9.951640129089355469e+00
-1.160170364379882812e+01
-1.131931018829345703e+01
-1.142451858520507812e+01
-1.101640224456787109e+01
-1.102017021179199219e+01
-9.949487686157226562e+00
-1.060223865509033203e+01
-9.542072296142578125e+00
-1.131975555419921875e+01
-1.161819553375244141e+01
-1.133300495147705078e+01
-1.156070518493652344e+01
-1.111767196655273438e+01
-1.133998012542724609e+01
-1.163339042663574219e+01
-1.027229022979736328e+01
-1.208715057373046875e+01
-1.108976936340332031e+01
-1.143024730682373047e+01
-1.187784481048583984e+01
-1.113325214385986328e+01
-9.668511390686035156e+00
-1.197645854949951172e+01
-1.142955303192138672e+01
-1.221938610076904297e+01
-1.219132423400878906e+01
-1.115291118621826172e+01
-1.153296375274658203e+01
-1.134299564361572266e+01
-1.170138359069824219e+01
-1.213920783996582031e+01
-1.139356708526611328e+01
-1.109627246856689453e+01
-1.143074512481689453e+01
-1.205992412567138672e+01
-1.110934066772460938e+01
-1.059326648712158203e+01
-1.124428462982177734e+01
-1.133259487152099609e+01
-1.182005596160888672e+01
-1.156436729431152344e+01
-9.777049064636230469e+00
-1.152063655853271484e+01
-1.175430107116699219e+01
-1.159486865997314453e+01
-1.236811161041259766e+01
-1.011133003234863281e+01
-1.221689319610595703e+01
-1.184451484680175781e+01
-1.108888626098632812e+01
-1.144657421112060547e+01
-1.123048591613769531e+01
-1.055181121826171875e+01
-1.160884475708007812e+01
-1.201054573059082031e+01
-1.146030712127685547e+01
-1.162312030792236328e+01
-1.186570739746093750e+01
-1.124676132202148438e+01
-1.088524627685546875e+01
-1.160644721984863281e+01
-1.081290912628173828e+01
-1.148940181732177734e+01
-1.178881931304931641e+01
-1.166540718078613281e+01
-1.165692520141601562e+01
-1.135971641540527344e+01
-1.054884147644042969e+01
-1.105055904388427734e+01
-1.126873111724853516e+01
-1.141298580169677734e+01
-1.017935180664062500e+01
-1.134856414794921875e+01
-1.100197505950927734e+01
-1.015975570678710938e+01
-1.075697898864746094e+01
-1.173114967346191406e+01
-1.109401130676269531e+01
-1.002744483947753906e+01
-1.155657196044921875e+01
-1.093867015838623047e+01
-1.049019718170166016e+01
-1.061515617370605469e+01
-1.137134265899658203e+01
-1.135567474365234375e+01
-1.183322334289550781e+01
-1.128271579742431641e+01
-1.076174068450927734e+01
-1.063668918609619141e+01
-1.150917434692382812e+01
