-9.126811027526855469e-01
-9.593242406845092773e-01
-9.713425040245056152e-01
-8.600551486015319824e-01
-8.921203613281250000e-01
-8.725471496582031250e-01
-2.705051898956298828e+00
-2.749000072479248047e+00
-2.744731903076171875e+00
-4.037060737609863281e+00
-4.215608596801757812e+00
-4.089025020599365234e+00
-5.618549823760986328e+00
-5.296958446502685547e+00
-5.649898529052734375e+00
-6.415713310241699219e+00
-6.990649223327636719e+00
-6.868046760559082031e+00
-6.525794506072998047e+00
-6.646927833557128906e+00
-7.968981742858886719e+00
-8.404120445251464844e+00
-8.556145668029785156e+00
-9.410149574279785156e+00
-8.794463157653808594e+00
-8.150535583496093750e+00
-8.926534652709960938e+00
-9.183239936828613281e+00
-9.295309066772460938e+00
-8.731262207031250000e+00
-9.493953704833984375e+00
-9.087578773498535156e+00
-9.660701751708984375e+00
-9.591445922851562500e+00
-9.052702903747558594e+00
-1.142222309112548828e+01
-1.106267929077148438e+01
-1.027405452728271484e+01
-1.431943416595458984e+01
-1.264280033111572266e+01
-1.241767024993896484e+01
-1.445844841003417969e+01
-1.435638904571533203e+01
-1.597988700866699219e+01
-1.570621013641357422e+01
-1.596349239349365234e+01
-1.550157165527343750e+01
-1.747007560729980469e+01
-1.713470840454101562e+01
-1.724403762817382812e+01
-1.745448875427246094e+01
-1.722174453735351562e+01
-1.948300552368164062e+01
-1.924140167236328125e+01
-1.981812858581542969e+01
-1.945368576049804688e+01
-2.053986358642578125e+01
-1.961323356628417969e+01
-2.137676239013671875e+01
-2.078944778442382812e+01
-1.986414718627929688e+01
-1.973559570312500000e+01
-2.125187683105468750e+01
-2.087238693237304688e+01
-1.958353424072265625e+01
-1.950839614868164062e+01
-2.478499412536621094e+01
-2.634895515441894531e+01
-2.553340721130371094e+01
-2.560204505920410156e+01
-2.495074653625488281e+01
-2.574095726013183594e+01
-2.384490203857421875e+01
-2.593541717529296875e+01
-2.620990753173828125e+01
-2.635733985900878906e+01
-2.582515525817871094e+01
-2.315876007080078125e+01
-2.745046806335449219e+01
-2.575286293029785156e+01
-2.728874015808105469e+01
-2.688567733764648438e+01
-2.822920417785644531e+01
-2.797612762451171875e+01
-2.607989120483398438e+01
-2.614916992187500000e+01
-2.697452354431152344e+01
-2.795372200012207031e+01
-2.834692382812500000e+01
-2.919146347045898438e+01
-2.939889526367187500e+01
-2.781375885009765625e+01
-2.792468643188476562e+01
-2.998403167724609375e+01
-2.992753410339355469e+01
-2.909478378295898438e+01
-2.907554626464843750e+01
-2.931392669677734375e+01
-2.778429794311523438e+01
-2.757422637939453125e+01
-2.926056480407714844e+01
-2.913532447814941406e+01
-2.888149261474609375e+01
-3.044384765625000000e+01
-3.091834831237792969e+01
-3.085227966308593750e+01
-3.100664710998535156e+01
-3.338311004638671875e+01
-3.145002365112304688e+01
-3.321237182617187500e+01
-2.890707969665527344e+01
-3.574459075927734375e+01
-3.439687728881835938e+01
-3.429971694946289062e+01
-3.384628677368164062e+01
-3.593057632446289062e+01
-3.970880126953125000e+01
-3.898500823974609375e+01
-4.079510116577148438e+01
-4.049751281738281250e+01
-3.867390823364257812e+01
-4.359569168090820312e+01
-4.260654067993164062e+01
-4.219738006591796875e+01
-4.221127319335937500e+01
-3.933231735229492188e+01
-4.023888397216796875e+01
-3.952603912353515625e+01
-4.159850311279296875e+01
-4.004122924804687500e+01
-3.947620391845703125e+01
-4.295495986938476562e+01
-4.195406341552734375e+01
-4.549866104125976562e+01
-4.451491165161132812e+01
-4.368675994873046875e+01
-4.235675048828125000e+01
-4.551980972290039062e+01
-4.251473617553710938e+01
-4.418378829956054688e+01
-4.453264236450195312e+01
-4.400131607055664062e+01
-4.622370910644531250e+01
-4.570613098144531250e+01
-4.216497039794921875e+01
-4.325592803955078125e+01
-4.331346511840820312e+01
-4.301713943481445312e+01
-4.225813293457031250e+01
-4.610607147216796875e+01
-4.558315277099609375e+01
-4.531221008300781250e+01
-4.724367141723632812e+01
-4.525313186645507812e+01
-4.519034576416015625e+01
-4.627465820312500000e+01
-4.543853378295898438e+01
-4.505368041992187500e+01
-4.593035888671875000e+01
-4.550016403198242188e+01
-4.994617080688476562e+01
-4.746603393554687500e+01
-4.743945312500000000e+01
-4.701277160644531250e+01
-4.525734329223632812e+01
-4.526129913330078125e+01
-4.406412506103515625e+01
-4.782427978515625000e+01
-4.652326965332031250e+01
-4.940549850463867188e+01
-4.053947448730468750e+01
-4.388548278808593750e+01
-4.381034469604492188e+01
-3.984499359130859375e+01
-4.255146408081054688e+01
-4.205113220214843750e+01
-4.404808425903320312e+01
-4.345572280883789062e+01
-4.423433685302734375e+01
-5.114140701293945312e+01
-4.996900939941406250e+01
-4.363157272338867188e+01
-4.877141952514648438e+01
-5.012625885009765625e+01
-4.400259780883789062e+01
-4.420272445678710938e+01
-4.362192916870117188e+01
-4.153374862670898438e+01
-4.155843353271484375e+01
-4.343811416625976562e+01
-4.236773681640625000e+01
-4.369763565063476562e+01
-4.587170791625976562e+01
-4.403391647338867188e+01
-4.273624038696289062e+01
-4.467389678955078125e+01
-4.330441284179687500e+01
-4.329187011718750000e+01
-4.416062545776367188e+01
-4.356834030151367188e+01
-4.710761642456054688e+01
-4.587458801269531250e+01
-4.312723922729492188e+01
-4.981296920776367188e+01
-5.098413848876953125e+01
-5.184311294555664062e+01
-4.785249710083007812e+01
-5.292527389526367188e+01
-5.125114059448242188e+01
-5.273875045776367188e+01
-5.287584686279296875e+01
-5.211977386474609375e+01
-5.472946166992187500e+01
-5.112329864501953125e+01
-4.820698928833007812e+01
-4.824255752563476562e+01
-4.785303497314453125e+01
-4.988723373413085938e+01
-5.002202987670898438e+01
-4.749118041992187500e+01
-4.409675598144531250e+01
-4.452290344238281250e+01
-4.455047607421875000e+01
-4.558618927001953125e+01
-4.415379714965820312e+01
-3.873197555541992188e+01
-4.195782470703125000e+01
-3.950534057617187500e+01
-3.950928497314453125e+01
-3.927553558349609375e+01
-4.096479415893554688e+01
-3.687447738647460938e+01
-3.578264617919921875e+01
-3.903227615356445312e+01
-3.748376464843750000e+01
-3.729835510253906250e+01
-3.455871963500976562e+01
-3.623458099365234375e+01
-3.208700942993164062e+01
-3.470801162719726562e+01
-3.268709945678710938e+01
-3.069748878479003906e+01
-3.332055282592773438e+01
-3.503165054321289062e+01
-3.331554412841796875e+01
-3.648432922363281250e+01
-3.454022216796875000e+01
-3.653827667236328125e+01
-3.530871200561523438e+01
-3.518705368041992188e+01
-3.650764083862304688e+01
-3.815443801879882812e+01
-3.842323684692382812e+01
-3.550822067260742188e+01
-3.790469741821289062e+01
-3.541065979003906250e+01
-3.744965744018554688e+01
-3.434993743896484375e+01
-3.632852172851562500e+01
-3.593473052978515625e+01
-3.882435607910156250e+01
-4.023132705688476562e+01
-4.060459518432617188e+01
-4.065142822265625000e+01
-3.713127899169921875e+01
-3.938615036010742188e+01
-4.040840911865234375e+01
-3.768562316894531250e+01
-3.616000747680664062e+01
-3.740582275390625000e+01
-3.524540328979492188e+01
-3.429751968383789062e+01
-3.169259643554687500e+01
-3.239931106567382812e+01
-3.480984115600585938e+01
-3.643312454223632812e+01
-3.106228446960449219e+01
-3.569322967529296875e+01
-3.733827972412109375e+01
-4.037070083618164062e+01
-3.792140960693359375e+01
-3.423218154907226562e+01
-3.589762115478515625e+01
-3.606798934936523438e+01
-3.317971038818359375e+01
-3.547525405883789062e+01
-3.625626754760742188e+01
-3.839839935302734375e+01
-3.698704528808593750e+01
-3.828586578369140625e+01
-3.448219299316406250e+01
-3.493672180175781250e+01
-3.426268386840820312e+01
-3.405880355834960938e+01
-3.441643142700195312e+01
-3.194275856018066406e+01
-3.349916458129882812e+01
-3.433087158203125000e+01
-3.250880813598632812e+01
-3.227368545532226562e+01
-3.211584472656250000e+01
-3.210332870483398438e+01
-3.521281051635742188e+01
-3.196863365173339844e+01
-3.365992355346679688e+01
-3.151415252685546875e+01
-3.453549575805664062e+01
-3.422946166992187500e+01
-3.449890136718750000e+01
-3.269539642333984375e+01
-3.404977416992187500e+01
-3.135927581787109375e+01
-3.772427749633789062e+01
-3.628562927246093750e+01
-3.662500762939453125e+01
-3.469363784790039062e+01
-3.660309219360351562e+01
-3.640291213989257812e+01
-3.656396102905273438e+01
-3.652173614501953125e+01
-3.694105911254882812e+01
-3.651947784423828125e+01
-3.384817886352539062e+01
-3.572518920898437500e+01
-3.552364349365234375e+01
-3.507664108276367188e+01
-3.413953018188476562e+01
-3.250783920288085938e+01
-3.193033218383789062e+01
-3.361665344238281250e+01
-3.405821609497070312e+01
-3.190660095214843750e+01
-3.243454360961914062e+01
-3.648876953125000000e+01
-3.413460540771484375e+01
-3.233691406250000000e+01
-3.337955856323242188e+01
-3.613385009765625000e+01
-3.493540954589843750e+01
-3.584109497070312500e+01
-3.612651443481445312e+01
-4.045129013061523438e+01
-3.484611892700195312e+01
-3.524839782714843750e+01
-3.399696350097656250e+01
-3.842313003540039062e+01
-3.725191879272460938e+01
-3.774175262451171875e+01
-3.766687393188476562e+01
-3.875045013427734375e+01
-3.600508499145507812e+01
-3.819208908081054688e+01
-3.829790115356445312e+01
-3.826237869262695312e+01
-3.509788513183593750e+01
-3.698861312866210938e+01
-3.812134552001953125e+01
-3.951704406738281250e+01
-4.138766860961914062e+01
-3.944937896728515625e+01
-4.100928497314453125e+01
-4.023901367187500000e+01
-4.555295944213867188e+01
-4.363630676269531250e+01
-3.956258010864257812e+01
-4.169140625000000000e+01
-4.161141967773437500e+01
-4.187204360961914062e+01
-4.243740081787109375e+01
-4.120571517944335938e+01
-3.802969741821289062e+01
-3.412296676635742188e+01
-3.679166030883789062e+01
-3.777743148803710938e+01
-3.689157485961914062e+01
-3.786216354370117188e+01
-3.677170181274414062e+01
-3.513557052612304688e+01
-3.572028350830078125e+01
-3.641228485107421875e+01
-3.729985427856445312e+01
-3.450870895385742188e+01
-3.597618484497070312e+01
-3.803681182861328125e+01
-3.745057296752929688e+01
-3.711001205444335938e+01
-3.641173171997070312e+01
-3.661167144775390625e+01
-3.477588653564453125e+01
-3.811770248413085938e+01
-3.673638153076171875e+01
-3.487947082519531250e+01
-3.511446380615234375e+01
-3.475717163085937500e+01
-3.633071517944335938e+01
-3.768855667114257812e+01
-4.004121780395507812e+01
-3.701806640625000000e+01
-3.820245361328125000e+01
-3.765216445922851562e+01
-3.761029052734375000e+01
-3.792128372192382812e+01
-3.696576309204101562e+01
-3.745994567871093750e+01
-4.151161575317382812e+01
-3.821339416503906250e+01
-3.660204315185546875e+01
-4.311801528930664062e+01
-4.062900924682617188e+01
-4.171337890625000000e+01
-3.964120101928710938e+01
-4.019318389892578125e+01
-3.741590118408203125e+01
-3.820970916748046875e+01
-3.770020294189453125e+01
-3.569924163818359375e+01
-3.952497482299804688e+01
-4.280266571044921875e+01
-4.567993545532226562e+01
-4.662989044189453125e+01
-4.324987030029296875e+01
-4.441697692871093750e+01
-4.398968505859375000e+01
-4.512348556518554688e+01
-4.092801284790039062e+01
-4.542974090576171875e+01
-4.432651138305664062e+01
-4.310146713256835938e+01
-4.687989044189453125e+01
-4.630388641357421875e+01
-4.448699951171875000e+01
-4.752472686767578125e+01
-4.387724685668945312e+01
-4.516799545288085938e+01
-4.681816482543945312e+01
-4.964353561401367188e+01
-5.102544021606445312e+01
-4.749480819702148438e+01
-4.749908065795898438e+01
-4.892161941528320312e+01
-4.684391403198242188e+01
-4.781371307373046875e+01
-4.873790740966796875e+01
-4.805847930908203125e+01
-4.803328323364257812e+01
-4.639783477783203125e+01
-4.577954864501953125e+01
-4.644714736938476562e+01
-4.203819274902343750e+01
-4.391409683227539062e+01
-4.453812408447265625e+01
-4.014592742919921875e+01
-4.472893905639648438e+01
-4.757750320434570312e+01
-3.914295959472656250e+01
-4.163519287109375000e+01
-4.226491165161132812e+01
-3.926205444335937500e+01
-3.865200424194335938e+01
-4.111655807495117188e+01
-3.719021224975585938e+01
-4.045025634765625000e+01
-3.823571014404296875e+01
-4.031250762939453125e+01
-3.617091369628906250e+01
-4.405326080322265625e+01
-4.186754608154296875e+01
-3.938856887817382812e+01
-3.949038314819335938e+01
-4.279273223876953125e+01
-4.093232345581054688e+01
-4.488618469238281250e+01
-4.440245056152343750e+01
-4.066826248168945312e+01
-4.431665802001953125e+01
-4.155522918701171875e+01
-4.490705490112304688e+01
-4.162993240356445312e+01
-4.897395706176757812e+01
-5.267994689941406250e+01
-5.332362747192382812e+01
-5.248406219482421875e+01
-5.282243347167968750e+01
-5.373870086669921875e+01
-5.132270431518554688e+01
-5.544801712036132812e+01
-5.431505584716796875e+01
-5.300436782836914062e+01
-5.088219451904296875e+01
-5.341717147827148438e+01
-5.350173568725585938e+01
-5.355116271972656250e+01
-5.080808639526367188e+01
-5.157081604003906250e+01
-5.078524398803710938e+01
-5.610540008544921875e+01
-5.464336395263671875e+01
-5.097494506835937500e+01
-5.515743637084960938e+01
-5.426665878295898438e+01
