2.548678219318389893e-02
2.548678219318389893e-02
2.548678219318389893e-02
2.548678219318389893e-02
2.548678219318389893e-02
2.548678219318389893e-02
2.548678219318389893e-02
2.548678219318389893e-02
2.548678219318389893e-02
2.548678219318389893e-02
2.548678219318389893e-02
2.548678219318389893e-02
2.548678219318389893e-02
2.548678219318389893e-02
2.548678219318389893e-02
2.548678219318389893e-02
2.548678219318389893e-02
2.548678219318389893e-02
2.548678219318389893e-02
2.548678219318389893e-02
2.548678219318389893e-02
2.548678219318389893e-02
2.548678219318389893e-02
2.548678219318389893e-02
2.548678219318389893e-02
2.548678219318389893e-02
2.548678219318389893e-02
2.548678219318389893e-02
2.548678219318389893e-02
2.548678219318389893e-02
2.548678219318389893e-02
2.548678219318389893e-02
2.548678219318389893e-02
2.548678219318389893e-02
2.548678219318389893e-02
2.548678219318389893e-02
2.548678219318389893e-02
2.548678219318389893e-02
2.548678219318389893e-02
2.548678219318389893e-02
2.548678219318389893e-02
2.548678219318389893e-02
2.548678219318389893e-02
2.548678219318389893e-02
2.548678219318389893e-02
2.548678219318389893e-02
2.548678219318389893e-02
-9.582325816154479980e-01
-9.586942791938781738e-01
-9.702822566032409668e-01
-9.718347787857055664e-01
-9.598240256309509277e-01
-9.715707302093505859e-01
-9.609706997871398926e-01
-9.604051709175109863e-01
-9.740729331970214844e-01
-9.739368557929992676e-01
-1.018790125846862793e+00
-9.750607609748840332e-01
-9.740304946899414062e-01
-9.828979969024658203e-01
-9.868942499160766602e-01
-9.715538620948791504e-01
-9.916524887084960938e-01
-9.609243869781494141e-01
-9.770936369895935059e-01
-9.915152788162231445e-01
-9.731385111808776855e-01
-9.724301695823669434e-01
-9.512251019477844238e-01
-9.706682562828063965e-01
-1.032362341880798340e+00
-9.636833667755126953e-01
-9.574357271194458008e-01
-9.764363169670104980e-01
-9.866837859153747559e-01
-9.756031632423400879e-01
-9.715214967727661133e-01
-9.733962416648864746e-01
-9.760347604751586914e-01
-9.748347401618957520e-01
-9.918983578681945801e-01
-9.668769240379333496e-01
-9.754578471183776855e-01
-9.504525661468505859e-01
-9.835595488548278809e-01
-9.649366140365600586e-01
-9.737413525581359863e-01
-9.766095876693725586e-01
-9.748646020889282227e-01
-9.767765402793884277e-01
-1.004581332206726074e+00
-9.778258800506591797e-01
-9.631184935569763184e-01
-9.759401679039001465e-01
-1.047013044357299805e+00
-9.779430627822875977e-01
-9.764582514762878418e-01
-9.850139617919921875e-01
-9.543766975402832031e-01
-9.702188372611999512e-01
-9.724056124687194824e-01
-9.760205745697021484e-01
-1.009093880653381348e+00
-9.697251319885253906e-01
-9.507285952568054199e-01
-9.744741916656494141e-01
-9.790105819702148438e-01
-9.814596772193908691e-01
-9.679635763168334961e-01
-9.759718775749206543e-01
-9.698521494865417480e-01
-9.785368442535400391e-01
-1.003872394561767578e+00
-9.777904748916625977e-01
-9.766139984130859375e-01
-9.743483662605285645e-01
-9.728797078132629395e-01
-9.876764416694641113e-01
-9.790347218513488770e-01
-1.029139161109924316e+00
-9.601487517356872559e-01
-9.762332439422607422e-01
-9.908469319343566895e-01
-9.618035554885864258e-01
-9.800137877464294434e-01
-9.909282922744750977e-01
-9.794620871543884277e-01
-9.752257466316223145e-01
-9.792813658714294434e-01
-9.804940223693847656e-01
-9.840142130851745605e-01
-9.764513373374938965e-01
-9.703707098960876465e-01
-9.893402457237243652e-01
-1.006202936172485352e+00
-9.855071306228637695e-01
-9.700248837471008301e-01
-9.935366511344909668e-01
-9.710894227027893066e-01
-9.787319898605346680e-01
-9.871343374252319336e-01
-9.668613076210021973e-01
-9.587064981460571289e-01
-9.662019014358520508e-01
-9.863578081130981445e-01
-9.821407794952392578e-01
-9.633139967918395996e-01
-1.042379736900329590e+00
-9.683225750923156738e-01
-9.791589975357055664e-01
-9.765797257423400879e-01
-9.986152648925781250e-01
-9.781852960586547852e-01
-9.797150492668151855e-01
-9.710941314697265625e-01
-9.786322116851806641e-01
-9.976032972335815430e-01
-9.762078523635864258e-01
-9.853695631027221680e-01
-9.635466337203979492e-01
-9.797407388687133789e-01
-9.822947382926940918e-01
-9.781081080436706543e-01
-9.570199251174926758e-01
-9.592505097389221191e-01
-9.685035347938537598e-01
-9.798375964164733887e-01
-9.835023880004882812e-01
-1.001061320304870605e+00
-1.001551985740661621e+00
-9.736509919166564941e-01
-9.754681587219238281e-01
-9.904166460037231445e-01
-9.792305827140808105e-01
-9.903400540351867676e-01
-9.791505932807922363e-01
-9.765999913215637207e-01
-9.866483807563781738e-01
-9.974898099899291992e-01
-9.651278853416442871e-01
-9.908307194709777832e-01
-9.822770953178405762e-01
-9.957543611526489258e-01
-9.644917845726013184e-01
-9.688060879707336426e-01
-1.002624988555908203e+00
-9.671354293823242188e-01
-9.891861677169799805e-01
-9.846009612083435059e-01
-9.773412346839904785e-01
-9.795021414756774902e-01
-1.010837078094482422e+00
-9.686084985733032227e-01
-9.762014150619506836e-01
-9.954856038093566895e-01
-9.783369302749633789e-01
-9.850911498069763184e-01
-1.002305150032043457e+00
-9.808368682861328125e-01
-9.819353818893432617e-01
-9.731718897819519043e-01
-9.624388813972473145e-01
-9.659326076507568359e-01
-9.638375043869018555e-01
-9.732238054275512695e-01
-1.019826650619506836e+00
-9.833359122276306152e-01
-9.801811575889587402e-01
-9.945229291915893555e-01
-9.724457859992980957e-01
-9.983112215995788574e-01
-9.687396287918090820e-01
-9.806098341941833496e-01
-9.794054031372070312e-01
-9.731228947639465332e-01
-9.940628409385681152e-01
-9.749279022216796875e-01
-9.722387790679931641e-01
-9.722398519515991211e-01
-9.604323506355285645e-01
-9.841393828392028809e-01
-9.894877672195434570e-01
-9.696555137634277344e-01
-9.785519242286682129e-01
-9.847761392593383789e-01
-9.854272007942199707e-01
-9.812592864036560059e-01
-9.821932315826416016e-01
-9.786379933357238770e-01
-9.662564992904663086e-01
-9.861849546432495117e-01
-9.752582907676696777e-01
-9.717760086059570312e-01
-9.819146394729614258e-01
-9.779313802719116211e-01
-9.789489507675170898e-01
-9.808579087257385254e-01
-9.821380972862243652e-01
-9.886524081230163574e-01
-1.012563824653625488e+00
-9.939351677894592285e-01
-9.830495119094848633e-01
-1.000586867332458496e+00
-9.824126958847045898e-01
-1.000422358512878418e+00
-9.530739784240722656e-01
-9.964552521705627441e-01
-1.004067301750183105e+00
-9.863374829292297363e-01
-9.760235548019409180e-01
-9.846386313438415527e-01
-9.577393531799316406e-01
-9.516208171844482422e-01
-9.816613197326660156e-01
-9.871589541435241699e-01
-1.005096435546875000e+00
-9.922763109207153320e-01
-9.932578802108764648e-01
-9.689214825630187988e-01
-1.003166317939758301e+00
-9.583122730255126953e-01
-9.893394708633422852e-01
-9.940362572669982910e-01
-9.725521802902221680e-01
-9.793986082077026367e-01
-9.735589027404785156e-01
-9.748172163963317871e-01
-9.848018288612365723e-01
-9.960617423057556152e-01
-9.706031680107116699e-01
-1.008153319358825684e+00
-9.773634672164916992e-01
-9.955901503562927246e-01
-9.667870998382568359e-01
-1.013078808784484863e+00
-9.734413027763366699e-01
-1.000710129737854004e+00
-9.949166774749755859e-01
-9.788706898689270020e-01
-1.017286181449890137e+00
-9.959911704063415527e-01
-9.871838688850402832e-01
-1.003522157669067383e+00
-9.636985063552856445e-01
-9.818864464759826660e-01
-9.822186231613159180e-01
-9.479838609695434570e-01
-9.737620353698730469e-01
-9.883903861045837402e-01
-9.727765917778015137e-01
-9.924126863479614258e-01
-9.674546718597412109e-01
-1.003792762756347656e+00
-1.020715117454528809e+00
-9.935675263404846191e-01
-9.951600432395935059e-01
-9.832333922386169434e-01
-9.822308421134948730e-01
-9.861648678779602051e-01
-9.724508523941040039e-01
-9.503592252731323242e-01
-9.830825924873352051e-01
-9.904755353927612305e-01
-9.762434959411621094e-01
-9.718905687332153320e-01
-9.964274168014526367e-01
-9.879562854766845703e-01
-9.929965138435363770e-01
-9.774855971336364746e-01
-9.597384333610534668e-01
-9.853662848472595215e-01
-9.742678403854370117e-01
-9.740061759948730469e-01
-9.811978936195373535e-01
-9.741532206535339355e-01
-9.876535534858703613e-01
-9.720241427421569824e-01
-9.811276197433471680e-01
-9.800564050674438477e-01
-1.004167437553405762e+00
-9.890561699867248535e-01
-9.883317947387695312e-01
-9.855254292488098145e-01
-9.718734622001647949e-01
-9.833812713623046875e-01
-9.850153923034667969e-01
-9.692913293838500977e-01
-9.884657263755798340e-01
-9.769722819328308105e-01
-9.798263311386108398e-01
-9.744594097137451172e-01
-9.734744429588317871e-01
-9.797784686088562012e-01
-9.728999733924865723e-01
-9.706330299377441406e-01
-9.786184430122375488e-01
-9.756358861923217773e-01
-1.007906198501586914e+00
-1.004034519195556641e+00
-9.674710631370544434e-01
-9.827776551246643066e-01
-9.679490327835083008e-01
-9.804683327674865723e-01
-9.786849617958068848e-01
-1.039541602134704590e+00
-9.852006435394287109e-01
-9.879861474037170410e-01
-9.622913599014282227e-01
-9.957134723663330078e-01
-1.004931569099426270e+00
-9.821052551269531250e-01
-9.817656278610229492e-01
-1.002330183982849121e+00
-1.014187574386596680e+00
-9.704867601394653320e-01
-1.006777286529541016e+00
-9.874101877212524414e-01
-9.825103282928466797e-01
-9.865881204605102539e-01
-1.013423562049865723e+00
-9.925425052642822266e-01
-9.864533543586730957e-01
-1.005180597305297852e+00
-9.675328135490417480e-01
-9.902740120887756348e-01
-1.014104962348937988e+00
-9.956230521202087402e-01
-1.017799854278564453e+00
-1.085562467575073242e+00
-9.983394742012023926e-01
-1.026881098747253418e+00
-1.036405444145202637e+00
-9.867150783538818359e-01
-1.009762406349182129e+00
-9.781977534294128418e-01
-9.834758043289184570e-01
-1.018486142158508301e+00
-9.812003970146179199e-01
-9.588246345520019531e-01
-9.785702824592590332e-01
-9.664227962493896484e-01
-9.771120548248291016e-01
-9.795784354209899902e-01
-9.847365021705627441e-01
-9.901134371757507324e-01
-9.790728092193603516e-01
-9.687699079513549805e-01
-9.993678927421569824e-01
-9.821820259094238281e-01
-9.880964756011962891e-01
-9.781475663185119629e-01
-1.002663373947143555e+00
-9.891078472137451172e-01
-1.013015508651733398e+00
-9.794748425483703613e-01
-1.037356972694396973e+00
-9.779247045516967773e-01
-1.009032130241394043e+00
-9.893416762351989746e-01
-9.766480922698974609e-01
-1.046242117881774902e+00
-1.016254425048828125e+00
-1.013972163200378418e+00
-1.006772756576538086e+00
-9.765190482139587402e-01
-9.841779470443725586e-01
-9.828424453735351562e-01
-1.008532404899597168e+00
-9.836380481719970703e-01
-9.929195046424865723e-01
-1.007713913917541504e+00
-1.024173855781555176e+00
-9.778950214385986328e-01
-1.012896060943603516e+00
-1.040131688117980957e+00
-1.002377390861511230e+00
-9.842512607574462891e-01
-9.840868115425109863e-01
-1.009508132934570312e+00
-9.878398776054382324e-01
-9.953965544700622559e-01
-9.762325882911682129e-01
-9.995976686477661133e-01
-9.829886555671691895e-01
-1.024650335311889648e+00
-9.751141071319580078e-01
-9.858976602554321289e-01
-1.011049628257751465e+00
-1.008719801902770996e+00
-9.925354123115539551e-01
-1.003261923789978027e+00
-1.055730104446411133e+00
-9.935896992683410645e-01
-9.706543087959289551e-01
-9.786220788955688477e-01
-9.758675694465637207e-01
-9.648006558418273926e-01
-9.946120381355285645e-01
-9.972947239875793457e-01
-9.997614026069641113e-01
-9.829332232475280762e-01
-9.912090301513671875e-01
-9.970302581787109375e-01
-1.014897942543029785e+00
-9.862424135208129883e-01
-1.003448247909545898e+00
-9.918617010116577148e-01
-9.673688411712646484e-01
-9.713981747627258301e-01
-9.766258597373962402e-01
-9.843897223472595215e-01
-1.011467099189758301e+00
-1.008909821510314941e+00
-1.013988375663757324e+00
-1.008248448371887207e+00
-1.006912946701049805e+00
-9.597185254096984863e-01
-1.016467690467834473e+00
-1.062656641006469727e+00
-1.012382030487060547e+00
-9.957531690597534180e-01
-1.008617281913757324e+00
-9.901099205017089844e-01
-9.828138351440429688e-01
-9.945088028907775879e-01
-1.022109508514404297e+00
-1.003871917724609375e+00
-1.001368522644042969e+00
-1.013545751571655273e+00
-9.814603328704833984e-01
-9.738240838050842285e-01
-9.887170791625976562e-01
-9.705114364624023438e-01
-9.950430393218994141e-01
-9.935889244079589844e-01
-1.007984399795532227e+00
-1.015373826026916504e+00
-9.774889945983886719e-01
-1.002472639083862305e+00
-9.772385954856872559e-01
-9.804116487503051758e-01
-9.958822131156921387e-01
-1.006362199783325195e+00
-1.048356533050537109e+00
-1.008867502212524414e+00
-9.748623371124267578e-01
-1.012792348861694336e+00
-1.035088419914245605e+00
-9.875073432922363281e-01
-1.017442703247070312e+00
-1.029595017433166504e+00
-1.056430816650390625e+00
-1.025733113288879395e+00
-1.085226535797119141e+00
-9.870139956474304199e-01
-9.969621896743774414e-01
-1.024368047714233398e+00
-1.010634779930114746e+00
-1.006183981895446777e+00
-1.017765402793884277e+00
-9.995270371437072754e-01
-1.011863827705383301e+00
-1.008671045303344727e+00
-1.016663908958435059e+00
-9.982596039772033691e-01
-9.975562095642089844e-01
-9.912794828414916992e-01
-1.012501239776611328e+00
-1.001090526580810547e+00
-9.852169156074523926e-01
-9.909834265708923340e-01
-9.800342321395874023e-01
-9.967483878135681152e-01
-9.875966906547546387e-01
-1.009176731109619141e+00
-1.003725290298461914e+00
-9.904818534851074219e-01
-9.864280819892883301e-01
-1.032883882522583008e+00
-1.007008314132690430e+00
-9.804394245147705078e-01
-1.049864649772644043e+00
-9.818719029426574707e-01
-1.000831842422485352e+00
-9.934033751487731934e-01
-9.947687983512878418e-01
-1.018840074539184570e+00
-9.948189258575439453e-01
-1.030684351921081543e+00
-1.033777356147766113e+00
-9.972189068794250488e-01
-9.984077811241149902e-01
-1.004392027854919434e+00
-9.783417582511901855e-01
-1.001431703567504883e+00
-1.011557102203369141e+00
-1.000682592391967773e+00
-1.001419305801391602e+00
-9.703680872917175293e-01
-9.793035387992858887e-01
-1.000176191329956055e+00
-1.001940131187438965e+00
-1.001726984977722168e+00
-9.820693135261535645e-01
-1.073792934417724609e+00
-1.011579513549804688e+00
-9.957571029663085938e-01
-1.005389451980590820e+00
-9.928377866744995117e-01
-1.016596674919128418e+00
-9.908969998359680176e-01
-1.002387642860412598e+00
-9.959946274757385254e-01
-9.951530694961547852e-01
-9.857603907585144043e-01
-1.011832952499389648e+00
-1.007757067680358887e+00
-9.808310270309448242e-01
-9.716789126396179199e-01
-9.879781007766723633e-01
-1.002701640129089355e+00
-9.899193644523620605e-01
-9.766799807548522949e-01
-9.957771301269531250e-01
-9.896799921989440918e-01
-9.954977631568908691e-01
-1.002650976181030273e+00
-1.008228540420532227e+00
-9.917290806770324707e-01
-9.888939857482910156e-01
-1.002400875091552734e+00
-1.035143256187438965e+00
-9.886925220489501953e-01
-9.978287816047668457e-01
-9.824668765068054199e-01
-9.933714270591735840e-01
-9.788411259651184082e-01
-9.843713641166687012e-01
-9.918060302734375000e-01
-1.009193420410156250e+00
-1.009025931358337402e+00
-1.032744646072387695e+00
-1.015234827995300293e+00
-1.004082560539245605e+00
-9.882296323776245117e-01
-9.891027212142944336e-01
-9.927420020103454590e-01
-9.961130023002624512e-01
-9.827136993408203125e-01
-9.866306781768798828e-01
-1.008797645568847656e+00
-1.015447139739990234e+00
-1.022712707519531250e+00
-9.811127781867980957e-01
-9.923032522201538086e-01
-1.037420511245727539e+00
-9.657440781593322754e-01
-1.007305026054382324e+00
-9.856653213500976562e-01
-1.000402331352233887e+00
-9.952473640441894531e-01
-9.833388924598693848e-01
-9.931819438934326172e-01
-9.982672333717346191e-01
-1.019343614578247070e+00
-9.879434704780578613e-01
-1.037297606468200684e+00
-1.004633426666259766e+00
-9.906569719314575195e-01
-9.959469437599182129e-01
-9.897709488868713379e-01
-9.789745807647705078e-01
-9.745825529098510742e-01
-9.886572957038879395e-01
-1.007117748260498047e+00
-9.863881468772888184e-01
-1.005212187767028809e+00
-9.890832901000976562e-01
-1.014243602752685547e+00
-9.931619167327880859e-01
-1.013028264045715332e+00
-9.688893556594848633e-01
-9.969119429588317871e-01
-9.861896634101867676e-01
-9.842150211334228516e-01
-1.007586598396301270e+00
-1.095854401588439941e+00
-9.885481595993041992e-01
-1.003154993057250977e+00
-9.993848204612731934e-01
-9.832352995872497559e-01
-9.887756705284118652e-01
-9.813687205314636230e-01
-1.026809692382812500e+00
-9.851945042610168457e-01
-9.998027682304382324e-01
-1.005435585975646973e+00
-1.006462574005126953e+00
-9.931667447090148926e-01
-9.894205331802368164e-01
-1.014672160148620605e+00
-9.739010930061340332e-01
-9.858878850936889648e-01
-1.026321411132812500e+00
-1.016342282295227051e+00
-9.987455606460571289e-01
-9.784736633300781250e-01
-9.957081079483032227e-01
-1.019426226615905762e+00
-9.894825816154479980e-01
-1.004982709884643555e+00
-9.990596175193786621e-01
-9.873117804527282715e-01
-1.034110784530639648e+00
-9.909699559211730957e-01
-1.011308193206787109e+00
-1.008187174797058105e+00
-9.781833887100219727e-01
-1.021363496780395508e+00
-1.027612209320068359e+00
-9.629838466644287109e-01
-9.843767881393432617e-01
-1.000012755393981934e+00
-9.906822443008422852e-01
-9.951345920562744141e-01
-1.014843106269836426e+00
-1.010686993598937988e+00
-1.013148307800292969e+00
-1.016967296600341797e+00
-9.573839306831359863e-01
-1.016192674636840820e+00
-1.044558048248291016e+00
-9.933976531028747559e-01
-1.025972366333007812e+00
-1.000911116600036621e+00
-9.849691390991210938e-01
-9.939167499542236328e-01
-9.982163906097412109e-01
-9.823628664016723633e-01
-9.799304604530334473e-01
-9.942849874496459961e-01
-1.000743746757507324e+00
-9.880510568618774414e-01
-9.954022765159606934e-01
-9.955160021781921387e-01
-1.000282764434814453e+00
-9.920585155487060547e-01
-9.991513490676879883e-01
-1.006651759147644043e+00
-9.847962260246276855e-01
-1.005965113639831543e+00
-9.874435067176818848e-01
-9.954681396484375000e-01
-9.795645475387573242e-01
-9.926196336746215820e-01
-1.021429181098937988e+00
-9.699492454528808594e-01
-9.993115067481994629e-01
-9.957406520843505859e-01
-1.015392541885375977e+00
-1.003418922424316406e+00
-1.008505702018737793e+00
-9.839486479759216309e-01
-9.937676787376403809e-01
-1.002431869506835938e+00
-9.848885536193847656e-01
-1.028587341308593750e+00
-9.788142442703247070e-01
-9.830163121223449707e-01
-1.001574754714965820e+00
-9.806253910064697266e-01
-1.033017992973327637e+00
-1.012056112289428711e+00
-1.000839591026306152e+00
-1.013882637023925781e+00
-9.827489256858825684e-01
-1.011232018470764160e+00
-9.839766025543212891e-01
-9.812711477279663086e-01
-9.996333122253417969e-01
-1.028702855110168457e+00
-1.022541761398315430e+00
-9.908038973808288574e-01
-9.933118820190429688e-01
-9.766218662261962891e-01
-9.791256785392761230e-01
-1.025895118713378906e+00
-9.903174638748168945e-01
-1.003239035606384277e+00
-9.765753149986267090e-01
-1.017284989356994629e+00
-9.896277189254760742e-01
-9.904090762138366699e-01
-1.043614983558654785e+00
-9.989475011825561523e-01
-9.901499152183532715e-01
-9.909796118736267090e-01
-9.886438846588134766e-01
-1.006487250328063965e+00
-1.020300269126892090e+00
-9.918966889381408691e-01
-1.001090764999389648e+00
-9.995168447494506836e-01
-9.845494031906127930e-01
-1.003312230110168457e+00
-9.751587510108947754e-01
-9.834695458412170410e-01
-9.832435846328735352e-01
-9.677551388740539551e-01
-9.903362393379211426e-01
-1.009902000427246094e+00
-9.643895626068115234e-01
-9.811019897460937500e-01
-1.039951205253601074e+00
-1.002346158027648926e+00
-9.998056292533874512e-01
-9.914138913154602051e-01
-1.006169319152832031e+00
-9.885216355323791504e-01
-9.622529745101928711e-01
-1.005663871765136719e+00
-9.669911265373229980e-01
-1.012230634689331055e+00
-9.840808510780334473e-01
-9.933276772499084473e-01
-9.894092679023742676e-01
-9.741444587707519531e-01
-9.948946833610534668e-01
-9.952437281608581543e-01
-9.932147860527038574e-01
-9.884393215179443359e-01
-9.818527698516845703e-01
-9.836812615394592285e-01
-1.025177001953125000e+00
-9.988409280776977539e-01
-9.968243241310119629e-01
-1.028803348541259766e+00
-9.846796393394470215e-01
-9.725801348686218262e-01
-1.008566260337829590e+00
-9.931146502494812012e-01
-9.833306670188903809e-01
-9.844988584518432617e-01
-9.809223413467407227e-01
-9.816135168075561523e-01
-1.008085966110229492e+00
-9.985567927360534668e-01
-9.990305900573730469e-01
-9.896653890609741211e-01
-9.942334890365600586e-01
-9.965927600860595703e-01
-9.865383505821228027e-01
-1.000247836112976074e+00
-9.843471050262451172e-01
-9.909028410911560059e-01
-9.822303652763366699e-01
-1.013657450675964355e+00
-1.011228680610656738e+00
-9.980336427688598633e-01
-1.000017762184143066e+00
-9.909871816635131836e-01
-1.011726737022399902e+00
-1.025952458381652832e+00
-9.777075648307800293e-01
-9.986789226531982422e-01
-1.000569462776184082e+00
-1.004245162010192871e+00
-1.005735993385314941e+00
-9.673477411270141602e-01
-9.852485060691833496e-01
-9.859047532081604004e-01
-9.971650838851928711e-01
-1.005136847496032715e+00
-9.940903186798095703e-01
-9.746948480606079102e-01
-9.851977825164794922e-01
-9.899644851684570312e-01
-1.010091185569763184e+00
-9.857482314109802246e-01
-9.923689961433410645e-01
-9.777024984359741211e-01
-9.821020960807800293e-01
-1.011363744735717773e+00
-9.797832369804382324e-01
-1.008801817893981934e+00
-9.873751401901245117e-01
-1.000377058982849121e+00
-9.894697666168212891e-01
-1.011034011840820312e+00
-9.845501184463500977e-01
-9.815378785133361816e-01
-1.002044916152954102e+00
-1.001576781272888184e+00
-9.953451156616210938e-01
-9.640483856201171875e-01
-9.976576566696166992e-01
-9.785990715026855469e-01
-9.906626939773559570e-01
-9.976658225059509277e-01
-9.938669800758361816e-01
-1.001841664314270020e+00
-9.940855503082275391e-01
-9.923834800720214844e-01
-1.054911494255065918e+00
-1.001901030540466309e+00
-9.919991493225097656e-01
-9.820536375045776367e-01
-9.869497418403625488e-01
-9.962798357009887695e-01
-9.712392687797546387e-01
-9.794893860816955566e-01
-9.697623848915100098e-01
-9.986752867698669434e-01
-9.804247617721557617e-01
-9.898241758346557617e-01
-9.775575995445251465e-01
-9.905126690864562988e-01
-1.038197040557861328e+00
-1.004437923431396484e+00
-1.014475464820861816e+00
-9.826554656028747559e-01
-9.997108578681945801e-01
-9.868708848953247070e-01
-1.018668413162231445e+00
-9.860078692436218262e-01
-9.894925355911254883e-01
-9.827445149421691895e-01
-1.013222813606262207e+00
-1.007233023643493652e+00
-1.009682416915893555e+00
-1.002631783485412598e+00
-9.891673922538757324e-01
-9.785789847373962402e-01
-1.012993454933166504e+00
-9.864558577537536621e-01
-1.001975536346435547e+00
-1.025072336196899414e+00
-9.829515218734741211e-01
-9.940006136894226074e-01
-9.990630745887756348e-01
-1.016459822654724121e+00
-1.004754066467285156e+00
-1.048109292984008789e+00
-1.003112196922302246e+00
-1.023006677627563477e+00
-9.935487508773803711e-01
-1.002714633941650391e+00
-1.022135734558105469e+00
-9.772322773933410645e-01
-9.903860092163085938e-01
-1.008517384529113770e+00
-1.024154424667358398e+00
-9.808447957038879395e-01
-9.973759055137634277e-01
-9.929450750350952148e-01
-9.981089830398559570e-01
-1.003143787384033203e+00
-9.905140995979309082e-01
-1.007086396217346191e+00
-1.011319160461425781e+00
-9.827420115470886230e-01
-9.652175903320312500e-01
-9.711154699325561523e-01
-9.788762927055358887e-01
-9.847685098648071289e-01
-1.002357482910156250e+00
-9.788145422935485840e-01
-1.002769351005554199e+00
-9.976909160614013672e-01
-9.797770977020263672e-01
-9.891107678413391113e-01
-9.744144082069396973e-01
-9.853226542472839355e-01
-1.002603769302368164e+00
-9.784665703773498535e-01
-9.995679259300231934e-01
-9.909313321113586426e-01
-9.937848448753356934e-01
-9.846242666244506836e-01
-9.924889802932739258e-01
-1.010481715202331543e+00
-9.916213750839233398e-01
-1.000131011009216309e+00
-1.010152578353881836e+00
-1.000908374786376953e+00
-9.779829978942871094e-01
-9.933956265449523926e-01
-1.003106951713562012e+00
-9.885230660438537598e-01
-1.003860950469970703e+00
-1.000002384185791016e+00
-9.863390326499938965e-01
-9.930916428565979004e-01
-9.949356317520141602e-01
-9.940904378890991211e-01
-1.008863925933837891e+00
-9.804690480232238770e-01
-1.001501917839050293e+00
-9.991129636764526367e-01
-1.006597161293029785e+00
-9.825499653816223145e-01
-1.029590845108032227e+00
-9.851461052894592285e-01
-1.004639029502868652e+00
-9.869818091392517090e-01
-1.004468798637390137e+00
-9.916324019432067871e-01
-9.923322200775146484e-01
-1.004154443740844727e+00
-1.025151848793029785e+00
-9.708416461944580078e-01
-9.908684492111206055e-01
-9.995884895324707031e-01
-1.028095126152038574e+00
-9.779486060142517090e-01
-9.783172607421875000e-01
-1.037356138229370117e+00
-9.849362373352050781e-01
-1.006381869316101074e+00
-9.881960153579711914e-01
-1.000778317451477051e+00
-1.010057806968688965e+00
-1.015573859214782715e+00
-9.990307092666625977e-01
-1.008688926696777344e+00
-9.876461029052734375e-01
-9.846813678741455078e-01
-9.841559529304504395e-01
-9.830359220504760742e-01
-1.016586780548095703e+00
-1.003539562225341797e+00
-9.855952858924865723e-01
-1.001261234283447266e+00
-1.003690481185913086e+00
-9.916498064994812012e-01
-1.003618955612182617e+00
-9.954185485839843750e-01
-9.877538681030273438e-01
-1.000444293022155762e+00
-1.013899564743041992e+00
-9.957730770111083984e-01
-9.896196126937866211e-01
-9.909757971763610840e-01
-9.704505205154418945e-01
-9.887548685073852539e-01
-1.015705466270446777e+00
-1.001253604888916016e+00
-9.850016832351684570e-01
-9.829528331756591797e-01
-9.910247921943664551e-01
-9.902765154838562012e-01
-9.750900864601135254e-01
-1.004292964935302734e+00
-9.875987768173217773e-01
-9.838888049125671387e-01
-9.690726399421691895e-01
-9.946541786193847656e-01
-9.934660196304321289e-01
-1.023192048072814941e+00
