7.180999964475631714e-02
-4.063498675823211670e-01
-5.932379961013793945e-01
-5.081853866577148438e-01
-6.094634532928466797e-01
-4.671266078948974609e-01
-4.830639064311981201e-01
-6.538690328598022461e-01
-4.961398839950561523e-01
-6.310219168663024902e-01
-6.548841595649719238e-01
-5.490104556083679199e-01
-6.572491526603698730e-01
-5.800275206565856934e-01
-4.928812980651855469e-01
-5.220735073089599609e-01
-6.652664542198181152e-01
-5.330026745796203613e-01
-6.418768167495727539e-01
-5.714253783226013184e-01
-5.568317174911499023e-01
-5.078446865081787109e-01
-5.888068079948425293e-01
-4.882280528545379639e-01
-6.330940723419189453e-01
-6.653881669044494629e-01
-5.050266981124877930e-01
-5.527637004852294922e-01
-5.525233745574951172e-01
-4.402772188186645508e-01
-6.036520600318908691e-01
-5.119414329528808594e-01
-5.605878829956054688e-01
-5.757216215133666992e-01
-5.620887875556945801e-01
-5.499632358551025391e-01
-5.266017913818359375e-01
-4.934505224227905273e-01
-5.541292428970336914e-01
-5.404372811317443848e-01
-6.075085401535034180e-01
-4.647427499294281006e-01
-5.704219341278076172e-01
-5.062267780303955078e-01
-5.708834528923034668e-01
-6.604737639427185059e-01
-5.424342751502990723e-01
-6.261311173439025879e-01
-5.906154513359069824e-01
-4.769077301025390625e-01
-4.408037364482879639e-01
-5.002505779266357422e-01
-6.532486081123352051e-01
-6.375932693481445312e-01
-6.404865980148315430e-01
-5.245379209518432617e-01
-5.066631436347961426e-01
-5.071578025817871094e-01
-6.383785009384155273e-01
-5.279046893119812012e-01
-5.956689715385437012e-01
-6.670234799385070801e-01
-4.928228557109832764e-01
-5.402359366416931152e-01
-6.539130806922912598e-01
-6.165570020675659180e-01
-4.958714544773101807e-01
-5.064631104469299316e-01
-4.924137890338897705e-01
-5.142731070518493652e-01
-6.227639317512512207e-01
-6.141060590744018555e-01
-5.844340920448303223e-01
-5.917990803718566895e-01
-6.281841993331909180e-01
-6.201528906822204590e-01
-6.512487530708312988e-01
-6.145197153091430664e-01
-5.453584194183349609e-01
-4.988386034965515137e-01
-6.089994907379150391e-01
-5.455692410469055176e-01
-6.080334186553955078e-01
-4.792573451995849609e-01
-6.456888914108276367e-01
-5.510227680206298828e-01
-6.511272788047790527e-01
-5.239579677581787109e-01
-6.670280098915100098e-01
-4.768186211585998535e-01
-5.085082650184631348e-01
-6.367634534835815430e-01
-6.541364192962646484e-01
-5.718753933906555176e-01
-6.431869864463806152e-01
-6.108951568603515625e-01
-6.127564311027526855e-01
-6.573681235313415527e-01
-4.976386427879333496e-01
-4.908043444156646729e-01
