1.974258385598659515e-02
1.962373219430446625e-02
1.960873231291770935e-02
1.960936933755874634e-02
1.960899680852890015e-02
1.960907503962516785e-02
1.960909366607666016e-02
1.960969530045986176e-02
1.960923336446285248e-02
1.960943825542926788e-02
1.960896514356136322e-02
1.960894092917442322e-02
1.960983499884605408e-02
1.960895396769046783e-02
1.960915699601173401e-02
1.960929483175277710e-02
1.960865594446659088e-02
1.960934512317180634e-02
1.960879191756248474e-02
1.960931904613971710e-02
1.960828341543674469e-02
1.960883103311061859e-02
1.960842683911323547e-02
1.960869692265987396e-02
1.960856840014457703e-02
1.960914395749568939e-02
1.960859633982181549e-02
1.960972510278224945e-02
1.960929110646247864e-02
1.960896700620651245e-02
1.960874535143375397e-02
1.960890553891658783e-02
1.960927806794643402e-02
1.960940845310688019e-02
1.960858702659606934e-02
1.960974000394344330e-02
1.960996165871620178e-02
1.960938610136508942e-02
1.960841380059719086e-02
1.960938796401023865e-02
1.961003057658672333e-02
1.960864104330539703e-02
1.960969902575016022e-02
1.960952393710613251e-02
1.960940472781658173e-02
1.960829831659793854e-02
1.960988715291023254e-02
1.960967667400836945e-02
1.960947923362255096e-02
1.960825920104980469e-02
1.960851065814495087e-02
1.960969902575016022e-02
1.960839331150054932e-02
1.960856467485427856e-02
1.960921287536621094e-02
1.960851624608039856e-02
1.960918679833412170e-02
1.960833370685577393e-02
1.960865966975688934e-02
1.960948854684829712e-02
1.960877515375614166e-02
1.960866339504718781e-02
1.960917934775352478e-02
1.960873790085315704e-02
1.960891485214233398e-02
1.960914209485054016e-02
1.960893347859382629e-02
1.960873231291770935e-02
1.960982941091060638e-02
1.960854046046733856e-02
1.960899867117404938e-02
1.960921287536621094e-02
1.960851065814495087e-02
1.960901357233524323e-02
1.960929110646247864e-02
1.960870809853076935e-02
1.960864104330539703e-02
1.960933208465576172e-02
1.960974186658859253e-02
1.960855722427368164e-02
1.960916817188262939e-02
1.960997283458709717e-02
1.961015909910202026e-02
1.960864104330539703e-02
1.960974186658859253e-02
1.960963569581508636e-02
1.960845850408077240e-02
1.960928551852703094e-02
1.960916444659233093e-02
1.960867270827293396e-02
1.961011439561843872e-02
1.960868574678897858e-02
1.960918866097927094e-02
1.960950717329978943e-02
1.960877329111099243e-02
1.960885338485240936e-02
1.960857957601547241e-02
1.960906572639942169e-02
1.960843056440353394e-02
1.960965804755687714e-02
1.960877329111099243e-02
1.960925944149494171e-02
1.960963942110538483e-02
1.960990764200687408e-02
1.960845850408077240e-02
1.960900425910949707e-02
1.960921101272106171e-02
1.960876211524009705e-02
1.960933580994606018e-02
1.960833370685577393e-02
1.960852183401584625e-02
1.960931159555912018e-02
1.960966736078262329e-02
1.960870064795017242e-02
1.960937120020389557e-02
1.960892602801322937e-02
1.960862241685390472e-02
1.960885711014270782e-02
1.960949227213859558e-02
1.960980147123336792e-02
1.960907690227031708e-02
1.960866153240203857e-02
1.960929110646247864e-02
1.960891671478748322e-02
1.960853487253189087e-02
1.960995793342590332e-02
1.960843428969383240e-02
1.960946433246135712e-02
1.960892602801322937e-02
1.960916258394718170e-02
1.960934326052665710e-02
1.960926689207553864e-02
1.960880868136882782e-02
1.960922032594680786e-02
1.960867084562778473e-02
1.960912719368934631e-02
1.960892416536808014e-02
1.960960216820240021e-02
1.960886083543300629e-02
1.960987970232963562e-02
1.960860565304756165e-02
1.960902847349643707e-02
1.960965618491172791e-02
1.960940100252628326e-02
1.960955373942852020e-02
1.960965245962142944e-02
1.960941776633262634e-02
1.960846595466136932e-02
1.960984617471694946e-02
1.960914209485054016e-02
1.961011625826358795e-02
1.960976421833038330e-02
1.960924267768859863e-02
1.960950717329978943e-02
1.960879191756248474e-02
1.960884220898151398e-02
1.960992254316806793e-02
1.961092278361320496e-02
1.960865966975688934e-02
1.960884779691696167e-02
1.960960216820240021e-02
1.960932463407516479e-02
1.960865780711174011e-02
1.960973069071769714e-02
1.960941590368747711e-02
1.960998214781284332e-02
1.960984431207180023e-02
1.961045712232589722e-02
1.960932835936546326e-02
1.960933394730091095e-02
1.960864849388599396e-02
1.960969157516956329e-02
1.960904523730278015e-02
1.960936188697814941e-02
1.960906945168972015e-02
1.960943080484867096e-02
1.960893720388412476e-02
1.960949227213859558e-02
1.960948482155799866e-02
1.960982568562030792e-02
1.960889995098114014e-02
1.960895024240016937e-02
1.960857212543487549e-02
1.960944198071956635e-02
1.960873976349830627e-02
1.960865594446659088e-02
1.960901357233524323e-02
1.960862614214420319e-02
1.960932835936546326e-02
1.960875466465950012e-02
1.960991136729717255e-02
1.961090229451656342e-02
1.960851624608039856e-02
1.961047947406768799e-02
1.961001753807067871e-02
1.960884779691696167e-02
1.960877515375614166e-02
1.960891671478748322e-02
1.960981637239456177e-02
1.960906386375427246e-02
1.960967481136322021e-02
1.960923336446285248e-02
1.960977539420127869e-02
1.960930600762367249e-02
1.960842683911323547e-02
1.960941590368747711e-02
1.960892975330352783e-02
1.960970461368560791e-02
1.960889622569084167e-02
1.960956491529941559e-02
1.960857398808002472e-02
1.960883662104606628e-02
1.960922218859195709e-02
1.960900612175464630e-02
1.960862055420875549e-02
1.960996352136135101e-02
1.960872672498226166e-02
1.960916444659233093e-02
1.960887201130390167e-02
1.960953325033187866e-02
1.960982382297515869e-02
1.960913650691509247e-02
1.960983127355575562e-02
1.961041241884231567e-02
1.960912719368934631e-02
1.960953883826732635e-02
1.960907876491546631e-02
1.960927061736583710e-02
1.960914954543113708e-02
1.960944943130016327e-02
1.960934139788150787e-02
1.961085759103298187e-02
1.960980147123336792e-02
1.960948482155799866e-02
1.960892975330352783e-02
1.960924640297889709e-02
1.961035281419754028e-02
1.960976608097553253e-02
1.960902661085128784e-02
1.961067691445350647e-02
1.960907317698001862e-02
1.960877515375614166e-02
1.960901729762554169e-02
1.960972510278224945e-02
1.960899680852890015e-02
1.960889250040054321e-02
1.960958354175090790e-02
1.960919797420501709e-02
1.960854791104793549e-02
1.960997842252254486e-02
1.960922591388225555e-02
1.960868015885353088e-02
1.960997097194194794e-02
1.960883103311061859e-02
1.960961334407329559e-02
1.960990391671657562e-02
1.960991136729717255e-02
1.961019821465015411e-02
1.960871741175651550e-02
1.960925571620464325e-02
1.960898004472255707e-02
1.960971951484680176e-02
1.960942894220352173e-02
1.960896141827106476e-02
1.961022987961769104e-02
1.960881426930427551e-02
1.960876770317554474e-02
1.960984990000724792e-02
1.960944384336471558e-02
1.960841938853263855e-02
1.960968784987926483e-02
1.961023360490798950e-02
1.960867270827293396e-02
1.960955746471881866e-02
1.960891671478748322e-02
1.960886269807815552e-02
1.960897073149681091e-02
1.960998773574829102e-02
1.960979029536247253e-02
1.960863918066024780e-02
1.960853673517704010e-02
1.960904523730278015e-02
1.960955187678337097e-02
1.960963942110538483e-02
1.960880309343338013e-02
1.960843615233898163e-02
1.960979960858821869e-02
1.960920542478561401e-02
1.961101591587066650e-02
1.960974186658859253e-02
1.960930228233337402e-02
1.960971020162105560e-02
1.960924826562404633e-02
1.960924454033374786e-02
1.960955746471881866e-02
1.960921101272106171e-02
1.960861682891845703e-02
1.960959285497665405e-02
1.960914395749568939e-02
1.961094513535499573e-02
1.960841566324234009e-02
1.960882358253002167e-02
1.960952021181583405e-02
1.961008459329605103e-02
1.960915699601173401e-02
1.960931718349456787e-02
1.960927061736583710e-02
1.960899122059345245e-02
1.960915140807628632e-02
1.960981078445911407e-02
1.960953325033187866e-02
1.961132325232028961e-02
1.960953138768672943e-02
1.960981078445911407e-02
1.960920915007591248e-02
1.960935443639755249e-02
1.960963197052478790e-02
1.961001567542552948e-02
1.960960216820240021e-02
1.960966363549232483e-02
1.960933208465576172e-02
1.960977353155612946e-02
1.961060054600238800e-02
1.960926316678524017e-02
1.960959658026695251e-02
1.961009018123149872e-02
1.960877329111099243e-02
1.960904709994792938e-02
1.961036771535873413e-02
1.961015351116657257e-02
1.960950717329978943e-02
1.960922405123710632e-02
1.960987970232963562e-02
1.960960030555725098e-02
1.960997842252254486e-02
1.961022987961769104e-02
1.960911601781845093e-02
1.960984803736209869e-02
1.960971020162105560e-02
1.960928179323673248e-02
1.960993185639381409e-02
1.960949413478374481e-02
1.960992440581321716e-02
1.960845850408077240e-02
1.960987411439418793e-02
1.961038261651992798e-02
1.960906758904457092e-02
1.960939168930053711e-02
1.960914209485054016e-02
1.961016841232776642e-02
1.960820890963077545e-02
1.960947923362255096e-02
1.961053162813186646e-02
1.960910856723785400e-02
1.960878260433673859e-02
1.960984990000724792e-02
1.960978098213672638e-02
1.960998401045799255e-02
1.961039192974567413e-02
1.960919611155986786e-02
1.960952579975128174e-02
1.960966177284717560e-02
1.960954442620277405e-02
1.960976794362068176e-02
1.961014978587627411e-02
1.960986852645874023e-02
1.960906386375427246e-02
1.961103826761245728e-02
1.960925757884979248e-02
1.961009576916694641e-02
1.960975490510463715e-02
1.960931159555912018e-02
1.961003616452217102e-02
1.960916444659233093e-02
1.960990391671657562e-02
1.960985921323299408e-02
1.961014792323112488e-02
1.961096376180648804e-02
1.960962079465389252e-02
1.960983313620090485e-02
1.960922591388225555e-02
1.960963197052478790e-02
1.960854604840278625e-02
1.960948482155799866e-02
1.961050555109977722e-02
1.961045153439044952e-02
1.960980519652366638e-02
1.960876956582069397e-02
1.960945315659046173e-02
1.960930973291397095e-02
1.961011439561843872e-02
1.960929296910762787e-02
1.960999332368373871e-02
1.960983686149120331e-02
1.960873417556285858e-02
1.961051300168037415e-02
1.961018331348896027e-02
1.961030997335910797e-02
1.960920728743076324e-02
1.960987225174903870e-02
1.960882544517517090e-02
1.961028762161731720e-02
1.961043477058410645e-02
1.960952766239643097e-02
1.960949972271919250e-02
1.961019076406955719e-02
1.961094699800014496e-02
1.960890926420688629e-02
1.960901543498039246e-02
1.960963569581508636e-02
1.960884407162666321e-02
1.960992813110351562e-02
1.960962824523448944e-02
1.960911974310874939e-02
1.960956864058971405e-02
1.960993185639381409e-02
1.960968039929866791e-02
1.960940472781658173e-02
1.960973255336284637e-02
1.960974931716918945e-02
1.961008459329605103e-02
1.960984431207180023e-02
1.960967667400836945e-02
1.960991136729717255e-02
1.961038634181022644e-02
1.961000636219978333e-02
1.961038075387477875e-02
1.960964873433113098e-02
1.960994862020015717e-02
1.960994303226470947e-02
1.960940845310688019e-02
1.960973627865314484e-02
1.960919424891471863e-02
1.961017958819866180e-02
1.960912905633449554e-02
1.961082220077514648e-02
1.960973441600799561e-02
1.961025968194007874e-02
1.960963010787963867e-02
1.960917003452777863e-02
1.961072720587253571e-02
1.961015351116657257e-02
1.960884593427181244e-02
1.960966922342777252e-02
1.961019821465015411e-02
1.960999146103858948e-02
1.960905827581882477e-02
1.961006410419940948e-02
1.960999891161918640e-02
1.961055584251880646e-02
1.961003802716732025e-02
1.960969157516956329e-02
1.960969716310501099e-02
1.961015909910202026e-02
1.961015909910202026e-02
1.961007528007030487e-02
1.960895583033561707e-02
1.961006037890911102e-02
1.960992068052291870e-02
1.960861310362815857e-02
1.960914395749568939e-02
1.960858702659606934e-02
1.960958354175090790e-02
1.961083151400089264e-02
1.960997097194194794e-02
1.960947737097740173e-02
1.961041800677776337e-02
1.960967108607292175e-02
1.961071789264678955e-02
1.960949227213859558e-02
1.961056701838970184e-02
1.960912905633449554e-02
1.960962824523448944e-02
1.960952952504158020e-02
1.961024105548858643e-02
1.961051858961582184e-02
1.960951462388038635e-02
1.960977539420127869e-02
1.960873790085315704e-02
1.960949786007404327e-02
1.960900612175464630e-02
1.960907503962516785e-02
1.961068250238895416e-02
1.961011067032814026e-02
1.960922777652740479e-02
1.961068622767925262e-02
1.960927248001098633e-02
1.961016841232776642e-02
1.961022801697254181e-02
1.961046829819679260e-02
1.960979402065277100e-02
1.960921101272106171e-02
1.960915885865688324e-02
1.961036399006843567e-02
1.960931718349456787e-02
1.960975117981433868e-02
1.960968971252441406e-02
1.960893534123897552e-02
1.961015351116657257e-02
1.960933953523635864e-02
1.960975304245948792e-02
1.961114071309566498e-02
1.960893534123897552e-02
1.960997283458709717e-02
1.961071975529193878e-02
1.961011625826358795e-02
1.961011253297328949e-02
1.960926130414009094e-02
1.960968226194381714e-02
1.960911415517330170e-02
1.961020939052104950e-02
1.960944011807441711e-02
1.960887573659420013e-02
1.960943080484867096e-02
1.960935071110725403e-02
1.960959471762180328e-02
1.961040310561656952e-02
1.961029693484306335e-02
1.960931718349456787e-02
1.960971206426620483e-02
1.960973814129829407e-02
1.961128786206245422e-02
1.961068436503410339e-02
1.960996910929679871e-02
1.960979960858821869e-02
1.960991881787776947e-02
1.961004547774791718e-02
1.961037330329418182e-02
1.961053349077701569e-02
1.961126178503036499e-02
1.960998028516769409e-02
1.960984803736209869e-02
1.960973814129829407e-02
1.960979215800762177e-02
1.961086690425872803e-02
1.960886083543300629e-02
1.960943825542926788e-02
1.960980519652366638e-02
1.961014419794082642e-02
1.960920169949531555e-02
1.961026899516582489e-02
1.961042918264865875e-02
1.961090601980686188e-02
1.961057260632514954e-02
1.961083151400089264e-02
1.961017027497291565e-02
1.961043849587440491e-02
1.960908062756061554e-02
1.960887014865875244e-02
1.960987225174903870e-02
1.960995793342590332e-02
1.960945315659046173e-02
1.961092464625835419e-02
1.960953325033187866e-02
1.960986852645874023e-02
1.960931718349456787e-02
1.960942149162292480e-02
1.961048133671283722e-02
1.960861496627330780e-02
1.960909739136695862e-02
1.961007528007030487e-02
1.961021311581134796e-02
1.961025223135948181e-02
1.961049251258373260e-02
1.961034163832664490e-02
1.961007155478000641e-02
1.960999704897403717e-02
1.961011253297328949e-02
1.960933953523635864e-02
1.960851065814495087e-02
1.960951462388038635e-02
1.960945315659046173e-02
1.961027272045612335e-02
1.960982382297515869e-02
1.961019821465015411e-02
1.961153745651245117e-02
1.960976608097553253e-02
1.961063221096992493e-02
1.960876770317554474e-02
1.961049437522888184e-02
1.961053162813186646e-02
1.961074583232402802e-02
1.961082965135574341e-02
1.960905268788337708e-02
1.961015537381172180e-02
1.960909366607666016e-02
1.960950531065464020e-02
1.961007528007030487e-02
1.961065828800201416e-02
1.960975676774978638e-02
1.960891298949718475e-02
1.961048133671283722e-02
1.961082592606544495e-02
1.961004734039306641e-02
1.961045712232589722e-02
1.960973441600799561e-02
1.960997842252254486e-02
1.960962079465389252e-02
1.961128413677215576e-02
1.961027458310127258e-02
1.961097307503223419e-02
1.960939355194568634e-02
1.960937306284904480e-02
1.960959099233150482e-02
1.961014792323112488e-02
1.960909366607666016e-02
1.960951834917068481e-02
1.960986852645874023e-02
1.961062289774417877e-02
1.961038820445537567e-02
1.961020566523075104e-02
1.960964314639568329e-02
1.961070485413074493e-02
1.960963569581508636e-02
1.961000449955463409e-02
1.961101405322551727e-02
1.961050927639007568e-02
1.961032114923000336e-02
1.961011067032814026e-02
1.961114816367626190e-02
1.961120404303073883e-02
1.961007528007030487e-02
1.961027458310127258e-02
1.961000636219978333e-02
1.961049437522888184e-02
1.961064897477626801e-02
1.961121521890163422e-02
1.960924267768859863e-02
1.960930228233337402e-02
1.960967481136322021e-02
1.960962638258934021e-02
1.961060427129268646e-02
1.960984058678150177e-02
1.961051486432552338e-02
1.961040310561656952e-02
1.961001008749008179e-02
1.961038634181022644e-02
1.961004734039306641e-02
1.961015351116657257e-02
1.960993930697441101e-02
1.961041986942291260e-02
1.960949972271919250e-02
1.960961334407329559e-02
1.960952952504158020e-02
1.961012184619903564e-02
1.961019448935985565e-02
1.961070857942104340e-02
1.961179263889789581e-02
1.961061730980873108e-02
1.961002871394157410e-02
1.961034163832664490e-02
1.960903406143188477e-02
1.960999146103858948e-02
1.960986480116844177e-02
1.960964873433113098e-02
1.960938423871994019e-02
1.960985362529754639e-02
1.961042732000350952e-02
1.961019076406955719e-02
1.961016096174716949e-02
1.960885711014270782e-02
1.960938610136508942e-02
1.960982382297515869e-02
1.961060054600238800e-02
1.961052790284156799e-02
1.961002685129642487e-02
1.961024478077888489e-02
1.960982568562030792e-02
1.961029320955276489e-02
1.961017586290836334e-02
1.961083523929119110e-02
1.961051113903522491e-02
1.961044967174530029e-02
1.961088553071022034e-02
1.961093582212924957e-02
1.960938051342964172e-02
1.960979774594306946e-02
1.961052417755126953e-02
1.960962265729904175e-02
1.961027458310127258e-02
1.960964314639568329e-02
1.960992440581321716e-02
1.961048133671283722e-02
1.961096376180648804e-02
1.960932463407516479e-02
1.961094327270984650e-02
1.960973441600799561e-02
1.961017400026321411e-02
1.960905641317367554e-02
1.961057074368000031e-02
1.961020380258560181e-02
1.960963755846023560e-02
1.960945129394531250e-02
1.960976049304008484e-02
1.960900053381919861e-02
1.960977353155612946e-02
1.961025968194007874e-02
1.960961334407329559e-02
1.960973441600799561e-02
1.960997283458709717e-02
1.961028762161731720e-02
1.961095444858074188e-02
1.961037330329418182e-02
1.961103826761245728e-02
1.961030624806880951e-02
1.961075514554977417e-02
1.960906945168972015e-02
1.960991695523262024e-02
1.960956305265426636e-02
1.961043104529380798e-02
1.961003616452217102e-02
1.960901357233524323e-02
1.960990764200687408e-02
1.961039565503597260e-02
1.961072348058223724e-02
1.961092837154865265e-02
1.961070299148559570e-02
1.961007155478000641e-02
1.961007341742515564e-02
1.960960589349269867e-02
1.961001567542552948e-02
1.961036585271358490e-02
1.961037144064903259e-02
1.961044780910015106e-02
1.961011067032814026e-02
1.961040124297142029e-02
1.960991695523262024e-02
1.961041055619716644e-02
1.961015537381172180e-02
1.960944011807441711e-02
1.961129344999790192e-02
1.960933580994606018e-02
1.961087062954902649e-02
1.960952207446098328e-02
1.961052604019641876e-02
1.961147785186767578e-02
1.961009390652179718e-02
1.961007900536060333e-02
1.960963010787963867e-02
1.961030811071395874e-02
1.960978284478187561e-02
1.960971392691135406e-02
1.960984803736209869e-02
1.961102709174156189e-02
1.961034163832664490e-02
1.960965991020202637e-02
1.961106806993484497e-02
1.961164921522140503e-02
1.960939913988113403e-02
1.960918866097927094e-02
1.961073838174343109e-02
1.961080729961395264e-02
1.961127296090126038e-02
1.961035281419754028e-02
1.961086690425872803e-02
1.961038820445537567e-02
1.960980705916881561e-02
1.961018331348896027e-02
1.960939913988113403e-02
1.960894092917442322e-02
1.961091347038745880e-02
1.960934139788150787e-02
1.960985548794269562e-02
1.961003057658672333e-02
1.961075328290462494e-02
1.960971020162105560e-02
1.961082778871059418e-02
1.961027272045612335e-02
1.961036957800388336e-02
1.961020380258560181e-02
1.961026154458522797e-02
1.961025968194007874e-02
1.961017400026321411e-02
1.961004734039306641e-02
1.961067132651805878e-02
1.960993930697441101e-02
1.961014233529567719e-02
1.960964314639568329e-02
1.960931718349456787e-02
1.961054652929306030e-02
1.961107179522514343e-02
1.961019821465015411e-02
1.961067505180835724e-02
1.960986852645874023e-02
1.960902102291584015e-02
1.960929296910762787e-02
1.961052604019641876e-02
1.960945501923561096e-02
1.961071416735649109e-02
1.960986852645874023e-02
1.961029693484306335e-02
1.961125433444976807e-02
1.961150206625461578e-02
1.960952766239643097e-02
1.961047947406768799e-02
1.961111091077327728e-02
1.961035840213298798e-02
1.961085014045238495e-02
1.960998587310314178e-02
1.961139217019081116e-02
1.961085572838783264e-02
1.960942521691322327e-02
1.961000822484493256e-02
1.961000263690948486e-02
1.960993744432926178e-02
1.961052604019641876e-02
1.960984803736209869e-02
1.961027458310127258e-02
1.960921287536621094e-02
1.961033418774604797e-02
1.961033977568149567e-02
1.961065828800201416e-02
1.961044967174530029e-02
1.960981450974941254e-02
1.961077377200126648e-02
1.960993930697441101e-02
1.960972696542739868e-02
1.961035840213298798e-02
1.960912160575389862e-02
1.961139403283596039e-02
1.961038075387477875e-02
1.961031928658485413e-02
1.961053349077701569e-02
1.961092464625835419e-02
1.960903592407703400e-02
1.961053721606731415e-02
1.961079612374305725e-02
1.961038075387477875e-02
1.961016096174716949e-02
1.961001753807067871e-02
1.960987225174903870e-02
1.960981823503971100e-02
1.961082033812999725e-02
1.960984431207180023e-02
1.960979402065277100e-02
1.960914768278598785e-02
1.961012184619903564e-02
1.960898563265800476e-02
1.961024478077888489e-02
1.960979402065277100e-02
1.960946992039680481e-02
1.960970647633075714e-02
1.961063966155052185e-02
1.961025223135948181e-02
1.961052604019641876e-02
1.960943825542926788e-02
1.960994675755500793e-02
1.961001567542552948e-02
1.960913278162479401e-02
1.960909552872180939e-02
1.961044035851955414e-02
1.961006224155426025e-02
1.960969530045986176e-02
1.960993371903896332e-02
1.960959844291210175e-02
1.961023360490798950e-02
1.961076632142066956e-02
1.961079798638820648e-02
1.961038820445537567e-02
1.960933953523635864e-02
1.960871554911136627e-02
1.960972696542739868e-02
1.961008459329605103e-02
1.961025409400463104e-02
1.961130276322364807e-02
1.961032487452030182e-02
1.961190626025199890e-02
1.961019076406955719e-02
1.960941590368747711e-02
1.961058378219604492e-02
1.961055397987365723e-02
1.961130090057849884e-02
1.961082965135574341e-02
1.960934698581695557e-02
1.961158029735088348e-02
1.961000449955463409e-02
1.960969343781471252e-02
1.961088180541992188e-02
1.961064338684082031e-02
1.961030252277851105e-02
1.961032673716545105e-02
1.960959844291210175e-02
1.961028017103672028e-02
1.960985921323299408e-02
1.961056143045425415e-02
1.961078494787216187e-02
1.960913278162479401e-02
1.961115561425685883e-02
1.960961334407329559e-02
1.961000077426433563e-02
1.961008086800575256e-02
1.961024850606918335e-02
1.961026526987552643e-02
1.960990205407142639e-02
1.961191743612289429e-02
1.960974745452404022e-02
1.961001381278038025e-02
1.960981637239456177e-02
1.960901729762554169e-02
1.960927620530128479e-02
1.960888877511024475e-02
1.960935443639755249e-02
1.961076073348522186e-02
1.961076259613037109e-02
1.961111649870872498e-02
1.960979960858821869e-02
1.961128413677215576e-02
1.961095631122589111e-02
1.961008459329605103e-02
1.960945315659046173e-02
1.960953697562217712e-02
1.961049437522888184e-02
1.961077190935611725e-02
1.960971951484680176e-02
1.961050927639007568e-02
1.961065270006656647e-02
1.961017213761806488e-02
1.960999518632888794e-02
1.961092837154865265e-02
1.961003243923187256e-02
1.960931904613971710e-02
1.960985176265239716e-02
1.961023360490798950e-02
1.961028389632701874e-02
1.960962451994419098e-02
1.961129903793334961e-02
1.961023546755313873e-02
1.961062103509902954e-02
1.960949972271919250e-02
1.961031183600425720e-02
1.961071044206619263e-02
1.961080729961395264e-02
1.961151137948036194e-02
1.960969530045986176e-02
1.961022987961769104e-02
1.961041241884231567e-02
1.960941031575202942e-02
1.961009018123149872e-02
1.960962079465389252e-02
1.961008831858634949e-02
1.960959658026695251e-02
1.960894837975502014e-02
1.960921846330165863e-02
1.961061917245388031e-02
1.961085759103298187e-02
1.961004920303821564e-02
1.960994675755500793e-02
1.960987038910388947e-02
1.960987411439418793e-02
1.961083710193634033e-02
1.960895583033561707e-02
1.960945688188076019e-02
1.961019262671470642e-02
1.960887573659420013e-02
1.960991322994232178e-02
1.961041614413261414e-02
1.961035281419754028e-02
1.961124688386917114e-02
1.961101032793521881e-02
1.960987225174903870e-02
1.960990391671657562e-02
1.960998959839344025e-02
1.961047388613224030e-02
1.961057074368000031e-02
1.961081288754940033e-02
1.961064711213111877e-02
1.960911229252815247e-02
1.960993930697441101e-02
1.960954256355762482e-02
1.960959285497665405e-02
1.961038820445537567e-02
1.961043104529380798e-02
1.960954815149307251e-02
1.960952952504158020e-02
1.960999518632888794e-02
1.961052790284156799e-02
1.960963942110538483e-02
1.961148530244827271e-02
1.960956491529941559e-02
1.960896141827106476e-02
1.960987783968448639e-02
1.961082592606544495e-02
1.961002685129642487e-02
1.961094699800014496e-02
1.961111091077327728e-02
1.960953325033187866e-02
1.960910856723785400e-02
1.961024291813373566e-02
1.960931159555912018e-02
1.961106061935424805e-02
1.961173117160797119e-02
1.960964128375053406e-02
1.960957050323486328e-02
1.961021311581134796e-02
1.960984990000724792e-02
1.961065828800201416e-02
1.961050182580947876e-02
1.960991509258747101e-02
1.961102709174156189e-02
1.960982941091060638e-02
