-7.765055894851684570e-01
-8.633564710617065430e-01
-8.252555727958679199e-01
-6.194485425949096680e-01
-9.821653366088867188e-01
-8.671982288360595703e-01
-9.148421883583068848e-01
-7.769069671630859375e-01
-6.953198313713073730e-01
-1.035447716712951660e+00
-8.805015087127685547e-01
-8.610906600952148438e-01
-9.568133354187011719e-01
-1.892775177955627441e+00
-2.447722673416137695e+00
-1.991554856300354004e+00
-1.823978543281555176e+00
-1.615365862846374512e+00
-1.444895267486572266e+00
-1.974789261817932129e+00
-1.167678475379943848e+00
-1.759680151939392090e+00
-2.027993440628051758e+00
-1.514892101287841797e+00
-2.122938394546508789e+00
-2.357399225234985352e+00
-2.786015033721923828e+00
-2.392035484313964844e+00
-2.853143930435180664e+00
-3.632142782211303711e+00
-1.899744272232055664e+00
-2.408950567245483398e+00
-2.004215002059936523e+00
-2.550975322723388672e+00
-2.092077493667602539e+00
-2.149246692657470703e+00
-2.731053829193115234e+00
-1.655560731887817383e+00
-6.998263835906982422e+00
-8.807466506958007812e+00
-5.693699836730957031e+00
-5.399192810058593750e+00
-8.621649742126464844e+00
-7.644477367401123047e+00
-6.861980915069580078e+00
-7.439527511596679688e+00
-8.738677978515625000e+00
-6.715718746185302734e+00
-6.676243782043457031e+00
-6.951438903808593750e+00
-6.697253704071044922e+00
-7.064034938812255859e+00
-1.266932582855224609e+01
-7.366006851196289062e+00
-1.142934799194335938e+01
-1.084748649597167969e+01
-1.258116436004638672e+01
-7.558049201965332031e+00
-9.950254440307617188e+00
-1.101024913787841797e+01
-1.006591320037841797e+01
-5.615471839904785156e+00
-7.017306804656982422e+00
-1.291561508178710938e+01
-8.263693809509277344e+00
-1.068005084991455078e+01
-1.029061698913574219e+01
-1.009368228912353516e+01
-1.049423789978027344e+01
-1.220058822631835938e+01
-8.301615715026855469e+00
-1.086484146118164062e+01
-1.034627628326416016e+01
-1.180471134185791016e+01
-1.171707248687744141e+01
-1.018472766876220703e+01
-8.539590835571289062e+00
-9.788542747497558594e+00
-1.090965175628662109e+01
-1.142255592346191406e+01
-9.100177764892578125e+00
-1.028205013275146484e+01
-9.464806556701660156e+00
-1.521154594421386719e+01
-9.580084800720214844e+00
-1.160905742645263672e+01
-1.057427978515625000e+01
-1.389651584625244141e+01
-2.264098167419433594e+01
-1.086344432830810547e+01
-1.201609516143798828e+01
-1.309687995910644531e+01
-1.040082645416259766e+01
-1.091693782806396484e+01
-1.175081539154052734e+01
-9.312574386596679688e+00
-9.920544624328613281e+00
-1.153320312500000000e+01
-8.481065750122070312e+00
-1.065360927581787109e+01
-8.941975593566894531e+00
-9.954136848449707031e+00
-9.713309288024902344e+00
-1.064380836486816406e+01
-9.284966468811035156e+00
-8.966266632080078125e+00
-1.065440654754638672e+01
-1.021442222595214844e+01
-1.238954830169677734e+01
-9.896477699279785156e+00
-1.331449413299560547e+01
-1.235441112518310547e+01
-9.515210151672363281e+00
-8.181078910827636719e+00
-1.099673080444335938e+01
-1.083273696899414062e+01
-1.222342109680175781e+01
-9.527864456176757812e+00
-1.053762149810791016e+01
-8.391214370727539062e+00
-9.704565048217773438e+00
-8.295761108398437500e+00
-1.103732872009277344e+01
-7.819986343383789062e+00
-7.056721210479736328e+00
-1.028425979614257812e+01
-9.188382148742675781e+00
-1.219122791290283203e+01
-7.061096191406250000e+00
-9.541955947875976562e+00
-1.066451168060302734e+01
-7.179379940032958984e+00
-1.162065505981445312e+01
-8.741880416870117188e+00
-1.161513137817382812e+01
-1.006154918670654297e+01
-1.121028804779052734e+01
-1.108141422271728516e+01
-1.272963619232177734e+01
-1.479246902465820312e+01
-1.219655609130859375e+01
-9.250442504882812500e+00
-1.471818161010742188e+01
-1.534258270263671875e+01
-1.109090900421142578e+01
-1.100401115417480469e+01
-1.107523441314697266e+01
-1.299932575225830078e+01
-1.128659915924072266e+01
-6.436792850494384766e+00
-1.166899585723876953e+01
-9.418565750122070312e+00
-1.015114784240722656e+01
-1.109457969665527344e+01
-1.130607986450195312e+01
-1.211663532257080078e+01
-1.127113819122314453e+01
-1.277238750457763672e+01
-8.558889389038085938e+00
-1.035300350189208984e+01
-1.145056343078613281e+01
-1.293518447875976562e+01
-1.522748851776123047e+01
-1.193665027618408203e+01
-1.069449329376220703e+01
-1.721566581726074219e+01
-1.177653026580810547e+01
-1.344911575317382812e+01
-1.258287906646728516e+01
-1.141184329986572266e+01
-1.709540557861328125e+01
-1.018550682067871094e+01
-1.296537780761718750e+01
-1.153894042968750000e+01
-1.161489677429199219e+01
-1.286231422424316406e+01
-1.210010719299316406e+01
-1.041182327270507812e+01
-1.140912246704101562e+01
-1.069400596618652344e+01
-1.096932220458984375e+01
-6.666180133819580078e+00
-9.676254272460937500e+00
-1.039910888671875000e+01
-1.025808715820312500e+01
-6.181385517120361328e+00
-1.160689163208007812e+01
-8.512758255004882812e+00
-1.184337043762207031e+01
-1.200370693206787109e+01
-8.823021888732910156e+00
-8.433895111083984375e+00
-1.066123771667480469e+01
-9.968688964843750000e+00
-1.130482387542724609e+01
-9.360728263854980469e+00
-7.641507625579833984e+00
-7.590857982635498047e+00
-9.284598350524902344e+00
-9.533542633056640625e+00
-8.324152946472167969e+00
-7.461153507232666016e+00
-1.018661594390869141e+01
-1.287319946289062500e+01
-1.030103111267089844e+01
-8.515110015869140625e+00
-1.261842346191406250e+01
-1.033808803558349609e+01
-1.236237239837646484e+01
-7.870520591735839844e+00
-1.206651496887207031e+01
-1.131408691406250000e+01
-6.983390331268310547e+00
-7.242279529571533203e+00
-8.575356483459472656e+00
-1.124063110351562500e+01
-6.950585842132568359e+00
-9.968133926391601562e+00
-9.828371047973632812e+00
-1.113046073913574219e+01
-8.918449401855468750e+00
-8.145733833312988281e+00
-1.001665019989013672e+01
-8.146349906921386719e+00
-7.490478515625000000e+00
-1.046094608306884766e+01
-9.604978561401367188e+00
-9.362722396850585938e+00
-8.056016921997070312e+00
-8.409663200378417969e+00
-1.022494316101074219e+01
-9.246156692504882812e+00
-6.568325519561767578e+00
-9.060265541076660156e+00
-9.437430381774902344e+00
-9.026247978210449219e+00
-1.091850471496582031e+01
-1.200380134582519531e+01
-1.136312580108642578e+01
-9.471428871154785156e+00
-1.015684413909912109e+01
-7.941757678985595703e+00
-1.021941280364990234e+01
-1.181812953948974609e+01
-1.343445682525634766e+01
-5.701963901519775391e+00
-1.445946502685546875e+01
-1.186146259307861328e+01
-9.209959030151367188e+00
-9.850145339965820312e+00
-9.961693763732910156e+00
-7.104388713836669922e+00
-1.137723827362060547e+01
-9.546810150146484375e+00
-7.237073421478271484e+00
-9.457917213439941406e+00
-1.424518966674804688e+01
-1.270812797546386719e+01
-1.219435787200927734e+01
-1.011236572265625000e+01
-1.074141597747802734e+01
-1.551638126373291016e+01
-1.226227474212646484e+01
-1.098064422607421875e+01
-9.329776763916015625e+00
-9.502787590026855469e+00
-1.099321174621582031e+01
-1.215320682525634766e+01
-1.001706790924072266e+01
-7.333578109741210938e+00
-9.306206703186035156e+00
-1.078865718841552734e+01
-1.171764755249023438e+01
-1.124810504913330078e+01
-9.805171012878417969e+00
-9.974987983703613281e+00
-1.166325092315673828e+01
-1.100835323333740234e+01
-1.169686985015869141e+01
-1.281496429443359375e+01
-9.664362907409667969e+00
-1.239164638519287109e+01
-9.355280876159667969e+00
-1.834785461425781250e+01
-1.124406242370605469e+01
-1.172153949737548828e+01
-1.069006061553955078e+01
-9.301796913146972656e+00
-9.555299758911132812e+00
-1.481076622009277344e+01
-9.567231178283691406e+00
-1.408184814453125000e+01
-1.343153190612792969e+01
-1.534151840209960938e+01
-1.014941787719726562e+01
-1.243476200103759766e+01
-1.029690170288085938e+01
-1.022267723083496094e+01
-8.996982574462890625e+00
-1.448756217956542969e+01
-9.720635414123535156e+00
-1.004398918151855469e+01
-9.429150581359863281e+00
-8.683726310729980469e+00
-9.373765945434570312e+00
-1.023371696472167969e+01
-7.769741058349609375e+00
-7.463878154754638672e+00
-9.885796546936035156e+00
-8.552088737487792969e+00
-9.691157341003417969e+00
-8.191635131835937500e+00
-1.048647880554199219e+01
-1.061371898651123047e+01
-1.073044300079345703e+01
-1.116514778137207031e+01
-1.286694717407226562e+01
-8.690164566040039062e+00
-6.981031894683837891e+00
-9.924206733703613281e+00
-1.042793464660644531e+01
-1.244736671447753906e+01
-1.200170135498046875e+01
-1.044586658477783203e+01
-1.080761337280273438e+01
-1.031917476654052734e+01
-1.115010738372802734e+01
-8.469275474548339844e+00
-8.860784530639648438e+00
-1.156187820434570312e+01
-1.273897457122802734e+01
-1.424426269531250000e+01
-1.316435432434082031e+01
-1.099171829223632812e+01
-1.148790740966796875e+01
-9.975773811340332031e+00
-1.363471317291259766e+01
-1.280785942077636719e+01
-1.121205329895019531e+01
-1.337905120849609375e+01
-9.586497306823730469e+00
-9.611077308654785156e+00
-9.135113716125488281e+00
-1.325484561920166016e+01
-1.109339809417724609e+01
-1.312875366210937500e+01
-1.002946662902832031e+01
-5.911822319030761719e+00
-1.016274833679199219e+01
-1.094438934326171875e+01
-9.536158561706542969e+00
-1.375945186614990234e+01
-1.018488597869873047e+01
-1.137351417541503906e+01
-8.166044235229492188e+00
-9.245528221130371094e+00
-8.134907722473144531e+00
-1.287816619873046875e+01
-1.026079654693603516e+01
-8.896350860595703125e+00
-1.071351909637451172e+01
-1.063041496276855469e+01
-9.390019416809082031e+00
-1.233061504364013672e+01
-1.878011703491210938e+01
-1.163782691955566406e+01
-1.002421474456787109e+01
-1.204996109008789062e+01
-1.277631664276123047e+01
-6.431807518005371094e+00
-1.222674751281738281e+01
-1.252499389648437500e+01
-1.615433120727539062e+01
-7.692979335784912109e+00
-1.152319812774658203e+01
-1.138651847839355469e+01
-8.605530738830566406e+00
-1.387315368652343750e+01
-1.000830078125000000e+01
-1.515458965301513672e+01
-8.656779289245605469e+00
-9.079047203063964844e+00
-1.197384643554687500e+01
-1.045409202575683594e+01
-9.776793479919433594e+00
-1.184627628326416016e+01
-8.496395111083984375e+00
-9.331047058105468750e+00
-1.710305786132812500e+01
-1.563850688934326172e+01
-1.663175582885742188e+01
-1.588472366333007812e+01
-1.031515026092529297e+01
-1.399164295196533203e+01
-1.537225341796875000e+01
-1.523326587677001953e+01
-1.326319026947021484e+01
-1.464445972442626953e+01
-1.304125690460205078e+01
-1.216629409790039062e+01
-1.516593074798583984e+01
-1.072663021087646484e+01
-1.765095710754394531e+01
-1.486199283599853516e+01
-1.267482757568359375e+01
-1.449062442779541016e+01
-1.290372848510742188e+01
-1.156706047058105469e+01
-1.594500446319580078e+01
-1.321667671203613281e+01
-1.465965747833251953e+01
-1.814484786987304688e+01
-1.396723461151123047e+01
-1.773526000976562500e+01
-1.728009796142578125e+01
-1.676009559631347656e+01
-1.282463550567626953e+01
-1.168856906890869141e+01
-1.525281429290771484e+01
-1.694104766845703125e+01
-1.674905967712402344e+01
-1.331062507629394531e+01
-1.400885200500488281e+01
-1.222949886322021484e+01
-1.304516601562500000e+01
-1.700880050659179688e+01
-1.156795024871826172e+01
-1.172708606719970703e+01
-1.402014541625976562e+01
-1.401499557495117188e+01
-1.133109855651855469e+01
-1.326258754730224609e+01
-1.980772018432617188e+01
-1.718955802917480469e+01
-7.678941249847412109e+00
-1.047426033020019531e+01
-1.909535598754882812e+01
-1.026438713073730469e+01
-1.835924530029296875e+01
-1.071987724304199219e+01
-1.415282440185546875e+01
-1.216179370880126953e+01
-1.600619506835937500e+01
-1.464922332763671875e+01
-1.091887664794921875e+01
-1.135204601287841797e+01
-1.503011608123779297e+01
-1.742672729492187500e+01
-1.206346130371093750e+01
-1.558189296722412109e+01
-1.579594898223876953e+01
-1.722731399536132812e+01
-1.803220939636230469e+01
-1.078054141998291016e+01
-1.191163539886474609e+01
-1.408102226257324219e+01
-1.294180679321289062e+01
-1.108815670013427734e+01
-9.854987144470214844e+00
-1.206435298919677734e+01
-1.578881072998046875e+01
-1.370347213745117188e+01
-1.679317855834960938e+01
-1.306039142608642578e+01
-1.037966537475585938e+01
-1.584825611114501953e+01
-1.596168518066406250e+01
-1.362873649597167969e+01
-9.183073997497558594e+00
-1.036425399780273438e+01
-1.287813854217529297e+01
-1.200701904296875000e+01
-1.225630569458007812e+01
-1.139368629455566406e+01
-1.671613121032714844e+01
-1.193043804168701172e+01
-1.065346622467041016e+01
-1.424800300598144531e+01
-1.273475170135498047e+01
-1.439745330810546875e+01
-1.467555141448974609e+01
-9.490232467651367188e+00
-1.185505390167236328e+01
-1.441873550415039062e+01
-1.645433998107910156e+01
-1.257662487030029297e+01
-1.176264381408691406e+01
-1.688965988159179688e+01
-1.288470077514648438e+01
-1.243094062805175781e+01
-1.477693367004394531e+01
-1.229198932647705078e+01
-1.213441944122314453e+01
-1.221866416931152344e+01
-1.918297767639160156e+01
-9.999688148498535156e+00
-1.024241924285888672e+01
-1.383740806579589844e+01
-8.619013786315917969e+00
-9.464081764221191406e+00
