-9.255883097648620605e-01
-1.016963601112365723e+00
-1.006759047508239746e+00
-1.014408230781555176e+00
-9.297970533370971680e-01
-9.949628710746765137e-01
-9.826931357383728027e-01
-1.017551898956298828e+00
-9.958567619323730469e-01
-1.019400715827941895e+00
-9.670615792274475098e-01
-9.983044266700744629e-01
-2.775578498840332031e+00
-2.559932231903076172e+00
-2.605920076370239258e+00
-2.492674112319946289e+00
-2.743265390396118164e+00
-2.494888782501220703e+00
-4.017911911010742188e+00
-3.990577697753906250e+00
-3.910110473632812500e+00
-3.656697273254394531e+00
-3.868297100067138672e+00
-2.289579868316650391e+00
-3.872445344924926758e+00
-3.990746974945068359e+00
-3.860798358917236328e+00
-3.444606781005859375e+00
-3.549502849578857422e+00
-4.839554309844970703e+00
-5.147108078002929688e+00
-4.708958625793457031e+00
-4.748530864715576172e+00
-4.376923561096191406e+00
-5.229136943817138672e+00
-5.334448814392089844e+00
-5.166575431823730469e+00
-4.900617599487304688e+00
-5.263846874237060547e+00
-4.841275691986083984e+00
-5.321180343627929688e+00
-5.012020587921142578e+00
-5.091406822204589844e+00
-5.298107147216796875e+00
-5.004018783569335938e+00
-5.173323631286621094e+00
-5.014546871185302734e+00
-6.812083721160888672e+00
-6.499011039733886719e+00
-6.794233322143554688e+00
-6.830574989318847656e+00
-6.896831989288330078e+00
-6.625863075256347656e+00
-6.668965816497802734e+00
-6.301280498504638672e+00
-7.086657524108886719e+00
-6.790304183959960938e+00
-6.240365028381347656e+00
-6.885571956634521484e+00
-6.456828594207763672e+00
-6.803594112396240234e+00
-5.642336368560791016e+00
-8.227129936218261719e+00
-7.978520393371582031e+00
-7.596990585327148438e+00
-6.850859165191650391e+00
-7.977286338806152344e+00
-7.435945987701416016e+00
-6.644886493682861328e+00
-8.374956130981445312e+00
-8.094695091247558594e+00
-7.233312606811523438e+00
-7.593369960784912109e+00
-7.326219081878662109e+00
-7.138298034667968750e+00
-6.412328243255615234e+00
-8.257699012756347656e+00
-7.202936172485351562e+00
-7.290530681610107422e+00
-6.954849720001220703e+00
-8.573965072631835938e+00
-8.813116073608398438e+00
-7.818351745605468750e+00
-8.096939086914062500e+00
-7.147896766662597656e+00
-7.929592132568359375e+00
-9.054351806640625000e+00
-8.518973350524902344e+00
-8.191655158996582031e+00
-8.639783859252929688e+00
-8.188134193420410156e+00
-8.592814445495605469e+00
-8.448429107666015625e+00
-8.465613365173339844e+00
-8.765942573547363281e+00
-9.854486465454101562e+00
-8.626286506652832031e+00
-8.756049156188964844e+00
-9.455854415893554688e+00
-8.744441986083984375e+00
-1.000832271575927734e+01
-8.869672775268554688e+00
-8.650668144226074219e+00
-9.133209228515625000e+00
-9.172085762023925781e+00
-8.639157295227050781e+00
-8.096559524536132812e+00
-8.061704635620117188e+00
-1.053867053985595703e+01
-1.226865291595458984e+01
-1.135116672515869141e+01
-1.021999073028564453e+01
-1.136740779876708984e+01
-1.252844905853271484e+01
-1.123633766174316406e+01
-1.041490840911865234e+01
-1.215071773529052734e+01
-1.062110805511474609e+01
-9.606376647949218750e+00
-1.113790607452392578e+01
-1.121032428741455078e+01
-1.010735893249511719e+01
-9.847459793090820312e+00
-1.201449680328369141e+01
-1.108785247802734375e+01
-1.073893070220947266e+01
-1.036154747009277344e+01
-1.182944297790527344e+01
-1.105580997467041016e+01
-9.318214416503906250e+00
-9.353229522705078125e+00
-1.010101509094238281e+01
-1.018674564361572266e+01
-1.060567378997802734e+01
-1.148087024688720703e+01
-1.022360801696777344e+01
-9.958953857421875000e+00
-1.209266185760498047e+01
-1.062798118591308594e+01
-1.025114250183105469e+01
-1.125383281707763672e+01
-1.125654506683349609e+01
-9.860951423645019531e+00
-1.157225322723388672e+01
-1.066613769531250000e+01
-9.531504631042480469e+00
-9.220571517944335938e+00
-1.027347373962402344e+01
-1.067983150482177734e+01
-9.800031661987304688e+00
-8.724355697631835938e+00
-1.052304172515869141e+01
-9.855937957763671875e+00
-1.046193313598632812e+01
-1.136587333679199219e+01
-1.008710861206054688e+01
-1.128981781005859375e+01
-1.171465396881103516e+01
-9.881954193115234375e+00
-1.194146919250488281e+01
-1.015164661407470703e+01
-1.075419807434082031e+01
-1.089529609680175781e+01
-1.012182903289794922e+01
-1.018645858764648438e+01
-1.060064411163330078e+01
-1.065099811553955078e+01
-1.166463756561279297e+01
-1.247828960418701172e+01
-1.030330753326416016e+01
-1.301607131958007812e+01
-9.958643913269042969e+00
-1.081191349029541016e+01
-1.057998752593994141e+01
-1.179329586029052734e+01
-1.093075561523437500e+01
-1.092748832702636719e+01
-1.149577617645263672e+01
-1.043859195709228516e+01
-1.071116828918457031e+01
-1.093613719940185547e+01
-1.155701923370361328e+01
-1.138302135467529297e+01
-1.120838069915771484e+01
-1.178263378143310547e+01
-1.104276847839355469e+01
-1.166132545471191406e+01
-1.127897548675537109e+01
-1.159264850616455078e+01
-1.157420158386230469e+01
-1.279798316955566406e+01
-1.271317100524902344e+01
-1.195100116729736328e+01
-1.272156429290771484e+01
-1.317813301086425781e+01
-1.280759716033935547e+01
-1.185625934600830078e+01
-1.176690387725830078e+01
-1.332406997680664062e+01
-1.348251819610595703e+01
-1.083888053894042969e+01
-1.191212177276611328e+01
-1.302939701080322266e+01
-1.204443359375000000e+01
-1.263106918334960938e+01
-1.189794921875000000e+01
-1.366074562072753906e+01
-1.164780139923095703e+01
-1.210164260864257812e+01
-1.298990249633789062e+01
-1.280968952178955078e+01
-1.312961864471435547e+01
-1.328999805450439453e+01
-1.265408134460449219e+01
-1.467075634002685547e+01
-1.472868537902832031e+01
-1.424244594573974609e+01
-1.443879318237304688e+01
-1.442349052429199219e+01
-1.385193252563476562e+01
-1.444003105163574219e+01
-1.429494953155517578e+01
-1.814765357971191406e+01
-1.580283069610595703e+01
-1.245982837677001953e+01
-1.506889343261718750e+01
-1.421883964538574219e+01
-1.505036735534667969e+01
-1.468188190460205078e+01
-1.610625267028808594e+01
-1.445304393768310547e+01
-1.502120971679687500e+01
-1.505466556549072266e+01
-1.433297061920166016e+01
-1.321804428100585938e+01
-1.389000415802001953e+01
-1.502064514160156250e+01
-1.430981922149658203e+01
-1.278538799285888672e+01
-1.237575912475585938e+01
-1.438520240783691406e+01
-1.485045146942138672e+01
-1.721378135681152344e+01
-1.291656494140625000e+01
-1.435145473480224609e+01
-1.436672306060791016e+01
-1.632270050048828125e+01
-1.430584239959716797e+01
-1.635345649719238281e+01
-1.458591270446777344e+01
-1.712113189697265625e+01
-1.540759944915771484e+01
-1.389741134643554688e+01
-1.615649414062500000e+01
-1.483300304412841797e+01
-1.464072990417480469e+01
-1.717869377136230469e+01
-1.729670143127441406e+01
-1.303490924835205078e+01
-1.453563594818115234e+01
-1.750283622741699219e+01
-1.430221080780029297e+01
-1.438879871368408203e+01
-2.075088500976562500e+01
-2.090205001831054688e+01
-2.006816482543945312e+01
-2.065069198608398438e+01
-1.803707313537597656e+01
-2.044586563110351562e+01
-1.915119361877441406e+01
-2.015867805480957031e+01
-2.219463729858398438e+01
-2.107955932617187500e+01
-1.892359542846679688e+01
-2.186210823059082031e+01
-2.132612228393554688e+01
-2.079493331909179688e+01
-2.028020095825195312e+01
-2.096875381469726562e+01
-1.877010536193847656e+01
-2.129583168029785156e+01
-2.003848838806152344e+01
-2.094811439514160156e+01
-2.153269577026367188e+01
-2.035941886901855469e+01
-2.341335487365722656e+01
-2.134821701049804688e+01
-1.896729278564453125e+01
-1.941012191772460938e+01
-2.336463737487792969e+01
-1.968801689147949219e+01
-2.037133979797363281e+01
-2.086927604675292969e+01
-2.105930137634277344e+01
-2.089713287353515625e+01
-1.980103874206542969e+01
-1.753409194946289062e+01
-1.604693984985351562e+01
-1.757318305969238281e+01
-1.905958175659179688e+01
-1.973290824890136719e+01
-1.812258911132812500e+01
-1.749568748474121094e+01
-2.129088973999023438e+01
-1.822178459167480469e+01
-2.145941543579101562e+01
-1.795519828796386719e+01
-1.782247924804687500e+01
-1.905149841308593750e+01
-1.815183067321777344e+01
-1.976072692871093750e+01
-1.912279319763183594e+01
-1.959629249572753906e+01
-1.948579025268554688e+01
-1.887657737731933594e+01
-1.807762145996093750e+01
-1.900498771667480469e+01
-1.788338088989257812e+01
-1.816463088989257812e+01
-1.681787681579589844e+01
-1.906803894042968750e+01
-1.781971931457519531e+01
-1.826265525817871094e+01
-1.810886383056640625e+01
-2.235596656799316406e+01
-1.917716026306152344e+01
-1.797158241271972656e+01
-1.780103874206542969e+01
-1.949578094482421875e+01
-2.170179367065429688e+01
-2.181495475769042969e+01
-1.978653335571289062e+01
-2.047747611999511719e+01
-2.146182250976562500e+01
-2.130862045288085938e+01
-1.955443763732910156e+01
-2.250480461120605469e+01
-1.951097488403320312e+01
-1.998389053344726562e+01
-2.009575653076171875e+01
-2.085241317749023438e+01
-2.057079124450683594e+01
-2.068335914611816406e+01
-2.151628112792968750e+01
-2.113021278381347656e+01
-2.398737716674804688e+01
-2.059014511108398438e+01
-2.013950347900390625e+01
-2.144722938537597656e+01
-2.155766487121582031e+01
-2.224827003479003906e+01
-2.238506126403808594e+01
-2.393981933593750000e+01
-1.848310470581054688e+01
-2.136576080322265625e+01
-2.138490104675292969e+01
-2.183868026733398438e+01
-2.180784797668457031e+01
-2.074260139465332031e+01
-2.287470436096191406e+01
-2.111716270446777344e+01
-2.114816856384277344e+01
-2.060844039916992188e+01
-1.847774696350097656e+01
-2.191972160339355469e+01
-2.530409622192382812e+01
-1.917214202880859375e+01
-2.628949737548828125e+01
-2.211894989013671875e+01
-1.853045463562011719e+01
-2.101164436340332031e+01
-2.307863044738769531e+01
-1.890459632873535156e+01
-2.438502120971679688e+01
-1.582453346252441406e+01
-2.400588798522949219e+01
-2.143441772460937500e+01
-1.944539451599121094e+01
-2.128618621826171875e+01
-2.217508316040039062e+01
-1.961913681030273438e+01
-2.286355209350585938e+01
-2.157119750976562500e+01
-2.068052673339843750e+01
-2.197348403930664062e+01
-2.298954963684082031e+01
-2.278502655029296875e+01
-2.098046302795410156e+01
-1.939315795898437500e+01
-2.244929122924804688e+01
-2.287757301330566406e+01
-2.058017539978027344e+01
-1.933729362487792969e+01
-2.746522903442382812e+01
-2.687076568603515625e+01
-3.335915756225585938e+01
-3.145873451232910156e+01
-3.178744316101074219e+01
-2.672838020324707031e+01
-2.830575942993164062e+01
-2.744304084777832031e+01
-3.059669876098632812e+01
-2.811559104919433594e+01
-2.859248542785644531e+01
-2.513919830322265625e+01
-2.614411544799804688e+01
-2.597112274169921875e+01
-3.038866806030273438e+01
-2.771306991577148438e+01
-3.043925285339355469e+01
-2.770218849182128906e+01
-2.555809020996093750e+01
-2.731349563598632812e+01
-2.909787940979003906e+01
-2.603756713867187500e+01
-2.593116569519042969e+01
-2.650441741943359375e+01
-2.513080978393554688e+01
-2.816775894165039062e+01
-2.969488143920898438e+01
-2.776429176330566406e+01
-2.891831970214843750e+01
-2.783322715759277344e+01
-2.919148826599121094e+01
-2.730278205871582031e+01
-2.456066894531250000e+01
-3.213649368286132812e+01
-3.160238456726074219e+01
-3.104951667785644531e+01
-2.455837821960449219e+01
-3.443744659423828125e+01
-3.071714210510253906e+01
-3.187638092041015625e+01
-2.655309104919433594e+01
-2.754795074462890625e+01
-2.869819831848144531e+01
-2.983626556396484375e+01
-2.496094512939453125e+01
-2.718832969665527344e+01
-2.670043563842773438e+01
-3.586581039428710938e+01
-3.231166076660156250e+01
-3.321547698974609375e+01
-2.983353614807128906e+01
-3.577742767333984375e+01
-3.138775825500488281e+01
-2.565077781677246094e+01
-3.243994903564453125e+01
-3.263391113281250000e+01
-2.768848037719726562e+01
-2.915896415710449219e+01
-2.825162696838378906e+01
-3.266303634643554688e+01
-3.244104003906250000e+01
-3.150284194946289062e+01
-2.992127799987792969e+01
-2.905109596252441406e+01
-3.182776832580566406e+01
-2.994276237487792969e+01
-3.239608764648437500e+01
-3.145822143554687500e+01
-2.950031089782714844e+01
-2.898776626586914062e+01
-3.075576591491699219e+01
-3.317919921875000000e+01
-3.092682456970214844e+01
-3.194931983947753906e+01
-3.182302093505859375e+01
-2.641425323486328125e+01
-3.322471237182617188e+01
-3.094194221496582031e+01
-3.201303100585937500e+01
-2.816394805908203125e+01
-3.225352859497070312e+01
-2.799209594726562500e+01
-2.963720703125000000e+01
-3.285655975341796875e+01
-3.247445678710937500e+01
-3.131040954589843750e+01
-3.141316604614257812e+01
-3.248240280151367188e+01
-2.968661117553710938e+01
-3.470484924316406250e+01
-3.178722763061523438e+01
-3.012507820129394531e+01
-3.126688003540039062e+01
-2.729923820495605469e+01
-3.194427108764648438e+01
-3.158197593688964844e+01
-3.059836578369140625e+01
-3.251994323730468750e+01
-2.860657691955566406e+01
-3.153897476196289062e+01
-3.363677597045898438e+01
-3.590807723999023438e+01
-3.482086563110351562e+01
-3.217167282104492188e+01
-3.266704177856445312e+01
-3.580011367797851562e+01
-3.379779052734375000e+01
-3.608050537109375000e+01
-3.514043426513671875e+01
-3.836220932006835938e+01
-3.253167343139648438e+01
-3.458480453491210938e+01
-3.605468750000000000e+01
-3.386270904541015625e+01
-3.656345748901367188e+01
-3.772282791137695312e+01
-3.515762710571289062e+01
-3.541332626342773438e+01
-3.497084808349609375e+01
-3.769696426391601562e+01
-3.193606567382812500e+01
-3.476515960693359375e+01
-3.320904541015625000e+01
-3.263959503173828125e+01
-3.558981323242187500e+01
-3.100884628295898438e+01
-3.199356460571289062e+01
-3.970837783813476562e+01
-3.622847747802734375e+01
-3.410889053344726562e+01
-3.565688705444335938e+01
-3.646191787719726562e+01
-4.064857864379882812e+01
-3.397814941406250000e+01
-3.541705703735351562e+01
-3.516801071166992188e+01
-3.850548553466796875e+01
-3.561734390258789062e+01
-3.883554077148437500e+01
-3.516046524047851562e+01
-3.490625381469726562e+01
-3.430712509155273438e+01
-3.561417007446289062e+01
-3.437435531616210938e+01
-4.079248809814453125e+01
-3.614980316162109375e+01
-3.620273971557617188e+01
-3.340539550781250000e+01
-3.725770568847656250e+01
-3.962835693359375000e+01
-3.614127349853515625e+01
-3.552493667602539062e+01
-3.812807846069335938e+01
-3.064883232116699219e+01
-4.056475067138671875e+01
-3.574531555175781250e+01
-3.909642791748046875e+01
-3.552398300170898438e+01
-3.294890213012695312e+01
-3.816175079345703125e+01
-3.515601348876953125e+01
-3.610062789916992188e+01
-3.578629684448242188e+01
-3.896376800537109375e+01
-3.744620132446289062e+01
-4.025907516479492188e+01
-3.702781295776367188e+01
-3.796892547607421875e+01
-4.050108337402343750e+01
-4.068185806274414062e+01
-5.034566116333007812e+01
-3.699039459228515625e+01
-4.449869918823242188e+01
-4.102767944335937500e+01
-4.623670196533203125e+01
-4.054141998291015625e+01
-4.535054016113281250e+01
-3.528422164916992188e+01
-3.453660964965820312e+01
-4.209205627441406250e+01
-4.079964828491210938e+01
-4.199857330322265625e+01
-3.538127136230468750e+01
-4.287274169921875000e+01
-4.197683334350585938e+01
-4.296794891357421875e+01
-4.670583724975585938e+01
-3.738718795776367188e+01
-4.351022338867187500e+01
-4.099794387817382812e+01
-4.054069900512695312e+01
-3.835523986816406250e+01
-4.197276306152343750e+01
-4.366944122314453125e+01
-4.214228439331054688e+01
-3.930947113037109375e+01
-4.439913940429687500e+01
-3.327674102783203125e+01
-4.177961730957031250e+01
-4.550639724731445312e+01
-4.619250869750976562e+01
-4.219641113281250000e+01
-3.747869873046875000e+01
-4.213791275024414062e+01
-4.663748931884765625e+01
-3.823656463623046875e+01
-3.920304489135742188e+01
-4.298849868774414062e+01
-4.291846466064453125e+01
-4.443864059448242188e+01
-4.040732574462890625e+01
-4.210746002197265625e+01
-4.517074966430664062e+01
-4.524173355102539062e+01
-3.905732727050781250e+01
-4.067953491210937500e+01
-4.317478561401367188e+01
-4.092047119140625000e+01
-3.967220306396484375e+01
-4.063368988037109375e+01
-4.056485748291015625e+01
-3.939954376220703125e+01
-3.718796920776367188e+01
-4.405242919921875000e+01
-4.173693084716796875e+01
-4.374719619750976562e+01
-4.321198654174804688e+01
-4.502806472778320312e+01
-4.179160690307617188e+01
-4.372985076904296875e+01
-4.537548828125000000e+01
-4.232640457153320312e+01
-3.867963409423828125e+01
-4.498023223876953125e+01
-4.358950042724609375e+01
-4.617272186279296875e+01
-4.270454025268554688e+01
-4.172169494628906250e+01
-4.209527206420898438e+01
-3.693099975585937500e+01
-4.311729431152343750e+01
-3.811838150024414062e+01
-4.091841125488281250e+01
-4.270143890380859375e+01
-3.451082992553710938e+01
-4.088077545166015625e+01
-3.722677993774414062e+01
-3.738838195800781250e+01
-3.865114212036132812e+01
-4.519013977050781250e+01
-3.571646499633789062e+01
-3.994065856933593750e+01
-3.717898941040039062e+01
-3.144226074218750000e+01
-3.995626068115234375e+01
-3.997949600219726562e+01
-4.576009750366210938e+01
-4.287737274169921875e+01
-3.968065261840820312e+01
-3.827142333984375000e+01
-4.044282150268554688e+01
-3.513472747802734375e+01
-3.818796539306640625e+01
-4.520196151733398438e+01
-3.824137115478515625e+01
-3.440384674072265625e+01
-3.539820098876953125e+01
-3.624467849731445312e+01
-3.938425064086914062e+01
-4.119594573974609375e+01
-3.766864013671875000e+01
-4.796168899536132812e+01
-4.075417327880859375e+01
-3.688340377807617188e+01
-3.526611328125000000e+01
-3.597166061401367188e+01
-3.623893737792968750e+01
-3.689494705200195312e+01
-3.726269531250000000e+01
-4.042774200439453125e+01
-3.922626113891601562e+01
-3.466350555419921875e+01
-3.648362731933593750e+01
-3.891899871826171875e+01
-3.949063873291015625e+01
-3.580562591552734375e+01
-3.772900390625000000e+01
-3.203633880615234375e+01
-3.444097137451171875e+01
-3.599819183349609375e+01
-3.288509750366210938e+01
-3.933490753173828125e+01
-4.233551788330078125e+01
-3.226229476928710938e+01
-3.797399902343750000e+01
-4.093928909301757812e+01
-3.881863021850585938e+01
-3.440429687500000000e+01
-3.923294448852539062e+01
-5.134387969970703125e+01
-3.718193817138671875e+01
-3.568712997436523438e+01
-3.199607086181640625e+01
-3.865147018432617188e+01
-4.392956542968750000e+01
-4.113707351684570312e+01
-3.398918914794921875e+01
-3.588484191894531250e+01
-3.915625381469726562e+01
-3.565615463256835938e+01
-3.504711914062500000e+01
-4.512827682495117188e+01
-4.000637817382812500e+01
-4.332387161254882812e+01
-3.970635604858398438e+01
-4.205868530273437500e+01
-3.764337158203125000e+01
-4.036267471313476562e+01
-4.028439712524414062e+01
-4.131188964843750000e+01
-3.749040985107421875e+01
-4.486808395385742188e+01
-4.057501220703125000e+01
-4.052687835693359375e+01
-4.050214385986328125e+01
-3.801610183715820312e+01
-4.138899230957031250e+01
-4.005915069580078125e+01
-4.008797836303710938e+01
-4.165348434448242188e+01
-4.057413864135742188e+01
-3.873619079589843750e+01
-4.101259613037109375e+01
-4.317644119262695312e+01
-3.805097961425781250e+01
-3.751814270019531250e+01
-4.062211608886718750e+01
-3.861293411254882812e+01
-3.838324737548828125e+01
-3.975511932373046875e+01
-4.010264968872070312e+01
-3.961482238769531250e+01
-4.160811996459960938e+01
-3.551974868774414062e+01
-3.738021469116210938e+01
-2.800750732421875000e+01
-3.171366691589355469e+01
-2.493729972839355469e+01
-2.617485237121582031e+01
-2.800893020629882812e+01
-3.925752258300781250e+01
-2.954634666442871094e+01
-2.595714759826660156e+01
-2.661749458312988281e+01
-4.023112106323242188e+01
-4.214520263671875000e+01
-2.999220466613769531e+01
-2.582504653930664062e+01
-4.686220550537109375e+01
-2.589093780517578125e+01
-3.913546752929687500e+01
-3.362885665893554688e+01
-3.200042343139648438e+01
-2.955685424804687500e+01
-3.090250205993652344e+01
-4.631367111206054688e+01
-4.209904098510742188e+01
-3.040023803710937500e+01
-2.686874961853027344e+01
-3.978114318847656250e+01
-3.064901351928710938e+01
-3.217114639282226562e+01
-2.801772689819335938e+01
-2.822472190856933594e+01
-2.501681518554687500e+01
-4.146473693847656250e+01
-3.979021835327148438e+01
-4.979640960693359375e+01
-3.731429290771484375e+01
-3.714709854125976562e+01
-3.346470260620117188e+01
-3.068039703369140625e+01
-3.937776184082031250e+01
-4.420457458496093750e+01
-3.828863525390625000e+01
-3.859170913696289062e+01
-4.076135635375976562e+01
-3.918561172485351562e+01
-4.294758224487304688e+01
-3.826258087158203125e+01
-4.128022766113281250e+01
-3.917000579833984375e+01
-3.801374816894531250e+01
-4.647900390625000000e+01
-4.206549835205078125e+01
-3.647702407836914062e+01
-4.201488113403320312e+01
-4.199963760375976562e+01
-4.169252014160156250e+01
-4.431947326660156250e+01
-3.912462234497070312e+01
-4.132469558715820312e+01
-3.962861633300781250e+01
-3.744619369506835938e+01
-3.583247375488281250e+01
-3.983827209472656250e+01
-4.114660644531250000e+01
-4.056957626342773438e+01
-3.586272811889648438e+01
-3.766261291503906250e+01
-3.755587005615234375e+01
-4.335143280029296875e+01
-4.021721267700195312e+01
-4.162052154541015625e+01
-3.666862869262695312e+01
-4.032964706420898438e+01
-3.887681579589843750e+01
-3.780814361572265625e+01
-4.530712890625000000e+01
-4.715784072875976562e+01
-4.863851547241210938e+01
-4.752769470214843750e+01
-4.537675094604492188e+01
-4.750544357299804688e+01
-4.420251464843750000e+01
-4.614659881591796875e+01
-4.736201477050781250e+01
-5.113881683349609375e+01
-5.332223892211914062e+01
-4.285011672973632812e+01
-4.714239501953125000e+01
-4.668050003051757812e+01
-4.763946151733398438e+01
-4.422214126586914062e+01
-4.584062576293945312e+01
-4.406393432617187500e+01
-4.633353424072265625e+01
-5.192042541503906250e+01
-4.656349563598632812e+01
-4.965342330932617188e+01
-4.245838165283203125e+01
-5.223114013671875000e+01
-4.479074096679687500e+01
-4.243259811401367188e+01
-4.614108276367187500e+01
-5.099132537841796875e+01
-4.351366043090820312e+01
-5.100698471069335938e+01
-5.485236358642578125e+01
-4.392168045043945312e+01
-5.279874420166015625e+01
-4.558801651000976562e+01
-4.213994598388671875e+01
-4.529473876953125000e+01
-4.565968704223632812e+01
-4.613046264648437500e+01
-4.658011627197265625e+01
-4.775965118408203125e+01
-4.758968734741210938e+01
-4.321829605102539062e+01
-4.351525878906250000e+01
-4.639477539062500000e+01
-4.172473144531250000e+01
-4.371846771240234375e+01
-4.572300338745117188e+01
-5.063907241821289062e+01
-4.426291275024414062e+01
-4.373571777343750000e+01
-4.298436737060546875e+01
-5.056621170043945312e+01
-3.765881729125976562e+01
-4.592565917968750000e+01
-4.424673843383789062e+01
-4.689788818359375000e+01
-4.193664932250976562e+01
-4.603190231323242188e+01
-4.378662109375000000e+01
-4.488816452026367188e+01
-4.631894302368164062e+01
-4.145792007446289062e+01
-4.433699035644531250e+01
-5.155086135864257812e+01
-4.804741287231445312e+01
-4.171303558349609375e+01
-4.723452377319335938e+01
-5.199011611938476562e+01
-4.685401916503906250e+01
-3.869340133666992188e+01
-4.628803253173828125e+01
-4.833631134033203125e+01
-4.567540740966796875e+01
-4.726508331298828125e+01
-4.265153121948242188e+01
-4.274666976928710938e+01
-3.944481658935546875e+01
-4.205504608154296875e+01
-4.320579910278320312e+01
-4.183854293823242188e+01
-4.487191390991210938e+01
-4.675981521606445312e+01
-4.556818771362304688e+01
-4.211976623535156250e+01
-4.160858154296875000e+01
-3.944426345825195312e+01
-3.956779098510742188e+01
-4.690647506713867188e+01
-4.256411361694335938e+01
-4.604365921020507812e+01
-4.530773925781250000e+01
-4.935198593139648438e+01
-4.374151229858398438e+01
-4.486619186401367188e+01
-4.368910980224609375e+01
-5.140695571899414062e+01
-4.930338668823242188e+01
-3.920467758178710938e+01
-4.058575057983398438e+01
-4.295390701293945312e+01
-4.386458969116210938e+01
-4.642627716064453125e+01
-4.671047210693359375e+01
-4.462273025512695312e+01
-3.732330703735351562e+01
-4.543787384033203125e+01
-4.748994064331054688e+01
-4.268579864501953125e+01
-4.525511550903320312e+01
-4.285426712036132812e+01
-4.082113265991210938e+01
-4.398411560058593750e+01
-4.653567123413085938e+01
-4.485233306884765625e+01
-4.999173736572265625e+01
-4.224545669555664062e+01
-4.726028060913085938e+01
-4.206940460205078125e+01
-4.939604568481445312e+01
-4.510370635986328125e+01
-4.601683425903320312e+01
-4.533900451660156250e+01
-4.087675857543945312e+01
-4.573247146606445312e+01
-4.264467620849609375e+01
-4.632838821411132812e+01
-4.383855056762695312e+01
-4.256334686279296875e+01
-4.550344085693359375e+01
-4.697322082519531250e+01
-4.320107650756835938e+01
-4.955280685424804688e+01
-4.513459777832031250e+01
-4.469736099243164062e+01
-4.379161834716796875e+01
-4.405416870117187500e+01
-4.310417938232421875e+01
-4.733125305175781250e+01
-4.408881759643554688e+01
-5.321861648559570312e+01
-4.355338668823242188e+01
-4.616972732543945312e+01
-4.287499237060546875e+01
-4.396510696411132812e+01
-4.410019302368164062e+01
-4.641879653930664062e+01
-4.847523498535156250e+01
-4.553842544555664062e+01
-4.595881652832031250e+01
-3.949728012084960938e+01
-4.029025650024414062e+01
-4.065113830566406250e+01
-4.734669494628906250e+01
-4.137803649902343750e+01
-3.610845947265625000e+01
-4.100318145751953125e+01
-4.442944335937500000e+01
-3.788697052001953125e+01
-3.253945541381835938e+01
-4.940834045410156250e+01
-4.672138595581054688e+01
-4.518581771850585938e+01
-3.906828689575195312e+01
-3.792203521728515625e+01
-3.906440353393554688e+01
-4.755352020263671875e+01
-3.879439544677734375e+01
-3.723252868652343750e+01
-4.595042800903320312e+01
-3.561693191528320312e+01
-4.387940216064453125e+01
-4.906978225708007812e+01
-4.818923568725585938e+01
-4.045756149291992188e+01
-3.746656799316406250e+01
-3.844735336303710938e+01
-3.814598464965820312e+01
-4.282425689697265625e+01
-4.063792800903320312e+01
-4.933345031738281250e+01
-3.921287918090820312e+01
-4.354762268066406250e+01
-3.557028198242187500e+01
-3.727600479125976562e+01
-4.452844619750976562e+01
-4.487552642822265625e+01
-3.675926208496093750e+01
-3.698486328125000000e+01
-3.765814590454101562e+01
