-4.761151075363159180e-01
-6.509102582931518555e-01
-8.333156108856201172e-01
-5.341069102287292480e-01
-4.111962914466857910e-01
-7.212494015693664551e-01
-1.377920866012573242e+00
-4.926137328147888184e-01
-6.775640845298767090e-01
-8.390164971351623535e-01
-3.122372031211853027e-01
-9.700462222099304199e-01
-3.442465543746948242e+00
-2.838671207427978516e+00
-3.401233434677124023e+00
-3.223836898803710938e+00
-3.915099143981933594e+00
-2.872613668441772461e+00
-1.994052410125732422e+00
-3.060332775115966797e+00
-4.085124015808105469e+00
-3.873785972595214844e+00
-5.283800125122070312e+00
-4.186767578125000000e+00
-3.999760389328002930e+00
-4.702187538146972656e+00
-2.817380905151367188e+00
-4.307528018951416016e+00
-4.445772171020507812e+00
-4.214253902435302734e+00
-6.305329322814941406e+00
-5.473009109497070312e+00
-5.684304237365722656e+00
-6.143332481384277344e+00
-6.331273078918457031e+00
-5.866571903228759766e+00
-5.066267967224121094e+00
-5.299434661865234375e+00
-5.227660179138183594e+00
-6.127459526062011719e+00
-5.276869773864746094e+00
-6.199352741241455078e+00
-7.385533332824707031e+00
-6.688286781311035156e+00
-6.574496746063232422e+00
-8.486959457397460938e+00
-9.460381507873535156e+00
-1.041039085388183594e+01
-9.483919143676757812e+00
-1.117448425292968750e+01
-1.091320514678955078e+01
-7.719138145446777344e+00
-7.880833625793457031e+00
-7.607841014862060547e+00
-6.164325237274169922e+00
-9.150259017944335938e+00
-1.124899005889892578e+01
-1.364205551147460938e+01
-1.181108570098876953e+01
-1.138939189910888672e+01
-1.494720268249511719e+01
-1.171551895141601562e+01
-1.138915252685546875e+01
-1.252271938323974609e+01
-9.528993606567382812e+00
-1.113363456726074219e+01
-1.175853347778320312e+01
-1.169260501861572266e+01
-7.647566795349121094e+00
-1.168531799316406250e+01
-1.141720676422119141e+01
-1.221226501464843750e+01
-1.079586029052734375e+01
-1.016780757904052734e+01
-8.922116279602050781e+00
-9.914772987365722656e+00
-1.032055664062500000e+01
-9.677878379821777344e+00
-9.580932617187500000e+00
-8.527050971984863281e+00
-9.567449569702148438e+00
-1.113599586486816406e+01
-8.926069259643554688e+00
-1.096837043762207031e+01
-1.276814651489257812e+01
-1.359040737152099609e+01
-1.307209777832031250e+01
-1.148316383361816406e+01
-1.717724037170410156e+01
-1.271209716796875000e+01
-1.191627883911132812e+01
-1.232860088348388672e+01
-1.342102241516113281e+01
-1.417551040649414062e+01
-9.488582611083984375e+00
-1.355150604248046875e+01
-1.498322010040283203e+01
-1.226994991302490234e+01
-1.227879810333251953e+01
-1.348256587982177734e+01
-1.133189201354980469e+01
-1.085033321380615234e+01
-1.439780712127685547e+01
-1.598877143859863281e+01
-1.416816520690917969e+01
-1.451488208770751953e+01
-1.281714725494384766e+01
-1.234777545928955078e+01
-1.117775821685791016e+01
-1.581778526306152344e+01
-1.798528289794921875e+01
-1.850537872314453125e+01
-1.371531677246093750e+01
-1.374793910980224609e+01
-1.250370216369628906e+01
-1.225581073760986328e+01
-1.085983848571777344e+01
-1.284202957153320312e+01
-1.616250991821289062e+01
-2.044068145751953125e+01
-1.708756637573242188e+01
-1.852562904357910156e+01
-1.858742141723632812e+01
-1.758733940124511719e+01
-1.743125534057617188e+01
-1.662145423889160156e+01
-1.260857105255126953e+01
-1.659615898132324219e+01
-1.882356643676757812e+01
-1.670468902587890625e+01
-1.632319831848144531e+01
-1.945557212829589844e+01
-1.517569637298583984e+01
-1.778141784667968750e+01
-1.821013069152832031e+01
-2.270809936523437500e+01
-1.722354125976562500e+01
-1.763228416442871094e+01
-1.622961997985839844e+01
-1.694008445739746094e+01
-1.130470275878906250e+01
-1.409225559234619141e+01
-1.485437488555908203e+01
-1.679605102539062500e+01
-1.584773445129394531e+01
-1.632053375244140625e+01
-1.435990428924560547e+01
-1.370615005493164062e+01
-1.371588325500488281e+01
-1.253252887725830078e+01
-1.578135871887207031e+01
-1.107127285003662109e+01
-1.753798103332519531e+01
-1.492446517944335938e+01
-1.584684753417968750e+01
-1.347660636901855469e+01
-1.417363452911376953e+01
-1.591623973846435547e+01
-1.230094718933105469e+01
-1.903600120544433594e+01
-2.094207954406738281e+01
-1.902587127685546875e+01
-1.901888465881347656e+01
-2.000562858581542969e+01
-2.063630867004394531e+01
-1.525866413116455078e+01
-1.831848716735839844e+01
-1.898531150817871094e+01
-1.864938163757324219e+01
-1.869998741149902344e+01
-1.624859046936035156e+01
-1.795477676391601562e+01
-1.819696426391601562e+01
-2.697779655456542969e+01
-2.590859794616699219e+01
-2.602329063415527344e+01
-2.702072715759277344e+01
-2.149158477783203125e+01
-3.243043518066406250e+01
-2.431436538696289062e+01
-2.642820549011230469e+01
-2.735373687744140625e+01
-2.824414443969726562e+01
-2.908293724060058594e+01
-2.866024780273437500e+01
-2.632355499267578125e+01
-2.646879577636718750e+01
-2.105280303955078125e+01
-1.966962051391601562e+01
-2.429927635192871094e+01
-2.508626365661621094e+01
-2.399779510498046875e+01
-2.203733825683593750e+01
-2.318483352661132812e+01
-2.424664306640625000e+01
-2.412683486938476562e+01
-2.310211944580078125e+01
-2.263013648986816406e+01
-2.543419456481933594e+01
-2.350955963134765625e+01
-2.103116607666015625e+01
-1.984062004089355469e+01
-2.494555664062500000e+01
-2.508308029174804688e+01
-1.959589576721191406e+01
-2.633757209777832031e+01
-2.078816413879394531e+01
-1.817884445190429688e+01
-2.188455009460449219e+01
-2.475356483459472656e+01
-2.160388183593750000e+01
-2.684514045715332031e+01
-1.981520271301269531e+01
-2.116678619384765625e+01
-1.923124313354492188e+01
-2.596109390258789062e+01
-2.486594581604003906e+01
-2.457460975646972656e+01
-2.515839385986328125e+01
-2.747872924804687500e+01
-2.644025993347167969e+01
-2.523577880859375000e+01
-2.402252388000488281e+01
-2.325274276733398438e+01
-1.853298568725585938e+01
-2.232567787170410156e+01
-2.199664497375488281e+01
-2.647714805603027344e+01
-2.181721878051757812e+01
-2.347573280334472656e+01
-2.788605880737304688e+01
-3.070189857482910156e+01
-2.416130828857421875e+01
-2.662883186340332031e+01
-2.525916862487792969e+01
-2.261527824401855469e+01
-2.837423706054687500e+01
-2.451808738708496094e+01
-2.793435287475585938e+01
-2.734065437316894531e+01
-2.304292106628417969e+01
-2.790184974670410156e+01
-2.636366844177246094e+01
-2.479520606994628906e+01
-2.681716156005859375e+01
-2.824029159545898438e+01
-2.991406631469726562e+01
-2.753529739379882812e+01
-2.316090774536132812e+01
-2.904725837707519531e+01
-2.707145690917968750e+01
-2.509609413146972656e+01
-2.741795349121093750e+01
-3.078608894348144531e+01
-2.245141983032226562e+01
-2.394459915161132812e+01
-2.284981918334960938e+01
-2.264925193786621094e+01
-2.264350700378417969e+01
-2.431548500061035156e+01
-2.423863983154296875e+01
-2.527937698364257812e+01
-2.460973739624023438e+01
-2.354454994201660156e+01
-2.914756202697753906e+01
-2.624772644042968750e+01
-2.403054618835449219e+01
-2.498711585998535156e+01
-2.516868400573730469e+01
-2.756579208374023438e+01
-2.492559432983398438e+01
-2.671367645263671875e+01
-2.423600959777832031e+01
-3.124647712707519531e+01
-3.255595016479492188e+01
-3.330392456054687500e+01
-2.769929695129394531e+01
-2.943998527526855469e+01
-3.167712783813476562e+01
-3.256541824340820312e+01
-3.025875854492187500e+01
-2.920235252380371094e+01
-3.378760910034179688e+01
-2.994965744018554688e+01
-2.962730407714843750e+01
-3.148152542114257812e+01
-3.081707191467285156e+01
-3.019087982177734375e+01
-2.898455429077148438e+01
-3.813661193847656250e+01
-3.293577194213867188e+01
-3.526054763793945312e+01
-2.927142333984375000e+01
-2.972965812683105469e+01
-2.831954765319824219e+01
-3.410012054443359375e+01
-3.130326652526855469e+01
-2.791505241394042969e+01
-2.642094230651855469e+01
-2.955914497375488281e+01
-3.555759048461914062e+01
-2.250520133972167969e+01
-3.008773612976074219e+01
-3.393701553344726562e+01
-3.190277099609375000e+01
-3.076982879638671875e+01
-3.407252502441406250e+01
-3.603540039062500000e+01
-2.757612800598144531e+01
-2.892684555053710938e+01
-3.548305892944335938e+01
-2.944175720214843750e+01
-3.093753433227539062e+01
-4.187924194335937500e+01
-4.053929138183593750e+01
-3.474560928344726562e+01
-3.313768386840820312e+01
-4.180516433715820312e+01
-3.661153411865234375e+01
-3.821139526367187500e+01
-3.929775238037109375e+01
-3.447903060913085938e+01
-3.717109680175781250e+01
-3.322104263305664062e+01
-3.389065170288085938e+01
-3.004200553894042969e+01
-3.819384002685546875e+01
-4.039812469482421875e+01
-4.599179458618164062e+01
-3.081807327270507812e+01
-3.158245086669921875e+01
-4.427373886108398438e+01
-3.032878875732421875e+01
-3.699667739868164062e+01
-3.616426849365234375e+01
-3.851269912719726562e+01
-3.704333877563476562e+01
-3.043084335327148438e+01
-4.037552261352539062e+01
-3.819144058227539062e+01
-4.271971511840820312e+01
-4.070778656005859375e+01
-3.195372962951660156e+01
-3.992200469970703125e+01
-3.628218841552734375e+01
-3.593766403198242188e+01
-3.028329467773437500e+01
-3.334114837646484375e+01
-3.462847518920898438e+01
-3.328190231323242188e+01
-4.017856979370117188e+01
-3.588433837890625000e+01
-4.137650299072265625e+01
-3.687812042236328125e+01
-3.393889617919921875e+01
-3.581646728515625000e+01
-3.089929199218750000e+01
-3.417121887207031250e+01
-2.946132087707519531e+01
-2.584582901000976562e+01
-2.846044921875000000e+01
-4.022281265258789062e+01
-3.378172683715820312e+01
-3.340235137939453125e+01
-3.043983840942382812e+01
-2.806537628173828125e+01
-2.810469818115234375e+01
-4.170471572875976562e+01
-3.241921234130859375e+01
-3.340624618530273438e+01
-2.836334228515625000e+01
-3.048639488220214844e+01
-2.574612236022949219e+01
-2.113356208801269531e+01
-2.762294769287109375e+01
-1.984280204772949219e+01
-2.439147186279296875e+01
-2.361151504516601562e+01
-2.308390808105468750e+01
-2.497831916809082031e+01
-2.196707916259765625e+01
-2.418302726745605469e+01
-2.278812408447265625e+01
-2.319367790222167969e+01
-2.059165000915527344e+01
-2.231595611572265625e+01
-2.582225608825683594e+01
-1.807437515258789062e+01
-1.804737472534179688e+01
-2.453998565673828125e+01
-2.660924530029296875e+01
-2.105709648132324219e+01
-2.134892272949218750e+01
-2.105043983459472656e+01
-2.008461570739746094e+01
-2.088715362548828125e+01
-2.404635047912597656e+01
-2.093618392944335938e+01
-2.465751457214355469e+01
-1.789712333679199219e+01
-2.093676376342773438e+01
-2.156059455871582031e+01
-2.086638450622558594e+01
-1.983051872253417969e+01
-2.324082756042480469e+01
-2.094514274597167969e+01
-2.352971458435058594e+01
-1.860214233398437500e+01
-2.701844215393066406e+01
-2.122954559326171875e+01
-3.645931243896484375e+01
-2.826050758361816406e+01
-2.941652297973632812e+01
-2.273955345153808594e+01
-2.613105964660644531e+01
-2.636537551879882812e+01
-2.099733352661132812e+01
-2.324888038635253906e+01
-2.724919319152832031e+01
-2.375383758544921875e+01
-2.820913696289062500e+01
-2.338710403442382812e+01
-3.456651306152343750e+01
-2.392636108398437500e+01
-2.931280899047851562e+01
-1.906400680541992188e+01
-2.808831977844238281e+01
-2.760882186889648438e+01
-2.637493133544921875e+01
-2.051291465759277344e+01
-1.918918991088867188e+01
-2.524101066589355469e+01
-2.389331245422363281e+01
-2.511521148681640625e+01
-2.786381340026855469e+01
-2.799933242797851562e+01
-2.644077110290527344e+01
-2.315311431884765625e+01
-2.050471305847167969e+01
-2.029479026794433594e+01
-2.785089874267578125e+01
-2.771773910522460938e+01
-2.308178710937500000e+01
-1.976649093627929688e+01
-2.076358413696289062e+01
-3.047325325012207031e+01
-2.279881858825683594e+01
-1.933490562438964844e+01
-2.393420791625976562e+01
-2.876478004455566406e+01
-2.680471611022949219e+01
-3.022778320312500000e+01
-1.752023696899414062e+01
-2.585289001464843750e+01
-2.575663948059082031e+01
-2.265663528442382812e+01
-2.617629814147949219e+01
-2.299675941467285156e+01
-2.339650535583496094e+01
-2.254810523986816406e+01
-2.248813438415527344e+01
-2.814959335327148438e+01
-2.438130378723144531e+01
-2.395812034606933594e+01
-3.030031204223632812e+01
-2.070304679870605469e+01
-2.483591651916503906e+01
-2.907937240600585938e+01
-2.383779525756835938e+01
-2.663309669494628906e+01
-2.653758811950683594e+01
-2.577324104309082031e+01
-2.325470733642578125e+01
-2.324086380004882812e+01
-2.167603683471679688e+01
-2.422467041015625000e+01
-2.621417236328125000e+01
-2.129469108581542969e+01
-2.515454101562500000e+01
-2.421491813659667969e+01
-2.024690055847167969e+01
-2.067136192321777344e+01
-2.246370887756347656e+01
-2.924015235900878906e+01
-2.510957908630371094e+01
-2.910895156860351562e+01
-2.795020866394042969e+01
-2.638839340209960938e+01
-2.116266632080078125e+01
-2.279620552062988281e+01
-2.755347633361816406e+01
-2.557870483398437500e+01
-2.287137222290039062e+01
-2.075754547119140625e+01
-2.515019416809082031e+01
-2.633762550354003906e+01
-2.904857826232910156e+01
-2.279391288757324219e+01
-2.670433235168457031e+01
-2.634341430664062500e+01
