-9.107131958007812500e-01
-7.527580857276916504e-01
-8.923503160476684570e-01
-9.961085915565490723e-01
-8.701137304306030273e-01
-7.586878538131713867e-01
-9.330120682716369629e-01
-8.644426465034484863e-01
-8.937114477157592773e-01
-8.835921883583068848e-01
-8.332354426383972168e-01
-1.957889080047607422e+00
-1.905293703079223633e+00
-1.864825725555419922e+00
-1.871854543685913086e+00
-1.829201102256774902e+00
-1.932829856872558594e+00
-1.822876572608947754e+00
-1.905537247657775879e+00
-1.794119715690612793e+00
-1.907408714294433594e+00
-1.921665906906127930e+00
-1.939869999885559082e+00
-1.831110477447509766e+00
-1.924626827239990234e+00
-3.020401477813720703e+00
-2.909358739852905273e+00
-2.945465564727783203e+00
-2.939163684844970703e+00
-2.772641658782958984e+00
-2.792736768722534180e+00
-2.832544565200805664e+00
-2.949510335922241211e+00
-2.725405931472778320e+00
-2.943151712417602539e+00
-2.818648099899291992e+00
-2.982579946517944336e+00
-2.887862443923950195e+00
-2.963470935821533203e+00
-2.865372180938720703e+00
-2.796245098114013672e+00
-3.086104154586791992e+00
-2.927408456802368164e+00
-2.870051145553588867e+00
-2.998634576797485352e+00
-2.747093200683593750e+00
-3.780228137969970703e+00
-3.508334159851074219e+00
-3.559431791305541992e+00
-3.621387243270874023e+00
-3.781391620635986328e+00
-3.656352519989013672e+00
-3.671838045120239258e+00
-3.607520341873168945e+00
-3.704491376876831055e+00
-3.467419862747192383e+00
-3.671386957168579102e+00
-3.616670370101928711e+00
-3.661329984664916992e+00
-3.742268562316894531e+00
-3.721710205078125000e+00
-3.723080635070800781e+00
-3.649919033050537109e+00
-3.786346912384033203e+00
-4.699218750000000000e+00
-4.871228218078613281e+00
-4.717410564422607422e+00
-4.890148162841796875e+00
-4.559685230255126953e+00
-4.542963981628417969e+00
-4.711721420288085938e+00
-4.842814922332763672e+00
-4.591966629028320312e+00
-4.694369316101074219e+00
-4.975571155548095703e+00
-4.637650489807128906e+00
-4.809345722198486328e+00
-4.601642131805419922e+00
-4.332530021667480469e+00
-4.807607173919677734e+00
-5.344189167022705078e+00
-5.583479881286621094e+00
-5.323582649230957031e+00
-5.417280197143554688e+00
-5.234256267547607422e+00
-5.271598339080810547e+00
-5.863884925842285156e+00
-5.340837955474853516e+00
-5.457294940948486328e+00
-5.214963436126708984e+00
-5.502938747406005859e+00
-5.491045475006103516e+00
-5.435789585113525391e+00
-5.435555458068847656e+00
-5.662040710449218750e+00
-5.644734859466552734e+00
-6.777803421020507812e+00
-6.125214576721191406e+00
-6.468620300292968750e+00
-6.278277397155761719e+00
-6.153207778930664062e+00
-6.155512332916259766e+00
-5.758556842803955078e+00
-6.002222537994384766e+00
-6.256774902343750000e+00
-5.881988525390625000e+00
-6.347018718719482422e+00
-6.375207901000976562e+00
-6.024885177612304688e+00
-6.418737411499023438e+00
-6.372632980346679688e+00
-6.936321258544921875e+00
-7.065750122070312500e+00
-6.354313373565673828e+00
-6.123008728027343750e+00
-6.813402175903320312e+00
-6.180581092834472656e+00
-6.316825866699218750e+00
-7.918713092803955078e+00
-7.811393260955810547e+00
-7.919684410095214844e+00
-7.387101650238037109e+00
-7.715761661529541016e+00
-7.741904735565185547e+00
-7.427309989929199219e+00
-7.438144207000732422e+00
-7.847146987915039062e+00
-7.685198783874511719e+00
-7.514744758605957031e+00
-7.307915687561035156e+00
-7.342479228973388672e+00
-7.155286788940429688e+00
-7.414225101470947266e+00
-7.852059364318847656e+00
-7.521942138671875000e+00
-7.339522361755371094e+00
-7.588425159454345703e+00
-7.820148944854736328e+00
-7.838551521301269531e+00
-7.518068790435791016e+00
-7.897964954376220703e+00
-8.148827552795410156e+00
-8.255000114440917969e+00
-8.455860137939453125e+00
-8.281373977661132812e+00
-8.417168617248535156e+00
-8.188260078430175781e+00
-8.468836784362792969e+00
-8.330096244812011719e+00
-8.409986495971679688e+00
-8.302971839904785156e+00
-8.432944297790527344e+00
-8.556378364562988281e+00
-8.116617202758789062e+00
-8.435168266296386719e+00
-8.398681640625000000e+00
-8.544276237487792969e+00
-8.273787498474121094e+00
-8.528036117553710938e+00
-8.144652366638183594e+00
-8.181217193603515625e+00
-8.231150627136230469e+00
-8.196547508239746094e+00
-8.069053649902343750e+00
-8.482247352600097656e+00
-8.536704063415527344e+00
-8.294548034667968750e+00
-8.484389305114746094e+00
-8.144972801208496094e+00
-8.092219352722167969e+00
-8.298094749450683594e+00
-8.786021232604980469e+00
-8.564956665039062500e+00
-8.648253440856933594e+00
-7.833969593048095703e+00
-8.229345321655273438e+00
-9.297642707824707031e+00
-9.383239746093750000e+00
-9.354244232177734375e+00
-9.002949714660644531e+00
-9.152689933776855469e+00
-8.856802940368652344e+00
-9.186048507690429688e+00
-9.064106941223144531e+00
-9.161185264587402344e+00
-9.459123611450195312e+00
-8.797191619873046875e+00
-8.538957595825195312e+00
-9.452213287353515625e+00
-1.014464473724365234e+01
-8.758833885192871094e+00
-8.695523262023925781e+00
-8.563827514648437500e+00
-8.775017738342285156e+00
-9.371745109558105469e+00
-9.529763221740722656e+00
-9.445022583007812500e+00
-9.441240310668945312e+00
-8.651861190795898438e+00
-9.309238433837890625e+00
-8.330430030822753906e+00
-8.365026473999023438e+00
-8.868510246276855469e+00
-9.542555809020996094e+00
-9.365412712097167969e+00
-9.931230545043945312e+00
-9.555336952209472656e+00
-9.072443962097167969e+00
-9.325155258178710938e+00
-9.491779327392578125e+00
-9.804527282714843750e+00
-1.020596885681152344e+01
-9.628890991210937500e+00
-1.016396141052246094e+01
-9.911394119262695312e+00
-9.941000938415527344e+00
-9.870641708374023438e+00
-9.867922782897949219e+00
-1.034797477722167969e+01
-9.382931709289550781e+00
-9.502842903137207031e+00
-9.996824264526367188e+00
-9.514767646789550781e+00
-1.035333919525146484e+01
-9.934805870056152344e+00
-1.134323120117187500e+01
-9.870819091796875000e+00
-9.945705413818359375e+00
-1.048105239868164062e+01
-1.010354042053222656e+01
-9.299892425537109375e+00
-9.956295013427734375e+00
-9.854957580566406250e+00
-9.723758697509765625e+00
-1.037842369079589844e+01
-1.020930767059326172e+01
-9.743553161621093750e+00
-1.013072109222412109e+01
-9.669110298156738281e+00
-9.924337387084960938e+00
-9.431734085083007812e+00
-1.000538158416748047e+01
-1.093647193908691406e+01
-1.061233234405517578e+01
-1.034437370300292969e+01
-1.016117000579833984e+01
-1.146322631835937500e+01
-1.059168529510498047e+01
-1.138079166412353516e+01
-9.298664093017578125e+00
-1.068827819824218750e+01
-1.063957023620605469e+01
-9.852512359619140625e+00
-1.093584442138671875e+01
-1.090611934661865234e+01
-1.100435733795166016e+01
-9.739937782287597656e+00
-1.056345844268798828e+01
-1.028723621368408203e+01
-1.036533451080322266e+01
-1.080528831481933594e+01
-1.084375190734863281e+01
-1.045816230773925781e+01
-1.211487770080566406e+01
-9.527093887329101562e+00
-1.103022480010986328e+01
-1.040488624572753906e+01
-1.023233222961425781e+01
-1.087297630310058594e+01
-1.006038475036621094e+01
-1.011842346191406250e+01
-1.043053722381591797e+01
-9.929322242736816406e+00
-1.113657283782958984e+01
-1.096590900421142578e+01
-1.010026550292968750e+01
-1.052335929870605469e+01
-1.080413341522216797e+01
-1.133778095245361328e+01
-1.075535869598388672e+01
-1.092150592803955078e+01
-1.017970561981201172e+01
-1.079775714874267578e+01
-1.077415847778320312e+01
-9.731059074401855469e+00
-1.070384216308593750e+01
-1.068678474426269531e+01
-9.797618865966796875e+00
-1.001948833465576172e+01
-1.075529479980468750e+01
-1.160884761810302734e+01
-9.713182449340820312e+00
-1.052391719818115234e+01
-1.038811874389648438e+01
-1.002492809295654297e+01
-9.788747787475585938e+00
-9.569755554199218750e+00
-1.011394786834716797e+01
-9.655081748962402344e+00
-9.551753044128417969e+00
-9.525602340698242188e+00
-1.017376422882080078e+01
-1.162962245941162109e+01
-1.028704547882080078e+01
-9.840854644775390625e+00
-1.023705196380615234e+01
-1.076634025573730469e+01
-1.214421272277832031e+01
-8.820357322692871094e+00
-1.138955307006835938e+01
-1.095803928375244141e+01
-1.005119895935058594e+01
-9.371695518493652344e+00
-1.112343597412109375e+01
-9.841601371765136719e+00
-9.987112998962402344e+00
-9.739270210266113281e+00
-9.660138130187988281e+00
-9.679569244384765625e+00
-1.087138652801513672e+01
-8.499600410461425781e+00
-9.901240348815917969e+00
-9.747770309448242188e+00
-9.536514282226562500e+00
-1.097817993164062500e+01
-9.826063156127929688e+00
-9.291863441467285156e+00
-9.798492431640625000e+00
-1.001153087615966797e+01
-1.089761924743652344e+01
-1.086043930053710938e+01
-9.906018257141113281e+00
-9.790969848632812500e+00
-1.022174072265625000e+01
-9.500666618347167969e+00
-9.899682044982910156e+00
-9.749530792236328125e+00
-1.083356761932373047e+01
-1.088097286224365234e+01
-1.084591293334960938e+01
-1.242319297790527344e+01
-1.139438247680664062e+01
-1.116655158996582031e+01
-1.057979869842529297e+01
-1.122215652465820312e+01
-1.067000007629394531e+01
-1.138190269470214844e+01
-1.188869571685791016e+01
-1.157420158386230469e+01
-1.092144107818603516e+01
-1.096525859832763672e+01
-1.130462169647216797e+01
-1.085848045349121094e+01
-1.145498847961425781e+01
-1.115443420410156250e+01
-1.143980789184570312e+01
-1.191463375091552734e+01
-1.091329193115234375e+01
-1.182694435119628906e+01
-1.134688282012939453e+01
-1.143251705169677734e+01
-1.171043586730957031e+01
-1.183373737335205078e+01
-1.172021102905273438e+01
-1.149970436096191406e+01
-1.094708251953125000e+01
-1.269841766357421875e+01
-1.161175251007080078e+01
-1.224718475341796875e+01
-1.187595176696777344e+01
-1.128535175323486328e+01
-1.249050521850585938e+01
-1.064896202087402344e+01
-1.162408828735351562e+01
-1.081195259094238281e+01
-1.201004409790039062e+01
-1.158869743347167969e+01
-1.056330776214599609e+01
-1.126879692077636719e+01
-1.188182544708251953e+01
-1.215284633636474609e+01
-1.151161670684814453e+01
-1.143237113952636719e+01
-1.146354866027832031e+01
-1.223330783843994141e+01
-1.125025844573974609e+01
-1.029161262512207031e+01
-1.228475952148437500e+01
-1.142677688598632812e+01
-1.192227172851562500e+01
-1.226181983947753906e+01
-1.148863601684570312e+01
-1.230340671539306641e+01
-1.061177730560302734e+01
-1.120884037017822266e+01
-1.060667705535888672e+01
-1.076810264587402344e+01
-9.776724815368652344e+00
-1.053952884674072266e+01
-1.074916934967041016e+01
-1.050352287292480469e+01
-1.150457286834716797e+01
-1.100975036621093750e+01
-1.089998722076416016e+01
-1.133477973937988281e+01
-1.133009338378906250e+01
-1.073233222961425781e+01
-1.112257766723632812e+01
-1.206778335571289062e+01
-1.044734859466552734e+01
-1.056136894226074219e+01
-1.050299167633056641e+01
-1.094328594207763672e+01
-1.084609127044677734e+01
-1.075579547882080078e+01
-1.070091247558593750e+01
-1.062733459472656250e+01
-1.191721630096435547e+01
-1.090078830718994141e+01
-1.142181396484375000e+01
-1.054016208648681641e+01
-1.088168811798095703e+01
-1.206164360046386719e+01
-1.153381729125976562e+01
-1.138712787628173828e+01
-1.068202400207519531e+01
-9.659893989562988281e+00
-1.102495098114013672e+01
-1.046166801452636719e+01
-1.100985813140869141e+01
-1.071949768066406250e+01
-1.109686470031738281e+01
-1.051361560821533203e+01
-1.142313957214355469e+01
-1.154694938659667969e+01
-1.055346870422363281e+01
-1.074676227569580078e+01
-1.156471538543701172e+01
-1.087589359283447266e+01
-1.230603694915771484e+01
-9.847024917602539062e+00
-1.047202873229980469e+01
-1.005122375488281250e+01
-1.040993499755859375e+01
-1.067718696594238281e+01
-1.127285099029541016e+01
-1.138343524932861328e+01
-1.144811344146728516e+01
-1.149195289611816406e+01
-9.614776611328125000e+00
-1.037081241607666016e+01
-1.074974727630615234e+01
-1.060655117034912109e+01
-1.068182945251464844e+01
-1.073758983612060547e+01
-1.143157196044921875e+01
-1.110122776031494141e+01
-1.084193801879882812e+01
-1.162369823455810547e+01
-1.041326618194580078e+01
-1.162743282318115234e+01
-8.959455490112304688e+00
-1.099841117858886719e+01
-1.087867259979248047e+01
-1.109550189971923828e+01
-1.088107681274414062e+01
-1.119932079315185547e+01
-1.114937114715576172e+01
-1.141091060638427734e+01
-1.142325210571289062e+01
-1.288422012329101562e+01
-1.067856025695800781e+01
-1.125747776031494141e+01
-1.160976314544677734e+01
-1.228119945526123047e+01
-1.078584575653076172e+01
-1.112120532989501953e+01
-1.119865417480468750e+01
-1.082949542999267578e+01
-1.168740463256835938e+01
-1.099161624908447266e+01
-1.065466308593750000e+01
-1.186594963073730469e+01
-1.154681396484375000e+01
-1.147877979278564453e+01
-1.105254650115966797e+01
-1.138517761230468750e+01
-1.156047725677490234e+01
-1.209590816497802734e+01
-9.968422889709472656e+00
-1.229342842102050781e+01
-1.064028072357177734e+01
-1.155529880523681641e+01
-1.103550243377685547e+01
-1.123011493682861328e+01
-1.217455291748046875e+01
-1.067192935943603516e+01
-1.173366641998291016e+01
-1.117597389221191406e+01
-1.136995124816894531e+01
-1.151665210723876953e+01
-1.192691421508789062e+01
-1.069704723358154297e+01
-1.215020561218261719e+01
-1.157793998718261719e+01
-1.147518062591552734e+01
-1.138243484497070312e+01
-1.096958446502685547e+01
-1.125295829772949219e+01
-1.089145469665527344e+01
-1.190499019622802734e+01
-1.137799930572509766e+01
-1.084054183959960938e+01
-1.274548053741455078e+01
-1.209504127502441406e+01
-1.133272171020507812e+01
-1.004300880432128906e+01
-1.160446262359619141e+01
-1.090590095520019531e+01
-1.147164440155029297e+01
-1.123324203491210938e+01
-1.172819423675537109e+01
-1.128467178344726562e+01
-1.149067974090576172e+01
-1.095499706268310547e+01
-1.139666461944580078e+01
-1.172453975677490234e+01
-1.210825157165527344e+01
-1.168724727630615234e+01
-1.099516868591308594e+01
-1.041944599151611328e+01
-1.139841175079345703e+01
-1.116815376281738281e+01
-1.128623771667480469e+01
-1.301036834716796875e+01
-1.286865043640136719e+01
-1.351767158508300781e+01
-1.207872009277343750e+01
-1.265355396270751953e+01
-1.395131397247314453e+01
-1.205425262451171875e+01
-1.265278053283691406e+01
-1.251294136047363281e+01
-1.257613754272460938e+01
-1.108164119720458984e+01
-1.216282463073730469e+01
-1.278021717071533203e+01
-1.166251850128173828e+01
-1.278248023986816406e+01
-1.182118511199951172e+01
-1.239878177642822266e+01
-1.226356220245361328e+01
-1.302190399169921875e+01
-1.311182975769042969e+01
-1.290803909301757812e+01
-1.222814178466796875e+01
-1.255351066589355469e+01
-1.259280776977539062e+01
-1.273522758483886719e+01
-1.121040058135986328e+01
-1.335414791107177734e+01
-1.139705944061279297e+01
-1.276660156250000000e+01
-1.408893394470214844e+01
-1.282577514648437500e+01
-1.232279300689697266e+01
-1.182924079895019531e+01
-1.148140239715576172e+01
-1.265483856201171875e+01
-1.297342395782470703e+01
-1.127361297607421875e+01
-1.300231647491455078e+01
-1.287882995605468750e+01
-1.188903808593750000e+01
-1.152353000640869141e+01
-1.355853748321533203e+01
-1.193623542785644531e+01
-1.287494564056396484e+01
-1.240983867645263672e+01
-1.324986553192138672e+01
-1.162592124938964844e+01
-1.174419498443603516e+01
-1.210367298126220703e+01
-1.266834735870361328e+01
-1.268680286407470703e+01
-1.219328212738037109e+01
-1.316694927215576172e+01
-1.285188484191894531e+01
-1.177893543243408203e+01
-1.119155025482177734e+01
-1.287665748596191406e+01
-1.284211158752441406e+01
-1.124304676055908203e+01
-1.364925765991210938e+01
-1.287607765197753906e+01
-1.301793289184570312e+01
-1.393588066101074219e+01
-1.286650085449218750e+01
-1.202609443664550781e+01
-1.291164398193359375e+01
-1.268717670440673828e+01
-1.283455944061279297e+01
-1.341503143310546875e+01
-1.340581798553466797e+01
-1.239011001586914062e+01
-1.309148693084716797e+01
-1.436326217651367188e+01
-1.410854721069335938e+01
-1.305995368957519531e+01
-1.265441894531250000e+01
-1.360723686218261719e+01
-1.302891349792480469e+01
-1.349800777435302734e+01
-1.275185108184814453e+01
-1.339980602264404297e+01
-1.314675045013427734e+01
-1.300784301757812500e+01
-1.194757270812988281e+01
-1.362857627868652344e+01
-1.271541023254394531e+01
-1.435809993743896484e+01
-1.244801998138427734e+01
-1.289892578125000000e+01
-1.341378879547119141e+01
-1.327617263793945312e+01
-1.204616546630859375e+01
-1.212957763671875000e+01
-1.345264244079589844e+01
-1.324980163574218750e+01
-1.261444187164306641e+01
-1.331729984283447266e+01
-1.288449192047119141e+01
-1.208766937255859375e+01
-1.208427619934082031e+01
-1.343764209747314453e+01
-1.435842418670654297e+01
-1.104813861846923828e+01
-1.283356571197509766e+01
-1.111699771881103516e+01
-1.295787715911865234e+01
-1.223895931243896484e+01
-1.225767326354980469e+01
-1.275202655792236328e+01
-1.399024963378906250e+01
-1.339677238464355469e+01
-1.200012016296386719e+01
-1.351610183715820312e+01
-1.320954322814941406e+01
-1.288984966278076172e+01
-1.189744758605957031e+01
-1.360857963562011719e+01
-1.427063179016113281e+01
-1.256203079223632812e+01
-1.345644760131835938e+01
-1.285325431823730469e+01
-1.307497978210449219e+01
-1.194688701629638672e+01
-1.344291496276855469e+01
-1.370211505889892578e+01
-1.335119438171386719e+01
-1.314210128784179688e+01
-1.266656494140625000e+01
-1.310830020904541016e+01
-1.290651988983154297e+01
-1.283502388000488281e+01
-1.394802188873291016e+01
-1.305902957916259766e+01
-1.305509853363037109e+01
-1.420888614654541016e+01
-1.288042926788330078e+01
-1.367864608764648438e+01
-1.346006584167480469e+01
-1.262176990509033203e+01
-1.292718505859375000e+01
-1.277247810363769531e+01
-1.219091320037841797e+01
-1.175421810150146484e+01
-1.151864147186279297e+01
-1.231168651580810547e+01
-1.177691364288330078e+01
-1.143644905090332031e+01
-1.318033695220947266e+01
-1.269897651672363281e+01
-1.289359951019287109e+01
-1.161080265045166016e+01
-1.161377620697021484e+01
-1.228184986114501953e+01
-1.337723731994628906e+01
-1.237791824340820312e+01
-1.280694675445556641e+01
-1.166725063323974609e+01
-1.328808116912841797e+01
-1.150711441040039062e+01
-1.258030700683593750e+01
-1.388421726226806641e+01
-1.162832260131835938e+01
-1.270519733428955078e+01
-1.286566352844238281e+01
-1.273872089385986328e+01
-1.193320083618164062e+01
-1.198200416564941406e+01
-1.223735046386718750e+01
-1.293193435668945312e+01
-1.170282554626464844e+01
-1.214160633087158203e+01
-1.158892345428466797e+01
-1.174335670471191406e+01
-1.087367630004882812e+01
-1.103561592102050781e+01
-1.356576919555664062e+01
-1.236215782165527344e+01
-1.136997127532958984e+01
-1.218490219116210938e+01
-1.215964603424072266e+01
-1.123594379425048828e+01
-1.366111660003662109e+01
-1.308415222167968750e+01
-1.323242282867431641e+01
-1.237211132049560547e+01
-1.302092742919921875e+01
-1.134922504425048828e+01
-1.217123508453369141e+01
-1.221949100494384766e+01
-1.220863342285156250e+01
-1.165505599975585938e+01
-1.188438224792480469e+01
-1.184078788757324219e+01
-1.202634525299072266e+01
-1.201231193542480469e+01
-1.130514717102050781e+01
-1.096930599212646484e+01
-1.248082828521728516e+01
-1.266189670562744141e+01
-1.210667133331298828e+01
-1.253993034362792969e+01
-1.267610073089599609e+01
-1.273093318939208984e+01
-1.087298965454101562e+01
-1.095105838775634766e+01
-1.444283008575439453e+01
-1.162684917449951172e+01
-1.215153789520263672e+01
-1.286254882812500000e+01
-1.248290252685546875e+01
-1.342931747436523438e+01
-1.185342502593994141e+01
-1.134596633911132812e+01
-1.027580070495605469e+01
-1.164067840576171875e+01
-1.069010734558105469e+01
-1.338571262359619141e+01
-1.001021766662597656e+01
-1.033785629272460938e+01
-1.232962512969970703e+01
-1.024649143218994141e+01
-1.205992603302001953e+01
-1.051399898529052734e+01
-1.180355167388916016e+01
-1.166465473175048828e+01
-1.072318553924560547e+01
-1.115694904327392578e+01
-9.633662223815917969e+00
-1.234896087646484375e+01
-1.210002040863037109e+01
-9.246043205261230469e+00
-1.212365436553955078e+01
-1.123477745056152344e+01
-1.146680641174316406e+01
-1.189943695068359375e+01
-9.703308105468750000e+00
-9.685886383056640625e+00
-1.072300720214843750e+01
-1.061169528961181641e+01
-1.136697101593017578e+01
-1.105880355834960938e+01
-1.290635490417480469e+01
-1.127755451202392578e+01
-9.663125991821289062e+00
-9.806203842163085938e+00
-1.137446022033691406e+01
-1.023785781860351562e+01
-1.181680393218994141e+01
-1.293550872802734375e+01
-1.206832981109619141e+01
-9.895277976989746094e+00
-1.173526573181152344e+01
-1.157401561737060547e+01
-1.034906101226806641e+01
-1.046900653839111328e+01
-1.176222133636474609e+01
-1.017174148559570312e+01
-1.084924316406250000e+01
-1.201526355743408203e+01
-1.008164787292480469e+01
-1.143934059143066406e+01
-1.113936233520507812e+01
-1.061923408508300781e+01
-1.054910850524902344e+01
-1.208237552642822266e+01
-1.118908309936523438e+01
-1.104819583892822266e+01
-1.114157485961914062e+01
-1.125597286224365234e+01
-1.127083683013916016e+01
-1.050188446044921875e+01
-1.233458995819091797e+01
-1.268561744689941406e+01
-1.096138763427734375e+01
-1.069977760314941406e+01
-1.120173358917236328e+01
-1.079187488555908203e+01
-1.103685283660888672e+01
-1.108105468750000000e+01
-1.110677719116210938e+01
-1.171933937072753906e+01
-1.112646579742431641e+01
-1.169305133819580078e+01
-1.032090282440185547e+01
-1.280625915527343750e+01
-1.148600578308105469e+01
-1.192862033843994141e+01
-1.155369567871093750e+01
-1.102221679687500000e+01
-1.087353134155273438e+01
-9.077416419982910156e+00
-1.183741950988769531e+01
-9.694544792175292969e+00
-1.065353965759277344e+01
-1.034473323822021484e+01
-9.978792190551757812e+00
-1.005663394927978516e+01
-1.047997283935546875e+01
-9.472885131835937500e+00
-1.052307605743408203e+01
-9.573615074157714844e+00
-9.181676864624023438e+00
-9.664093971252441406e+00
-1.031442070007324219e+01
-9.889478683471679688e+00
-1.092916965484619141e+01
-1.048398399353027344e+01
-1.215675735473632812e+01
-9.397038459777832031e+00
-9.950984954833984375e+00
-9.259852409362792969e+00
-1.024345779418945312e+01
-1.065780258178710938e+01
-1.010868358612060547e+01
-1.137025642395019531e+01
-1.053840923309326172e+01
-9.218523025512695312e+00
-1.013978385925292969e+01
-1.078566360473632812e+01
-1.115442562103271484e+01
-9.970038414001464844e+00
-9.922660827636718750e+00
-1.101546955108642578e+01
-1.068214130401611328e+01
-1.106675720214843750e+01
-9.811336517333984375e+00
-1.022884941101074219e+01
-9.740297317504882812e+00
-1.082395839691162109e+01
-1.006713867187500000e+01
-1.039428901672363281e+01
-1.141671848297119141e+01
-1.106552219390869141e+01
-9.887482643127441406e+00
-1.016789245605468750e+01
-1.088270759582519531e+01
-1.066138172149658203e+01
-1.038786602020263672e+01
-1.090005111694335938e+01
-9.589548110961914062e+00
-1.016503810882568359e+01
-1.018951988220214844e+01
-9.013607978820800781e+00
-1.002953147888183594e+01
-1.100647544860839844e+01
-1.190974330902099609e+01
-1.231853580474853516e+01
-1.120613288879394531e+01
-1.070024394989013672e+01
-8.988892555236816406e+00
-1.078269386291503906e+01
-1.074041557312011719e+01
-1.085822391510009766e+01
-1.158308792114257812e+01
-1.102143192291259766e+01
-8.459619522094726562e+00
-1.049052429199218750e+01
-1.058274841308593750e+01
-1.112496089935302734e+01
-9.988848686218261719e+00
-1.132461357116699219e+01
-1.024702167510986328e+01
-1.035726070404052734e+01
-1.005390834808349609e+01
-9.958297729492187500e+00
-9.960693359375000000e+00
-1.052395248413085938e+01
-1.091011238098144531e+01
-1.009958457946777344e+01
-1.128337860107421875e+01
-1.023535251617431641e+01
-1.001783084869384766e+01
-1.083481693267822266e+01
-1.088158702850341797e+01
-1.102227878570556641e+01
-1.135564899444580078e+01
-9.360540390014648438e+00
-1.015264320373535156e+01
-1.106369113922119141e+01
-1.091755580902099609e+01
-1.050068855285644531e+01
-1.023012447357177734e+01
-1.024565410614013672e+01
-1.002347469329833984e+01
-1.070778465270996094e+01
-1.036593246459960938e+01
-1.101395034790039062e+01
-1.044764137268066406e+01
-1.111120986938476562e+01
-1.119034004211425781e+01
-1.096822929382324219e+01
-1.095630836486816406e+01
-1.041986560821533203e+01
-1.046187210083007812e+01
-1.048047351837158203e+01
-9.459063529968261719e+00
-1.016353225708007812e+01
-9.792318344116210938e+00
-1.059860801696777344e+01
-1.033333683013916016e+01
-1.020935630798339844e+01
-1.070035743713378906e+01
-9.942140579223632812e+00
-1.199946308135986328e+01
-1.167861080169677734e+01
-1.133648681640625000e+01
-1.098121452331542969e+01
-1.000125026702880859e+01
-9.571025848388671875e+00
-1.022755241394042969e+01
-1.102923774719238281e+01
-1.038782405853271484e+01
-1.029121589660644531e+01
-1.080832481384277344e+01
-1.025638389587402344e+01
-1.023122692108154297e+01
-1.039356994628906250e+01
-1.062284183502197266e+01
-1.056829357147216797e+01
-1.100908946990966797e+01
-1.035394001007080078e+01
-1.075683784484863281e+01
-1.108126449584960938e+01
-1.130912113189697266e+01
-1.088954544067382812e+01
-1.006013584136962891e+01
-1.054820537567138672e+01
-1.057276058197021484e+01
-1.000509834289550781e+01
-9.861425399780273438e+00
-1.028013420104980469e+01
-9.898446083068847656e+00
-1.120639133453369141e+01
-1.084328365325927734e+01
-1.064450645446777344e+01
-1.094228267669677734e+01
-1.037432384490966797e+01
-1.097929763793945312e+01
-1.288487148284912109e+01
-1.058360958099365234e+01
-1.067079448699951172e+01
-1.029040622711181641e+01
-1.128128623962402344e+01
-1.040648746490478516e+01
-1.054082012176513672e+01
-1.072174549102783203e+01
-1.137592887878417969e+01
-1.054411888122558594e+01
-1.060649967193603516e+01
-9.591125488281250000e+00
-1.151244068145751953e+01
-1.149783420562744141e+01
-1.105847644805908203e+01
-1.069312000274658203e+01
-1.116092300415039062e+01
-1.024229621887207031e+01
-1.007268619537353516e+01
-1.019540405273437500e+01
-1.035897541046142578e+01
-1.011233615875244141e+01
-9.635219573974609375e+00
-1.020038890838623047e+01
-1.068106269836425781e+01
-1.108536338806152344e+01
-1.138862800598144531e+01
-1.011895942687988281e+01
