-7.342658638954162598e-01
-6.570922732353210449e-01
-7.635498046875000000e-01
-7.553788423538208008e-01
-9.078879356384277344e-01
-9.761695861816406250e-01
-2.590375840663909912e-01
-4.551582336425781250e-01
-5.483898520469665527e-01
-5.773698687553405762e-01
-5.526335835456848145e-01
-1.374459147453308105e+00
-1.961774230003356934e+00
-6.199157834053039551e-01
-1.497697114944458008e+00
-1.423852682113647461e+00
-1.218103647232055664e+00
-1.256165862083435059e+00
-1.432064056396484375e+00
-8.772680759429931641e-01
-1.362658500671386719e+00
-1.317030310630798340e+00
-1.517155766487121582e+00
-1.398083806037902832e+00
-4.019076824188232422e+00
-3.713952541351318359e+00
-4.119156360626220703e+00
-3.751653909683227539e+00
-3.687374830245971680e+00
-3.811017036437988281e+00
-3.516770839691162109e+00
-4.040858268737792969e+00
-3.809557437896728516e+00
-3.615391731262207031e+00
-3.609513521194458008e+00
-3.765503168106079102e+00
-4.129177570343017578e+00
-3.507176399230957031e+00
-3.687901020050048828e+00
-6.809946060180664062e+00
-5.896165847778320312e+00
-5.401775836944580078e+00
-6.730080604553222656e+00
-6.080411434173583984e+00
-5.529545783996582031e+00
-5.409296035766601562e+00
-5.155982494354248047e+00
-4.956305027008056641e+00
-3.499984741210937500e+00
-5.229928016662597656e+00
-4.508334159851074219e+00
-6.314089298248291016e+00
-4.641106605529785156e+00
-6.997272014617919922e+00
-5.178010940551757812e+00
-4.987333774566650391e+00
-5.309815406799316406e+00
-5.248391628265380859e+00
-1.000795722007751465e+00
-4.866453647613525391e+00
-5.496629714965820312e+00
-5.827511310577392578e+00
-4.593283176422119141e+00
-4.263513565063476562e+00
-5.077713012695312500e+00
-5.937956333160400391e+00
-4.657702445983886719e+00
-7.673566341400146484e+00
-6.760848045349121094e+00
-8.132332801818847656e+00
-1.144571304321289062e+01
-7.561985969543457031e+00
-8.012867927551269531e+00
-6.499805927276611328e+00
-6.438006401062011719e+00
-5.306122303009033203e+00
-6.392252445220947266e+00
-7.897568702697753906e+00
-7.115609169006347656e+00
-8.015203475952148438e+00
-5.765886783599853516e+00
-6.610750675201416016e+00
-7.152040481567382812e+00
-7.900913715362548828e+00
-8.247429847717285156e+00
-8.142270088195800781e+00
-8.101002693176269531e+00
-9.813722610473632812e+00
-8.657090187072753906e+00
-1.065545845031738281e+01
-5.434304237365722656e+00
-7.940718173980712891e+00
-1.112856864929199219e+01
-9.603782653808593750e+00
-1.043927574157714844e+01
-9.542014122009277344e+00
-6.775188922882080078e+00
-8.273413658142089844e+00
-6.362940311431884766e+00
-8.040717124938964844e+00
-1.029914569854736328e+01
-6.886909484863281250e+00
-9.498270988464355469e+00
-7.995654106140136719e+00
-9.574551582336425781e+00
-1.094788837432861328e+01
-9.713212966918945312e+00
-6.318296909332275391e+00
-8.158319473266601562e+00
-8.096289634704589844e+00
-1.052431106567382812e+01
-9.133965492248535156e+00
-8.631608009338378906e+00
-9.662548065185546875e+00
-5.694708347320556641e+00
-9.944021224975585938e+00
-9.723017692565917969e+00
-9.676327705383300781e+00
-9.108139991760253906e+00
-1.114741802215576172e+01
-8.121000289916992188e+00
-7.398249149322509766e+00
-7.704749584197998047e+00
-9.753253936767578125e+00
-1.016120243072509766e+01
-8.012674331665039062e+00
-1.023599052429199219e+01
-8.215214729309082031e+00
-1.146756649017333984e+01
-7.120378494262695312e+00
-7.281310081481933594e+00
-8.010664939880371094e+00
-1.143042659759521484e+01
-9.628926277160644531e+00
-1.086395645141601562e+01
-7.910856246948242188e+00
-9.061040878295898438e+00
-1.034787845611572266e+01
-7.354869842529296875e+00
-8.134987831115722656e+00
-6.358563899993896484e+00
-6.943662166595458984e+00
-9.631386756896972656e+00
-7.717714786529541016e+00
-1.163603687286376953e+01
-9.568345069885253906e+00
-8.650838851928710938e+00
-7.798438549041748047e+00
-9.251199722290039062e+00
-1.064203071594238281e+01
-6.782421112060546875e+00
-7.294162273406982422e+00
-5.390370368957519531e+00
-5.941578388214111328e+00
-6.154654502868652344e+00
-6.617470741271972656e+00
-7.424874782562255859e+00
-8.630920410156250000e+00
-3.986882209777832031e+00
-7.801492214202880859e+00
-8.614349365234375000e+00
-6.872831821441650391e+00
-8.141184806823730469e+00
-9.063186645507812500e+00
-7.880397796630859375e+00
-1.099396610260009766e+01
-8.333496093750000000e+00
-9.194673538208007812e+00
-8.396946907043457031e+00
-7.729886531829833984e+00
-7.213950157165527344e+00
-1.223443794250488281e+01
-1.030504894256591797e+01
-8.642295837402343750e+00
-8.526576042175292969e+00
-1.129752159118652344e+01
-7.585005283355712891e+00
-8.171907424926757812e+00
-4.836653709411621094e+00
-8.291812896728515625e+00
-1.279582977294921875e+01
-1.070621967315673828e+01
-9.271448135375976562e+00
-5.808321475982666016e+00
-6.643422603607177734e+00
-9.265887260437011719e+00
-1.089960384368896484e+01
-9.058882713317871094e+00
-6.293551921844482422e+00
-7.438608169555664062e+00
-6.651568412780761719e+00
-1.097629833221435547e+01
-8.518096923828125000e+00
-7.127816200256347656e+00
-7.379405975341796875e+00
-1.067682266235351562e+01
-1.232342720031738281e+01
-9.691845893859863281e+00
-1.272816276550292969e+01
-1.215815925598144531e+01
-1.147352123260498047e+01
-1.063914203643798828e+01
-1.022863101959228516e+01
-9.479890823364257812e+00
-9.352976799011230469e+00
-1.138504600524902344e+01
-1.185435962677001953e+01
-1.152225589752197266e+01
-1.269904994964599609e+01
-9.138926506042480469e+00
-1.238699817657470703e+01
-1.185801696777343750e+01
-1.043063831329345703e+01
-1.558207511901855469e+01
-9.276772499084472656e+00
-1.100936698913574219e+01
-1.234883308410644531e+01
-1.498200607299804688e+01
-1.286693191528320312e+01
-1.317069911956787109e+01
-1.208074474334716797e+01
-2.050667381286621094e+01
-1.395919132232666016e+01
-1.257358169555664062e+01
-1.340121078491210938e+01
-7.320223331451416016e+00
-1.129014873504638672e+01
-9.836693763732910156e+00
-8.505903244018554688e+00
-1.043132781982421875e+01
-1.031850528717041016e+01
-8.762253761291503906e+00
-1.080193901062011719e+01
-8.630527496337890625e+00
-1.415942859649658203e+01
-1.298098564147949219e+01
-1.106072235107421875e+01
-1.249646186828613281e+01
-1.036524677276611328e+01
-9.350549697875976562e+00
-1.109502887725830078e+01
-8.822929382324218750e+00
-1.585351085662841797e+01
-2.022448539733886719e+01
-1.398450851440429688e+01
-1.910255050659179688e+01
-1.849901390075683594e+01
-1.396879005432128906e+01
-1.872057533264160156e+01
-1.475064373016357422e+01
-1.458153533935546875e+01
-1.724448966979980469e+01
-1.041769218444824219e+01
-1.327472114562988281e+01
-2.159814643859863281e+01
-1.876539802551269531e+01
-1.155642318725585938e+01
-1.804191207885742188e+01
-1.392766475677490234e+01
-1.782069969177246094e+01
-1.504393768310546875e+01
-1.387120342254638672e+01
-1.444739913940429688e+01
-1.264678096771240234e+01
-2.130961418151855469e+01
-1.509596920013427734e+01
-1.304169082641601562e+01
-1.548739814758300781e+01
-1.551839923858642578e+01
-1.590700912475585938e+01
-2.115363311767578125e+01
-1.119481945037841797e+01
-1.651417160034179688e+01
-1.735553169250488281e+01
-1.290238475799560547e+01
-1.512049865722656250e+01
-1.460409832000732422e+01
-1.590503883361816406e+01
-1.690938377380371094e+01
-1.405656719207763672e+01
-1.491745281219482422e+01
-1.209483051300048828e+01
-1.379817104339599609e+01
-1.671960639953613281e+01
-1.459851741790771484e+01
-1.594720172882080078e+01
-1.498432350158691406e+01
-1.750243186950683594e+01
-1.503847408294677734e+01
-1.817325210571289062e+01
-9.555228233337402344e+00
-1.589085388183593750e+01
-1.362043190002441406e+01
-1.213644218444824219e+01
-1.507351016998291016e+01
-1.635396957397460938e+01
-1.637376594543457031e+01
-1.067878532409667969e+01
-1.560326862335205078e+01
-1.788323783874511719e+01
-1.430554866790771484e+01
-1.347608470916748047e+01
-1.323073959350585938e+01
-1.620153045654296875e+01
-1.594157791137695312e+01
-1.522630119323730469e+01
-1.121157169342041016e+01
-1.318186855316162109e+01
-1.254473876953125000e+01
-1.407215499877929688e+01
-1.368599319458007812e+01
-1.827044486999511719e+01
-1.723357772827148438e+01
-1.482913017272949219e+01
-1.167279529571533203e+01
-1.309160137176513672e+01
-1.319329071044921875e+01
-1.354021739959716797e+01
-1.474843215942382812e+01
-1.362899971008300781e+01
-1.556968975067138672e+01
-1.310631847381591797e+01
-1.650035667419433594e+01
-1.440940475463867188e+01
-1.510763168334960938e+01
-1.782335662841796875e+01
-1.378254222869873047e+01
-1.721706581115722656e+01
-1.314184761047363281e+01
-1.211741924285888672e+01
-9.979942321777343750e+00
-1.769792938232421875e+01
-1.802705574035644531e+01
-1.668619918823242188e+01
-1.909585571289062500e+01
-1.320999717712402344e+01
-1.709992790222167969e+01
-1.385863494873046875e+01
-1.756302452087402344e+01
-1.468365573883056641e+01
-1.449492645263671875e+01
-1.426658153533935547e+01
-1.551866149902343750e+01
-1.209487438201904297e+01
-1.078998279571533203e+01
-1.211053276062011719e+01
-1.286368656158447266e+01
-1.802185440063476562e+01
-1.875605392456054688e+01
-1.668381500244140625e+01
-1.636727905273437500e+01
-1.174217987060546875e+01
-1.621072387695312500e+01
-1.406011676788330078e+01
-1.284089469909667969e+01
-7.144511699676513672e+00
-1.871292114257812500e+01
-1.590476989746093750e+01
-1.473436450958251953e+01
-1.355988025665283203e+01
-1.363858604431152344e+01
-1.325926589965820312e+01
-2.268822288513183594e+01
-1.071176147460937500e+01
-1.486998748779296875e+01
-2.106107330322265625e+01
-1.427145481109619141e+01
-1.651240348815917969e+01
-1.305353355407714844e+01
-1.634698486328125000e+01
-1.566429901123046875e+01
-1.801593589782714844e+01
-1.701638603210449219e+01
-1.571903991699218750e+01
-1.423661994934082031e+01
-1.611828613281250000e+01
-1.297715759277343750e+01
-9.439285278320312500e+00
-1.511334228515625000e+01
-2.356167030334472656e+01
-1.872583007812500000e+01
-1.945972061157226562e+01
-2.084152221679687500e+01
-1.730305862426757812e+01
-1.771261024475097656e+01
-1.251660346984863281e+01
-1.522348690032958984e+01
-1.664888572692871094e+01
-2.196646499633789062e+01
-1.748198699951171875e+01
-1.749104309082031250e+01
-1.469435787200927734e+01
-1.607538604736328125e+01
-1.803326416015625000e+01
-1.395098590850830078e+01
-1.854179573059082031e+01
-1.823245620727539062e+01
-1.573385334014892578e+01
-1.656750869750976562e+01
-1.563488388061523438e+01
-1.855923843383789062e+01
-1.782542228698730469e+01
-2.302454948425292969e+01
-1.891174316406250000e+01
-2.084412956237792969e+01
-1.769204711914062500e+01
-1.502532672882080078e+01
-1.376207447052001953e+01
-2.000003814697265625e+01
-2.224123001098632812e+01
-1.842143440246582031e+01
-2.082805824279785156e+01
-1.388746166229248047e+01
-1.221415710449218750e+01
-1.746138191223144531e+01
-1.002235794067382812e+01
-1.326932144165039062e+01
-1.072626590728759766e+01
-1.495778560638427734e+01
-1.224805355072021484e+01
-1.722876358032226562e+01
-1.570062828063964844e+01
-1.503373241424560547e+01
-1.354721641540527344e+01
-1.420938491821289062e+01
-1.834641265869140625e+01
-1.213945007324218750e+01
-1.023407173156738281e+01
-1.244531440734863281e+01
-2.372120475769042969e+01
-1.406659030914306641e+01
-1.552636337280273438e+01
-1.208528041839599609e+01
-1.356874275207519531e+01
-1.553105640411376953e+01
-1.265098953247070312e+01
-1.287565994262695312e+01
-1.206948471069335938e+01
-1.703627395629882812e+01
-1.815201759338378906e+01
-1.265470695495605469e+01
-2.153479385375976562e+01
-1.496492385864257812e+01
-1.575349807739257812e+01
-1.289635753631591797e+01
-1.101015567779541016e+01
-1.314664554595947266e+01
-9.950826644897460938e+00
-8.937277793884277344e+00
-1.075306129455566406e+01
-1.110881805419921875e+01
-9.368558883666992188e+00
-1.348624801635742188e+01
-1.485975456237792969e+01
-1.772988510131835938e+01
-1.881507110595703125e+01
-1.197672843933105469e+01
-1.682552528381347656e+01
-9.519285202026367188e+00
-1.086010837554931641e+01
-1.304578018188476562e+01
-1.143411350250244141e+01
-8.876983642578125000e+00
-1.004415225982666016e+01
-1.492883014678955078e+01
-1.410462379455566406e+01
-1.242818832397460938e+01
-1.002951908111572266e+01
-8.538021087646484375e+00
-1.160194683074951172e+01
-1.129484844207763672e+01
-1.082628440856933594e+01
-1.017953491210937500e+01
-9.271525382995605469e+00
-9.481563568115234375e+00
-1.472889900207519531e+01
-1.388485527038574219e+01
-1.066217517852783203e+01
-1.266288089752197266e+01
-1.023659420013427734e+01
-1.202072811126708984e+01
-2.258645629882812500e+01
-1.241810512542724609e+01
-9.966100692749023438e+00
-7.957345962524414062e+00
-1.156870365142822266e+01
-1.033759212493896484e+01
-9.368012428283691406e+00
-1.372104072570800781e+01
-1.006022357940673828e+01
-9.856167793273925781e+00
-1.890795326232910156e+01
-1.803188133239746094e+01
-1.545054626464843750e+01
-1.578826713562011719e+01
-1.397961997985839844e+01
-1.595840454101562500e+01
-1.415703964233398438e+01
-1.818058586120605469e+01
-1.496901607513427734e+01
-1.474937248229980469e+01
-1.631969451904296875e+01
-1.553733634948730469e+01
-2.138954544067382812e+01
-1.412010860443115234e+01
-1.854828262329101562e+01
-1.646803665161132812e+01
-1.804916000366210938e+01
-2.080620384216308594e+01
-1.226672363281250000e+01
-1.279139232635498047e+01
-1.150705146789550781e+01
-1.675648689270019531e+01
-1.478921794891357422e+01
-1.576295661926269531e+01
-1.583166694641113281e+01
-1.644665527343750000e+01
-1.843420219421386719e+01
-1.269198131561279297e+01
-1.754027938842773438e+01
-1.277469730377197266e+01
-1.553938961029052734e+01
-1.856886672973632812e+01
-1.562301158905029297e+01
-1.846424102783203125e+01
-1.568964672088623047e+01
-1.715444755554199219e+01
-1.671190834045410156e+01
-1.476827526092529297e+01
-1.305777359008789062e+01
-1.520738697052001953e+01
-1.573544502258300781e+01
-1.903343582153320312e+01
-1.721708297729492188e+01
-1.408218955993652344e+01
-1.805379486083984375e+01
-1.556603240966796875e+01
-1.589217472076416016e+01
-1.517376327514648438e+01
-1.454384994506835938e+01
-1.444127368927001953e+01
-1.745998191833496094e+01
-1.298956298828125000e+01
-1.227774906158447266e+01
-1.270934009552001953e+01
-1.437640571594238281e+01
-1.230519390106201172e+01
-1.327466678619384766e+01
-1.402366828918457031e+01
-1.053275871276855469e+01
-1.716205406188964844e+01
-1.411216068267822266e+01
-9.486419677734375000e+00
-1.697674369812011719e+01
-1.152473640441894531e+01
-1.128723812103271484e+01
-1.214928817749023438e+01
-1.609860610961914062e+01
-1.175627422332763672e+01
-1.540278244018554688e+01
-1.383431529998779297e+01
-1.492405986785888672e+01
-1.422230911254882812e+01
-1.585247993469238281e+01
-1.084028530120849609e+01
-9.658475875854492188e+00
-1.078120613098144531e+01
-1.166448974609375000e+01
-1.202472400665283203e+01
-1.382293033599853516e+01
-1.400492191314697266e+01
-1.620855903625488281e+01
-1.577504634857177734e+01
-1.091825675964355469e+01
-1.218355464935302734e+01
-1.671798324584960938e+01
-1.368780326843261719e+01
-1.770689010620117188e+01
-1.663560104370117188e+01
-1.330706405639648438e+01
-8.403036117553710938e+00
-1.110433959960937500e+01
-1.477475261688232422e+01
-1.526859378814697266e+01
-1.106723403930664062e+01
-1.378738021850585938e+01
-1.169943714141845703e+01
-1.077836418151855469e+01
-1.697697257995605469e+01
-1.835151863098144531e+01
-1.384140205383300781e+01
-1.461538887023925781e+01
-1.457768058776855469e+01
-1.260105228424072266e+01
-1.286028671264648438e+01
-1.297658920288085938e+01
-1.269878101348876953e+01
-1.399330425262451172e+01
-1.278737068176269531e+01
-1.198354816436767578e+01
-1.449929618835449219e+01
-1.607188796997070312e+01
-1.127212715148925781e+01
-1.315105533599853516e+01
-1.625126838684082031e+01
-1.427444267272949219e+01
-1.498141765594482422e+01
-1.575370121002197266e+01
-1.212585926055908203e+01
-1.238772392272949219e+01
-1.284409427642822266e+01
-9.428793907165527344e+00
-9.309691429138183594e+00
-1.191502380371093750e+01
-1.209355545043945312e+01
-1.449925041198730469e+01
-1.620722770690917969e+01
-1.302573013305664062e+01
-1.616774177551269531e+01
-1.102763271331787109e+01
-1.048404502868652344e+01
-1.315037059783935547e+01
-1.289204788208007812e+01
-1.250549125671386719e+01
-1.097537612915039062e+01
-1.721381568908691406e+01
-8.538316726684570312e+00
-1.057197570800781250e+01
-1.358992671966552734e+01
-1.106626701354980469e+01
-1.182541942596435547e+01
-1.154413700103759766e+01
-1.068360805511474609e+01
-1.178973388671875000e+01
-1.008691501617431641e+01
-1.448431587219238281e+01
-1.291287231445312500e+01
-1.239443778991699219e+01
-1.189791202545166016e+01
-1.186642551422119141e+01
-1.292200756072998047e+01
-1.012319278717041016e+01
-1.742152786254882812e+01
-1.271258544921875000e+01
-1.015390014648437500e+01
-1.359467983245849609e+01
-1.534751510620117188e+01
-1.911741256713867188e+01
-1.143210029602050781e+01
-9.670651435852050781e+00
-1.099288749694824219e+01
-1.891326904296875000e+01
-8.343777656555175781e+00
-1.303010940551757812e+01
-1.213745784759521484e+01
-9.731953620910644531e+00
-1.285064220428466797e+01
-1.129208755493164062e+01
-1.317204761505126953e+01
-1.279312992095947266e+01
-1.053319931030273438e+01
-1.315956497192382812e+01
-1.834162902832031250e+01
-1.788137245178222656e+01
-1.435881423950195312e+01
-1.228515434265136719e+01
-1.572147655487060547e+01
-1.556331062316894531e+01
-1.190796852111816406e+01
-2.136776351928710938e+01
-1.229599475860595703e+01
-1.185690402984619141e+01
-1.586805152893066406e+01
-1.534613704681396484e+01
-1.486455059051513672e+01
-1.334286117553710938e+01
-1.931751251220703125e+01
-1.174081802368164062e+01
-1.305664253234863281e+01
-1.195299530029296875e+01
-1.188249969482421875e+01
-1.602462196350097656e+01
-1.198372268676757812e+01
-1.476238346099853516e+01
-1.257602977752685547e+01
-1.034370708465576172e+01
-1.626879692077636719e+01
-1.253455257415771484e+01
-1.548964214324951172e+01
-1.226494884490966797e+01
-1.465373516082763672e+01
-1.820139694213867188e+01
-1.813515090942382812e+01
-1.464162445068359375e+01
-1.306423091888427734e+01
-1.173999214172363281e+01
-1.094827270507812500e+01
-1.088898372650146484e+01
-1.211675548553466797e+01
-1.266324043273925781e+01
-1.484809017181396484e+01
-1.403651428222656250e+01
-1.269317436218261719e+01
-1.242823696136474609e+01
-1.258609962463378906e+01
-8.924880981445312500e+00
-1.358986663818359375e+01
-1.078369235992431641e+01
-1.670665359497070312e+01
-1.037602043151855469e+01
-1.538979721069335938e+01
-1.906505012512207031e+01
-1.230378627777099609e+01
-1.677312850952148438e+01
-1.571464347839355469e+01
-1.081840896606445312e+01
-7.653293132781982422e+00
-1.338096618652343750e+01
-1.676085662841796875e+01
-1.965054321289062500e+01
-1.328393745422363281e+01
-1.242613506317138672e+01
-1.202704048156738281e+01
-1.627310752868652344e+01
-1.322928333282470703e+01
-1.771132850646972656e+01
-1.302967643737792969e+01
-1.246170043945312500e+01
-1.198465156555175781e+01
-1.429164028167724609e+01
-1.827062034606933594e+01
-1.219265556335449219e+01
-1.467858123779296875e+01
-1.286559295654296875e+01
-1.846499633789062500e+01
-1.120982360839843750e+01
-2.084297752380371094e+01
-1.033809757232666016e+01
-1.057109069824218750e+01
-1.169974613189697266e+01
-1.366224956512451172e+01
-1.245587825775146484e+01
-1.203427696228027344e+01
-9.534543037414550781e+00
-9.705201148986816406e+00
-1.185314655303955078e+01
-1.178844451904296875e+01
-9.904459953308105469e+00
-1.081415176391601562e+01
-1.502892780303955078e+01
-1.054592037200927734e+01
-9.495539665222167969e+00
-1.187139892578125000e+01
-1.126917839050292969e+01
-1.274726200103759766e+01
-1.052407169342041016e+01
-6.259807109832763672e+00
-1.287518501281738281e+01
-1.568298816680908203e+01
-1.071802616119384766e+01
-1.671014595031738281e+01
-1.191197204589843750e+01
-1.406782054901123047e+01
-1.098009109497070312e+01
-1.397070980072021484e+01
-8.776422500610351562e+00
-1.171931838989257812e+01
-1.328617286682128906e+01
-1.219808673858642578e+01
-8.842690467834472656e+00
-7.757265567779541016e+00
-1.113103771209716797e+01
-1.403819465637207031e+01
-7.861400127410888672e+00
-1.304142761230468750e+01
-1.459847831726074219e+01
-1.261476802825927734e+01
-1.168349552154541016e+01
-1.127964782714843750e+01
-1.357155990600585938e+01
-1.238101291656494141e+01
-1.422672939300537109e+01
-1.131670475006103516e+01
-1.792964935302734375e+01
-1.840861129760742188e+01
-1.562161445617675781e+01
-1.188722515106201172e+01
-1.006041049957275391e+01
-8.463786125183105469e+00
-1.464410591125488281e+01
-1.252952861785888672e+01
-1.037282180786132812e+01
-1.202822399139404297e+01
-1.058924579620361328e+01
-1.127383804321289062e+01
-1.305564212799072266e+01
-1.269248867034912109e+01
-1.125464439392089844e+01
-1.521991157531738281e+01
-1.014875221252441406e+01
-1.398059272766113281e+01
-1.029475307464599609e+01
-8.991519927978515625e+00
-1.265328311920166016e+01
-9.672947883605957031e+00
-1.241708087921142578e+01
-1.077345943450927734e+01
-1.239528751373291016e+01
-1.174126720428466797e+01
-1.716085815429687500e+01
-1.240052700042724609e+01
-9.418969154357910156e+00
-1.155633258819580078e+01
-8.227397918701171875e+00
-1.029758739471435547e+01
-1.223614120483398438e+01
-1.319852733612060547e+01
-1.039232444763183594e+01
-1.125963592529296875e+01
-1.418006038665771484e+01
-7.981473922729492188e+00
-6.408182621002197266e+00
-5.869053363800048828e+00
-4.562884330749511719e+00
-1.166987133026123047e+01
-9.049495697021484375e+00
-5.223732948303222656e+00
-6.210511207580566406e+00
-9.480949401855468750e+00
-9.837769508361816406e+00
-9.185670852661132812e+00
-6.437192440032958984e+00
-7.533283710479736328e+00
-9.191178321838378906e+00
-1.048103237152099609e+01
-8.079649925231933594e+00
-1.185180664062500000e+01
-7.281622886657714844e+00
-1.126162433624267578e+01
-7.024175643920898438e+00
-8.624420166015625000e+00
-8.026630401611328125e+00
-8.221753120422363281e+00
-7.516260623931884766e+00
-8.360643386840820312e+00
-6.834528446197509766e+00
-6.408281326293945312e+00
-8.373355865478515625e+00
-7.937153816223144531e+00
-7.019658565521240234e+00
-8.214159011840820312e+00
-7.837526798248291016e+00
-1.119475841522216797e+01
-5.544445514678955078e+00
-9.833431243896484375e+00
-9.516390800476074219e+00
-9.607563972473144531e+00
-1.781553077697753906e+01
-8.402686119079589844e+00
-9.434668540954589844e+00
-5.999920368194580078e+00
-1.168530273437500000e+01
-1.044076251983642578e+01
-6.784799575805664062e+00
-9.499859809875488281e+00
-1.109973621368408203e+01
-1.129709720611572266e+01
-7.633926868438720703e+00
-1.008874130249023438e+01
-1.045555686950683594e+01
-6.069120883941650391e+00
-1.010313224792480469e+01
-7.132551193237304688e+00
-1.042194652557373047e+01
-1.469836902618408203e+01
-9.721304893493652344e+00
-1.040000438690185547e+01
-9.609716415405273438e+00
-9.429739952087402344e+00
-1.075014400482177734e+01
-9.383939743041992188e+00
-1.046456718444824219e+01
-1.205285739898681641e+01
-1.109759616851806641e+01
-1.049802684783935547e+01
-8.948143005371093750e+00
-8.960617065429687500e+00
-7.192525863647460938e+00
-8.495340347290039062e+00
-7.310961723327636719e+00
-9.594063758850097656e+00
-9.837182044982910156e+00
-7.118522167205810547e+00
-8.591580390930175781e+00
-1.099603462219238281e+01
-1.142963218688964844e+01
-8.901315689086914062e+00
-1.129303455352783203e+01
-1.035214424133300781e+01
-1.242841243743896484e+01
-9.909223556518554688e+00
-1.279467296600341797e+01
-1.243196105957031250e+01
-1.295523166656494141e+01
-1.068811988830566406e+01
-6.309195041656494141e+00
-1.574665451049804688e+01
-1.039430999755859375e+01
-1.299238872528076172e+01
-1.235496234893798828e+01
-8.015906333923339844e+00
-9.306481361389160156e+00
-1.024398612976074219e+01
-1.183867168426513672e+01
-1.210737419128417969e+01
-9.905813217163085938e+00
-1.317482471466064453e+01
-1.057748508453369141e+01
-9.724145889282226562e+00
-1.323964977264404297e+01
-8.257919311523437500e+00
-5.717821121215820312e+00
-7.365577697753906250e+00
-9.627818107604980469e+00
-1.036885070800781250e+01
-1.079584217071533203e+01
-1.072337245941162109e+01
-1.443685436248779297e+01
-9.904247283935546875e+00
-9.741502761840820312e+00
-9.882889747619628906e+00
-1.493365669250488281e+01
-1.121624469757080078e+01
-1.552787399291992188e+01
-1.201091003417968750e+01
-1.037795543670654297e+01
-1.327405166625976562e+01
-1.523106575012207031e+01
-1.209716987609863281e+01
-1.439067554473876953e+01
-1.632031822204589844e+01
-8.196195602416992188e+00
-1.223014640808105469e+01
-9.541641235351562500e+00
-7.958634853363037109e+00
-1.197079563140869141e+01
-1.266987895965576172e+01
-1.327357101440429688e+01
-8.876671791076660156e+00
-1.013350105285644531e+01
-7.284417629241943359e+00
-8.670693397521972656e+00
-1.217060661315917969e+01
-1.521546077728271484e+01
-8.147103309631347656e+00
-1.410079574584960938e+01
-1.090739822387695312e+01
-1.055801868438720703e+01
-9.425905227661132812e+00
-1.079962825775146484e+01
-9.180124282836914062e+00
-1.511135196685791016e+01
-1.873232841491699219e+01
-1.563735961914062500e+01
-1.062776374816894531e+01
-8.864301681518554688e+00
-1.209892749786376953e+01
-1.355188941955566406e+01
-9.596888542175292969e+00
-1.290549278259277344e+01
-7.206031322479248047e+00
-1.072581768035888672e+01
-6.970582008361816406e+00
-9.441138267517089844e+00
-6.675102233886718750e+00
-1.163933563232421875e+01
-1.085606956481933594e+01
-1.081154060363769531e+01
-8.731403350830078125e+00
-1.143345069885253906e+01
-7.847885608673095703e+00
-1.235692977905273438e+01
-1.076002216339111328e+01
-9.378650665283203125e+00
-1.055906391143798828e+01
-1.265391063690185547e+01
-1.028372669219970703e+01
-1.436552047729492188e+01
-7.883584976196289062e+00
-1.166339778900146484e+01
-5.952913284301757812e+00
-9.459214210510253906e+00
-9.477580070495605469e+00
-1.049925613403320312e+01
-1.133226299285888672e+01
-9.342381477355957031e+00
-9.444827079772949219e+00
-9.357937812805175781e+00
-1.151624107360839844e+01
-9.979986190795898438e+00
