-6.596223115921020508e-01
-7.524927854537963867e-01
-9.214713573455810547e-01
-9.407585859298706055e-01
-8.637048006057739258e-01
-8.253123760223388672e-01
-9.582629799842834473e-01
-8.606504797935485840e-01
-1.890082359313964844e+00
-1.941335558891296387e+00
-1.894295573234558105e+00
-1.880871534347534180e+00
-1.827229380607604980e+00
-1.816993713378906250e+00
-1.989574790000915527e+00
-1.859464406967163086e+00
-1.907705068588256836e+00
-2.080914258956909180e+00
-1.883825182914733887e+00
-1.930259346961975098e+00
-1.901175618171691895e+00
-1.972230434417724609e+00
-1.888168334960937500e+00
-1.723518610000610352e+00
-1.840096354484558105e+00
-1.850336551666259766e+00
-2.784225463867187500e+00
-2.821795701980590820e+00
-2.850662231445312500e+00
-2.862842321395874023e+00
-2.798272371292114258e+00
-2.961229801177978516e+00
-2.711876869201660156e+00
-2.825682640075683594e+00
-2.671351909637451172e+00
-2.786217927932739258e+00
-2.711946964263916016e+00
-4.178460121154785156e+00
-3.476627349853515625e+00
-3.733901262283325195e+00
-3.797446727752685547e+00
-3.790689229965209961e+00
-3.738877773284912109e+00
-4.036772727966308594e+00
-3.946130990982055664e+00
-3.848108768463134766e+00
-4.036065101623535156e+00
-3.713449239730834961e+00
-3.629269123077392578e+00
-3.950955390930175781e+00
-3.820706129074096680e+00
-3.566859722137451172e+00
-3.692058086395263672e+00
-4.083689212799072266e+00
-3.763468027114868164e+00
-3.783978223800659180e+00
-4.598691463470458984e+00
-4.711665153503417969e+00
-4.578647136688232422e+00
-4.595038890838623047e+00
-4.618580341339111328e+00
-4.634912014007568359e+00
-4.743962287902832031e+00
-4.731028556823730469e+00
-4.438254356384277344e+00
-4.564391613006591797e+00
-4.472094535827636719e+00
-4.829007625579833984e+00
-4.202358722686767578e+00
-4.648765087127685547e+00
-4.572525024414062500e+00
-4.753723144531250000e+00
-4.482335567474365234e+00
-4.417570114135742188e+00
-4.425732135772705078e+00
-5.262831687927246094e+00
-5.174998760223388672e+00
-5.721366882324218750e+00
-5.444641590118408203e+00
-5.745041370391845703e+00
-5.858835220336914062e+00
-5.129207611083984375e+00
-5.163444519042968750e+00
-5.647732257843017578e+00
-4.943686962127685547e+00
-5.215781211853027344e+00
-5.658292293548583984e+00
-5.468216419219970703e+00
-6.321752071380615234e+00
-6.318506717681884766e+00
-6.454718589782714844e+00
-6.304917335510253906e+00
-5.872659683227539062e+00
-5.990737915039062500e+00
-6.790028095245361328e+00
-6.428993225097656250e+00
-6.169499874114990234e+00
-6.336932659149169922e+00
-6.121158123016357422e+00
-6.423765182495117188e+00
-6.165307521820068359e+00
-6.279062271118164062e+00
-6.160808086395263672e+00
-6.428876399993896484e+00
-6.061688899993896484e+00
-6.149521827697753906e+00
-7.126248836517333984e+00
-6.176055908203125000e+00
-6.499326229095458984e+00
-6.878249168395996094e+00
-6.451707839965820312e+00
-6.920694828033447266e+00
-6.807326316833496094e+00
-6.742557048797607422e+00
-6.671398639678955078e+00
-6.640722274780273438e+00
-6.803811073303222656e+00
-6.319684982299804688e+00
-6.778099060058593750e+00
-6.686094284057617188e+00
-6.550444602966308594e+00
-6.881798744201660156e+00
-6.695892333984375000e+00
-6.586718559265136719e+00
-6.651613712310791016e+00
-6.793797492980957031e+00
-7.592665672302246094e+00
-7.844792366027832031e+00
-7.424617290496826172e+00
-7.626944541931152344e+00
-7.577732563018798828e+00
-7.522372722625732422e+00
-7.243321418762207031e+00
-7.340136528015136719e+00
-7.190425395965576172e+00
-7.129353523254394531e+00
-7.408674240112304688e+00
-7.467033386230468750e+00
-7.211101055145263672e+00
-7.411069393157958984e+00
-7.062807559967041016e+00
-7.081576347351074219e+00
-7.321961402893066406e+00
-8.659128189086914062e+00
-8.187416076660156250e+00
-8.197271347045898438e+00
-8.239671707153320312e+00
-8.077048301696777344e+00
-8.007363319396972656e+00
-7.637637615203857422e+00
-8.190649986267089844e+00
-7.877411365509033203e+00
-8.277873039245605469e+00
-8.441984176635742188e+00
-8.148040771484375000e+00
-7.846324920654296875e+00
-7.914816856384277344e+00
-8.140083312988281250e+00
-7.837392807006835938e+00
-7.410739421844482422e+00
-8.098327636718750000e+00
-8.764331817626953125e+00
-8.524921417236328125e+00
-8.423679351806640625e+00
-8.435045242309570312e+00
-8.383882522583007812e+00
-8.861891746520996094e+00
-8.798707962036132812e+00
-8.637413978576660156e+00
-7.819151401519775391e+00
-8.055221557617187500e+00
-8.814648628234863281e+00
-8.581657409667968750e+00
-8.397646903991699219e+00
-8.196921348571777344e+00
-8.782485008239746094e+00
-8.537703514099121094e+00
-8.440484046936035156e+00
-8.533435821533203125e+00
-8.280967712402343750e+00
-8.251331329345703125e+00
-8.120177268981933594e+00
-8.301692008972167969e+00
-8.621199607849121094e+00
-8.614023208618164062e+00
-8.531723022460937500e+00
-8.459097862243652344e+00
-9.061456680297851562e+00
-8.513751029968261719e+00
-8.617091178894042969e+00
-9.326046943664550781e+00
-9.316566467285156250e+00
-8.409049034118652344e+00
-8.231909751892089844e+00
-8.943551063537597656e+00
-8.419910430908203125e+00
-8.865797042846679688e+00
-8.882614135742187500e+00
-9.263880729675292969e+00
-8.133185386657714844e+00
-8.687822341918945312e+00
-8.381794929504394531e+00
-8.569376945495605469e+00
-8.634692192077636719e+00
-9.095826148986816406e+00
-8.627240180969238281e+00
-9.231992721557617188e+00
-9.003817558288574219e+00
-9.069519996643066406e+00
-9.572797775268554688e+00
-9.393846511840820312e+00
-9.720232963562011719e+00
-9.567526817321777344e+00
-9.290618896484375000e+00
-9.542885780334472656e+00
-9.930781364440917969e+00
-9.311162948608398438e+00
-9.752221107482910156e+00
-9.358421325683593750e+00
-9.141590118408203125e+00
-8.947952270507812500e+00
-9.595044136047363281e+00
-9.022970199584960938e+00
-1.033469200134277344e+01
-8.915994644165039062e+00
-8.815544128417968750e+00
-9.187693595886230469e+00
-9.291481971740722656e+00
-1.072937965393066406e+01
-1.071657657623291016e+01
-1.052294158935546875e+01
-1.101998615264892578e+01
-1.026461791992187500e+01
-1.137704849243164062e+01
-1.048593997955322266e+01
-1.060832977294921875e+01
-1.176627445220947266e+01
-1.047040748596191406e+01
-9.935858726501464844e+00
-1.005920028686523438e+01
-1.133555412292480469e+01
-1.057753849029541016e+01
-1.029253864288330078e+01
-1.081405162811279297e+01
-1.093768882751464844e+01
-1.069287109375000000e+01
-1.106825923919677734e+01
-1.050637817382812500e+01
-1.021701240539550781e+01
-1.115623760223388672e+01
-1.078148937225341797e+01
-1.090663337707519531e+01
-1.054681968688964844e+01
-1.048803424835205078e+01
-1.029203128814697266e+01
-9.849971771240234375e+00
-9.829632759094238281e+00
-1.059752941131591797e+01
-1.066725444793701172e+01
-9.598571777343750000e+00
-9.804516792297363281e+00
-1.021753787994384766e+01
-1.048222637176513672e+01
-9.919984817504882812e+00
-1.002314472198486328e+01
-1.065012168884277344e+01
-9.712209701538085938e+00
-9.820680618286132812e+00
-9.918056488037109375e+00
-1.001212310791015625e+01
-1.083546352386474609e+01
-9.978652954101562500e+00
-1.118190670013427734e+01
-1.018609142303466797e+01
-1.100776386260986328e+01
-9.537507057189941406e+00
-9.697004318237304688e+00
-9.767115592956542969e+00
-9.823295593261718750e+00
-1.009921360015869141e+01
-1.158637523651123047e+01
-1.155447387695312500e+01
-1.154840183258056641e+01
-1.087176704406738281e+01
-1.078907966613769531e+01
-1.106943702697753906e+01
-1.117940998077392578e+01
-1.037616157531738281e+01
-1.161400508880615234e+01
-1.060319042205810547e+01
-1.146501922607421875e+01
-1.143545532226562500e+01
-1.040476322174072266e+01
-1.073914432525634766e+01
-1.235864257812500000e+01
-1.087145996093750000e+01
-1.080266571044921875e+01
-1.087492084503173828e+01
-1.057656097412109375e+01
-1.135039997100830078e+01
-1.141555786132812500e+01
-1.039037227630615234e+01
-1.148120784759521484e+01
-1.135557556152343750e+01
-1.083089828491210938e+01
-1.148451614379882812e+01
-1.147662544250488281e+01
-1.072246074676513672e+01
-1.100622081756591797e+01
-1.129178714752197266e+01
-1.021878433227539062e+01
-1.097317314147949219e+01
-1.094913101196289062e+01
-1.049602413177490234e+01
-1.130967521667480469e+01
-1.109547424316406250e+01
-1.118240165710449219e+01
-1.121487522125244141e+01
-9.767605781555175781e+00
-1.027183914184570312e+01
-1.120829200744628906e+01
-1.099556159973144531e+01
-1.131674194335937500e+01
-1.141276073455810547e+01
-1.044061470031738281e+01
-1.047790336608886719e+01
-1.147630119323730469e+01
-1.096276950836181641e+01
-1.087277317047119141e+01
-1.188289260864257812e+01
-1.150085163116455078e+01
-1.083762550354003906e+01
-1.098765850067138672e+01
-1.084532833099365234e+01
-1.071762943267822266e+01
-1.064928054809570312e+01
-1.135963630676269531e+01
-1.109895515441894531e+01
-1.195764732360839844e+01
-1.159392833709716797e+01
-1.119116878509521484e+01
-1.047339725494384766e+01
-1.130542945861816406e+01
-1.131436538696289062e+01
-1.131060981750488281e+01
-1.212735843658447266e+01
-1.083235836029052734e+01
-1.130980968475341797e+01
-1.094041347503662109e+01
-1.081917095184326172e+01
-1.124262142181396484e+01
-1.078111553192138672e+01
-1.144264888763427734e+01
-1.229632377624511719e+01
-1.082492160797119141e+01
-1.136105155944824219e+01
-1.014387702941894531e+01
-1.136207294464111328e+01
-1.159840774536132812e+01
-1.148951721191406250e+01
-1.148065662384033203e+01
-1.045988273620605469e+01
-1.140060901641845703e+01
-1.188549995422363281e+01
-1.134666728973388672e+01
-1.120921611785888672e+01
-1.102086925506591797e+01
-1.190539741516113281e+01
-1.149056625366210938e+01
-1.207366275787353516e+01
-1.172517871856689453e+01
-1.155936050415039062e+01
-1.119345951080322266e+01
-1.045722484588623047e+01
-1.160558319091796875e+01
-1.180914783477783203e+01
-1.176766586303710938e+01
-1.177177715301513672e+01
-1.157296466827392578e+01
-1.096738719940185547e+01
-1.209726047515869141e+01
-1.187919139862060547e+01
-1.197635269165039062e+01
-1.286618423461914062e+01
-1.206915283203125000e+01
-1.295376586914062500e+01
-1.208162593841552734e+01
-1.199235820770263672e+01
-1.149006080627441406e+01
-1.177934741973876953e+01
-1.158644962310791016e+01
-1.198750686645507812e+01
-1.099181365966796875e+01
-1.141998004913330078e+01
-1.251718139648437500e+01
-1.164846611022949219e+01
-1.087606334686279297e+01
-1.202044773101806641e+01
-1.104451847076416016e+01
-1.098093032836914062e+01
-1.178180122375488281e+01
-1.160686492919921875e+01
-1.178081512451171875e+01
-1.062362384796142578e+01
-1.222088813781738281e+01
-1.247591304779052734e+01
-1.204292583465576172e+01
-1.201743602752685547e+01
-1.253895282745361328e+01
-1.225637531280517578e+01
-1.222973442077636719e+01
-1.207119560241699219e+01
-1.180817890167236328e+01
-1.223726749420166016e+01
-1.288353729248046875e+01
-1.182380580902099609e+01
-1.122638130187988281e+01
-1.202418518066406250e+01
-1.178361511230468750e+01
-1.283507633209228516e+01
-1.128042411804199219e+01
-1.204982662200927734e+01
-1.212915039062500000e+01
-1.197952747344970703e+01
-1.222342300415039062e+01
-1.211122798919677734e+01
-1.294269466400146484e+01
-1.255868339538574219e+01
-1.287457370758056641e+01
-1.191896247863769531e+01
-1.329095935821533203e+01
-1.146648406982421875e+01
-1.210275840759277344e+01
-1.155951881408691406e+01
-1.210002422332763672e+01
-1.101006221771240234e+01
-1.150694561004638672e+01
-1.195242881774902344e+01
-1.158101749420166016e+01
-1.231784152984619141e+01
-1.198143482208251953e+01
-1.188731670379638672e+01
-1.179375457763671875e+01
-1.153294181823730469e+01
-1.240483474731445312e+01
-1.120094299316406250e+01
-1.317869758605957031e+01
-1.290154838562011719e+01
-1.203953933715820312e+01
-1.128402519226074219e+01
-1.175717163085937500e+01
-1.241455173492431641e+01
-1.289313793182373047e+01
-1.322191143035888672e+01
-1.297396373748779297e+01
-1.190112686157226562e+01
-1.332657432556152344e+01
-1.124967861175537109e+01
-1.320060729980468750e+01
-1.251427936553955078e+01
-1.251103401184082031e+01
-1.204047107696533203e+01
-1.214296245574951172e+01
-1.224955749511718750e+01
-1.171168804168701172e+01
-1.270192718505859375e+01
-1.153561210632324219e+01
-1.243010234832763672e+01
-1.281496143341064453e+01
-1.192419910430908203e+01
-1.361829090118408203e+01
-1.263387870788574219e+01
-1.175183200836181641e+01
-1.309597873687744141e+01
-1.202334403991699219e+01
-1.192475032806396484e+01
-1.154345703125000000e+01
-1.220806121826171875e+01
-1.230089569091796875e+01
-1.225226879119873047e+01
-1.151139831542968750e+01
-1.235089588165283203e+01
-1.182005691528320312e+01
-1.213376426696777344e+01
-1.336800670623779297e+01
-1.346949672698974609e+01
-1.332620906829833984e+01
-1.235154914855957031e+01
-1.232883739471435547e+01
-1.336589050292968750e+01
-1.281454849243164062e+01
-1.181174755096435547e+01
-1.237199687957763672e+01
-1.481856632232666016e+01
-1.233292484283447266e+01
-1.305840301513671875e+01
-1.211353206634521484e+01
-1.284199714660644531e+01
-1.219946479797363281e+01
-1.102397537231445312e+01
