3.000000000000000000e+03
8.000000000000000000e+02
5.096000000000000000e+03
3.240000000000000000e+03
3.052000000000000000e+03
6.960000000000000000e+02
1.380000000000000000e+03
3.532000000000000000e+03
2.420000000000000000e+03
2.408000000000000000e+03
2.416000000000000000e+03
8.600000000000000000e+02
6.120000000000000000e+02
4.220000000000000000e+03
2.144000000000000000e+03
6.256000000000000000e+03
1.224000000000000000e+03
1.184000000000000000e+03
7.140000000000000000e+03
6.288000000000000000e+03
3.156000000000000000e+03
3.868000000000000000e+03
4.644000000000000000e+03
1.500000000000000000e+03
3.280000000000000000e+03
6.240000000000000000e+02
1.792000000000000000e+03
3.080000000000000000e+03
1.848000000000000000e+03
4.500000000000000000e+03
6.720000000000000000e+02
6.360000000000000000e+02
3.872000000000000000e+03
2.496000000000000000e+03
5.872000000000000000e+03
2.056000000000000000e+03
7.000000000000000000e+02
1.152000000000000000e+03
1.000000000000000000e+03
1.624000000000000000e+03
1.456000000000000000e+03
1.348000000000000000e+03
2.004000000000000000e+03
4.000000000000000000e+03
1.380000000000000000e+03
3.120000000000000000e+03
3.700000000000000000e+03
1.872000000000000000e+03
1.876000000000000000e+03
8.024000000000000000e+03
3.196000000000000000e+03
4.276000000000000000e+03
7.560000000000000000e+02
5.448000000000000000e+03
1.000000000000000000e+04
4.232000000000000000e+03
1.576000000000000000e+03
1.512000000000000000e+03
5.380000000000000000e+03
4.376000000000000000e+03
1.452000000000000000e+03
1.044000000000000000e+03
1.316000000000000000e+03
3.100000000000000000e+03
2.116000000000000000e+03
3.528000000000000000e+03
1.632000000000000000e+03
3.744000000000000000e+03
9.080000000000000000e+02
2.664000000000000000e+03
4.568000000000000000e+03
1.096000000000000000e+03
1.272000000000000000e+03
1.040000000000000000e+03
1.684000000000000000e+03
1.860000000000000000e+03
1.540000000000000000e+03
2.248000000000000000e+03
1.000000000000000000e+04
2.756000000000000000e+03
1.016000000000000000e+03
3.596000000000000000e+03
4.004000000000000000e+03
1.596000000000000000e+03
1.024000000000000000e+03
1.176000000000000000e+03
1.052000000000000000e+03
1.468000000000000000e+03
8.400000000000000000e+03
2.988000000000000000e+03
8.560000000000000000e+02
7.480000000000000000e+02
4.816000000000000000e+03
1.960000000000000000e+03
1.596000000000000000e+03
5.320000000000000000e+02
4.200000000000000000e+02
5.768000000000000000e+03
2.004000000000000000e+03
1.064000000000000000e+03
6.560000000000000000e+03
1.196000000000000000e+03
9.880000000000000000e+02
1.520000000000000000e+03
1.260000000000000000e+03
2.476000000000000000e+03
8.584000000000000000e+03
3.776000000000000000e+03
4.432000000000000000e+03
1.392000000000000000e+03
2.424000000000000000e+03
3.556000000000000000e+03
1.808000000000000000e+03
4.532000000000000000e+03
5.488000000000000000e+03
1.576000000000000000e+03
4.716000000000000000e+03
2.184000000000000000e+03
7.960000000000000000e+02
2.484000000000000000e+03
1.096000000000000000e+03
1.160000000000000000e+03
1.432000000000000000e+03
1.136000000000000000e+03
3.048000000000000000e+03
3.856000000000000000e+03
2.816000000000000000e+03
3.924000000000000000e+03
1.920000000000000000e+03
1.752000000000000000e+03
3.696000000000000000e+03
3.964000000000000000e+03
8.116000000000000000e+03
1.312000000000000000e+03
3.936000000000000000e+03
4.832000000000000000e+03
5.452000000000000000e+03
1.856000000000000000e+03
3.572000000000000000e+03
1.324000000000000000e+03
4.076000000000000000e+03
6.648000000000000000e+03
2.208000000000000000e+03
5.224000000000000000e+03
1.056000000000000000e+03
1.796000000000000000e+03
3.160000000000000000e+03
2.612000000000000000e+03
9.240000000000000000e+02
4.240000000000000000e+03
2.320000000000000000e+02
1.296000000000000000e+03
6.320000000000000000e+03
4.160000000000000000e+02
1.992000000000000000e+03
5.880000000000000000e+02
2.304000000000000000e+03
3.128000000000000000e+03
3.840000000000000000e+02
1.112000000000000000e+03
9.080000000000000000e+02
7.720000000000000000e+02
3.480000000000000000e+02
5.016000000000000000e+03
7.160000000000000000e+02
7.520000000000000000e+02
5.760000000000000000e+02
1.688000000000000000e+03
2.636000000000000000e+03
2.320000000000000000e+03
2.868000000000000000e+03
1.796000000000000000e+03
1.436000000000000000e+03
2.484000000000000000e+03
3.484000000000000000e+03
8.280000000000000000e+02
2.332000000000000000e+03
3.208000000000000000e+03
4.880000000000000000e+02
3.040000000000000000e+03
3.524000000000000000e+03
1.568000000000000000e+03
3.872000000000000000e+03
1.900000000000000000e+03
1.772000000000000000e+03
2.404000000000000000e+03
1.596000000000000000e+03
1.440000000000000000e+03
5.640000000000000000e+02
1.620000000000000000e+03
1.060000000000000000e+03
2.892000000000000000e+03
2.548000000000000000e+03
6.120000000000000000e+02
1.120000000000000000e+03
1.952000000000000000e+03
4.632000000000000000e+03
1.088000000000000000e+03
8.400000000000000000e+02
4.640000000000000000e+03
1.736000000000000000e+03
2.996000000000000000e+03
2.880000000000000000e+03
4.344000000000000000e+03
1.140000000000000000e+03
2.020000000000000000e+03
8.960000000000000000e+02
7.600000000000000000e+02
4.720000000000000000e+02
2.276000000000000000e+03
8.200000000000000000e+02
4.896000000000000000e+03
3.264000000000000000e+03
6.680000000000000000e+02
9.400000000000000000e+02
8.560000000000000000e+02
2.180000000000000000e+03
4.288000000000000000e+03
7.028000000000000000e+03
1.948000000000000000e+03
2.744000000000000000e+03
2.552000000000000000e+03
1.976000000000000000e+03
2.192000000000000000e+03
1.080000000000000000e+03
2.720000000000000000e+03
2.216000000000000000e+03
1.472000000000000000e+03
2.384000000000000000e+03
2.824000000000000000e+03
1.316000000000000000e+03
3.960000000000000000e+02
1.396000000000000000e+03
1.280000000000000000e+03
1.756000000000000000e+03
4.232000000000000000e+03
1.948000000000000000e+03
4.320000000000000000e+02
2.092000000000000000e+03
1.552000000000000000e+03
1.448000000000000000e+03
1.548000000000000000e+03
5.280000000000000000e+02
1.348000000000000000e+03
1.432000000000000000e+03
3.528000000000000000e+03
9.560000000000000000e+02
4.324000000000000000e+03
6.560000000000000000e+02
4.044000000000000000e+03
7.640000000000000000e+02
2.896000000000000000e+03
2.584000000000000000e+03
7.720000000000000000e+02
1.400000000000000000e+03
7.520000000000000000e+02
3.028000000000000000e+03
6.040000000000000000e+02
8.240000000000000000e+02
1.964000000000000000e+03
7.160000000000000000e+03
5.880000000000000000e+02
1.460000000000000000e+03
1.208000000000000000e+03
1.792000000000000000e+03
1.444000000000000000e+03
6.992000000000000000e+03
1.444000000000000000e+03
1.284000000000000000e+03
1.540000000000000000e+03
2.220000000000000000e+03
2.604000000000000000e+03
1.192000000000000000e+03
3.224000000000000000e+03
1.852000000000000000e+03
4.720000000000000000e+02
7.480000000000000000e+02
1.248000000000000000e+03
2.200000000000000000e+03
5.000000000000000000e+02
3.388000000000000000e+03
4.680000000000000000e+02
2.988000000000000000e+03
2.012000000000000000e+03
1.796000000000000000e+03
2.628000000000000000e+03
8.320000000000000000e+02
2.128000000000000000e+03
6.120000000000000000e+02
1.160000000000000000e+03
4.680000000000000000e+02
3.496000000000000000e+03
1.996000000000000000e+03
1.468000000000000000e+03
1.740000000000000000e+03
1.336000000000000000e+03
5.600000000000000000e+02
9.800000000000000000e+02
4.360000000000000000e+02
4.888000000000000000e+03
1.044000000000000000e+03
2.096000000000000000e+03
1.288000000000000000e+03
1.092000000000000000e+03
1.304000000000000000e+03
3.600000000000000000e+02
7.640000000000000000e+02
2.528000000000000000e+03
1.920000000000000000e+03
1.084000000000000000e+03
2.040000000000000000e+03
1.216000000000000000e+03
8.640000000000000000e+02
2.916000000000000000e+03
6.260000000000000000e+03
5.200000000000000000e+02
1.620000000000000000e+03
2.212000000000000000e+03
2.276000000000000000e+03
1.552000000000000000e+03
2.792000000000000000e+03
3.960000000000000000e+02
1.712000000000000000e+03
4.456000000000000000e+03
2.644000000000000000e+03
4.616000000000000000e+03
1.044000000000000000e+03
5.200000000000000000e+03
1.560000000000000000e+03
1.528000000000000000e+03
2.852000000000000000e+03
3.372000000000000000e+03
1.008000000000000000e+03
1.876000000000000000e+03
1.000000000000000000e+03
1.720000000000000000e+03
4.920000000000000000e+02
8.360000000000000000e+02
1.452000000000000000e+03
1.240000000000000000e+03
1.156000000000000000e+03
2.816000000000000000e+03
5.104000000000000000e+03
3.116000000000000000e+03
8.024000000000000000e+03
5.372000000000000000e+03
9.480000000000000000e+02
6.360000000000000000e+02
7.680000000000000000e+02
1.536000000000000000e+03
2.000000000000000000e+03
3.960000000000000000e+02
4.884000000000000000e+03
1.716000000000000000e+03
9.440000000000000000e+02
8.600000000000000000e+02
1.032000000000000000e+03
3.344000000000000000e+03
8.920000000000000000e+02
1.620000000000000000e+03
5.136000000000000000e+03
1.840000000000000000e+02
1.384000000000000000e+03
1.556000000000000000e+03
1.540000000000000000e+03
2.080000000000000000e+03
9.160000000000000000e+02
1.560000000000000000e+03
7.120000000000000000e+02
1.444000000000000000e+03
1.988000000000000000e+03
1.816000000000000000e+03
1.244000000000000000e+03
6.160000000000000000e+02
1.856000000000000000e+03
3.016000000000000000e+03
3.632000000000000000e+03
5.920000000000000000e+02
1.380000000000000000e+03
1.720000000000000000e+03
4.640000000000000000e+02
1.036000000000000000e+03
3.920000000000000000e+02
3.612000000000000000e+03
1.196000000000000000e+03
2.444000000000000000e+03
1.988000000000000000e+03
2.268000000000000000e+03
2.192000000000000000e+03
5.200000000000000000e+02
1.940000000000000000e+03
1.092000000000000000e+03
5.400000000000000000e+02
1.164000000000000000e+03
4.128000000000000000e+03
9.040000000000000000e+02
1.140000000000000000e+03
2.044000000000000000e+03
3.560000000000000000e+02
7.400000000000000000e+02
3.412000000000000000e+03
1.336000000000000000e+03
1.312000000000000000e+03
2.036000000000000000e+03
2.224000000000000000e+03
1.528000000000000000e+03
1.428000000000000000e+03
8.560000000000000000e+02
6.760000000000000000e+02
7.240000000000000000e+02
1.308000000000000000e+03
2.176000000000000000e+03
6.160000000000000000e+02
3.996000000000000000e+03
6.824000000000000000e+03
7.560000000000000000e+02
2.868000000000000000e+03
1.208000000000000000e+03
3.000000000000000000e+02
2.380000000000000000e+03
1.176000000000000000e+03
4.920000000000000000e+02
4.200000000000000000e+02
1.300000000000000000e+03
2.216000000000000000e+03
9.400000000000000000e+02
6.796000000000000000e+03
1.548000000000000000e+03
2.692000000000000000e+03
2.996000000000000000e+03
2.388000000000000000e+03
2.732000000000000000e+03
2.560000000000000000e+03
1.764000000000000000e+03
2.296000000000000000e+03
6.760000000000000000e+02
2.420000000000000000e+03
2.596000000000000000e+03
6.960000000000000000e+02
1.008000000000000000e+03
7.384000000000000000e+03
5.400000000000000000e+02
2.736000000000000000e+03
1.024000000000000000e+03
3.096000000000000000e+03
8.600000000000000000e+02
2.668000000000000000e+03
1.316000000000000000e+03
3.176000000000000000e+03
2.224000000000000000e+03
1.264000000000000000e+03
1.788000000000000000e+03
2.084000000000000000e+03
1.604000000000000000e+03
6.760000000000000000e+02
4.156000000000000000e+03
2.992000000000000000e+03
2.148000000000000000e+03
2.520000000000000000e+02
1.864000000000000000e+03
4.120000000000000000e+02
7.160000000000000000e+02
4.600000000000000000e+02
3.876000000000000000e+03
2.228000000000000000e+03
1.580000000000000000e+03
2.180000000000000000e+03
1.072000000000000000e+03
1.508000000000000000e+03
3.760000000000000000e+02
3.052000000000000000e+03
5.720000000000000000e+02
9.080000000000000000e+02
8.480000000000000000e+02
1.004000000000000000e+03
7.040000000000000000e+02
2.028000000000000000e+03
1.632000000000000000e+03
1.864000000000000000e+03
1.860000000000000000e+03
6.288000000000000000e+03
3.036000000000000000e+03
1.152000000000000000e+03
1.004000000000000000e+03
2.432000000000000000e+03
2.984000000000000000e+03
2.092000000000000000e+03
2.588000000000000000e+03
1.248000000000000000e+03
3.072000000000000000e+03
1.292000000000000000e+03
1.916000000000000000e+03
1.628000000000000000e+03
7.440000000000000000e+02
6.576000000000000000e+03
1.148000000000000000e+03
2.724000000000000000e+03
5.996000000000000000e+03
3.416000000000000000e+03
5.240000000000000000e+02
