1.000000000000000000e+04
1.000000000000000000e+04
1.000000000000000000e+04
1.000000000000000000e+04
1.000000000000000000e+04
1.000000000000000000e+04
7.720000000000000000e+03
1.000000000000000000e+04
1.000000000000000000e+04
1.000000000000000000e+04
8.954000000000000000e+03
1.000000000000000000e+04
8.124000000000000000e+03
1.000000000000000000e+04
1.000000000000000000e+04
1.000000000000000000e+04
1.000000000000000000e+04
5.668000000000000000e+03
1.000000000000000000e+04
1.000000000000000000e+04
1.000000000000000000e+04
1.000000000000000000e+04
1.000000000000000000e+04
6.758000000000000000e+03
1.000000000000000000e+04
1.000000000000000000e+04
4.368000000000000000e+03
7.966000000000000000e+03
1.000000000000000000e+04
7.474000000000000000e+03
4.748000000000000000e+03
1.000000000000000000e+04
1.000000000000000000e+04
5.454000000000000000e+03
4.944000000000000000e+03
8.784000000000000000e+03
1.512000000000000000e+03
8.856000000000000000e+03
6.428000000000000000e+03
2.250000000000000000e+03
2.682000000000000000e+03
1.000000000000000000e+04
3.106000000000000000e+03
1.000000000000000000e+04
7.550000000000000000e+03
3.666000000000000000e+03
1.000000000000000000e+04
1.000000000000000000e+04
5.760000000000000000e+03
8.636000000000000000e+03
1.134000000000000000e+03
2.914000000000000000e+03
3.172000000000000000e+03
1.000000000000000000e+04
2.476000000000000000e+03
8.260000000000000000e+02
1.156000000000000000e+03
3.928000000000000000e+03
4.226000000000000000e+03
2.300000000000000000e+03
2.206000000000000000e+03
2.408000000000000000e+03
3.010000000000000000e+03
5.488000000000000000e+03
8.048000000000000000e+03
1.670000000000000000e+03
4.284000000000000000e+03
1.000000000000000000e+04
1.266000000000000000e+03
1.422000000000000000e+03
1.000000000000000000e+04
1.000000000000000000e+04
1.266000000000000000e+03
2.330000000000000000e+03
5.188000000000000000e+03
5.130000000000000000e+03
1.330000000000000000e+03
9.226000000000000000e+03
9.620000000000000000e+02
4.724000000000000000e+03
1.974000000000000000e+03
2.876000000000000000e+03
2.754000000000000000e+03
1.138000000000000000e+03
2.708000000000000000e+03
3.476000000000000000e+03
4.514000000000000000e+03
4.984000000000000000e+03
4.034000000000000000e+03
2.204000000000000000e+03
4.924000000000000000e+03
1.284000000000000000e+03
2.842000000000000000e+03
4.006000000000000000e+03
4.146000000000000000e+03
7.646000000000000000e+03
1.734000000000000000e+03
9.410000000000000000e+03
1.644000000000000000e+03
6.210000000000000000e+03
4.514000000000000000e+03
4.274000000000000000e+03
1.000000000000000000e+04
1.000000000000000000e+04
8.498000000000000000e+03
2.142000000000000000e+03
6.078000000000000000e+03
7.940000000000000000e+03
3.030000000000000000e+03
9.800000000000000000e+02
4.204000000000000000e+03
1.774000000000000000e+03
1.000000000000000000e+04
8.016000000000000000e+03
7.120000000000000000e+02
3.664000000000000000e+03
5.110000000000000000e+03
5.904000000000000000e+03
5.120000000000000000e+03
5.020000000000000000e+03
1.000000000000000000e+04
3.462000000000000000e+03
3.648000000000000000e+03
6.070000000000000000e+03
4.884000000000000000e+03
5.112000000000000000e+03
5.626000000000000000e+03
3.116000000000000000e+03
3.376000000000000000e+03
4.322000000000000000e+03
3.378000000000000000e+03
4.128000000000000000e+03
5.226000000000000000e+03
2.538000000000000000e+03
3.060000000000000000e+03
1.168000000000000000e+03
1.302000000000000000e+03
4.188000000000000000e+03
9.432000000000000000e+03
2.274000000000000000e+03
9.754000000000000000e+03
4.212000000000000000e+03
2.382000000000000000e+03
5.630000000000000000e+03
5.092000000000000000e+03
1.340000000000000000e+03
5.920000000000000000e+02
4.134000000000000000e+03
8.430000000000000000e+03
3.360000000000000000e+03
2.632000000000000000e+03
5.094000000000000000e+03
2.374000000000000000e+03
4.932000000000000000e+03
1.000000000000000000e+04
1.986000000000000000e+03
7.300000000000000000e+02
8.820000000000000000e+02
2.108000000000000000e+03
1.308000000000000000e+03
3.890000000000000000e+03
1.592000000000000000e+03
4.812000000000000000e+03
5.090000000000000000e+03
5.802000000000000000e+03
4.570000000000000000e+03
4.382000000000000000e+03
1.948000000000000000e+03
1.588000000000000000e+03
2.156000000000000000e+03
5.130000000000000000e+03
1.618000000000000000e+03
3.404000000000000000e+03
1.004000000000000000e+03
2.886000000000000000e+03
4.164000000000000000e+03
3.044000000000000000e+03
5.936000000000000000e+03
7.176000000000000000e+03
1.900000000000000000e+03
2.342000000000000000e+03
1.000000000000000000e+04
1.428000000000000000e+03
2.172000000000000000e+03
2.142000000000000000e+03
5.274000000000000000e+03
5.376000000000000000e+03
1.318000000000000000e+03
7.234000000000000000e+03
3.378000000000000000e+03
3.400000000000000000e+03
3.938000000000000000e+03
9.320000000000000000e+02
4.664000000000000000e+03
1.600000000000000000e+03
1.926000000000000000e+03
1.516000000000000000e+03
1.000000000000000000e+04
1.256000000000000000e+03
2.598000000000000000e+03
4.542000000000000000e+03
4.434000000000000000e+03
2.596000000000000000e+03
2.582000000000000000e+03
4.196000000000000000e+03
2.926000000000000000e+03
2.196000000000000000e+03
5.662000000000000000e+03
4.622000000000000000e+03
7.116000000000000000e+03
3.954000000000000000e+03
1.436000000000000000e+03
1.000000000000000000e+04
5.012000000000000000e+03
2.156000000000000000e+03
5.796000000000000000e+03
2.092000000000000000e+03
2.206000000000000000e+03
5.818000000000000000e+03
5.522000000000000000e+03
1.120000000000000000e+03
8.886000000000000000e+03
7.980000000000000000e+02
3.064000000000000000e+03
7.104000000000000000e+03
2.178000000000000000e+03
3.000000000000000000e+03
1.012000000000000000e+03
1.572000000000000000e+03
1.084000000000000000e+03
3.352000000000000000e+03
2.654000000000000000e+03
2.586000000000000000e+03
4.916000000000000000e+03
3.160000000000000000e+03
4.870000000000000000e+03
7.060000000000000000e+02
2.002000000000000000e+03
1.274000000000000000e+03
9.160000000000000000e+03
7.108000000000000000e+03
7.314000000000000000e+03
4.790000000000000000e+03
1.202000000000000000e+03
1.408000000000000000e+03
6.116000000000000000e+03
1.148000000000000000e+03
1.440000000000000000e+03
1.508000000000000000e+03
4.374000000000000000e+03
2.784000000000000000e+03
2.038000000000000000e+03
6.710000000000000000e+03
9.320000000000000000e+02
4.500000000000000000e+02
9.700000000000000000e+03
1.618000000000000000e+03
3.638000000000000000e+03
1.000000000000000000e+04
1.600000000000000000e+03
6.650000000000000000e+03
6.736000000000000000e+03
5.086000000000000000e+03
2.318000000000000000e+03
9.280000000000000000e+02
7.766000000000000000e+03
6.450000000000000000e+03
8.726000000000000000e+03
5.040000000000000000e+02
9.748000000000000000e+03
2.676000000000000000e+03
2.222000000000000000e+03
5.882000000000000000e+03
8.060000000000000000e+02
2.268000000000000000e+03
1.134000000000000000e+03
2.438000000000000000e+03
2.144000000000000000e+03
3.290000000000000000e+03
7.716000000000000000e+03
2.010000000000000000e+03
1.440000000000000000e+03
5.822000000000000000e+03
1.168000000000000000e+03
6.626000000000000000e+03
7.484000000000000000e+03
3.798000000000000000e+03
2.664000000000000000e+03
1.734000000000000000e+03
3.418000000000000000e+03
3.410000000000000000e+03
9.882000000000000000e+03
4.940000000000000000e+03
5.552000000000000000e+03
5.840000000000000000e+03
1.000000000000000000e+04
1.590000000000000000e+03
3.586000000000000000e+03
3.026000000000000000e+03
1.192000000000000000e+03
5.996000000000000000e+03
2.070000000000000000e+03
2.286000000000000000e+03
2.156000000000000000e+03
2.934000000000000000e+03
1.000000000000000000e+04
1.794000000000000000e+03
3.016000000000000000e+03
6.408000000000000000e+03
2.922000000000000000e+03
1.000000000000000000e+04
3.214000000000000000e+03
6.560000000000000000e+02
2.560000000000000000e+03
2.698000000000000000e+03
6.380000000000000000e+02
5.340000000000000000e+03
6.016000000000000000e+03
9.272000000000000000e+03
4.358000000000000000e+03
4.488000000000000000e+03
4.874000000000000000e+03
2.742000000000000000e+03
5.172000000000000000e+03
1.330000000000000000e+03
3.428000000000000000e+03
2.114000000000000000e+03
2.272000000000000000e+03
6.640000000000000000e+03
4.254000000000000000e+03
2.150000000000000000e+03
4.432000000000000000e+03
1.594000000000000000e+03
1.822000000000000000e+03
4.046000000000000000e+03
5.920000000000000000e+02
4.640000000000000000e+02
3.978000000000000000e+03
8.900000000000000000e+02
6.012000000000000000e+03
5.262000000000000000e+03
2.156000000000000000e+03
3.952000000000000000e+03
5.936000000000000000e+03
1.244000000000000000e+03
1.110000000000000000e+03
1.082000000000000000e+03
4.836000000000000000e+03
2.282000000000000000e+03
2.840000000000000000e+03
3.874000000000000000e+03
3.718000000000000000e+03
3.540000000000000000e+03
1.718000000000000000e+03
1.000000000000000000e+04
3.030000000000000000e+03
4.210000000000000000e+03
3.376000000000000000e+03
2.462000000000000000e+03
2.808000000000000000e+03
1.000000000000000000e+04
1.358000000000000000e+03
6.872000000000000000e+03
3.122000000000000000e+03
2.772000000000000000e+03
1.000000000000000000e+04
7.686000000000000000e+03
2.078000000000000000e+03
1.532000000000000000e+03
1.000000000000000000e+04
8.498000000000000000e+03
1.128000000000000000e+03
4.210000000000000000e+03
5.132000000000000000e+03
6.494000000000000000e+03
1.942000000000000000e+03
2.332000000000000000e+03
3.632000000000000000e+03
1.000000000000000000e+04
3.042000000000000000e+03
1.000000000000000000e+04
2.868000000000000000e+03
5.380000000000000000e+03
2.596000000000000000e+03
1.498000000000000000e+03
1.802000000000000000e+03
1.000000000000000000e+04
9.062000000000000000e+03
7.168000000000000000e+03
1.130000000000000000e+03
5.230000000000000000e+03
1.000000000000000000e+04
1.056000000000000000e+03
4.156000000000000000e+03
9.460000000000000000e+02
5.374000000000000000e+03
1.424000000000000000e+03
1.650000000000000000e+03
7.940000000000000000e+03
7.036000000000000000e+03
1.300000000000000000e+03
2.620000000000000000e+03
6.420000000000000000e+03
1.472000000000000000e+03
1.000000000000000000e+04
3.490000000000000000e+03
1.000000000000000000e+04
2.984000000000000000e+03
5.062000000000000000e+03
2.004000000000000000e+03
5.350000000000000000e+03
3.828000000000000000e+03
4.670000000000000000e+03
3.824000000000000000e+03
1.000000000000000000e+04
2.344000000000000000e+03
3.584000000000000000e+03
1.316000000000000000e+03
1.874000000000000000e+03
2.182000000000000000e+03
1.492000000000000000e+03
2.474000000000000000e+03
1.232000000000000000e+03
3.226000000000000000e+03
2.616000000000000000e+03
2.552000000000000000e+03
2.002000000000000000e+03
5.164000000000000000e+03
2.252000000000000000e+03
1.000000000000000000e+04
7.688000000000000000e+03
1.132000000000000000e+03
6.496000000000000000e+03
1.000000000000000000e+04
1.000000000000000000e+04
1.890000000000000000e+03
7.348000000000000000e+03
1.694000000000000000e+03
1.000000000000000000e+04
1.000000000000000000e+04
3.570000000000000000e+03
2.674000000000000000e+03
2.576000000000000000e+03
2.298000000000000000e+03
1.560000000000000000e+03
1.000000000000000000e+04
2.518000000000000000e+03
9.600000000000000000e+02
2.786000000000000000e+03
1.724000000000000000e+03
3.390000000000000000e+03
4.678000000000000000e+03
7.860000000000000000e+02
4.016000000000000000e+03
2.270000000000000000e+03
3.250000000000000000e+03
3.756000000000000000e+03
4.412000000000000000e+03
3.712000000000000000e+03
7.164000000000000000e+03
3.348000000000000000e+03
2.456000000000000000e+03
6.448000000000000000e+03
5.580000000000000000e+02
6.498000000000000000e+03
2.546000000000000000e+03
4.820000000000000000e+03
1.494000000000000000e+03
1.260000000000000000e+03
2.962000000000000000e+03
7.064000000000000000e+03
8.092000000000000000e+03
2.024000000000000000e+03
1.342000000000000000e+03
9.206000000000000000e+03
2.086000000000000000e+03
2.364000000000000000e+03
7.870000000000000000e+03
2.004000000000000000e+03
1.688000000000000000e+03
2.948000000000000000e+03
3.682000000000000000e+03
2.334000000000000000e+03
1.000000000000000000e+04
9.800000000000000000e+02
2.512000000000000000e+03
5.470000000000000000e+03
5.474000000000000000e+03
3.066000000000000000e+03
4.520000000000000000e+03
3.022000000000000000e+03
1.034000000000000000e+03
3.092000000000000000e+03
3.438000000000000000e+03
1.646000000000000000e+03
6.670000000000000000e+03
3.602000000000000000e+03
1.000000000000000000e+04
7.400000000000000000e+02
7.410000000000000000e+03
3.208000000000000000e+03
5.058000000000000000e+03
3.172000000000000000e+03
2.328000000000000000e+03
9.280000000000000000e+02
1.166000000000000000e+03
7.018000000000000000e+03
2.604000000000000000e+03
3.030000000000000000e+03
2.724000000000000000e+03
1.000000000000000000e+04
1.460000000000000000e+03
1.698000000000000000e+03
9.700000000000000000e+02
4.080000000000000000e+03
1.722000000000000000e+03
2.970000000000000000e+03
1.548000000000000000e+03
3.694000000000000000e+03
2.054000000000000000e+03
1.016000000000000000e+03
9.400000000000000000e+02
1.542000000000000000e+03
1.086000000000000000e+03
1.000000000000000000e+04
6.612000000000000000e+03
7.740000000000000000e+02
1.000000000000000000e+04
5.074000000000000000e+03
3.472000000000000000e+03
4.884000000000000000e+03
3.560000000000000000e+03
2.584000000000000000e+03
7.938000000000000000e+03
3.220000000000000000e+03
3.932000000000000000e+03
1.050000000000000000e+03
7.984000000000000000e+03
1.684000000000000000e+03
5.108000000000000000e+03
1.768000000000000000e+03
4.910000000000000000e+03
1.576000000000000000e+03
8.274000000000000000e+03
9.256000000000000000e+03
3.692000000000000000e+03
2.370000000000000000e+03
7.658000000000000000e+03
4.154000000000000000e+03
1.000000000000000000e+04
4.656000000000000000e+03
3.120000000000000000e+03
1.044000000000000000e+03
1.000000000000000000e+04
3.522000000000000000e+03
3.946000000000000000e+03
4.282000000000000000e+03
3.254000000000000000e+03
2.088000000000000000e+03
6.014000000000000000e+03
1.000000000000000000e+04
1.000000000000000000e+04
2.358000000000000000e+03
3.118000000000000000e+03
4.870000000000000000e+03
1.432000000000000000e+03
7.880000000000000000e+02
2.572000000000000000e+03
5.542000000000000000e+03
2.266000000000000000e+03
2.638000000000000000e+03
4.164000000000000000e+03
2.808000000000000000e+03
9.780000000000000000e+02
7.562000000000000000e+03
2.336000000000000000e+03
2.838000000000000000e+03
2.380000000000000000e+03
1.000000000000000000e+04
9.040000000000000000e+03
1.000000000000000000e+04
5.700000000000000000e+03
3.078000000000000000e+03
3.696000000000000000e+03
9.920000000000000000e+02
1.320000000000000000e+03
5.258000000000000000e+03
4.138000000000000000e+03
2.110000000000000000e+03
6.248000000000000000e+03
4.668000000000000000e+03
2.162000000000000000e+03
4.824000000000000000e+03
1.766000000000000000e+03
5.408000000000000000e+03
1.404000000000000000e+03
1.954000000000000000e+03
3.210000000000000000e+03
1.000000000000000000e+04
1.452000000000000000e+03
9.768000000000000000e+03
3.702000000000000000e+03
2.818000000000000000e+03
2.172000000000000000e+03
2.410000000000000000e+03
8.522000000000000000e+03
2.248000000000000000e+03
1.548000000000000000e+03
1.000000000000000000e+04
1.960000000000000000e+03
2.234000000000000000e+03
8.142000000000000000e+03
7.288000000000000000e+03
6.334000000000000000e+03
2.944000000000000000e+03
1.184000000000000000e+03
6.160000000000000000e+02
6.402000000000000000e+03
1.618000000000000000e+03
4.738000000000000000e+03
4.082000000000000000e+03
1.890000000000000000e+03
4.330000000000000000e+03
1.310000000000000000e+03
4.042000000000000000e+03
2.250000000000000000e+03
5.108000000000000000e+03
1.506000000000000000e+03
4.922000000000000000e+03
9.472000000000000000e+03
4.680000000000000000e+03
2.736000000000000000e+03
3.324000000000000000e+03
1.468000000000000000e+03
1.000000000000000000e+04
1.890000000000000000e+03
8.614000000000000000e+03
3.234000000000000000e+03
2.850000000000000000e+03
6.940000000000000000e+03
6.618000000000000000e+03
6.960000000000000000e+03
8.040000000000000000e+02
5.466000000000000000e+03
3.660000000000000000e+03
6.230000000000000000e+03
3.054000000000000000e+03
3.440000000000000000e+03
1.836000000000000000e+03
6.764000000000000000e+03
3.190000000000000000e+03
5.670000000000000000e+03
4.552000000000000000e+03
1.322000000000000000e+03
3.906000000000000000e+03
1.988000000000000000e+03
3.040000000000000000e+03
8.602000000000000000e+03
4.210000000000000000e+03
6.268000000000000000e+03
7.758000000000000000e+03
3.232000000000000000e+03
1.000000000000000000e+04
2.700000000000000000e+03
1.506000000000000000e+03
4.814000000000000000e+03
2.764000000000000000e+03
1.608000000000000000e+03
8.094000000000000000e+03
3.638000000000000000e+03
2.284000000000000000e+03
5.852000000000000000e+03
4.876000000000000000e+03
2.858000000000000000e+03
1.972000000000000000e+03
2.064000000000000000e+03
1.000000000000000000e+04
3.580000000000000000e+03
3.076000000000000000e+03
1.000000000000000000e+04
9.720000000000000000e+02
1.986000000000000000e+03
1.928000000000000000e+03
9.380000000000000000e+02
1.758000000000000000e+03
2.128000000000000000e+03
7.106000000000000000e+03
2.064000000000000000e+03
8.826000000000000000e+03
4.872000000000000000e+03
2.814000000000000000e+03
2.518000000000000000e+03
4.148000000000000000e+03
7.258000000000000000e+03
4.266000000000000000e+03
6.900000000000000000e+02
1.158000000000000000e+03
6.502000000000000000e+03
9.604000000000000000e+03
1.256000000000000000e+03
1.000000000000000000e+04
1.784000000000000000e+03
2.028000000000000000e+03
6.224000000000000000e+03
1.848000000000000000e+03
1.000000000000000000e+04
8.168000000000000000e+03
7.026000000000000000e+03
9.100000000000000000e+02
5.000000000000000000e+02
1.050000000000000000e+03
3.394000000000000000e+03
2.900000000000000000e+03
1.122000000000000000e+03
3.816000000000000000e+03
2.752000000000000000e+03
3.868000000000000000e+03
3.598000000000000000e+03
2.924000000000000000e+03
6.602000000000000000e+03
3.664000000000000000e+03
5.410000000000000000e+03
2.328000000000000000e+03
1.404000000000000000e+03
1.384000000000000000e+03
6.240000000000000000e+02
2.194000000000000000e+03
6.660000000000000000e+02
1.000000000000000000e+04
1.606000000000000000e+03
8.490000000000000000e+03
4.132000000000000000e+03
4.770000000000000000e+03
4.090000000000000000e+03
1.000000000000000000e+04
6.638000000000000000e+03
3.396000000000000000e+03
3.992000000000000000e+03
2.046000000000000000e+03
2.920000000000000000e+03
1.870000000000000000e+03
8.672000000000000000e+03
1.000000000000000000e+04
2.054000000000000000e+03
2.050000000000000000e+03
6.212000000000000000e+03
4.110000000000000000e+03
1.908000000000000000e+03
6.224000000000000000e+03
2.876000000000000000e+03
4.542000000000000000e+03
1.650000000000000000e+03
2.506000000000000000e+03
2.324000000000000000e+03
9.742000000000000000e+03
7.614000000000000000e+03
5.054000000000000000e+03
2.400000000000000000e+03
2.482000000000000000e+03
1.140000000000000000e+03
9.480000000000000000e+03
1.596000000000000000e+03
3.272000000000000000e+03
7.998000000000000000e+03
3.704000000000000000e+03
9.620000000000000000e+02
9.920000000000000000e+03
4.184000000000000000e+03
2.464000000000000000e+03
1.548000000000000000e+03
1.218000000000000000e+03
1.512000000000000000e+03
2.276000000000000000e+03
1.000000000000000000e+04
8.110000000000000000e+03
3.242000000000000000e+03
1.610000000000000000e+03
5.976000000000000000e+03
1.182000000000000000e+03
1.284000000000000000e+03
2.912000000000000000e+03
7.116000000000000000e+03
5.282000000000000000e+03
1.000000000000000000e+04
6.600000000000000000e+02
1.804000000000000000e+03
2.276000000000000000e+03
6.080000000000000000e+02
1.494000000000000000e+03
6.140000000000000000e+03
4.450000000000000000e+03
4.238000000000000000e+03
1.682000000000000000e+03
1.000000000000000000e+04
3.728000000000000000e+03
5.632000000000000000e+03
5.522000000000000000e+03
2.288000000000000000e+03
2.838000000000000000e+03
7.132000000000000000e+03
7.946000000000000000e+03
4.054000000000000000e+03
8.220000000000000000e+02
1.916000000000000000e+03
8.276000000000000000e+03
3.666000000000000000e+03
4.320000000000000000e+03
7.756000000000000000e+03
1.000000000000000000e+04
6.992000000000000000e+03
3.188000000000000000e+03
5.286000000000000000e+03
4.222000000000000000e+03
2.992000000000000000e+03
5.090000000000000000e+03
8.066000000000000000e+03
1.000000000000000000e+04
4.606000000000000000e+03
7.060000000000000000e+02
2.454000000000000000e+03
8.770000000000000000e+03
2.982000000000000000e+03
2.140000000000000000e+03
8.720000000000000000e+03
2.852000000000000000e+03
1.736000000000000000e+03
1.750000000000000000e+03
1.620000000000000000e+03
3.042000000000000000e+03
3.250000000000000000e+03
1.972000000000000000e+03
1.896000000000000000e+03
1.640000000000000000e+03
3.792000000000000000e+03
2.910000000000000000e+03
3.324000000000000000e+03
5.736000000000000000e+03
2.180000000000000000e+03
1.686000000000000000e+03
4.254000000000000000e+03
2.532000000000000000e+03
3.860000000000000000e+03
3.096000000000000000e+03
5.148000000000000000e+03
8.368000000000000000e+03
1.000000000000000000e+04
1.396000000000000000e+03
5.080000000000000000e+02
5.710000000000000000e+03
3.756000000000000000e+03
3.750000000000000000e+03
3.052000000000000000e+03
2.276000000000000000e+03
1.000000000000000000e+04
2.342000000000000000e+03
4.346000000000000000e+03
7.062000000000000000e+03
4.656000000000000000e+03
2.822000000000000000e+03
2.316000000000000000e+03
4.428000000000000000e+03
2.922000000000000000e+03
5.050000000000000000e+03
1.540000000000000000e+03
9.430000000000000000e+03
3.984000000000000000e+03
1.840000000000000000e+03
2.778000000000000000e+03
2.736000000000000000e+03
3.622000000000000000e+03
7.876000000000000000e+03
1.000000000000000000e+04
3.232000000000000000e+03
3.078000000000000000e+03
5.720000000000000000e+03
4.562000000000000000e+03
9.240000000000000000e+02
1.802000000000000000e+03
9.034000000000000000e+03
6.080000000000000000e+02
2.262000000000000000e+03
5.168000000000000000e+03
1.170000000000000000e+03
6.090000000000000000e+03
2.292000000000000000e+03
1.714000000000000000e+03
2.562000000000000000e+03
2.574000000000000000e+03
2.970000000000000000e+03
7.464000000000000000e+03
1.000000000000000000e+04
1.228000000000000000e+03
8.758000000000000000e+03
2.344000000000000000e+03
3.136000000000000000e+03
7.996000000000000000e+03
7.576000000000000000e+03
2.692000000000000000e+03
1.000000000000000000e+04
8.614000000000000000e+03
2.634000000000000000e+03
7.740000000000000000e+02
1.448000000000000000e+03
1.000000000000000000e+04
2.150000000000000000e+03
2.142000000000000000e+03
3.008000000000000000e+03
4.096000000000000000e+03
8.182000000000000000e+03
1.060000000000000000e+03
3.880000000000000000e+03
1.270000000000000000e+03
4.148000000000000000e+03
2.106000000000000000e+03
2.854000000000000000e+03
4.210000000000000000e+03
6.104000000000000000e+03
3.306000000000000000e+03
7.520000000000000000e+02
7.620000000000000000e+03
3.584000000000000000e+03
4.000000000000000000e+03
2.144000000000000000e+03
4.564000000000000000e+03
7.410000000000000000e+03
5.208000000000000000e+03
1.966000000000000000e+03
5.386000000000000000e+03
5.896000000000000000e+03
2.846000000000000000e+03
3.568000000000000000e+03
3.702000000000000000e+03
5.568000000000000000e+03
1.556000000000000000e+03
1.644000000000000000e+03
1.556000000000000000e+03
5.660000000000000000e+03
4.316000000000000000e+03
1.000000000000000000e+04
1.632000000000000000e+03
5.316000000000000000e+03
1.118000000000000000e+03
5.036000000000000000e+03
5.902000000000000000e+03
2.452000000000000000e+03
3.008000000000000000e+03
5.830000000000000000e+03
5.076000000000000000e+03
4.554000000000000000e+03
3.760000000000000000e+03
1.000000000000000000e+04
4.388000000000000000e+03
2.486000000000000000e+03
2.670000000000000000e+03
3.500000000000000000e+03
1.912000000000000000e+03
3.864000000000000000e+03
6.806000000000000000e+03
3.868000000000000000e+03
1.274000000000000000e+03
2.316000000000000000e+03
3.340000000000000000e+03
9.320000000000000000e+02
1.222000000000000000e+03
2.154000000000000000e+03
4.094000000000000000e+03
2.690000000000000000e+03
2.900000000000000000e+03
2.446000000000000000e+03
2.832000000000000000e+03
6.368000000000000000e+03
5.812000000000000000e+03
2.228000000000000000e+03
1.486000000000000000e+03
1.302000000000000000e+03
7.184000000000000000e+03
9.556000000000000000e+03
4.470000000000000000e+03
6.010000000000000000e+03
1.000000000000000000e+04
2.754000000000000000e+03
2.154000000000000000e+03
1.512000000000000000e+03
1.000000000000000000e+04
2.504000000000000000e+03
1.268000000000000000e+03
3.276000000000000000e+03
2.586000000000000000e+03
1.050000000000000000e+03
2.096000000000000000e+03
4.758000000000000000e+03
1.062000000000000000e+03
6.082000000000000000e+03
2.262000000000000000e+03
7.188000000000000000e+03
1.574000000000000000e+03
1.370000000000000000e+03
1.000000000000000000e+04
1.918000000000000000e+03
5.884000000000000000e+03
