1.096000000000000000e+03
8.520000000000000000e+02
1.980000000000000000e+03
2.668000000000000000e+03
6.840000000000000000e+03
5.640000000000000000e+02
1.716000000000000000e+03
3.068000000000000000e+03
8.200000000000000000e+02
2.504000000000000000e+03
3.780000000000000000e+03
1.948000000000000000e+03
8.460000000000000000e+03
2.136000000000000000e+03
1.196000000000000000e+03
1.016000000000000000e+03
9.504000000000000000e+03
7.112000000000000000e+03
1.104000000000000000e+03
1.076000000000000000e+03
9.760000000000000000e+02
9.880000000000000000e+02
3.084000000000000000e+03
2.356000000000000000e+03
2.396000000000000000e+03
2.768000000000000000e+03
2.472000000000000000e+03
2.244000000000000000e+03
7.048000000000000000e+03
4.220000000000000000e+03
2.168000000000000000e+03
1.872000000000000000e+03
3.164000000000000000e+03
1.056000000000000000e+03
1.484000000000000000e+03
8.400000000000000000e+02
6.760000000000000000e+03
2.700000000000000000e+03
7.280000000000000000e+02
8.320000000000000000e+02
1.408000000000000000e+03
1.428000000000000000e+03
3.308000000000000000e+03
1.052000000000000000e+03
1.048000000000000000e+03
6.292000000000000000e+03
1.692000000000000000e+03
1.468000000000000000e+03
1.760000000000000000e+03
2.572000000000000000e+03
3.236000000000000000e+03
1.080000000000000000e+03
1.752000000000000000e+03
5.080000000000000000e+02
2.480000000000000000e+03
3.960000000000000000e+03
1.804000000000000000e+03
1.876000000000000000e+03
1.776000000000000000e+03
1.800000000000000000e+03
1.788000000000000000e+03
1.832000000000000000e+03
6.880000000000000000e+02
1.200000000000000000e+03
1.672000000000000000e+03
1.156000000000000000e+03
8.380000000000000000e+03
7.280000000000000000e+02
6.800000000000000000e+02
5.260000000000000000e+03
3.540000000000000000e+03
8.128000000000000000e+03
7.840000000000000000e+02
2.160000000000000000e+03
7.136000000000000000e+03
3.120000000000000000e+02
1.956000000000000000e+03
2.628000000000000000e+03
1.120000000000000000e+03
1.584000000000000000e+03
6.160000000000000000e+02
2.492000000000000000e+03
1.668000000000000000e+03
1.568000000000000000e+03
2.200000000000000000e+03
1.308000000000000000e+03
1.096000000000000000e+03
9.400000000000000000e+02
2.076000000000000000e+03
4.072000000000000000e+03
2.636000000000000000e+03
5.508000000000000000e+03
1.164000000000000000e+03
2.148000000000000000e+03
4.960000000000000000e+03
1.820000000000000000e+03
1.548000000000000000e+03
2.696000000000000000e+03
3.548000000000000000e+03
1.860000000000000000e+03
2.360000000000000000e+03
2.692000000000000000e+03
4.136000000000000000e+03
4.096000000000000000e+03
1.204000000000000000e+03
9.320000000000000000e+02
2.536000000000000000e+03
9.600000000000000000e+02
1.260000000000000000e+03
5.584000000000000000e+03
3.308000000000000000e+03
2.448000000000000000e+03
1.472000000000000000e+03
1.872000000000000000e+03
5.800000000000000000e+02
4.648000000000000000e+03
1.472000000000000000e+03
4.720000000000000000e+03
1.272000000000000000e+03
3.120000000000000000e+02
1.340000000000000000e+03
1.444000000000000000e+03
7.280000000000000000e+02
1.296000000000000000e+03
1.644000000000000000e+03
8.400000000000000000e+02
2.932000000000000000e+03
2.384000000000000000e+03
1.668000000000000000e+03
1.052000000000000000e+03
2.040000000000000000e+03
2.888000000000000000e+03
1.680000000000000000e+03
6.480000000000000000e+02
1.728000000000000000e+03
6.360000000000000000e+02
1.996000000000000000e+03
5.000000000000000000e+02
2.668000000000000000e+03
8.920000000000000000e+02
2.872000000000000000e+03
5.212000000000000000e+03
1.000000000000000000e+04
5.148000000000000000e+03
1.344000000000000000e+03
4.960000000000000000e+02
9.680000000000000000e+02
1.672000000000000000e+03
2.028000000000000000e+03
3.472000000000000000e+03
7.324000000000000000e+03
1.496000000000000000e+03
3.168000000000000000e+03
5.512000000000000000e+03
2.472000000000000000e+03
1.892000000000000000e+03
1.364000000000000000e+03
6.160000000000000000e+02
3.332000000000000000e+03
3.680000000000000000e+02
3.156000000000000000e+03
5.372000000000000000e+03
1.184000000000000000e+03
1.244000000000000000e+03
8.840000000000000000e+02
1.580000000000000000e+03
7.520000000000000000e+02
6.240000000000000000e+02
4.164000000000000000e+03
1.484000000000000000e+03
5.720000000000000000e+02
1.932000000000000000e+03
5.468000000000000000e+03
4.528000000000000000e+03
2.076000000000000000e+03
6.640000000000000000e+02
1.404000000000000000e+03
1.272000000000000000e+03
1.540000000000000000e+03
2.604000000000000000e+03
7.348000000000000000e+03
8.120000000000000000e+02
3.716000000000000000e+03
2.380000000000000000e+03
1.168000000000000000e+03
1.212000000000000000e+03
2.092000000000000000e+03
3.336000000000000000e+03
2.164000000000000000e+03
5.280000000000000000e+02
7.640000000000000000e+02
6.320000000000000000e+02
7.400000000000000000e+02
5.360000000000000000e+02
1.092000000000000000e+03
1.728000000000000000e+03
1.364000000000000000e+03
2.672000000000000000e+03
1.428000000000000000e+03
2.048000000000000000e+03
1.124000000000000000e+03
2.060000000000000000e+03
9.880000000000000000e+02
2.884000000000000000e+03
2.660000000000000000e+03
5.424000000000000000e+03
1.028000000000000000e+03
3.684000000000000000e+03
6.760000000000000000e+02
1.216000000000000000e+03
5.172000000000000000e+03
2.524000000000000000e+03
3.424000000000000000e+03
1.904000000000000000e+03
6.112000000000000000e+03
3.220000000000000000e+03
1.572000000000000000e+03
3.196000000000000000e+03
3.964000000000000000e+03
1.440000000000000000e+03
1.008000000000000000e+03
2.328000000000000000e+03
4.180000000000000000e+03
1.252000000000000000e+03
2.096000000000000000e+03
8.000000000000000000e+02
1.476000000000000000e+03
1.796000000000000000e+03
5.840000000000000000e+02
1.524000000000000000e+03
5.244000000000000000e+03
4.360000000000000000e+02
5.104000000000000000e+03
1.148000000000000000e+03
1.840000000000000000e+03
6.360000000000000000e+02
2.168000000000000000e+03
6.856000000000000000e+03
4.240000000000000000e+02
6.908000000000000000e+03
1.420000000000000000e+03
3.728000000000000000e+03
1.076000000000000000e+03
4.880000000000000000e+02
4.360000000000000000e+02
1.924000000000000000e+03
3.480000000000000000e+03
1.032000000000000000e+03
1.616000000000000000e+03
2.268000000000000000e+03
4.884000000000000000e+03
1.196000000000000000e+03
5.200000000000000000e+02
3.988000000000000000e+03
4.788000000000000000e+03
1.004000000000000000e+03
2.240000000000000000e+03
2.592000000000000000e+03
1.468000000000000000e+03
5.560000000000000000e+02
5.640000000000000000e+02
1.456000000000000000e+03
5.080000000000000000e+02
2.400000000000000000e+03
7.720000000000000000e+02
1.376000000000000000e+03
1.908000000000000000e+03
6.480000000000000000e+02
1.780000000000000000e+03
6.640000000000000000e+02
3.840000000000000000e+02
1.464000000000000000e+03
1.100000000000000000e+03
2.408000000000000000e+03
5.440000000000000000e+02
4.200000000000000000e+02
3.092000000000000000e+03
7.320000000000000000e+02
4.720000000000000000e+02
5.440000000000000000e+02
8.320000000000000000e+02
5.680000000000000000e+02
4.972000000000000000e+03
9.000000000000000000e+02
1.228000000000000000e+03
1.832000000000000000e+03
9.840000000000000000e+02
9.200000000000000000e+02
1.164000000000000000e+03
2.480000000000000000e+03
4.680000000000000000e+02
1.172000000000000000e+03
5.236000000000000000e+03
1.032000000000000000e+03
1.764000000000000000e+03
3.160000000000000000e+02
2.184000000000000000e+03
3.036000000000000000e+03
2.236000000000000000e+03
1.084000000000000000e+03
1.260000000000000000e+03
3.052000000000000000e+03
5.600000000000000000e+02
4.240000000000000000e+02
1.084000000000000000e+03
2.616000000000000000e+03
1.236000000000000000e+03
1.252000000000000000e+03
1.192000000000000000e+03
3.300000000000000000e+03
8.200000000000000000e+02
1.156000000000000000e+03
3.360000000000000000e+02
1.088000000000000000e+03
4.000000000000000000e+02
1.508000000000000000e+03
1.996000000000000000e+03
1.060000000000000000e+03
7.640000000000000000e+02
6.480000000000000000e+02
1.880000000000000000e+03
4.720000000000000000e+02
1.000000000000000000e+03
4.084000000000000000e+03
1.920000000000000000e+02
1.720000000000000000e+03
1.496000000000000000e+03
2.196000000000000000e+03
4.092000000000000000e+03
1.552000000000000000e+03
5.840000000000000000e+02
1.336000000000000000e+03
3.420000000000000000e+03
2.592000000000000000e+03
3.880000000000000000e+02
3.492000000000000000e+03
2.048000000000000000e+03
2.672000000000000000e+03
1.300000000000000000e+03
2.728000000000000000e+03
2.504000000000000000e+03
7.920000000000000000e+02
2.480000000000000000e+02
5.400000000000000000e+02
9.560000000000000000e+02
1.684000000000000000e+03
3.780000000000000000e+03
1.680000000000000000e+02
2.084000000000000000e+03
1.052000000000000000e+03
2.076000000000000000e+03
1.624000000000000000e+03
6.920000000000000000e+02
3.200000000000000000e+02
3.196000000000000000e+03
1.800000000000000000e+03
4.088000000000000000e+03
1.928000000000000000e+03
1.384000000000000000e+03
1.544000000000000000e+03
5.800000000000000000e+02
9.320000000000000000e+02
1.004000000000000000e+03
1.600000000000000000e+03
9.080000000000000000e+02
4.960000000000000000e+02
1.724000000000000000e+03
8.280000000000000000e+02
8.480000000000000000e+02
1.328000000000000000e+03
3.200000000000000000e+02
8.280000000000000000e+02
1.336000000000000000e+03
5.104000000000000000e+03
2.640000000000000000e+02
6.800000000000000000e+02
2.416000000000000000e+03
1.288000000000000000e+03
8.480000000000000000e+02
2.856000000000000000e+03
3.380000000000000000e+03
3.616000000000000000e+03
1.156000000000000000e+03
2.164000000000000000e+03
1.148000000000000000e+03
1.608000000000000000e+03
1.940000000000000000e+03
1.084000000000000000e+03
4.800000000000000000e+02
5.120000000000000000e+02
2.240000000000000000e+02
1.116000000000000000e+03
1.476000000000000000e+03
3.220000000000000000e+03
1.308000000000000000e+03
1.780000000000000000e+03
2.124000000000000000e+03
9.440000000000000000e+02
3.240000000000000000e+02
1.492000000000000000e+03
9.480000000000000000e+02
2.924000000000000000e+03
7.960000000000000000e+02
1.148000000000000000e+03
7.920000000000000000e+02
3.196000000000000000e+03
1.292000000000000000e+03
2.160000000000000000e+03
3.144000000000000000e+03
6.800000000000000000e+02
1.504000000000000000e+03
1.448000000000000000e+03
5.240000000000000000e+02
4.960000000000000000e+02
6.920000000000000000e+02
1.120000000000000000e+03
1.556000000000000000e+03
8.560000000000000000e+02
4.680000000000000000e+02
6.240000000000000000e+02
1.240000000000000000e+03
2.284000000000000000e+03
7.600000000000000000e+02
2.968000000000000000e+03
1.048000000000000000e+03
3.000000000000000000e+02
3.308000000000000000e+03
3.360000000000000000e+02
1.944000000000000000e+03
1.364000000000000000e+03
3.156000000000000000e+03
1.020000000000000000e+03
5.012000000000000000e+03
3.840000000000000000e+02
7.600000000000000000e+02
5.600000000000000000e+02
7.640000000000000000e+02
7.640000000000000000e+02
1.020000000000000000e+03
6.560000000000000000e+02
1.312000000000000000e+03
2.236000000000000000e+03
6.520000000000000000e+02
3.280000000000000000e+02
3.080000000000000000e+02
9.200000000000000000e+02
1.728000000000000000e+03
3.240000000000000000e+02
3.068000000000000000e+03
1.916000000000000000e+03
9.720000000000000000e+02
1.432000000000000000e+03
3.000000000000000000e+03
1.452000000000000000e+03
2.564000000000000000e+03
1.384000000000000000e+03
3.892000000000000000e+03
1.872000000000000000e+03
9.000000000000000000e+02
8.960000000000000000e+02
1.260000000000000000e+03
5.680000000000000000e+02
1.084000000000000000e+03
2.560000000000000000e+03
5.360000000000000000e+02
1.148000000000000000e+03
4.956000000000000000e+03
1.484000000000000000e+03
4.880000000000000000e+02
1.632000000000000000e+03
1.472000000000000000e+03
8.040000000000000000e+02
1.372000000000000000e+03
1.384000000000000000e+03
1.996000000000000000e+03
5.360000000000000000e+02
9.920000000000000000e+02
9.080000000000000000e+02
5.520000000000000000e+02
1.560000000000000000e+02
1.604000000000000000e+03
8.800000000000000000e+02
5.000000000000000000e+02
3.160000000000000000e+02
1.580000000000000000e+03
6.280000000000000000e+02
5.520000000000000000e+02
1.528000000000000000e+03
7.840000000000000000e+02
8.760000000000000000e+02
2.240000000000000000e+02
1.396000000000000000e+03
3.880000000000000000e+02
4.800000000000000000e+02
1.088000000000000000e+03
4.960000000000000000e+02
1.480000000000000000e+02
4.308000000000000000e+03
8.280000000000000000e+02
1.440000000000000000e+03
