1.664000000000000000e+03
1.768000000000000000e+03
2.968000000000000000e+03
1.000000000000000000e+04
5.424000000000000000e+03
3.312000000000000000e+03
3.724000000000000000e+03
7.520000000000000000e+02
1.792000000000000000e+03
8.000000000000000000e+02
8.560000000000000000e+02
8.880000000000000000e+02
1.992000000000000000e+03
8.800000000000000000e+02
5.528000000000000000e+03
1.216000000000000000e+03
5.480000000000000000e+02
3.196000000000000000e+03
1.216000000000000000e+03
6.240000000000000000e+02
1.176000000000000000e+03
6.840000000000000000e+02
1.720000000000000000e+03
2.604000000000000000e+03
2.960000000000000000e+03
3.880000000000000000e+02
2.804000000000000000e+03
2.756000000000000000e+03
1.144000000000000000e+03
3.768000000000000000e+03
1.264000000000000000e+03
9.276000000000000000e+03
2.420000000000000000e+03
2.096000000000000000e+03
8.280000000000000000e+02
5.160000000000000000e+02
3.396000000000000000e+03
2.536000000000000000e+03
3.156000000000000000e+03
1.412000000000000000e+03
1.536000000000000000e+03
3.320000000000000000e+03
7.680000000000000000e+02
4.720000000000000000e+02
1.724000000000000000e+03
8.480000000000000000e+02
7.520000000000000000e+02
1.804000000000000000e+03
1.880000000000000000e+03
5.840000000000000000e+02
2.680000000000000000e+02
3.308000000000000000e+03
6.600000000000000000e+02
1.464000000000000000e+03
7.320000000000000000e+02
1.300000000000000000e+03
3.284000000000000000e+03
7.756000000000000000e+03
8.960000000000000000e+02
2.880000000000000000e+02
2.096000000000000000e+03
1.028000000000000000e+03
8.480000000000000000e+02
5.800000000000000000e+02
6.520000000000000000e+02
1.324000000000000000e+03
1.508000000000000000e+03
1.500000000000000000e+03
1.444000000000000000e+03
2.176000000000000000e+03
1.196000000000000000e+03
1.292000000000000000e+03
5.520000000000000000e+02
2.844000000000000000e+03
6.720000000000000000e+02
1.720000000000000000e+03
6.376000000000000000e+03
2.960000000000000000e+03
1.300000000000000000e+03
1.896000000000000000e+03
1.724000000000000000e+03
5.520000000000000000e+03
6.040000000000000000e+02
3.988000000000000000e+03
1.720000000000000000e+03
4.280000000000000000e+02
5.640000000000000000e+02
5.360000000000000000e+02
1.352000000000000000e+03
7.360000000000000000e+02
3.040000000000000000e+02
3.560000000000000000e+03
7.400000000000000000e+02
1.220000000000000000e+03
1.484000000000000000e+03
1.944000000000000000e+03
1.020000000000000000e+03
7.200000000000000000e+02
2.724000000000000000e+03
2.416000000000000000e+03
7.240000000000000000e+02
7.640000000000000000e+02
2.740000000000000000e+03
8.720000000000000000e+02
4.140000000000000000e+03
2.240000000000000000e+03
3.900000000000000000e+03
1.592000000000000000e+03
5.800000000000000000e+02
1.184000000000000000e+03
1.496000000000000000e+03
3.288000000000000000e+03
6.760000000000000000e+02
8.960000000000000000e+02
1.212000000000000000e+03
9.680000000000000000e+02
1.272000000000000000e+03
2.916000000000000000e+03
2.136000000000000000e+03
9.240000000000000000e+02
1.576000000000000000e+03
5.000000000000000000e+02
2.356000000000000000e+03
1.088000000000000000e+03
6.080000000000000000e+02
2.328000000000000000e+03
1.676000000000000000e+03
3.800000000000000000e+02
9.160000000000000000e+02
1.096000000000000000e+03
3.600000000000000000e+02
6.920000000000000000e+02
1.364000000000000000e+03
2.448000000000000000e+03
2.072000000000000000e+03
2.120000000000000000e+02
1.808000000000000000e+03
6.160000000000000000e+02
1.536000000000000000e+03
1.892000000000000000e+03
3.832000000000000000e+03
2.548000000000000000e+03
4.564000000000000000e+03
2.596000000000000000e+03
9.800000000000000000e+02
4.680000000000000000e+02
1.716000000000000000e+03
1.820000000000000000e+03
4.040000000000000000e+02
2.084000000000000000e+03
8.560000000000000000e+02
4.524000000000000000e+03
7.120000000000000000e+02
2.112000000000000000e+03
8.720000000000000000e+02
1.536000000000000000e+03
1.524000000000000000e+03
5.560000000000000000e+02
1.784000000000000000e+03
1.232000000000000000e+03
2.284000000000000000e+03
1.240000000000000000e+03
2.312000000000000000e+03
1.244000000000000000e+03
9.880000000000000000e+02
9.200000000000000000e+02
6.040000000000000000e+02
3.312000000000000000e+03
1.600000000000000000e+03
9.440000000000000000e+02
1.704000000000000000e+03
1.100000000000000000e+03
7.960000000000000000e+02
8.720000000000000000e+02
2.388000000000000000e+03
1.296000000000000000e+03
3.000000000000000000e+03
1.100000000000000000e+03
1.692000000000000000e+03
1.720000000000000000e+03
1.604000000000000000e+03
7.000000000000000000e+02
1.056000000000000000e+03
8.320000000000000000e+02
3.320000000000000000e+02
1.068000000000000000e+03
1.372000000000000000e+03
3.880000000000000000e+02
6.320000000000000000e+02
1.228000000000000000e+03
3.456000000000000000e+03
4.680000000000000000e+02
1.344000000000000000e+03
1.076000000000000000e+03
2.116000000000000000e+03
1.232000000000000000e+03
4.680000000000000000e+02
2.360000000000000000e+02
1.412000000000000000e+03
3.040000000000000000e+02
1.632000000000000000e+03
7.240000000000000000e+02
2.016000000000000000e+03
3.416000000000000000e+03
1.512000000000000000e+03
2.332000000000000000e+03
3.520000000000000000e+03
7.040000000000000000e+02
2.864000000000000000e+03
4.080000000000000000e+02
1.728000000000000000e+03
1.172000000000000000e+03
2.840000000000000000e+02
9.080000000000000000e+02
9.280000000000000000e+02
1.432000000000000000e+03
2.172000000000000000e+03
1.376000000000000000e+03
5.240000000000000000e+02
2.052000000000000000e+03
6.880000000000000000e+02
2.396000000000000000e+03
1.180000000000000000e+03
8.080000000000000000e+02
1.880000000000000000e+03
6.000000000000000000e+02
5.480000000000000000e+02
1.096000000000000000e+03
4.108000000000000000e+03
6.440000000000000000e+02
1.208000000000000000e+03
1.360000000000000000e+03
3.680000000000000000e+02
1.348000000000000000e+03
4.880000000000000000e+02
1.336000000000000000e+03
3.800000000000000000e+02
8.040000000000000000e+02
5.960000000000000000e+02
4.520000000000000000e+02
1.568000000000000000e+03
1.204000000000000000e+03
5.200000000000000000e+02
8.000000000000000000e+02
7.680000000000000000e+02
5.360000000000000000e+02
2.172000000000000000e+03
4.600000000000000000e+02
4.540000000000000000e+03
3.520000000000000000e+02
8.720000000000000000e+02
2.392000000000000000e+03
5.840000000000000000e+02
1.276000000000000000e+03
1.276000000000000000e+03
1.064000000000000000e+03
5.040000000000000000e+02
1.024000000000000000e+03
8.760000000000000000e+02
7.760000000000000000e+02
9.880000000000000000e+02
6.200000000000000000e+02
5.680000000000000000e+02
1.032000000000000000e+03
3.152000000000000000e+03
8.400000000000000000e+02
2.440000000000000000e+02
1.944000000000000000e+03
1.280000000000000000e+03
7.120000000000000000e+02
1.524000000000000000e+03
1.240000000000000000e+03
1.104000000000000000e+03
6.880000000000000000e+02
2.480000000000000000e+02
2.532000000000000000e+03
1.000000000000000000e+03
1.148000000000000000e+03
9.920000000000000000e+02
6.480000000000000000e+02
3.428000000000000000e+03
1.796000000000000000e+03
2.640000000000000000e+02
1.036000000000000000e+03
1.152000000000000000e+03
1.840000000000000000e+03
5.040000000000000000e+02
6.280000000000000000e+02
2.152000000000000000e+03
3.720000000000000000e+02
3.800000000000000000e+02
3.200000000000000000e+02
1.652000000000000000e+03
2.192000000000000000e+03
4.080000000000000000e+02
1.312000000000000000e+03
8.200000000000000000e+02
9.120000000000000000e+02
2.364000000000000000e+03
5.000000000000000000e+02
9.520000000000000000e+02
2.160000000000000000e+03
6.640000000000000000e+02
1.564000000000000000e+03
6.120000000000000000e+02
3.160000000000000000e+02
7.600000000000000000e+02
6.440000000000000000e+02
1.512000000000000000e+03
4.080000000000000000e+02
2.924000000000000000e+03
6.360000000000000000e+02
6.000000000000000000e+02
1.924000000000000000e+03
8.800000000000000000e+02
2.680000000000000000e+02
1.724000000000000000e+03
7.280000000000000000e+02
1.572000000000000000e+03
3.560000000000000000e+02
8.240000000000000000e+02
1.364000000000000000e+03
9.160000000000000000e+02
2.000000000000000000e+03
6.400000000000000000e+02
3.680000000000000000e+02
2.072000000000000000e+03
1.980000000000000000e+03
4.400000000000000000e+02
2.360000000000000000e+02
6.920000000000000000e+02
3.920000000000000000e+02
1.416000000000000000e+03
4.840000000000000000e+02
3.192000000000000000e+03
6.720000000000000000e+02
5.920000000000000000e+02
2.512000000000000000e+03
6.280000000000000000e+02
4.480000000000000000e+02
7.360000000000000000e+02
5.520000000000000000e+02
1.416000000000000000e+03
1.028000000000000000e+03
1.680000000000000000e+02
4.800000000000000000e+02
1.560000000000000000e+02
3.240000000000000000e+02
4.560000000000000000e+02
1.120000000000000000e+03
1.960000000000000000e+02
1.696000000000000000e+03
2.040000000000000000e+02
1.736000000000000000e+03
5.000000000000000000e+02
8.400000000000000000e+02
2.020000000000000000e+03
7.240000000000000000e+02
2.768000000000000000e+03
2.420000000000000000e+03
7.880000000000000000e+02
2.640000000000000000e+02
3.520000000000000000e+02
6.760000000000000000e+02
5.720000000000000000e+02
2.432000000000000000e+03
1.004000000000000000e+03
3.600000000000000000e+02
6.600000000000000000e+02
4.800000000000000000e+02
7.200000000000000000e+02
1.228000000000000000e+03
3.800000000000000000e+02
3.080000000000000000e+02
3.920000000000000000e+02
2.108000000000000000e+03
5.640000000000000000e+02
2.220000000000000000e+03
2.252000000000000000e+03
3.800000000000000000e+02
4.400000000000000000e+02
3.600000000000000000e+02
3.160000000000000000e+02
1.468000000000000000e+03
8.320000000000000000e+02
3.520000000000000000e+02
1.024000000000000000e+03
7.240000000000000000e+02
1.856000000000000000e+03
1.008000000000000000e+03
1.920000000000000000e+02
5.640000000000000000e+02
2.640000000000000000e+02
8.120000000000000000e+02
2.120000000000000000e+02
3.640000000000000000e+02
3.080000000000000000e+02
1.008000000000000000e+03
4.240000000000000000e+02
2.560000000000000000e+02
3.680000000000000000e+02
9.640000000000000000e+02
1.960000000000000000e+02
1.776000000000000000e+03
1.416000000000000000e+03
1.188000000000000000e+03
7.880000000000000000e+02
4.640000000000000000e+02
6.680000000000000000e+02
6.120000000000000000e+02
6.440000000000000000e+02
9.200000000000000000e+02
3.960000000000000000e+02
7.120000000000000000e+02
4.760000000000000000e+02
9.040000000000000000e+02
1.164000000000000000e+03
3.120000000000000000e+02
1.388000000000000000e+03
8.560000000000000000e+02
4.480000000000000000e+02
5.880000000000000000e+02
4.640000000000000000e+02
7.520000000000000000e+02
6.320000000000000000e+02
6.520000000000000000e+02
1.404000000000000000e+03
1.812000000000000000e+03
3.800000000000000000e+02
1.036000000000000000e+03
4.880000000000000000e+02
5.760000000000000000e+02
8.640000000000000000e+02
2.720000000000000000e+02
1.720000000000000000e+02
6.360000000000000000e+02
8.760000000000000000e+02
4.200000000000000000e+02
4.400000000000000000e+02
8.560000000000000000e+02
1.036000000000000000e+03
7.320000000000000000e+02
2.128000000000000000e+03
1.384000000000000000e+03
6.680000000000000000e+02
5.280000000000000000e+02
3.640000000000000000e+02
1.144000000000000000e+03
2.920000000000000000e+02
8.120000000000000000e+02
2.224000000000000000e+03
5.840000000000000000e+02
4.680000000000000000e+02
3.000000000000000000e+02
1.056000000000000000e+03
8.000000000000000000e+02
1.184000000000000000e+03
3.000000000000000000e+02
7.760000000000000000e+02
2.880000000000000000e+02
3.280000000000000000e+02
6.920000000000000000e+02
1.444000000000000000e+03
2.880000000000000000e+02
1.024000000000000000e+03
3.840000000000000000e+02
5.920000000000000000e+02
4.920000000000000000e+02
2.096000000000000000e+03
3.960000000000000000e+02
2.000000000000000000e+02
6.600000000000000000e+02
1.540000000000000000e+03
8.560000000000000000e+02
2.480000000000000000e+02
2.404000000000000000e+03
8.440000000000000000e+02
1.736000000000000000e+03
6.640000000000000000e+02
4.520000000000000000e+02
1.516000000000000000e+03
1.032000000000000000e+03
7.640000000000000000e+02
5.320000000000000000e+02
3.120000000000000000e+02
2.920000000000000000e+02
9.800000000000000000e+02
1.420000000000000000e+03
3.640000000000000000e+02
4.600000000000000000e+02
3.200000000000000000e+02
4.680000000000000000e+02
4.800000000000000000e+02
1.152000000000000000e+03
6.560000000000000000e+02
9.760000000000000000e+02
1.592000000000000000e+03
1.800000000000000000e+03
1.932000000000000000e+03
6.960000000000000000e+02
