3.895000000000000000e+03
1.199000000000000000e+03
7.947000000000000000e+03
2.219000000000000000e+03
1.151000000000000000e+03
6.310000000000000000e+02
8.183000000000000000e+03
1.975000000000000000e+03
1.047000000000000000e+03
4.510000000000000000e+02
7.390000000000000000e+02
8.110000000000000000e+02
2.059000000000000000e+03
6.030000000000000000e+02
2.475000000000000000e+03
9.430000000000000000e+02
4.687000000000000000e+03
8.670000000000000000e+02
2.543000000000000000e+03
2.855000000000000000e+03
1.743000000000000000e+03
1.143000000000000000e+03
2.767000000000000000e+03
4.430000000000000000e+02
1.883000000000000000e+03
1.487000000000000000e+03
2.855000000000000000e+03
1.615000000000000000e+03
3.835000000000000000e+03
3.251000000000000000e+03
1.327000000000000000e+03
2.083000000000000000e+03
6.630000000000000000e+02
6.983000000000000000e+03
8.951000000000000000e+03
9.870000000000000000e+02
1.207000000000000000e+03
1.031000000000000000e+03
1.295000000000000000e+03
1.731000000000000000e+03
1.683000000000000000e+03
3.399000000000000000e+03
1.459000000000000000e+03
1.571000000000000000e+03
1.983000000000000000e+03
6.990000000000000000e+02
1.203000000000000000e+03
1.263000000000000000e+03
8.519000000000000000e+03
2.910000000000000000e+02
3.390000000000000000e+02
1.003000000000000000e+03
2.483000000000000000e+03
4.670000000000000000e+02
4.110000000000000000e+02
2.750000000000000000e+02
3.207000000000000000e+03
5.670000000000000000e+02
8.830000000000000000e+02
8.910000000000000000e+02
1.683000000000000000e+03
2.879000000000000000e+03
2.355000000000000000e+03
1.355000000000000000e+03
3.670000000000000000e+02
1.479000000000000000e+03
1.095000000000000000e+03
8.110000000000000000e+02
1.267000000000000000e+03
2.470000000000000000e+02
5.950000000000000000e+02
1.755000000000000000e+03
5.470000000000000000e+02
2.710000000000000000e+02
9.270000000000000000e+02
1.487000000000000000e+03
1.247000000000000000e+03
1.630000000000000000e+02
2.883000000000000000e+03
1.011000000000000000e+03
8.230000000000000000e+02
1.303000000000000000e+03
7.230000000000000000e+02
3.950000000000000000e+02
8.350000000000000000e+02
1.207000000000000000e+03
2.215000000000000000e+03
1.375000000000000000e+03
2.767000000000000000e+03
3.047000000000000000e+03
5.390000000000000000e+02
1.303000000000000000e+03
6.670000000000000000e+02
7.150000000000000000e+02
8.430000000000000000e+02
4.670000000000000000e+02
2.430000000000000000e+02
2.315000000000000000e+03
2.799000000000000000e+03
2.011000000000000000e+03
2.230000000000000000e+02
5.350000000000000000e+02
1.215000000000000000e+03
4.270000000000000000e+02
2.630000000000000000e+02
1.363000000000000000e+03
1.750000000000000000e+02
7.910000000000000000e+02
1.155000000000000000e+03
4.310000000000000000e+02
8.430000000000000000e+02
9.990000000000000000e+02
1.731000000000000000e+03
1.187000000000000000e+03
5.590000000000000000e+02
1.139000000000000000e+03
4.150000000000000000e+02
6.110000000000000000e+02
1.710000000000000000e+02
1.575000000000000000e+03
7.510000000000000000e+02
1.639000000000000000e+03
2.630000000000000000e+02
4.110000000000000000e+02
3.670000000000000000e+02
7.150000000000000000e+02
9.230000000000000000e+02
1.910000000000000000e+02
6.710000000000000000e+02
2.230000000000000000e+02
1.727000000000000000e+03
1.275000000000000000e+03
2.830000000000000000e+02
3.070000000000000000e+02
2.470000000000000000e+02
5.430000000000000000e+02
5.310000000000000000e+02
1.055000000000000000e+03
3.110000000000000000e+02
1.910000000000000000e+02
1.315000000000000000e+03
6.070000000000000000e+02
9.630000000000000000e+02
3.390000000000000000e+02
1.539000000000000000e+03
1.159000000000000000e+03
5.310000000000000000e+02
1.095000000000000000e+03
1.023000000000000000e+03
7.710000000000000000e+02
5.110000000000000000e+02
1.571000000000000000e+03
7.270000000000000000e+02
7.030000000000000000e+02
8.630000000000000000e+02
3.043000000000000000e+03
2.390000000000000000e+02
1.095000000000000000e+03
4.950000000000000000e+02
1.990000000000000000e+02
2.830000000000000000e+02
5.510000000000000000e+02
4.590000000000000000e+02
3.103000000000000000e+03
1.799000000000000000e+03
4.030000000000000000e+02
2.590000000000000000e+02
1.159000000000000000e+03
3.235000000000000000e+03
1.295000000000000000e+03
2.267000000000000000e+03
1.103000000000000000e+03
1.379000000000000000e+03
5.310000000000000000e+02
4.110000000000000000e+02
5.630000000000000000e+02
1.239000000000000000e+03
1.830000000000000000e+02
9.270000000000000000e+02
8.190000000000000000e+02
4.150000000000000000e+02
4.470000000000000000e+02
1.443000000000000000e+03
2.550000000000000000e+02
8.910000000000000000e+02
7.630000000000000000e+02
1.470000000000000000e+02
2.510000000000000000e+02
9.030000000000000000e+02
9.270000000000000000e+02
6.070000000000000000e+02
4.910000000000000000e+02
1.710000000000000000e+02
2.670000000000000000e+02
1.430000000000000000e+02
6.910000000000000000e+02
7.470000000000000000e+02
2.470000000000000000e+02
3.110000000000000000e+02
1.051000000000000000e+03
4.510000000000000000e+02
4.710000000000000000e+02
6.990000000000000000e+02
4.215000000000000000e+03
1.643000000000000000e+03
5.110000000000000000e+02
7.190000000000000000e+02
3.950000000000000000e+02
2.390000000000000000e+02
3.150000000000000000e+02
3.190000000000000000e+02
2.750000000000000000e+02
1.231000000000000000e+03
4.870000000000000000e+02
1.670000000000000000e+02
5.990000000000000000e+02
3.870000000000000000e+02
4.470000000000000000e+02
1.487000000000000000e+03
5.590000000000000000e+02
2.143000000000000000e+03
8.430000000000000000e+02
8.590000000000000000e+02
1.135000000000000000e+03
2.550000000000000000e+02
3.350000000000000000e+02
2.423000000000000000e+03
4.110000000000000000e+02
5.630000000000000000e+02
4.830000000000000000e+02
5.390000000000000000e+02
2.035000000000000000e+03
4.910000000000000000e+02
4.310000000000000000e+02
3.270000000000000000e+02
3.590000000000000000e+02
5.310000000000000000e+02
8.590000000000000000e+02
3.110000000000000000e+02
2.630000000000000000e+02
4.270000000000000000e+02
6.430000000000000000e+02
1.407000000000000000e+03
3.590000000000000000e+02
8.630000000000000000e+02
4.510000000000000000e+02
6.150000000000000000e+02
4.310000000000000000e+02
1.750000000000000000e+02
4.350000000000000000e+02
1.830000000000000000e+02
3.670000000000000000e+02
1.563000000000000000e+03
1.015000000000000000e+03
1.670000000000000000e+02
1.063000000000000000e+03
2.670000000000000000e+02
7.870000000000000000e+02
5.630000000000000000e+02
3.470000000000000000e+02
1.159000000000000000e+03
3.150000000000000000e+02
3.310000000000000000e+02
3.110000000000000000e+02
4.310000000000000000e+02
6.550000000000000000e+02
6.870000000000000000e+02
4.790000000000000000e+02
5.070000000000000000e+02
1.790000000000000000e+02
1.870000000000000000e+02
1.710000000000000000e+02
4.270000000000000000e+02
1.303000000000000000e+03
1.750000000000000000e+02
3.190000000000000000e+02
3.590000000000000000e+02
4.150000000000000000e+02
5.230000000000000000e+02
4.710000000000000000e+02
4.910000000000000000e+02
6.470000000000000000e+02
2.190000000000000000e+02
1.390000000000000000e+02
6.350000000000000000e+02
6.790000000000000000e+02
6.190000000000000000e+02
3.950000000000000000e+02
6.670000000000000000e+02
6.870000000000000000e+02
7.310000000000000000e+02
7.670000000000000000e+02
6.710000000000000000e+02
3.870000000000000000e+02
7.030000000000000000e+02
1.790000000000000000e+02
2.350000000000000000e+02
5.670000000000000000e+02
1.990000000000000000e+02
5.950000000000000000e+02
9.510000000000000000e+02
1.107000000000000000e+03
2.590000000000000000e+02
7.790000000000000000e+02
2.950000000000000000e+02
3.590000000000000000e+02
1.790000000000000000e+02
2.350000000000000000e+02
1.115000000000000000e+03
3.510000000000000000e+02
2.870000000000000000e+02
2.510000000000000000e+02
1.643000000000000000e+03
2.350000000000000000e+02
1.023000000000000000e+03
3.910000000000000000e+02
1.830000000000000000e+02
4.710000000000000000e+02
7.590000000000000000e+02
7.670000000000000000e+02
1.870000000000000000e+02
1.475000000000000000e+03
2.670000000000000000e+02
5.870000000000000000e+02
5.670000000000000000e+02
8.710000000000000000e+02
3.750000000000000000e+02
7.510000000000000000e+02
2.710000000000000000e+02
3.910000000000000000e+02
7.390000000000000000e+02
5.910000000000000000e+02
2.390000000000000000e+02
5.790000000000000000e+02
6.150000000000000000e+02
8.590000000000000000e+02
3.375000000000000000e+03
1.750000000000000000e+02
5.750000000000000000e+02
8.470000000000000000e+02
9.870000000000000000e+02
9.750000000000000000e+02
9.790000000000000000e+02
1.015000000000000000e+03
8.790000000000000000e+02
1.950000000000000000e+02
5.590000000000000000e+02
4.470000000000000000e+02
3.030000000000000000e+02
1.151000000000000000e+03
2.310000000000000000e+02
1.143000000000000000e+03
1.750000000000000000e+02
6.750000000000000000e+02
3.390000000000000000e+02
4.870000000000000000e+02
2.470000000000000000e+02
7.710000000000000000e+02
6.190000000000000000e+02
1.910000000000000000e+02
3.670000000000000000e+02
9.150000000000000000e+02
8.430000000000000000e+02
5.590000000000000000e+02
1.590000000000000000e+02
6.270000000000000000e+02
1.291000000000000000e+03
1.710000000000000000e+02
7.350000000000000000e+02
1.559000000000000000e+03
4.230000000000000000e+02
2.030000000000000000e+02
2.270000000000000000e+02
1.543000000000000000e+03
7.030000000000000000e+02
4.030000000000000000e+02
4.830000000000000000e+02
1.007000000000000000e+03
5.470000000000000000e+02
6.150000000000000000e+02
2.350000000000000000e+02
4.270000000000000000e+02
2.750000000000000000e+02
3.950000000000000000e+02
2.990000000000000000e+02
5.310000000000000000e+02
8.630000000000000000e+02
2.470000000000000000e+02
1.347000000000000000e+03
1.830000000000000000e+02
1.087000000000000000e+03
3.030000000000000000e+02
4.070000000000000000e+02
6.910000000000000000e+02
3.710000000000000000e+02
3.390000000000000000e+02
3.270000000000000000e+02
7.270000000000000000e+02
7.070000000000000000e+02
2.390000000000000000e+02
1.319000000000000000e+03
4.990000000000000000e+02
1.355000000000000000e+03
4.990000000000000000e+02
2.270000000000000000e+02
4.350000000000000000e+02
7.670000000000000000e+02
1.191000000000000000e+03
6.270000000000000000e+02
5.270000000000000000e+02
2.510000000000000000e+02
2.270000000000000000e+02
1.870000000000000000e+02
1.870000000000000000e+02
2.270000000000000000e+02
4.870000000000000000e+02
7.150000000000000000e+02
4.150000000000000000e+02
2.670000000000000000e+02
1.870000000000000000e+02
1.630000000000000000e+02
2.070000000000000000e+02
1.510000000000000000e+02
3.350000000000000000e+02
9.150000000000000000e+02
1.371000000000000000e+03
6.390000000000000000e+02
6.950000000000000000e+02
6.830000000000000000e+02
3.270000000000000000e+02
1.515000000000000000e+03
1.790000000000000000e+02
1.131000000000000000e+03
3.750000000000000000e+02
1.011000000000000000e+03
3.550000000000000000e+02
1.383000000000000000e+03
1.227000000000000000e+03
6.030000000000000000e+02
8.630000000000000000e+02
3.870000000000000000e+02
1.630000000000000000e+02
4.510000000000000000e+02
1.215000000000000000e+03
2.710000000000000000e+02
6.950000000000000000e+02
3.590000000000000000e+02
6.830000000000000000e+02
4.270000000000000000e+02
1.710000000000000000e+02
3.030000000000000000e+02
4.870000000000000000e+02
6.070000000000000000e+02
2.310000000000000000e+02
2.630000000000000000e+02
3.590000000000000000e+02
5.070000000000000000e+02
3.070000000000000000e+02
2.670000000000000000e+02
5.190000000000000000e+02
2.590000000000000000e+02
1.023000000000000000e+03
1.315000000000000000e+03
1.870000000000000000e+02
1.139000000000000000e+03
1.790000000000000000e+02
6.230000000000000000e+02
4.910000000000000000e+02
9.230000000000000000e+02
1.750000000000000000e+02
7.190000000000000000e+02
4.270000000000000000e+02
3.270000000000000000e+02
1.043000000000000000e+03
3.270000000000000000e+02
7.510000000000000000e+02
6.710000000000000000e+02
1.395000000000000000e+03
2.550000000000000000e+02
8.710000000000000000e+02
6.950000000000000000e+02
3.910000000000000000e+02
3.230000000000000000e+02
3.830000000000000000e+02
1.191000000000000000e+03
4.630000000000000000e+02
9.430000000000000000e+02
5.150000000000000000e+02
1.063000000000000000e+03
5.230000000000000000e+02
2.195000000000000000e+03
2.270000000000000000e+02
3.283000000000000000e+03
1.047000000000000000e+03
1.347000000000000000e+03
3.670000000000000000e+02
4.750000000000000000e+02
2.630000000000000000e+02
1.287000000000000000e+03
4.550000000000000000e+02
