1.000000000000000000e+04
1.000000000000000000e+04
7.282000000000000000e+03
1.000000000000000000e+04
1.000000000000000000e+04
1.000000000000000000e+04
1.000000000000000000e+04
1.000000000000000000e+04
6.352000000000000000e+03
1.000000000000000000e+04
1.000000000000000000e+04
6.546000000000000000e+03
1.000000000000000000e+04
6.178000000000000000e+03
1.000000000000000000e+04
1.000000000000000000e+04
1.000000000000000000e+04
1.000000000000000000e+04
1.000000000000000000e+04
1.000000000000000000e+04
7.336000000000000000e+03
1.000000000000000000e+04
1.000000000000000000e+04
4.606000000000000000e+03
3.874000000000000000e+03
5.948000000000000000e+03
1.000000000000000000e+04
6.158000000000000000e+03
1.000000000000000000e+04
1.000000000000000000e+04
7.984000000000000000e+03
5.218000000000000000e+03
7.580000000000000000e+03
4.774000000000000000e+03
6.842000000000000000e+03
4.084000000000000000e+03
7.216000000000000000e+03
8.058000000000000000e+03
1.000000000000000000e+04
1.000000000000000000e+04
4.362000000000000000e+03
1.000000000000000000e+04
1.552000000000000000e+03
3.144000000000000000e+03
1.000000000000000000e+04
1.000000000000000000e+04
7.612000000000000000e+03
4.012000000000000000e+03
1.000000000000000000e+04
5.992000000000000000e+03
8.636000000000000000e+03
1.000000000000000000e+04
5.322000000000000000e+03
3.662000000000000000e+03
1.000000000000000000e+04
3.620000000000000000e+03
1.000000000000000000e+04
1.000000000000000000e+04
8.026000000000000000e+03
4.110000000000000000e+03
2.706000000000000000e+03
1.670000000000000000e+03
3.992000000000000000e+03
1.120000000000000000e+03
1.000000000000000000e+04
3.462000000000000000e+03
1.000000000000000000e+04
4.952000000000000000e+03
1.000000000000000000e+04
4.420000000000000000e+03
2.028000000000000000e+03
8.244000000000000000e+03
5.140000000000000000e+03
1.700000000000000000e+03
6.110000000000000000e+03
3.454000000000000000e+03
4.856000000000000000e+03
6.204000000000000000e+03
6.532000000000000000e+03
1.000000000000000000e+04
5.786000000000000000e+03
9.014000000000000000e+03
5.090000000000000000e+03
1.000000000000000000e+04
2.498000000000000000e+03
5.682000000000000000e+03
7.430000000000000000e+03
3.866000000000000000e+03
9.644000000000000000e+03
6.886000000000000000e+03
3.272000000000000000e+03
2.498000000000000000e+03
2.060000000000000000e+03
3.514000000000000000e+03
1.000000000000000000e+04
8.586000000000000000e+03
4.280000000000000000e+03
4.784000000000000000e+03
1.000000000000000000e+04
4.982000000000000000e+03
4.082000000000000000e+03
8.612000000000000000e+03
2.882000000000000000e+03
1.406000000000000000e+03
9.020000000000000000e+02
6.400000000000000000e+02
3.036000000000000000e+03
5.404000000000000000e+03
1.778000000000000000e+03
1.760000000000000000e+03
2.704000000000000000e+03
7.032000000000000000e+03
6.698000000000000000e+03
9.440000000000000000e+02
7.900000000000000000e+03
4.900000000000000000e+03
5.702000000000000000e+03
6.042000000000000000e+03
5.852000000000000000e+03
7.954000000000000000e+03
3.014000000000000000e+03
4.566000000000000000e+03
4.704000000000000000e+03
1.602000000000000000e+03
4.664000000000000000e+03
2.166000000000000000e+03
1.790000000000000000e+03
2.618000000000000000e+03
1.000000000000000000e+04
7.172000000000000000e+03
2.582000000000000000e+03
4.010000000000000000e+03
1.000000000000000000e+04
1.916000000000000000e+03
3.940000000000000000e+03
2.166000000000000000e+03
3.592000000000000000e+03
1.376000000000000000e+03
1.000000000000000000e+04
5.346000000000000000e+03
5.754000000000000000e+03
3.366000000000000000e+03
5.114000000000000000e+03
4.414000000000000000e+03
6.410000000000000000e+03
2.368000000000000000e+03
6.824000000000000000e+03
8.250000000000000000e+03
1.000000000000000000e+04
2.932000000000000000e+03
6.146000000000000000e+03
4.186000000000000000e+03
1.000000000000000000e+04
1.000000000000000000e+04
5.242000000000000000e+03
9.900000000000000000e+03
5.270000000000000000e+03
5.386000000000000000e+03
3.486000000000000000e+03
1.000000000000000000e+04
6.228000000000000000e+03
9.092000000000000000e+03
3.394000000000000000e+03
1.000000000000000000e+04
4.588000000000000000e+03
4.360000000000000000e+03
6.174000000000000000e+03
6.500000000000000000e+03
9.480000000000000000e+02
8.560000000000000000e+02
1.000000000000000000e+04
4.264000000000000000e+03
1.000000000000000000e+04
1.000000000000000000e+04
1.248000000000000000e+03
2.540000000000000000e+03
5.116000000000000000e+03
3.488000000000000000e+03
2.858000000000000000e+03
1.000000000000000000e+04
3.138000000000000000e+03
1.000000000000000000e+04
6.964000000000000000e+03
2.912000000000000000e+03
3.720000000000000000e+03
2.320000000000000000e+03
2.568000000000000000e+03
1.218000000000000000e+03
1.276000000000000000e+03
3.196000000000000000e+03
4.764000000000000000e+03
5.484000000000000000e+03
2.266000000000000000e+03
1.000000000000000000e+04
7.780000000000000000e+02
1.546000000000000000e+03
1.336000000000000000e+03
6.260000000000000000e+02
1.736000000000000000e+03
4.442000000000000000e+03
2.884000000000000000e+03
1.000000000000000000e+04
1.000000000000000000e+04
1.000000000000000000e+04
2.138000000000000000e+03
3.958000000000000000e+03
1.000000000000000000e+04
4.352000000000000000e+03
6.498000000000000000e+03
8.076000000000000000e+03
3.998000000000000000e+03
5.044000000000000000e+03
2.558000000000000000e+03
7.010000000000000000e+03
3.222000000000000000e+03
1.308000000000000000e+03
6.232000000000000000e+03
3.408000000000000000e+03
2.002000000000000000e+03
1.000000000000000000e+04
4.464000000000000000e+03
1.498000000000000000e+03
8.922000000000000000e+03
1.000000000000000000e+04
2.190000000000000000e+03
3.272000000000000000e+03
1.000000000000000000e+04
1.000000000000000000e+04
2.934000000000000000e+03
2.752000000000000000e+03
1.674000000000000000e+03
9.920000000000000000e+02
1.982000000000000000e+03
7.604000000000000000e+03
2.030000000000000000e+03
6.204000000000000000e+03
7.668000000000000000e+03
4.998000000000000000e+03
3.970000000000000000e+03
2.982000000000000000e+03
9.684000000000000000e+03
7.658000000000000000e+03
4.702000000000000000e+03
1.000000000000000000e+04
5.272000000000000000e+03
2.950000000000000000e+03
2.174000000000000000e+03
3.016000000000000000e+03
1.000000000000000000e+04
2.132000000000000000e+03
5.404000000000000000e+03
7.446000000000000000e+03
6.786000000000000000e+03
4.050000000000000000e+03
1.530000000000000000e+03
2.078000000000000000e+03
2.392000000000000000e+03
4.430000000000000000e+03
1.000000000000000000e+04
2.002000000000000000e+03
1.000000000000000000e+04
1.000000000000000000e+04
9.726000000000000000e+03
8.408000000000000000e+03
4.846000000000000000e+03
5.752000000000000000e+03
9.706000000000000000e+03
1.508000000000000000e+03
3.696000000000000000e+03
8.922000000000000000e+03
8.120000000000000000e+02
1.000000000000000000e+04
8.060000000000000000e+02
1.000000000000000000e+04
7.402000000000000000e+03
1.386000000000000000e+03
2.868000000000000000e+03
2.074000000000000000e+03
2.980000000000000000e+03
5.160000000000000000e+03
7.668000000000000000e+03
1.044000000000000000e+03
1.000000000000000000e+04
4.344000000000000000e+03
9.876000000000000000e+03
3.740000000000000000e+03
3.146000000000000000e+03
3.304000000000000000e+03
2.258000000000000000e+03
6.204000000000000000e+03
1.220000000000000000e+03
2.552000000000000000e+03
1.744000000000000000e+03
3.542000000000000000e+03
3.956000000000000000e+03
1.000000000000000000e+04
8.440000000000000000e+02
1.560000000000000000e+03
3.640000000000000000e+03
8.680000000000000000e+03
4.808000000000000000e+03
1.000000000000000000e+04
6.368000000000000000e+03
1.000000000000000000e+04
9.360000000000000000e+02
2.762000000000000000e+03
1.000000000000000000e+04
9.938000000000000000e+03
1.564000000000000000e+03
3.046000000000000000e+03
7.894000000000000000e+03
6.822000000000000000e+03
4.946000000000000000e+03
3.866000000000000000e+03
1.744000000000000000e+03
9.640000000000000000e+02
3.410000000000000000e+03
1.770000000000000000e+03
5.180000000000000000e+02
5.746000000000000000e+03
4.846000000000000000e+03
5.174000000000000000e+03
7.014000000000000000e+03
4.514000000000000000e+03
3.964000000000000000e+03
1.000000000000000000e+04
2.012000000000000000e+03
8.080000000000000000e+02
5.388000000000000000e+03
1.444000000000000000e+03
3.888000000000000000e+03
3.034000000000000000e+03
6.274000000000000000e+03
1.110000000000000000e+03
3.338000000000000000e+03
7.740000000000000000e+03
1.000000000000000000e+04
1.442000000000000000e+03
6.232000000000000000e+03
7.010000000000000000e+03
1.620000000000000000e+03
9.280000000000000000e+02
8.814000000000000000e+03
2.766000000000000000e+03
3.302000000000000000e+03
2.506000000000000000e+03
3.922000000000000000e+03
2.032000000000000000e+03
1.000000000000000000e+04
6.420000000000000000e+02
3.220000000000000000e+03
2.106000000000000000e+03
2.048000000000000000e+03
9.900000000000000000e+02
3.026000000000000000e+03
1.000000000000000000e+04
1.284000000000000000e+03
5.628000000000000000e+03
2.306000000000000000e+03
4.252000000000000000e+03
1.000000000000000000e+04
3.756000000000000000e+03
8.096000000000000000e+03
1.562000000000000000e+03
4.648000000000000000e+03
1.730000000000000000e+03
7.114000000000000000e+03
1.596000000000000000e+03
2.176000000000000000e+03
6.614000000000000000e+03
5.598000000000000000e+03
4.326000000000000000e+03
1.808000000000000000e+03
6.144000000000000000e+03
2.346000000000000000e+03
6.614000000000000000e+03
3.468000000000000000e+03
6.574000000000000000e+03
1.000000000000000000e+04
3.698000000000000000e+03
2.666000000000000000e+03
1.520000000000000000e+03
1.028000000000000000e+03
7.496000000000000000e+03
7.400000000000000000e+02
1.492000000000000000e+03
4.010000000000000000e+03
1.200000000000000000e+03
2.308000000000000000e+03
1.986000000000000000e+03
6.780000000000000000e+03
3.686000000000000000e+03
1.000000000000000000e+04
1.000000000000000000e+04
5.064000000000000000e+03
6.814000000000000000e+03
2.180000000000000000e+03
9.726000000000000000e+03
4.304000000000000000e+03
1.000000000000000000e+04
2.328000000000000000e+03
4.066000000000000000e+03
4.672000000000000000e+03
3.652000000000000000e+03
1.238000000000000000e+03
1.348000000000000000e+03
1.886000000000000000e+03
1.000000000000000000e+04
5.766000000000000000e+03
2.348000000000000000e+03
6.626000000000000000e+03
1.000000000000000000e+04
1.000000000000000000e+04
5.360000000000000000e+02
3.390000000000000000e+03
5.632000000000000000e+03
4.206000000000000000e+03
3.940000000000000000e+03
4.144000000000000000e+03
1.230000000000000000e+03
5.042000000000000000e+03
1.232000000000000000e+03
6.176000000000000000e+03
1.054000000000000000e+03
9.080000000000000000e+02
4.562000000000000000e+03
5.588000000000000000e+03
4.842000000000000000e+03
2.660000000000000000e+03
6.450000000000000000e+03
1.398000000000000000e+03
7.640000000000000000e+02
8.382000000000000000e+03
3.388000000000000000e+03
2.308000000000000000e+03
3.460000000000000000e+03
2.072000000000000000e+03
7.680000000000000000e+03
1.952000000000000000e+03
4.050000000000000000e+03
1.000000000000000000e+04
3.442000000000000000e+03
1.558000000000000000e+03
1.040000000000000000e+03
8.880000000000000000e+02
3.256000000000000000e+03
1.000000000000000000e+04
3.406000000000000000e+03
1.794000000000000000e+03
8.392000000000000000e+03
3.082000000000000000e+03
1.334000000000000000e+03
5.184000000000000000e+03
1.414000000000000000e+03
9.940000000000000000e+03
2.224000000000000000e+03
3.764000000000000000e+03
6.288000000000000000e+03
6.270000000000000000e+03
2.886000000000000000e+03
4.122000000000000000e+03
2.212000000000000000e+03
8.470000000000000000e+03
3.130000000000000000e+03
3.530000000000000000e+03
6.022000000000000000e+03
8.486000000000000000e+03
8.660000000000000000e+03
1.058000000000000000e+03
2.876000000000000000e+03
1.000000000000000000e+04
3.756000000000000000e+03
2.358000000000000000e+03
7.212000000000000000e+03
1.000000000000000000e+04
6.880000000000000000e+02
3.686000000000000000e+03
1.000000000000000000e+04
8.420000000000000000e+02
3.548000000000000000e+03
5.358000000000000000e+03
8.080000000000000000e+02
1.000000000000000000e+04
2.670000000000000000e+03
1.082000000000000000e+03
1.590000000000000000e+03
2.216000000000000000e+03
3.958000000000000000e+03
1.322000000000000000e+03
8.220000000000000000e+03
1.582000000000000000e+03
1.000000000000000000e+04
1.402000000000000000e+03
3.390000000000000000e+03
4.616000000000000000e+03
3.384000000000000000e+03
2.702000000000000000e+03
5.060000000000000000e+03
9.594000000000000000e+03
3.806000000000000000e+03
7.860000000000000000e+02
9.996000000000000000e+03
2.764000000000000000e+03
2.502000000000000000e+03
2.114000000000000000e+03
2.520000000000000000e+03
5.098000000000000000e+03
1.112000000000000000e+03
1.432000000000000000e+03
1.000000000000000000e+04
1.560000000000000000e+03
2.986000000000000000e+03
4.538000000000000000e+03
6.050000000000000000e+03
5.704000000000000000e+03
2.280000000000000000e+03
1.472000000000000000e+03
4.212000000000000000e+03
2.392000000000000000e+03
9.264000000000000000e+03
3.644000000000000000e+03
6.350000000000000000e+03
9.692000000000000000e+03
4.220000000000000000e+02
1.950000000000000000e+03
4.358000000000000000e+03
4.722000000000000000e+03
3.614000000000000000e+03
2.404000000000000000e+03
1.000000000000000000e+04
2.342000000000000000e+03
2.386000000000000000e+03
1.960000000000000000e+03
2.478000000000000000e+03
1.708000000000000000e+03
1.988000000000000000e+03
4.462000000000000000e+03
3.358000000000000000e+03
4.916000000000000000e+03
1.704000000000000000e+03
2.668000000000000000e+03
1.000000000000000000e+04
2.532000000000000000e+03
1.278000000000000000e+03
3.540000000000000000e+03
4.596000000000000000e+03
2.112000000000000000e+03
5.066000000000000000e+03
3.206000000000000000e+03
1.000000000000000000e+04
4.308000000000000000e+03
6.790000000000000000e+03
5.616000000000000000e+03
2.590000000000000000e+03
6.300000000000000000e+03
4.344000000000000000e+03
1.166000000000000000e+03
5.456000000000000000e+03
2.130000000000000000e+03
1.420000000000000000e+03
1.000000000000000000e+04
5.460000000000000000e+03
8.738000000000000000e+03
2.476000000000000000e+03
2.364000000000000000e+03
6.328000000000000000e+03
4.866000000000000000e+03
1.360000000000000000e+03
5.224000000000000000e+03
1.194000000000000000e+03
5.336000000000000000e+03
3.132000000000000000e+03
2.238000000000000000e+03
2.358000000000000000e+03
6.148000000000000000e+03
5.366000000000000000e+03
1.000000000000000000e+04
7.960000000000000000e+02
1.000000000000000000e+04
1.302000000000000000e+03
3.948000000000000000e+03
1.190000000000000000e+03
1.000000000000000000e+04
2.254000000000000000e+03
2.000000000000000000e+03
1.000000000000000000e+04
4.344000000000000000e+03
3.734000000000000000e+03
1.218000000000000000e+03
5.940000000000000000e+02
5.326000000000000000e+03
1.360000000000000000e+03
5.666000000000000000e+03
1.000000000000000000e+04
2.464000000000000000e+03
1.000000000000000000e+04
1.974000000000000000e+03
4.000000000000000000e+03
1.100000000000000000e+03
3.854000000000000000e+03
1.000000000000000000e+04
6.856000000000000000e+03
4.460000000000000000e+02
1.916000000000000000e+03
2.330000000000000000e+03
1.000000000000000000e+04
6.340000000000000000e+03
6.140000000000000000e+02
2.416000000000000000e+03
2.156000000000000000e+03
9.760000000000000000e+03
3.930000000000000000e+03
1.306000000000000000e+03
4.176000000000000000e+03
4.986000000000000000e+03
8.040000000000000000e+02
7.480000000000000000e+02
4.334000000000000000e+03
1.290000000000000000e+03
3.744000000000000000e+03
2.702000000000000000e+03
1.498000000000000000e+03
3.840000000000000000e+03
9.660000000000000000e+02
1.086000000000000000e+03
1.380000000000000000e+03
3.044000000000000000e+03
3.892000000000000000e+03
1.724000000000000000e+03
6.644000000000000000e+03
6.726000000000000000e+03
2.280000000000000000e+03
1.000000000000000000e+04
5.210000000000000000e+03
2.178000000000000000e+03
3.328000000000000000e+03
1.772000000000000000e+03
1.496000000000000000e+03
1.160000000000000000e+03
4.454000000000000000e+03
4.586000000000000000e+03
1.620000000000000000e+03
3.434000000000000000e+03
2.266000000000000000e+03
8.540000000000000000e+02
2.924000000000000000e+03
6.886000000000000000e+03
4.690000000000000000e+03
2.744000000000000000e+03
1.580000000000000000e+03
3.640000000000000000e+03
4.688000000000000000e+03
9.880000000000000000e+02
1.000000000000000000e+04
2.884000000000000000e+03
7.288000000000000000e+03
7.472000000000000000e+03
3.668000000000000000e+03
3.450000000000000000e+03
3.076000000000000000e+03
4.124000000000000000e+03
5.380000000000000000e+02
3.884000000000000000e+03
1.154000000000000000e+03
2.138000000000000000e+03
1.428000000000000000e+03
4.434000000000000000e+03
4.746000000000000000e+03
1.000000000000000000e+04
4.936000000000000000e+03
1.816000000000000000e+03
9.990000000000000000e+03
3.630000000000000000e+03
1.766000000000000000e+03
2.900000000000000000e+03
2.548000000000000000e+03
2.290000000000000000e+03
4.710000000000000000e+03
6.376000000000000000e+03
4.036000000000000000e+03
5.472000000000000000e+03
7.650000000000000000e+03
1.000000000000000000e+04
4.114000000000000000e+03
2.734000000000000000e+03
2.538000000000000000e+03
1.864000000000000000e+03
7.700000000000000000e+02
3.630000000000000000e+03
7.812000000000000000e+03
1.596000000000000000e+03
9.328000000000000000e+03
4.936000000000000000e+03
1.704000000000000000e+03
5.762000000000000000e+03
4.974000000000000000e+03
2.678000000000000000e+03
4.348000000000000000e+03
2.744000000000000000e+03
9.388000000000000000e+03
2.154000000000000000e+03
8.920000000000000000e+02
3.242000000000000000e+03
1.306000000000000000e+03
5.480000000000000000e+03
6.662000000000000000e+03
2.750000000000000000e+03
3.594000000000000000e+03
8.900000000000000000e+02
1.764000000000000000e+03
3.938000000000000000e+03
7.140000000000000000e+02
1.364000000000000000e+03
2.914000000000000000e+03
4.666000000000000000e+03
1.870000000000000000e+03
2.210000000000000000e+03
2.628000000000000000e+03
5.514000000000000000e+03
6.762000000000000000e+03
3.716000000000000000e+03
4.814000000000000000e+03
5.364000000000000000e+03
4.734000000000000000e+03
3.348000000000000000e+03
1.000000000000000000e+04
2.040000000000000000e+03
2.908000000000000000e+03
2.200000000000000000e+03
3.176000000000000000e+03
1.756000000000000000e+03
1.576000000000000000e+03
4.468000000000000000e+03
1.000000000000000000e+04
1.242000000000000000e+03
8.902000000000000000e+03
2.258000000000000000e+03
4.138000000000000000e+03
7.006000000000000000e+03
5.010000000000000000e+03
5.494000000000000000e+03
6.186000000000000000e+03
2.564000000000000000e+03
1.000000000000000000e+04
7.742000000000000000e+03
3.236000000000000000e+03
2.640000000000000000e+03
1.670000000000000000e+03
7.466000000000000000e+03
1.000000000000000000e+04
1.836000000000000000e+03
1.782000000000000000e+03
7.430000000000000000e+03
8.440000000000000000e+02
3.170000000000000000e+03
2.066000000000000000e+03
3.492000000000000000e+03
2.008000000000000000e+03
9.140000000000000000e+02
8.680000000000000000e+02
9.494000000000000000e+03
2.614000000000000000e+03
1.166000000000000000e+03
3.574000000000000000e+03
6.930000000000000000e+03
1.000000000000000000e+04
4.946000000000000000e+03
1.192000000000000000e+03
1.460000000000000000e+03
7.240000000000000000e+02
1.000000000000000000e+04
8.438000000000000000e+03
3.854000000000000000e+03
5.090000000000000000e+03
2.642000000000000000e+03
3.580000000000000000e+03
1.000000000000000000e+04
1.000000000000000000e+04
2.370000000000000000e+03
8.722000000000000000e+03
4.586000000000000000e+03
1.088000000000000000e+03
1.738000000000000000e+03
6.644000000000000000e+03
5.802000000000000000e+03
5.220000000000000000e+02
1.612000000000000000e+03
1.000000000000000000e+04
2.084000000000000000e+03
4.064000000000000000e+03
1.000000000000000000e+04
4.458000000000000000e+03
3.444000000000000000e+03
1.512000000000000000e+03
1.422000000000000000e+03
5.190000000000000000e+03
1.000000000000000000e+04
1.904000000000000000e+03
3.998000000000000000e+03
6.818000000000000000e+03
1.996000000000000000e+03
1.636000000000000000e+03
1.000000000000000000e+04
7.918000000000000000e+03
6.894000000000000000e+03
2.686000000000000000e+03
1.000000000000000000e+04
6.228000000000000000e+03
1.072000000000000000e+03
2.786000000000000000e+03
3.906000000000000000e+03
4.824000000000000000e+03
2.706000000000000000e+03
1.000000000000000000e+04
3.916000000000000000e+03
2.796000000000000000e+03
6.226000000000000000e+03
8.310000000000000000e+03
1.028000000000000000e+03
1.000000000000000000e+04
4.972000000000000000e+03
2.550000000000000000e+03
7.500000000000000000e+02
8.764000000000000000e+03
1.576000000000000000e+03
6.466000000000000000e+03
4.428000000000000000e+03
6.700000000000000000e+02
1.354000000000000000e+03
4.814000000000000000e+03
3.608000000000000000e+03
3.344000000000000000e+03
6.460000000000000000e+03
4.386000000000000000e+03
1.486000000000000000e+03
2.846000000000000000e+03
2.706000000000000000e+03
1.410000000000000000e+03
6.280000000000000000e+03
1.000000000000000000e+04
6.652000000000000000e+03
7.528000000000000000e+03
3.752000000000000000e+03
2.872000000000000000e+03
1.362000000000000000e+03
1.858000000000000000e+03
2.454000000000000000e+03
6.802000000000000000e+03
1.838000000000000000e+03
6.854000000000000000e+03
2.072000000000000000e+03
3.410000000000000000e+03
3.896000000000000000e+03
3.216000000000000000e+03
1.468000000000000000e+03
8.552000000000000000e+03
1.000000000000000000e+04
2.636000000000000000e+03
7.768000000000000000e+03
5.744000000000000000e+03
2.054000000000000000e+03
4.252000000000000000e+03
7.540000000000000000e+03
1.000000000000000000e+04
7.574000000000000000e+03
5.962000000000000000e+03
2.164000000000000000e+03
4.560000000000000000e+03
1.000000000000000000e+04
4.666000000000000000e+03
1.000000000000000000e+04
1.702000000000000000e+03
1.302000000000000000e+03
5.298000000000000000e+03
4.800000000000000000e+03
6.760000000000000000e+02
2.148000000000000000e+03
2.136000000000000000e+03
3.186000000000000000e+03
1.992000000000000000e+03
3.480000000000000000e+03
4.976000000000000000e+03
1.394000000000000000e+03
1.874000000000000000e+03
9.666000000000000000e+03
2.700000000000000000e+03
4.578000000000000000e+03
5.610000000000000000e+03
1.000000000000000000e+04
2.296000000000000000e+03
2.872000000000000000e+03
1.030000000000000000e+03
5.300000000000000000e+03
7.794000000000000000e+03
5.176000000000000000e+03
5.836000000000000000e+03
1.372000000000000000e+03
8.980000000000000000e+02
3.896000000000000000e+03
3.306000000000000000e+03
2.868000000000000000e+03
4.114000000000000000e+03
5.256000000000000000e+03
2.384000000000000000e+03
9.416000000000000000e+03
1.000000000000000000e+04
9.580000000000000000e+02
1.000000000000000000e+04
1.000000000000000000e+04
2.892000000000000000e+03
9.160000000000000000e+02
1.494000000000000000e+03
1.456000000000000000e+03
1.938000000000000000e+03
1.000000000000000000e+04
1.914000000000000000e+03
9.240000000000000000e+02
1.988000000000000000e+03
1.212000000000000000e+03
9.064000000000000000e+03
5.628000000000000000e+03
3.536000000000000000e+03
6.360000000000000000e+03
2.312000000000000000e+03
2.084000000000000000e+03
1.776000000000000000e+03
1.000000000000000000e+04
4.390000000000000000e+03
1.336000000000000000e+03
1.000000000000000000e+04
1.000000000000000000e+04
3.402000000000000000e+03
5.310000000000000000e+03
7.370000000000000000e+03
1.800000000000000000e+03
7.360000000000000000e+02
2.770000000000000000e+03
5.410000000000000000e+03
3.238000000000000000e+03
8.628000000000000000e+03
1.000000000000000000e+04
1.850000000000000000e+03
3.768000000000000000e+03
5.708000000000000000e+03
1.000000000000000000e+04
4.096000000000000000e+03
3.744000000000000000e+03
4.988000000000000000e+03
3.492000000000000000e+03
1.000000000000000000e+04
2.650000000000000000e+03
5.354000000000000000e+03
1.136000000000000000e+03
7.292000000000000000e+03
7.426000000000000000e+03
1.354000000000000000e+03
3.300000000000000000e+03
6.168000000000000000e+03
3.340000000000000000e+03
1.000000000000000000e+04
3.994000000000000000e+03
4.026000000000000000e+03
2.348000000000000000e+03
5.174000000000000000e+03
9.838000000000000000e+03
1.694000000000000000e+03
2.754000000000000000e+03
2.250000000000000000e+03
9.864000000000000000e+03
1.098000000000000000e+03
6.794000000000000000e+03
3.168000000000000000e+03
4.572000000000000000e+03
5.324000000000000000e+03
1.470000000000000000e+03
4.270000000000000000e+03
8.228000000000000000e+03
6.188000000000000000e+03
3.672000000000000000e+03
2.782000000000000000e+03
2.868000000000000000e+03
4.922000000000000000e+03
1.282000000000000000e+03
3.662000000000000000e+03
3.368000000000000000e+03
1.000000000000000000e+04
5.414000000000000000e+03
2.348000000000000000e+03
2.514000000000000000e+03
1.070000000000000000e+03
1.000000000000000000e+04
1.000000000000000000e+04
2.482000000000000000e+03
1.000000000000000000e+04
1.258000000000000000e+03
3.866000000000000000e+03
4.478000000000000000e+03
2.842000000000000000e+03
3.378000000000000000e+03
5.838000000000000000e+03
