1.144000000000000000e+03
6.520000000000000000e+02
8.960000000000000000e+02
1.520000000000000000e+03
7.080000000000000000e+02
1.988000000000000000e+03
1.020000000000000000e+03
1.020000000000000000e+03
4.404000000000000000e+03
4.120000000000000000e+02
1.652000000000000000e+03
3.868000000000000000e+03
3.116000000000000000e+03
8.600000000000000000e+02
6.080000000000000000e+02
2.304000000000000000e+03
2.856000000000000000e+03
9.320000000000000000e+02
4.604000000000000000e+03
4.012000000000000000e+03
1.584000000000000000e+03
2.772000000000000000e+03
2.792000000000000000e+03
2.228000000000000000e+03
4.376000000000000000e+03
7.080000000000000000e+02
7.320000000000000000e+02
2.512000000000000000e+03
8.380000000000000000e+03
8.960000000000000000e+02
1.216000000000000000e+03
3.960000000000000000e+02
6.080000000000000000e+02
2.796000000000000000e+03
5.480000000000000000e+02
7.920000000000000000e+02
5.312000000000000000e+03
1.584000000000000000e+03
1.892000000000000000e+03
3.880000000000000000e+03
2.236000000000000000e+03
4.656000000000000000e+03
2.544000000000000000e+03
3.008000000000000000e+03
1.836000000000000000e+03
4.916000000000000000e+03
1.304000000000000000e+03
2.180000000000000000e+03
1.136000000000000000e+03
2.124000000000000000e+03
1.072000000000000000e+03
3.052000000000000000e+03
1.912000000000000000e+03
2.216000000000000000e+03
1.364000000000000000e+03
3.540000000000000000e+03
4.120000000000000000e+02
1.224000000000000000e+03
4.880000000000000000e+02
1.048000000000000000e+03
8.880000000000000000e+02
3.080000000000000000e+03
1.076000000000000000e+03
3.600000000000000000e+02
3.200000000000000000e+03
1.104000000000000000e+03
7.600000000000000000e+02
2.968000000000000000e+03
1.904000000000000000e+03
5.040000000000000000e+02
3.080000000000000000e+03
2.728000000000000000e+03
2.564000000000000000e+03
5.360000000000000000e+02
1.792000000000000000e+03
7.400000000000000000e+02
1.004000000000000000e+03
2.896000000000000000e+03
9.280000000000000000e+02
1.948000000000000000e+03
1.476000000000000000e+03
1.212000000000000000e+03
2.912000000000000000e+03
3.324000000000000000e+03
2.308000000000000000e+03
7.000000000000000000e+02
8.200000000000000000e+02
2.812000000000000000e+03
1.280000000000000000e+03
5.160000000000000000e+02
1.064000000000000000e+03
2.024000000000000000e+03
6.920000000000000000e+02
4.400000000000000000e+02
8.160000000000000000e+02
1.168000000000000000e+03
3.888000000000000000e+03
1.572000000000000000e+03
8.720000000000000000e+02
3.720000000000000000e+02
1.768000000000000000e+03
2.612000000000000000e+03
1.072000000000000000e+03
7.680000000000000000e+02
6.800000000000000000e+02
7.920000000000000000e+02
1.348000000000000000e+03
5.600000000000000000e+02
4.160000000000000000e+02
6.480000000000000000e+02
1.556000000000000000e+03
9.520000000000000000e+02
2.120000000000000000e+03
4.440000000000000000e+02
2.444000000000000000e+03
2.404000000000000000e+03
2.208000000000000000e+03
3.960000000000000000e+02
1.324000000000000000e+03
1.200000000000000000e+03
4.140000000000000000e+03
6.240000000000000000e+02
8.280000000000000000e+02
1.096000000000000000e+03
9.560000000000000000e+02
4.720000000000000000e+02
1.052000000000000000e+03
7.360000000000000000e+02
6.080000000000000000e+02
4.000000000000000000e+02
4.160000000000000000e+02
7.760000000000000000e+02
1.248000000000000000e+03
2.472000000000000000e+03
6.000000000000000000e+02
2.280000000000000000e+02
5.760000000000000000e+02
7.360000000000000000e+02
8.480000000000000000e+02
2.512000000000000000e+03
1.800000000000000000e+03
1.576000000000000000e+03
1.372000000000000000e+03
3.480000000000000000e+02
1.960000000000000000e+02
9.400000000000000000e+02
7.760000000000000000e+02
1.860000000000000000e+03
4.040000000000000000e+02
2.240000000000000000e+02
8.840000000000000000e+02
1.288000000000000000e+03
3.800000000000000000e+02
2.800000000000000000e+02
7.040000000000000000e+02
9.960000000000000000e+02
1.896000000000000000e+03
4.680000000000000000e+02
5.280000000000000000e+02
1.176000000000000000e+03
1.232000000000000000e+03
1.136000000000000000e+03
4.028000000000000000e+03
7.560000000000000000e+02
7.480000000000000000e+02
1.188000000000000000e+03
3.560000000000000000e+02
6.520000000000000000e+02
1.296000000000000000e+03
1.564000000000000000e+03
3.356000000000000000e+03
1.388000000000000000e+03
1.180000000000000000e+03
1.648000000000000000e+03
3.080000000000000000e+02
6.400000000000000000e+02
4.440000000000000000e+02
8.680000000000000000e+02
1.056000000000000000e+03
5.040000000000000000e+02
1.460000000000000000e+03
1.024000000000000000e+03
6.880000000000000000e+02
5.840000000000000000e+02
9.320000000000000000e+02
3.960000000000000000e+02
1.132000000000000000e+03
2.400000000000000000e+02
1.444000000000000000e+03
1.160000000000000000e+03
3.080000000000000000e+02
1.860000000000000000e+03
7.280000000000000000e+02
1.488000000000000000e+03
7.640000000000000000e+02
6.680000000000000000e+02
8.840000000000000000e+02
2.640000000000000000e+02
1.848000000000000000e+03
7.920000000000000000e+02
8.160000000000000000e+02
7.480000000000000000e+02
6.400000000000000000e+02
2.656000000000000000e+03
1.532000000000000000e+03
7.200000000000000000e+02
1.668000000000000000e+03
1.308000000000000000e+03
1.880000000000000000e+02
3.480000000000000000e+02
5.280000000000000000e+02
6.960000000000000000e+02
1.880000000000000000e+02
2.440000000000000000e+02
7.400000000000000000e+02
2.520000000000000000e+03
6.560000000000000000e+02
1.788000000000000000e+03
3.760000000000000000e+02
2.880000000000000000e+02
6.120000000000000000e+02
5.920000000000000000e+02
6.560000000000000000e+02
5.920000000000000000e+02
4.360000000000000000e+02
7.680000000000000000e+02
2.640000000000000000e+02
5.600000000000000000e+02
4.160000000000000000e+02
8.240000000000000000e+02
6.840000000000000000e+02
3.360000000000000000e+02
1.376000000000000000e+03
5.920000000000000000e+02
8.720000000000000000e+02
7.480000000000000000e+02
3.800000000000000000e+02
8.200000000000000000e+02
1.032000000000000000e+03
1.120000000000000000e+03
2.044000000000000000e+03
7.880000000000000000e+02
6.560000000000000000e+02
3.400000000000000000e+02
8.880000000000000000e+02
1.744000000000000000e+03
2.520000000000000000e+02
4.800000000000000000e+02
3.172000000000000000e+03
8.080000000000000000e+02
1.660000000000000000e+03
6.280000000000000000e+02
1.416000000000000000e+03
6.040000000000000000e+02
4.880000000000000000e+02
3.400000000000000000e+02
6.560000000000000000e+02
4.160000000000000000e+02
2.720000000000000000e+02
2.480000000000000000e+02
1.160000000000000000e+03
3.840000000000000000e+02
1.720000000000000000e+02
4.840000000000000000e+02
4.520000000000000000e+02
2.200000000000000000e+02
7.960000000000000000e+02
9.360000000000000000e+02
1.872000000000000000e+03
8.560000000000000000e+02
2.840000000000000000e+02
2.200000000000000000e+02
1.212000000000000000e+03
6.560000000000000000e+02
2.600000000000000000e+02
8.840000000000000000e+02
1.104000000000000000e+03
1.408000000000000000e+03
2.240000000000000000e+02
4.640000000000000000e+02
5.080000000000000000e+02
7.000000000000000000e+02
3.560000000000000000e+02
9.360000000000000000e+02
8.120000000000000000e+02
1.120000000000000000e+03
7.080000000000000000e+02
4.440000000000000000e+02
2.960000000000000000e+02
2.652000000000000000e+03
6.400000000000000000e+02
5.800000000000000000e+02
1.056000000000000000e+03
5.680000000000000000e+02
2.600000000000000000e+02
7.560000000000000000e+02
5.360000000000000000e+02
3.480000000000000000e+02
7.800000000000000000e+02
4.280000000000000000e+02
4.960000000000000000e+02
3.480000000000000000e+02
4.040000000000000000e+02
2.084000000000000000e+03
3.400000000000000000e+02
5.480000000000000000e+02
4.680000000000000000e+02
5.240000000000000000e+02
2.440000000000000000e+02
9.040000000000000000e+02
2.840000000000000000e+02
7.280000000000000000e+02
6.800000000000000000e+02
9.720000000000000000e+02
1.760000000000000000e+02
3.440000000000000000e+02
4.800000000000000000e+02
3.720000000000000000e+02
4.920000000000000000e+02
7.720000000000000000e+02
9.960000000000000000e+02
2.880000000000000000e+02
4.520000000000000000e+02
5.320000000000000000e+02
2.852000000000000000e+03
5.600000000000000000e+02
2.760000000000000000e+02
2.560000000000000000e+02
1.000000000000000000e+03
4.120000000000000000e+02
3.120000000000000000e+02
4.400000000000000000e+02
3.160000000000000000e+02
5.840000000000000000e+02
1.524000000000000000e+03
1.112000000000000000e+03
4.360000000000000000e+02
4.280000000000000000e+02
1.356000000000000000e+03
2.360000000000000000e+02
2.320000000000000000e+02
4.640000000000000000e+02
2.800000000000000000e+02
8.840000000000000000e+02
7.320000000000000000e+02
4.320000000000000000e+02
1.504000000000000000e+03
5.520000000000000000e+02
7.280000000000000000e+02
2.120000000000000000e+02
9.360000000000000000e+02
5.800000000000000000e+02
6.640000000000000000e+02
2.880000000000000000e+02
8.800000000000000000e+02
5.040000000000000000e+02
1.560000000000000000e+03
5.320000000000000000e+02
1.048000000000000000e+03
5.040000000000000000e+02
4.920000000000000000e+02
2.560000000000000000e+02
2.600000000000000000e+02
5.280000000000000000e+02
5.960000000000000000e+02
1.124000000000000000e+03
1.880000000000000000e+02
6.920000000000000000e+02
1.380000000000000000e+03
3.480000000000000000e+02
1.360000000000000000e+02
1.160000000000000000e+02
4.160000000000000000e+02
2.440000000000000000e+02
2.360000000000000000e+02
6.840000000000000000e+02
2.520000000000000000e+02
3.960000000000000000e+02
3.400000000000000000e+02
9.240000000000000000e+02
9.960000000000000000e+02
4.440000000000000000e+02
1.180000000000000000e+03
3.080000000000000000e+02
4.240000000000000000e+02
1.036000000000000000e+03
3.240000000000000000e+02
9.720000000000000000e+02
3.680000000000000000e+02
8.360000000000000000e+02
8.440000000000000000e+02
1.048000000000000000e+03
5.040000000000000000e+02
5.320000000000000000e+02
3.920000000000000000e+02
5.960000000000000000e+02
5.360000000000000000e+02
6.000000000000000000e+02
6.920000000000000000e+02
2.200000000000000000e+02
8.520000000000000000e+02
3.240000000000000000e+02
5.880000000000000000e+02
7.000000000000000000e+02
2.040000000000000000e+02
7.760000000000000000e+02
4.720000000000000000e+02
4.600000000000000000e+02
2.600000000000000000e+02
2.640000000000000000e+02
8.000000000000000000e+02
6.240000000000000000e+02
2.160000000000000000e+02
6.560000000000000000e+02
6.600000000000000000e+02
5.760000000000000000e+02
1.880000000000000000e+02
7.560000000000000000e+02
3.200000000000000000e+02
4.560000000000000000e+02
6.560000000000000000e+02
2.920000000000000000e+02
4.200000000000000000e+02
1.280000000000000000e+02
5.960000000000000000e+02
6.600000000000000000e+02
3.760000000000000000e+02
1.192000000000000000e+03
8.400000000000000000e+02
1.800000000000000000e+02
5.840000000000000000e+02
4.480000000000000000e+02
6.000000000000000000e+02
2.920000000000000000e+02
9.760000000000000000e+02
6.200000000000000000e+02
5.040000000000000000e+02
7.480000000000000000e+02
3.960000000000000000e+02
2.960000000000000000e+02
3.280000000000000000e+02
1.680000000000000000e+02
4.080000000000000000e+02
8.200000000000000000e+02
2.040000000000000000e+02
3.560000000000000000e+02
5.400000000000000000e+02
2.840000000000000000e+02
2.160000000000000000e+02
4.800000000000000000e+02
3.280000000000000000e+02
4.720000000000000000e+02
6.880000000000000000e+02
1.012000000000000000e+03
2.080000000000000000e+02
2.520000000000000000e+02
1.120000000000000000e+02
4.800000000000000000e+02
7.720000000000000000e+02
3.080000000000000000e+02
3.360000000000000000e+02
2.480000000000000000e+02
2.960000000000000000e+02
4.840000000000000000e+02
5.040000000000000000e+02
7.720000000000000000e+02
1.004000000000000000e+03
1.240000000000000000e+02
7.600000000000000000e+02
4.600000000000000000e+02
4.520000000000000000e+02
4.560000000000000000e+02
5.440000000000000000e+02
2.360000000000000000e+02
8.000000000000000000e+02
1.568000000000000000e+03
5.560000000000000000e+02
9.480000000000000000e+02
6.560000000000000000e+02
4.040000000000000000e+02
3.080000000000000000e+02
1.076000000000000000e+03
3.480000000000000000e+02
2.880000000000000000e+02
3.680000000000000000e+02
3.440000000000000000e+02
1.200000000000000000e+02
7.120000000000000000e+02
1.192000000000000000e+03
1.400000000000000000e+02
2.360000000000000000e+02
5.040000000000000000e+02
2.080000000000000000e+02
1.720000000000000000e+02
5.200000000000000000e+02
3.040000000000000000e+02
3.040000000000000000e+02
1.320000000000000000e+02
1.880000000000000000e+02
1.520000000000000000e+02
