2.771000000000000000e+03
3.575000000000000000e+03
1.471000000000000000e+03
2.335000000000000000e+03
1.543000000000000000e+03
8.190000000000000000e+02
2.095000000000000000e+03
2.879000000000000000e+03
9.990000000000000000e+02
1.515000000000000000e+03
3.443000000000000000e+03
4.107000000000000000e+03
9.590000000000000000e+02
7.390000000000000000e+02
2.507000000000000000e+03
4.783000000000000000e+03
3.790000000000000000e+02
7.230000000000000000e+02
2.015000000000000000e+03
1.463000000000000000e+03
1.995000000000000000e+03
1.755000000000000000e+03
5.423000000000000000e+03
1.019000000000000000e+03
7.095000000000000000e+03
2.471000000000000000e+03
4.471000000000000000e+03
1.051000000000000000e+03
6.470000000000000000e+02
1.895000000000000000e+03
1.559000000000000000e+03
1.175000000000000000e+03
4.987000000000000000e+03
4.559000000000000000e+03
1.651000000000000000e+03
7.790000000000000000e+02
3.467000000000000000e+03
2.535000000000000000e+03
5.023000000000000000e+03
1.543000000000000000e+03
5.190000000000000000e+02
5.559000000000000000e+03
6.710000000000000000e+02
8.150000000000000000e+02
9.150000000000000000e+02
1.527000000000000000e+03
1.191000000000000000e+03
6.750000000000000000e+02
4.095000000000000000e+03
6.190000000000000000e+02
2.875000000000000000e+03
3.350000000000000000e+02
1.059000000000000000e+03
5.470000000000000000e+02
3.750000000000000000e+02
1.563000000000000000e+03
1.195000000000000000e+03
2.790000000000000000e+02
1.467000000000000000e+03
8.419000000000000000e+03
1.739000000000000000e+03
2.567000000000000000e+03
1.715000000000000000e+03
6.870000000000000000e+02
1.131000000000000000e+03
7.870000000000000000e+02
1.127000000000000000e+03
1.731000000000000000e+03
2.243000000000000000e+03
6.470000000000000000e+02
4.510000000000000000e+02
6.790000000000000000e+02
2.711000000000000000e+03
6.510000000000000000e+02
8.150000000000000000e+02
3.710000000000000000e+02
1.827000000000000000e+03
7.790000000000000000e+02
2.670000000000000000e+02
1.415000000000000000e+03
1.655000000000000000e+03
6.110000000000000000e+02
1.187000000000000000e+03
4.463000000000000000e+03
1.135000000000000000e+03
1.750000000000000000e+02
1.791000000000000000e+03
9.670000000000000000e+02
3.031000000000000000e+03
8.350000000000000000e+02
4.870000000000000000e+02
7.310000000000000000e+02
1.163000000000000000e+03
9.230000000000000000e+02
1.243000000000000000e+03
5.790000000000000000e+02
2.603000000000000000e+03
9.910000000000000000e+02
2.803000000000000000e+03
2.107000000000000000e+03
