3.440000000000000000e+03
9.280000000000000000e+02
2.236000000000000000e+03
6.408000000000000000e+03
3.896000000000000000e+03
3.208000000000000000e+03
4.080000000000000000e+02
2.424000000000000000e+03
1.904000000000000000e+03
2.468000000000000000e+03
2.544000000000000000e+03
1.356000000000000000e+03
1.884000000000000000e+03
1.396000000000000000e+03
4.560000000000000000e+02
2.916000000000000000e+03
2.832000000000000000e+03
2.280000000000000000e+03
2.720000000000000000e+02
1.252000000000000000e+03
3.132000000000000000e+03
4.204000000000000000e+03
2.620000000000000000e+03
6.520000000000000000e+02
5.520000000000000000e+02
5.000000000000000000e+03
1.196000000000000000e+03
3.084000000000000000e+03
1.044000000000000000e+03
1.280000000000000000e+03
8.720000000000000000e+02
1.724000000000000000e+03
3.200000000000000000e+02
3.188000000000000000e+03
8.080000000000000000e+02
6.080000000000000000e+02
7.040000000000000000e+02
6.360000000000000000e+02
2.664000000000000000e+03
4.080000000000000000e+02
2.212000000000000000e+03
2.072000000000000000e+03
8.480000000000000000e+02
2.056000000000000000e+03
2.420000000000000000e+03
9.840000000000000000e+02
1.056000000000000000e+03
4.840000000000000000e+02
2.160000000000000000e+03
4.440000000000000000e+02
1.596000000000000000e+03
1.760000000000000000e+03
9.040000000000000000e+02
1.756000000000000000e+03
3.864000000000000000e+03
2.672000000000000000e+03
1.572000000000000000e+03
2.576000000000000000e+03
5.200000000000000000e+02
2.636000000000000000e+03
3.760000000000000000e+02
1.640000000000000000e+03
1.644000000000000000e+03
5.920000000000000000e+02
3.628000000000000000e+03
7.000000000000000000e+02
3.036000000000000000e+03
3.184000000000000000e+03
1.532000000000000000e+03
1.676000000000000000e+03
2.680000000000000000e+03
1.724000000000000000e+03
2.076000000000000000e+03
8.800000000000000000e+02
1.432000000000000000e+03
1.060000000000000000e+03
8.080000000000000000e+02
1.032000000000000000e+03
2.400000000000000000e+03
3.148000000000000000e+03
4.592000000000000000e+03
9.600000000000000000e+02
1.128000000000000000e+03
1.416000000000000000e+03
3.692000000000000000e+03
2.420000000000000000e+03
1.736000000000000000e+03
4.320000000000000000e+02
4.132000000000000000e+03
1.060000000000000000e+03
3.348000000000000000e+03
2.016000000000000000e+03
4.680000000000000000e+02
2.120000000000000000e+02
5.160000000000000000e+02
1.864000000000000000e+03
2.436000000000000000e+03
3.060000000000000000e+03
1.948000000000000000e+03
8.360000000000000000e+02
1.680000000000000000e+03
1.560000000000000000e+03
1.764000000000000000e+03
1.396000000000000000e+03
5.480000000000000000e+02
4.560000000000000000e+02
1.664000000000000000e+03
1.124000000000000000e+03
2.756000000000000000e+03
1.208000000000000000e+03
1.160000000000000000e+03
6.920000000000000000e+02
5.800000000000000000e+02
7.120000000000000000e+02
1.372000000000000000e+03
9.440000000000000000e+02
1.092000000000000000e+03
1.860000000000000000e+03
1.268000000000000000e+03
2.948000000000000000e+03
4.400000000000000000e+02
1.392000000000000000e+03
2.308000000000000000e+03
1.884000000000000000e+03
2.700000000000000000e+03
4.640000000000000000e+02
2.636000000000000000e+03
5.160000000000000000e+02
7.280000000000000000e+02
1.492000000000000000e+03
1.252000000000000000e+03
4.280000000000000000e+02
7.040000000000000000e+02
1.076000000000000000e+03
5.680000000000000000e+02
7.920000000000000000e+02
2.036000000000000000e+03
4.840000000000000000e+02
1.428000000000000000e+03
7.000000000000000000e+02
1.676000000000000000e+03
1.184000000000000000e+03
1.088000000000000000e+03
2.960000000000000000e+02
1.124000000000000000e+03
8.200000000000000000e+02
2.400000000000000000e+02
7.560000000000000000e+02
5.400000000000000000e+02
1.440000000000000000e+03
1.368000000000000000e+03
1.088000000000000000e+03
8.240000000000000000e+02
1.488000000000000000e+03
1.552000000000000000e+03
7.880000000000000000e+02
8.520000000000000000e+02
5.560000000000000000e+02
6.680000000000000000e+02
1.176000000000000000e+03
6.800000000000000000e+02
3.360000000000000000e+02
2.360000000000000000e+02
9.600000000000000000e+02
5.800000000000000000e+02
1.496000000000000000e+03
5.680000000000000000e+02
5.560000000000000000e+02
1.888000000000000000e+03
8.440000000000000000e+02
9.920000000000000000e+02
4.280000000000000000e+02
5.200000000000000000e+02
8.440000000000000000e+02
3.000000000000000000e+02
4.960000000000000000e+02
1.640000000000000000e+03
7.080000000000000000e+02
1.320000000000000000e+03
5.960000000000000000e+02
8.040000000000000000e+02
1.328000000000000000e+03
2.020000000000000000e+03
6.480000000000000000e+02
1.620000000000000000e+03
1.364000000000000000e+03
2.320000000000000000e+02
2.060000000000000000e+03
1.276000000000000000e+03
7.280000000000000000e+02
1.256000000000000000e+03
2.040000000000000000e+02
3.920000000000000000e+02
1.016000000000000000e+03
7.120000000000000000e+02
2.372000000000000000e+03
2.360000000000000000e+02
4.120000000000000000e+02
1.056000000000000000e+03
2.640000000000000000e+02
7.480000000000000000e+02
6.840000000000000000e+02
1.372000000000000000e+03
3.400000000000000000e+02
9.040000000000000000e+02
5.240000000000000000e+02
2.400000000000000000e+02
2.560000000000000000e+02
5.480000000000000000e+02
5.600000000000000000e+02
6.400000000000000000e+02
4.360000000000000000e+02
2.872000000000000000e+03
1.196000000000000000e+03
7.480000000000000000e+02
1.088000000000000000e+03
1.556000000000000000e+03
3.840000000000000000e+02
2.628000000000000000e+03
1.320000000000000000e+03
2.480000000000000000e+02
8.040000000000000000e+02
1.052000000000000000e+03
4.880000000000000000e+02
4.560000000000000000e+02
3.800000000000000000e+02
9.720000000000000000e+02
1.460000000000000000e+03
3.400000000000000000e+02
2.160000000000000000e+02
9.800000000000000000e+02
4.600000000000000000e+02
4.680000000000000000e+02
3.440000000000000000e+02
1.584000000000000000e+03
2.160000000000000000e+02
6.440000000000000000e+02
4.000000000000000000e+02
2.240000000000000000e+03
1.296000000000000000e+03
2.320000000000000000e+02
1.748000000000000000e+03
5.160000000000000000e+02
4.920000000000000000e+02
7.920000000000000000e+02
5.920000000000000000e+02
5.640000000000000000e+02
7.280000000000000000e+02
4.400000000000000000e+02
4.680000000000000000e+02
2.400000000000000000e+02
8.320000000000000000e+02
8.560000000000000000e+02
1.372000000000000000e+03
1.880000000000000000e+02
3.480000000000000000e+02
2.396000000000000000e+03
2.480000000000000000e+02
3.920000000000000000e+02
6.920000000000000000e+02
1.064000000000000000e+03
4.840000000000000000e+02
3.680000000000000000e+02
4.280000000000000000e+02
8.480000000000000000e+02
1.812000000000000000e+03
2.760000000000000000e+02
4.920000000000000000e+02
7.160000000000000000e+02
8.800000000000000000e+02
2.960000000000000000e+02
4.480000000000000000e+02
1.440000000000000000e+02
6.040000000000000000e+02
5.640000000000000000e+02
4.920000000000000000e+02
7.960000000000000000e+02
2.160000000000000000e+02
1.384000000000000000e+03
7.880000000000000000e+02
2.880000000000000000e+02
1.128000000000000000e+03
3.000000000000000000e+02
2.640000000000000000e+02
2.880000000000000000e+02
3.600000000000000000e+02
4.800000000000000000e+02
4.120000000000000000e+02
2.000000000000000000e+02
8.800000000000000000e+02
6.200000000000000000e+02
1.380000000000000000e+03
5.240000000000000000e+02
5.960000000000000000e+02
4.520000000000000000e+02
7.480000000000000000e+02
1.680000000000000000e+02
4.080000000000000000e+02
5.680000000000000000e+02
1.400000000000000000e+02
3.800000000000000000e+02
1.160000000000000000e+03
3.680000000000000000e+02
3.120000000000000000e+02
3.960000000000000000e+02
1.000000000000000000e+03
6.280000000000000000e+02
4.360000000000000000e+02
1.880000000000000000e+02
3.440000000000000000e+02
3.000000000000000000e+02
6.440000000000000000e+02
3.600000000000000000e+02
1.864000000000000000e+03
1.560000000000000000e+02
3.680000000000000000e+02
1.480000000000000000e+02
4.280000000000000000e+02
2.440000000000000000e+02
4.520000000000000000e+02
1.208000000000000000e+03
2.480000000000000000e+02
4.720000000000000000e+02
1.188000000000000000e+03
1.404000000000000000e+03
4.800000000000000000e+02
9.240000000000000000e+02
4.440000000000000000e+02
1.660000000000000000e+03
2.040000000000000000e+03
7.280000000000000000e+02
6.560000000000000000e+02
3.400000000000000000e+02
3.920000000000000000e+02
3.280000000000000000e+02
4.520000000000000000e+02
3.400000000000000000e+02
7.520000000000000000e+02
4.760000000000000000e+02
1.960000000000000000e+02
2.320000000000000000e+02
1.240000000000000000e+02
2.440000000000000000e+02
6.200000000000000000e+02
1.632000000000000000e+03
6.840000000000000000e+02
7.440000000000000000e+02
2.040000000000000000e+02
4.760000000000000000e+02
9.320000000000000000e+02
8.800000000000000000e+02
1.720000000000000000e+02
3.600000000000000000e+02
9.120000000000000000e+02
5.360000000000000000e+02
1.920000000000000000e+02
5.520000000000000000e+02
2.080000000000000000e+02
2.640000000000000000e+02
3.400000000000000000e+02
9.800000000000000000e+02
3.360000000000000000e+02
7.400000000000000000e+02
4.360000000000000000e+02
3.360000000000000000e+02
1.020000000000000000e+03
5.200000000000000000e+02
3.400000000000000000e+02
6.080000000000000000e+02
1.600000000000000000e+02
2.800000000000000000e+02
7.520000000000000000e+02
7.400000000000000000e+02
3.560000000000000000e+02
9.680000000000000000e+02
6.520000000000000000e+02
7.640000000000000000e+02
3.320000000000000000e+02
6.240000000000000000e+02
3.400000000000000000e+02
6.720000000000000000e+02
3.440000000000000000e+02
5.800000000000000000e+02
1.248000000000000000e+03
4.840000000000000000e+02
4.240000000000000000e+02
2.160000000000000000e+02
1.744000000000000000e+03
9.160000000000000000e+02
3.680000000000000000e+02
3.680000000000000000e+02
3.320000000000000000e+02
3.000000000000000000e+02
6.120000000000000000e+02
4.360000000000000000e+02
5.440000000000000000e+02
3.320000000000000000e+02
4.280000000000000000e+02
1.600000000000000000e+02
3.880000000000000000e+02
1.960000000000000000e+02
2.920000000000000000e+02
1.440000000000000000e+02
1.200000000000000000e+02
3.080000000000000000e+02
5.520000000000000000e+02
1.200000000000000000e+02
1.720000000000000000e+02
1.436000000000000000e+03
4.960000000000000000e+02
1.264000000000000000e+03
2.720000000000000000e+02
6.440000000000000000e+02
3.440000000000000000e+02
8.800000000000000000e+02
4.640000000000000000e+02
5.240000000000000000e+02
2.720000000000000000e+02
2.320000000000000000e+02
3.840000000000000000e+02
5.120000000000000000e+02
3.560000000000000000e+02
5.320000000000000000e+02
1.320000000000000000e+02
1.240000000000000000e+02
4.000000000000000000e+02
4.920000000000000000e+02
8.960000000000000000e+02
5.160000000000000000e+02
1.800000000000000000e+02
1.120000000000000000e+02
2.320000000000000000e+02
4.200000000000000000e+02
5.680000000000000000e+02
1.520000000000000000e+02
1.680000000000000000e+02
1.120000000000000000e+02
2.160000000000000000e+02
3.560000000000000000e+02
1.160000000000000000e+02
1.560000000000000000e+02
6.680000000000000000e+02
4.400000000000000000e+02
3.960000000000000000e+02
4.840000000000000000e+02
6.960000000000000000e+02
1.320000000000000000e+02
1.520000000000000000e+02
4.600000000000000000e+02
2.320000000000000000e+02
1.160000000000000000e+02
3.560000000000000000e+02
1.600000000000000000e+02
1.412000000000000000e+03
4.560000000000000000e+02
7.120000000000000000e+02
1.044000000000000000e+03
2.720000000000000000e+02
1.440000000000000000e+02
9.080000000000000000e+02
1.600000000000000000e+02
9.840000000000000000e+02
4.320000000000000000e+02
3.680000000000000000e+02
4.480000000000000000e+02
6.560000000000000000e+02
5.960000000000000000e+02
1.160000000000000000e+02
2.040000000000000000e+02
3.040000000000000000e+02
2.240000000000000000e+02
3.360000000000000000e+02
1.016000000000000000e+03
8.280000000000000000e+02
4.120000000000000000e+02
4.160000000000000000e+02
3.840000000000000000e+02
6.000000000000000000e+02
7.360000000000000000e+02
4.400000000000000000e+02
3.880000000000000000e+02
4.160000000000000000e+02
6.800000000000000000e+02
1.208000000000000000e+03
3.600000000000000000e+02
2.880000000000000000e+02
2.840000000000000000e+02
6.400000000000000000e+02
2.560000000000000000e+02
6.960000000000000000e+02
2.160000000000000000e+02
2.720000000000000000e+02
2.016000000000000000e+03
1.840000000000000000e+02
1.120000000000000000e+02
2.040000000000000000e+02
2.040000000000000000e+02
2.160000000000000000e+02
9.320000000000000000e+02
3.920000000000000000e+02
2.000000000000000000e+02
4.840000000000000000e+02
6.280000000000000000e+02
2.720000000000000000e+02
3.240000000000000000e+02
4.040000000000000000e+02
7.720000000000000000e+02
3.160000000000000000e+02
3.200000000000000000e+02
2.440000000000000000e+02
2.120000000000000000e+02
3.040000000000000000e+02
1.960000000000000000e+02
2.200000000000000000e+02
2.880000000000000000e+02
2.640000000000000000e+02
3.840000000000000000e+02
3.040000000000000000e+02
3.200000000000000000e+02
2.080000000000000000e+02
6.000000000000000000e+02
5.480000000000000000e+02
4.800000000000000000e+02
3.320000000000000000e+02
2.760000000000000000e+02
2.920000000000000000e+02
2.200000000000000000e+02
7.120000000000000000e+02
2.680000000000000000e+02
6.000000000000000000e+02
1.880000000000000000e+02
2.640000000000000000e+02
1.236000000000000000e+03
3.480000000000000000e+02
4.560000000000000000e+02
2.920000000000000000e+02
2.760000000000000000e+02
5.440000000000000000e+02
2.520000000000000000e+02
5.920000000000000000e+02
4.200000000000000000e+02
1.440000000000000000e+02
3.320000000000000000e+02
1.280000000000000000e+02
4.040000000000000000e+02
3.960000000000000000e+02
2.000000000000000000e+02
6.840000000000000000e+02
2.720000000000000000e+02
6.080000000000000000e+02
2.640000000000000000e+02
7.080000000000000000e+02
1.960000000000000000e+02
3.000000000000000000e+02
4.480000000000000000e+02
8.640000000000000000e+02
3.640000000000000000e+02
2.000000000000000000e+02
4.320000000000000000e+02
8.400000000000000000e+02
7.720000000000000000e+02
1.440000000000000000e+02
1.840000000000000000e+02
1.640000000000000000e+02
6.080000000000000000e+02
3.640000000000000000e+02
3.640000000000000000e+02
4.840000000000000000e+02
2.360000000000000000e+02
5.200000000000000000e+02
4.280000000000000000e+02
2.280000000000000000e+02
2.200000000000000000e+02
7.200000000000000000e+02
2.840000000000000000e+02
4.120000000000000000e+02
2.640000000000000000e+02
5.920000000000000000e+02
9.320000000000000000e+02
7.880000000000000000e+02
4.320000000000000000e+02
2.240000000000000000e+02
3.480000000000000000e+02
1.008000000000000000e+03
1.920000000000000000e+02
1.184000000000000000e+03
6.000000000000000000e+02
5.680000000000000000e+02
3.960000000000000000e+02
4.080000000000000000e+02
6.080000000000000000e+02
2.840000000000000000e+02
9.120000000000000000e+02
1.200000000000000000e+02
1.960000000000000000e+02
2.800000000000000000e+02
8.760000000000000000e+02
1.120000000000000000e+02
1.316000000000000000e+03
2.400000000000000000e+02
1.120000000000000000e+02
8.880000000000000000e+02
1.320000000000000000e+02
2.360000000000000000e+02
2.920000000000000000e+02
6.200000000000000000e+02
2.360000000000000000e+02
1.408000000000000000e+03
3.360000000000000000e+02
3.760000000000000000e+02
5.680000000000000000e+02
2.000000000000000000e+02
3.080000000000000000e+02
2.120000000000000000e+02
2.720000000000000000e+02
2.040000000000000000e+02
3.480000000000000000e+02
4.600000000000000000e+02
4.520000000000000000e+02
3.120000000000000000e+02
1.200000000000000000e+02
6.040000000000000000e+02
2.000000000000000000e+02
1.120000000000000000e+02
1.360000000000000000e+02
1.280000000000000000e+02
3.080000000000000000e+02
1.240000000000000000e+02
2.200000000000000000e+02
2.560000000000000000e+02
6.320000000000000000e+02
2.000000000000000000e+02
4.640000000000000000e+02
3.800000000000000000e+02
1.120000000000000000e+02
2.680000000000000000e+02
3.080000000000000000e+02
6.960000000000000000e+02
2.960000000000000000e+02
1.040000000000000000e+02
2.280000000000000000e+02
1.076000000000000000e+03
9.800000000000000000e+02
9.560000000000000000e+02
6.480000000000000000e+02
1.480000000000000000e+02
8.880000000000000000e+02
3.040000000000000000e+02
8.240000000000000000e+02
1.880000000000000000e+02
5.600000000000000000e+02
1.320000000000000000e+02
1.320000000000000000e+02
1.120000000000000000e+02
4.880000000000000000e+02
2.640000000000000000e+02
2.840000000000000000e+02
7.120000000000000000e+02
1.396000000000000000e+03
2.960000000000000000e+02
9.640000000000000000e+02
5.880000000000000000e+02
3.880000000000000000e+02
4.040000000000000000e+02
1.016000000000000000e+03
5.600000000000000000e+02
2.960000000000000000e+02
2.840000000000000000e+02
1.200000000000000000e+02
1.240000000000000000e+02
2.600000000000000000e+02
1.320000000000000000e+02
8.400000000000000000e+01
2.960000000000000000e+02
3.240000000000000000e+02
8.280000000000000000e+02
6.760000000000000000e+02
1.640000000000000000e+02
3.520000000000000000e+02
2.360000000000000000e+02
4.960000000000000000e+02
1.344000000000000000e+03
3.920000000000000000e+02
2.600000000000000000e+02
1.200000000000000000e+02
4.520000000000000000e+02
5.840000000000000000e+02
1.880000000000000000e+02
1.280000000000000000e+02
2.440000000000000000e+02
1.080000000000000000e+03
1.640000000000000000e+02
5.720000000000000000e+02
1.400000000000000000e+02
2.880000000000000000e+02
1.240000000000000000e+02
4.880000000000000000e+02
1.120000000000000000e+02
1.120000000000000000e+02
4.320000000000000000e+02
4.760000000000000000e+02
7.280000000000000000e+02
5.160000000000000000e+02
1.520000000000000000e+02
6.880000000000000000e+02
7.320000000000000000e+02
4.160000000000000000e+02
4.680000000000000000e+02
1.800000000000000000e+02
3.240000000000000000e+02
1.200000000000000000e+02
3.880000000000000000e+02
1.360000000000000000e+02
3.440000000000000000e+02
1.360000000000000000e+02
1.680000000000000000e+02
3.760000000000000000e+02
3.920000000000000000e+02
2.840000000000000000e+02
6.520000000000000000e+02
1.320000000000000000e+02
1.560000000000000000e+02
1.720000000000000000e+02
4.520000000000000000e+02
6.320000000000000000e+02
1.760000000000000000e+02
3.440000000000000000e+02
3.000000000000000000e+02
9.720000000000000000e+02
2.280000000000000000e+02
4.560000000000000000e+02
2.000000000000000000e+02
1.040000000000000000e+02
2.480000000000000000e+02
1.520000000000000000e+02
4.440000000000000000e+02
4.840000000000000000e+02
1.244000000000000000e+03
1.344000000000000000e+03
7.240000000000000000e+02
8.640000000000000000e+02
4.560000000000000000e+02
2.320000000000000000e+02
4.320000000000000000e+02
8.840000000000000000e+02
1.240000000000000000e+02
6.000000000000000000e+02
2.680000000000000000e+02
2.920000000000000000e+02
4.520000000000000000e+02
1.680000000000000000e+02
5.240000000000000000e+02
6.920000000000000000e+02
7.160000000000000000e+02
4.800000000000000000e+02
3.520000000000000000e+02
6.320000000000000000e+02
1.120000000000000000e+02
4.080000000000000000e+02
9.880000000000000000e+02
5.840000000000000000e+02
4.320000000000000000e+02
2.000000000000000000e+02
2.680000000000000000e+02
2.160000000000000000e+02
2.880000000000000000e+02
2.560000000000000000e+02
1.600000000000000000e+02
7.640000000000000000e+02
3.720000000000000000e+02
3.800000000000000000e+02
4.600000000000000000e+02
6.680000000000000000e+02
4.680000000000000000e+02
3.880000000000000000e+02
4.440000000000000000e+02
2.960000000000000000e+02
2.240000000000000000e+02
2.680000000000000000e+02
3.120000000000000000e+02
3.400000000000000000e+02
4.560000000000000000e+02
3.080000000000000000e+02
1.092000000000000000e+03
7.200000000000000000e+02
1.800000000000000000e+02
4.400000000000000000e+02
1.680000000000000000e+02
2.360000000000000000e+02
1.120000000000000000e+02
2.960000000000000000e+02
8.200000000000000000e+02
4.480000000000000000e+02
3.120000000000000000e+02
2.680000000000000000e+02
2.400000000000000000e+02
2.240000000000000000e+02
6.600000000000000000e+02
1.360000000000000000e+02
4.080000000000000000e+02
2.000000000000000000e+02
6.320000000000000000e+02
2.400000000000000000e+02
2.240000000000000000e+02
1.760000000000000000e+02
5.760000000000000000e+02
2.240000000000000000e+02
2.880000000000000000e+02
4.000000000000000000e+02
1.760000000000000000e+02
2.880000000000000000e+02
1.120000000000000000e+02
1.560000000000000000e+02
4.160000000000000000e+02
2.000000000000000000e+02
1.960000000000000000e+02
6.960000000000000000e+02
4.120000000000000000e+02
9.640000000000000000e+02
1.400000000000000000e+02
3.000000000000000000e+02
9.280000000000000000e+02
2.400000000000000000e+02
4.720000000000000000e+02
1.960000000000000000e+02
9.840000000000000000e+02
3.840000000000000000e+02
1.236000000000000000e+03
1.200000000000000000e+02
1.320000000000000000e+02
4.120000000000000000e+02
2.160000000000000000e+02
2.400000000000000000e+02
1.572000000000000000e+03
6.560000000000000000e+02
5.800000000000000000e+02
4.040000000000000000e+02
7.080000000000000000e+02
3.760000000000000000e+02
1.040000000000000000e+02
3.200000000000000000e+02
5.400000000000000000e+02
1.400000000000000000e+02
6.840000000000000000e+02
5.240000000000000000e+02
2.200000000000000000e+02
1.240000000000000000e+02
6.000000000000000000e+02
4.320000000000000000e+02
9.520000000000000000e+02
4.360000000000000000e+02
3.960000000000000000e+02
6.040000000000000000e+02
1.560000000000000000e+02
3.560000000000000000e+02
1.640000000000000000e+02
4.160000000000000000e+02
3.760000000000000000e+02
1.740000000000000000e+03
7.520000000000000000e+02
2.680000000000000000e+02
3.200000000000000000e+02
4.000000000000000000e+02
2.080000000000000000e+02
2.120000000000000000e+02
4.320000000000000000e+02
2.200000000000000000e+02
2.480000000000000000e+02
2.040000000000000000e+02
4.080000000000000000e+02
3.240000000000000000e+02
2.600000000000000000e+02
1.600000000000000000e+02
1.440000000000000000e+02
1.080000000000000000e+02
3.560000000000000000e+02
2.840000000000000000e+02
3.120000000000000000e+02
1.200000000000000000e+02
1.288000000000000000e+03
1.260000000000000000e+03
4.720000000000000000e+02
5.480000000000000000e+02
1.840000000000000000e+02
1.920000000000000000e+02
4.360000000000000000e+02
7.240000000000000000e+02
4.000000000000000000e+02
2.000000000000000000e+02
2.280000000000000000e+02
3.120000000000000000e+02
6.240000000000000000e+02
4.600000000000000000e+02
1.920000000000000000e+02
1.160000000000000000e+02
1.880000000000000000e+02
1.976000000000000000e+03
1.960000000000000000e+02
4.120000000000000000e+02
1.760000000000000000e+02
1.656000000000000000e+03
4.760000000000000000e+02
5.640000000000000000e+02
4.520000000000000000e+02
4.880000000000000000e+02
2.040000000000000000e+02
1.000000000000000000e+03
2.720000000000000000e+02
4.680000000000000000e+02
4.160000000000000000e+02
4.560000000000000000e+02
7.760000000000000000e+02
7.800000000000000000e+02
5.880000000000000000e+02
8.720000000000000000e+02
2.200000000000000000e+02
2.720000000000000000e+02
9.760000000000000000e+02
2.000000000000000000e+02
6.760000000000000000e+02
1.160000000000000000e+02
5.720000000000000000e+02
1.800000000000000000e+02
2.752000000000000000e+03
2.880000000000000000e+02
2.400000000000000000e+02
1.520000000000000000e+02
3.320000000000000000e+02
6.600000000000000000e+02
3.000000000000000000e+02
2.120000000000000000e+02
4.200000000000000000e+02
1.640000000000000000e+03
8.320000000000000000e+02
1.480000000000000000e+02
4.280000000000000000e+02
1.360000000000000000e+02
2.400000000000000000e+02
7.680000000000000000e+02
5.880000000000000000e+02
2.360000000000000000e+02
5.040000000000000000e+02
5.520000000000000000e+02
5.880000000000000000e+02
2.920000000000000000e+02
2.560000000000000000e+02
9.960000000000000000e+02
7.000000000000000000e+02
3.720000000000000000e+02
4.120000000000000000e+02
6.800000000000000000e+02
1.320000000000000000e+03
2.160000000000000000e+02
1.440000000000000000e+02
3.960000000000000000e+02
1.000000000000000000e+02
2.240000000000000000e+02
3.840000000000000000e+02
1.840000000000000000e+02
1.920000000000000000e+02
6.720000000000000000e+02
5.200000000000000000e+02
1.024000000000000000e+03
2.040000000000000000e+02
3.080000000000000000e+02
6.560000000000000000e+02
3.600000000000000000e+02
3.120000000000000000e+02
9.000000000000000000e+02
1.920000000000000000e+02
1.280000000000000000e+02
2.760000000000000000e+02
3.000000000000000000e+02
6.520000000000000000e+02
1.760000000000000000e+02
3.680000000000000000e+02
1.080000000000000000e+02
2.760000000000000000e+02
4.240000000000000000e+02
2.680000000000000000e+02
2.720000000000000000e+02
3.000000000000000000e+02
1.280000000000000000e+02
4.040000000000000000e+02
1.080000000000000000e+02
9.280000000000000000e+02
4.160000000000000000e+02
1.520000000000000000e+02
4.040000000000000000e+02
1.280000000000000000e+02
1.960000000000000000e+02
4.640000000000000000e+02
5.080000000000000000e+02
3.920000000000000000e+02
1.920000000000000000e+02
1.800000000000000000e+02
6.440000000000000000e+02
3.120000000000000000e+02
3.560000000000000000e+02
4.840000000000000000e+02
