5.284000000000000000e+03
1.592000000000000000e+03
2.344000000000000000e+03
1.052000000000000000e+03
1.368000000000000000e+03
2.960000000000000000e+03
8.240000000000000000e+02
9.780000000000000000e+03
6.520000000000000000e+03
2.200000000000000000e+03
9.760000000000000000e+02
2.020000000000000000e+03
1.760000000000000000e+03
2.480000000000000000e+03
2.268000000000000000e+03
3.632000000000000000e+03
5.044000000000000000e+03
5.768000000000000000e+03
3.920000000000000000e+02
1.780000000000000000e+03
3.284000000000000000e+03
3.572000000000000000e+03
4.692000000000000000e+03
1.728000000000000000e+03
8.360000000000000000e+02
1.720000000000000000e+03
1.836000000000000000e+03
6.240000000000000000e+02
1.832000000000000000e+03
4.404000000000000000e+03
2.148000000000000000e+03
7.800000000000000000e+02
1.024000000000000000e+03
2.148000000000000000e+03
6.868000000000000000e+03
1.672000000000000000e+03
2.760000000000000000e+02
6.880000000000000000e+02
3.896000000000000000e+03
2.636000000000000000e+03
2.980000000000000000e+03
5.216000000000000000e+03
7.744000000000000000e+03
1.052000000000000000e+03
2.060000000000000000e+03
3.772000000000000000e+03
2.648000000000000000e+03
1.408000000000000000e+03
9.760000000000000000e+02
2.912000000000000000e+03
1.204000000000000000e+03
1.200000000000000000e+03
9.000000000000000000e+02
3.144000000000000000e+03
3.164000000000000000e+03
7.640000000000000000e+02
8.596000000000000000e+03
1.732000000000000000e+03
9.120000000000000000e+02
6.200000000000000000e+02
4.640000000000000000e+02
3.404000000000000000e+03
4.872000000000000000e+03
1.340000000000000000e+03
1.192000000000000000e+03
1.656000000000000000e+03
2.628000000000000000e+03
9.680000000000000000e+02
1.904000000000000000e+03
8.800000000000000000e+02
6.608000000000000000e+03
2.952000000000000000e+03
8.920000000000000000e+02
2.016000000000000000e+03
4.800000000000000000e+02
9.880000000000000000e+02
3.240000000000000000e+02
1.148000000000000000e+03
4.800000000000000000e+02
3.148000000000000000e+03
7.840000000000000000e+02
2.056000000000000000e+03
1.456000000000000000e+03
1.468000000000000000e+03
8.640000000000000000e+02
3.476000000000000000e+03
6.520000000000000000e+02
5.012000000000000000e+03
6.480000000000000000e+02
5.560000000000000000e+02
2.728000000000000000e+03
3.284000000000000000e+03
1.172000000000000000e+03
3.992000000000000000e+03
9.360000000000000000e+02
1.312000000000000000e+03
1.048000000000000000e+03
1.940000000000000000e+03
1.712000000000000000e+03
5.440000000000000000e+02
1.148000000000000000e+03
1.688000000000000000e+03
1.788000000000000000e+03
2.008000000000000000e+03
1.444000000000000000e+03
1.576000000000000000e+03
1.040000000000000000e+03
1.364000000000000000e+03
1.156000000000000000e+03
3.352000000000000000e+03
1.660000000000000000e+03
3.236000000000000000e+03
7.000000000000000000e+02
3.028000000000000000e+03
1.224000000000000000e+03
2.480000000000000000e+03
3.340000000000000000e+03
1.296000000000000000e+03
8.320000000000000000e+02
1.888000000000000000e+03
3.148000000000000000e+03
1.192000000000000000e+03
5.280000000000000000e+02
8.520000000000000000e+02
9.280000000000000000e+02
1.096000000000000000e+03
2.828000000000000000e+03
1.396000000000000000e+03
1.516000000000000000e+03
8.520000000000000000e+02
8.320000000000000000e+02
9.840000000000000000e+02
2.584000000000000000e+03
2.008000000000000000e+03
7.520000000000000000e+02
2.672000000000000000e+03
6.440000000000000000e+02
9.920000000000000000e+02
4.800000000000000000e+02
1.344000000000000000e+03
2.560000000000000000e+03
2.836000000000000000e+03
8.560000000000000000e+02
4.052000000000000000e+03
1.728000000000000000e+03
1.324000000000000000e+03
1.372000000000000000e+03
1.656000000000000000e+03
8.520000000000000000e+02
2.860000000000000000e+03
2.516000000000000000e+03
3.560000000000000000e+03
3.488000000000000000e+03
2.112000000000000000e+03
1.072000000000000000e+03
6.800000000000000000e+02
1.480000000000000000e+03
1.060000000000000000e+03
4.120000000000000000e+02
2.532000000000000000e+03
9.800000000000000000e+02
9.400000000000000000e+02
2.444000000000000000e+03
4.840000000000000000e+02
3.080000000000000000e+02
5.320000000000000000e+02
1.288000000000000000e+03
2.684000000000000000e+03
8.400000000000000000e+02
3.020000000000000000e+03
4.460000000000000000e+03
1.472000000000000000e+03
1.968000000000000000e+03
9.320000000000000000e+02
7.760000000000000000e+02
4.280000000000000000e+02
4.592000000000000000e+03
1.208000000000000000e+03
6.840000000000000000e+02
4.132000000000000000e+03
7.520000000000000000e+02
1.132000000000000000e+03
7.200000000000000000e+02
1.008000000000000000e+03
1.156000000000000000e+03
2.488000000000000000e+03
1.216000000000000000e+03
8.920000000000000000e+02
1.500000000000000000e+03
4.360000000000000000e+02
2.488000000000000000e+03
1.500000000000000000e+03
3.700000000000000000e+03
2.280000000000000000e+02
3.040000000000000000e+02
1.840000000000000000e+03
2.184000000000000000e+03
6.000000000000000000e+02
8.880000000000000000e+02
5.200000000000000000e+02
1.620000000000000000e+03
2.296000000000000000e+03
2.032000000000000000e+03
1.408000000000000000e+03
1.616000000000000000e+03
1.872000000000000000e+03
3.600000000000000000e+02
6.720000000000000000e+02
1.068000000000000000e+03
2.232000000000000000e+03
3.932000000000000000e+03
8.800000000000000000e+02
1.076000000000000000e+03
1.372000000000000000e+03
1.688000000000000000e+03
7.480000000000000000e+02
1.056000000000000000e+03
1.548000000000000000e+03
2.404000000000000000e+03
7.840000000000000000e+02
2.996000000000000000e+03
2.364000000000000000e+03
1.420000000000000000e+03
6.240000000000000000e+02
2.520000000000000000e+02
1.056000000000000000e+03
2.324000000000000000e+03
1.248000000000000000e+03
8.040000000000000000e+02
5.440000000000000000e+02
9.600000000000000000e+02
2.544000000000000000e+03
1.260000000000000000e+03
4.480000000000000000e+02
1.092000000000000000e+03
2.980000000000000000e+03
1.788000000000000000e+03
1.528000000000000000e+03
5.492000000000000000e+03
2.628000000000000000e+03
3.840000000000000000e+02
7.880000000000000000e+02
1.908000000000000000e+03
8.680000000000000000e+02
2.612000000000000000e+03
4.440000000000000000e+02
5.120000000000000000e+02
4.744000000000000000e+03
5.200000000000000000e+02
2.076000000000000000e+03
1.720000000000000000e+02
9.240000000000000000e+02
8.480000000000000000e+02
1.132000000000000000e+03
4.080000000000000000e+02
3.040000000000000000e+03
7.640000000000000000e+02
1.444000000000000000e+03
1.080000000000000000e+03
4.600000000000000000e+02
7.280000000000000000e+02
3.392000000000000000e+03
3.320000000000000000e+02
9.000000000000000000e+02
2.960000000000000000e+02
7.320000000000000000e+02
8.520000000000000000e+02
8.840000000000000000e+02
1.920000000000000000e+02
7.000000000000000000e+02
1.416000000000000000e+03
2.968000000000000000e+03
1.456000000000000000e+03
1.616000000000000000e+03
4.560000000000000000e+02
6.240000000000000000e+02
4.416000000000000000e+03
3.512000000000000000e+03
5.120000000000000000e+02
2.516000000000000000e+03
1.060000000000000000e+03
9.480000000000000000e+02
2.192000000000000000e+03
7.560000000000000000e+02
3.536000000000000000e+03
1.756000000000000000e+03
1.384000000000000000e+03
2.760000000000000000e+02
1.284000000000000000e+03
2.184000000000000000e+03
9.520000000000000000e+02
7.520000000000000000e+02
1.832000000000000000e+03
7.840000000000000000e+02
4.440000000000000000e+02
9.000000000000000000e+02
4.080000000000000000e+02
1.900000000000000000e+03
2.080000000000000000e+02
1.396000000000000000e+03
1.032000000000000000e+03
6.000000000000000000e+02
3.236000000000000000e+03
4.040000000000000000e+02
1.440000000000000000e+03
3.760000000000000000e+02
9.600000000000000000e+02
1.600000000000000000e+03
1.232000000000000000e+03
7.240000000000000000e+02
8.480000000000000000e+02
2.656000000000000000e+03
9.920000000000000000e+02
2.112000000000000000e+03
1.756000000000000000e+03
2.444000000000000000e+03
1.076000000000000000e+03
9.800000000000000000e+02
2.876000000000000000e+03
4.760000000000000000e+02
9.240000000000000000e+02
8.280000000000000000e+02
5.120000000000000000e+02
2.116000000000000000e+03
1.576000000000000000e+03
8.960000000000000000e+02
1.880000000000000000e+02
6.124000000000000000e+03
2.252000000000000000e+03
1.964000000000000000e+03
4.140000000000000000e+03
1.708000000000000000e+03
5.360000000000000000e+02
2.052000000000000000e+03
1.896000000000000000e+03
1.144000000000000000e+03
6.576000000000000000e+03
3.160000000000000000e+02
1.372000000000000000e+03
1.788000000000000000e+03
1.172000000000000000e+03
3.480000000000000000e+02
1.148000000000000000e+03
7.080000000000000000e+02
8.720000000000000000e+02
9.280000000000000000e+02
1.216000000000000000e+03
5.280000000000000000e+02
1.804000000000000000e+03
2.036000000000000000e+03
2.608000000000000000e+03
2.444000000000000000e+03
3.520000000000000000e+02
2.676000000000000000e+03
7.600000000000000000e+02
6.400000000000000000e+02
1.192000000000000000e+03
4.760000000000000000e+02
3.640000000000000000e+02
1.264000000000000000e+03
1.696000000000000000e+03
1.476000000000000000e+03
1.528000000000000000e+03
2.360000000000000000e+02
6.760000000000000000e+02
1.960000000000000000e+03
3.136000000000000000e+03
2.596000000000000000e+03
2.840000000000000000e+03
9.360000000000000000e+02
5.720000000000000000e+02
7.240000000000000000e+02
1.420000000000000000e+03
1.488000000000000000e+03
1.108000000000000000e+03
4.480000000000000000e+02
8.680000000000000000e+02
8.280000000000000000e+02
1.064000000000000000e+03
1.184000000000000000e+03
1.180000000000000000e+03
8.360000000000000000e+02
1.388000000000000000e+03
1.032000000000000000e+03
3.880000000000000000e+02
2.520000000000000000e+02
6.800000000000000000e+02
1.024000000000000000e+03
3.720000000000000000e+02
8.560000000000000000e+02
8.640000000000000000e+02
4.080000000000000000e+02
2.060000000000000000e+03
3.760000000000000000e+02
3.320000000000000000e+02
6.160000000000000000e+02
2.500000000000000000e+03
1.344000000000000000e+03
6.400000000000000000e+02
5.080000000000000000e+02
4.080000000000000000e+02
1.392000000000000000e+03
5.280000000000000000e+02
5.720000000000000000e+02
3.236000000000000000e+03
1.684000000000000000e+03
8.080000000000000000e+02
2.132000000000000000e+03
1.152000000000000000e+03
4.960000000000000000e+02
1.488000000000000000e+03
1.272000000000000000e+03
2.108000000000000000e+03
7.480000000000000000e+02
9.160000000000000000e+02
3.880000000000000000e+02
8.320000000000000000e+02
1.292000000000000000e+03
9.440000000000000000e+02
6.360000000000000000e+02
1.048000000000000000e+03
2.280000000000000000e+02
3.060000000000000000e+03
5.280000000000000000e+02
1.008000000000000000e+03
1.780000000000000000e+03
1.164000000000000000e+03
5.440000000000000000e+02
1.748000000000000000e+03
8.560000000000000000e+02
5.400000000000000000e+02
6.600000000000000000e+03
9.160000000000000000e+02
1.900000000000000000e+03
9.640000000000000000e+02
1.496000000000000000e+03
4.280000000000000000e+02
1.272000000000000000e+03
1.088000000000000000e+03
3.464000000000000000e+03
2.768000000000000000e+03
9.160000000000000000e+02
4.504000000000000000e+03
4.760000000000000000e+02
7.800000000000000000e+02
2.252000000000000000e+03
8.280000000000000000e+02
1.548000000000000000e+03
1.056000000000000000e+03
2.072000000000000000e+03
3.320000000000000000e+02
1.912000000000000000e+03
7.360000000000000000e+02
1.024000000000000000e+03
2.372000000000000000e+03
1.576000000000000000e+03
9.880000000000000000e+02
1.112000000000000000e+03
4.760000000000000000e+02
6.320000000000000000e+02
1.156000000000000000e+03
5.960000000000000000e+02
1.204000000000000000e+03
1.648000000000000000e+03
1.284000000000000000e+03
8.960000000000000000e+02
2.000000000000000000e+03
7.640000000000000000e+02
1.252000000000000000e+03
2.108000000000000000e+03
1.808000000000000000e+03
1.336000000000000000e+03
4.704000000000000000e+03
1.904000000000000000e+03
2.600000000000000000e+02
4.772000000000000000e+03
7.920000000000000000e+02
1.140000000000000000e+03
1.792000000000000000e+03
1.308000000000000000e+03
3.020000000000000000e+03
1.832000000000000000e+03
6.640000000000000000e+02
3.844000000000000000e+03
2.800000000000000000e+02
5.880000000000000000e+02
2.004000000000000000e+03
1.720000000000000000e+02
3.204000000000000000e+03
1.452000000000000000e+03
6.560000000000000000e+02
1.236000000000000000e+03
5.880000000000000000e+02
7.400000000000000000e+02
1.876000000000000000e+03
9.720000000000000000e+02
1.640000000000000000e+03
2.240000000000000000e+03
6.360000000000000000e+02
1.964000000000000000e+03
1.188000000000000000e+03
1.772000000000000000e+03
2.040000000000000000e+02
5.520000000000000000e+02
2.140000000000000000e+03
4.280000000000000000e+02
2.532000000000000000e+03
9.920000000000000000e+02
1.232000000000000000e+03
1.652000000000000000e+03
8.480000000000000000e+02
1.244000000000000000e+03
3.696000000000000000e+03
2.520000000000000000e+02
5.040000000000000000e+02
2.520000000000000000e+03
2.724000000000000000e+03
8.840000000000000000e+02
5.160000000000000000e+02
1.564000000000000000e+03
2.840000000000000000e+02
1.184000000000000000e+03
5.080000000000000000e+02
2.048000000000000000e+03
8.680000000000000000e+02
1.384000000000000000e+03
5.080000000000000000e+02
1.108000000000000000e+03
2.580000000000000000e+03
2.776000000000000000e+03
4.120000000000000000e+02
8.320000000000000000e+02
6.840000000000000000e+02
1.756000000000000000e+03
9.320000000000000000e+02
1.828000000000000000e+03
8.560000000000000000e+02
8.480000000000000000e+02
1.924000000000000000e+03
1.048000000000000000e+03
1.276000000000000000e+03
2.400000000000000000e+02
1.208000000000000000e+03
9.200000000000000000e+02
4.840000000000000000e+02
8.240000000000000000e+02
1.840000000000000000e+02
3.112000000000000000e+03
1.680000000000000000e+03
2.920000000000000000e+02
1.892000000000000000e+03
4.520000000000000000e+02
2.480000000000000000e+02
3.460000000000000000e+03
8.560000000000000000e+02
1.832000000000000000e+03
8.920000000000000000e+02
1.560000000000000000e+02
5.760000000000000000e+02
4.760000000000000000e+02
3.228000000000000000e+03
7.520000000000000000e+02
1.240000000000000000e+03
5.920000000000000000e+02
4.600000000000000000e+02
7.920000000000000000e+02
1.068000000000000000e+03
1.436000000000000000e+03
6.640000000000000000e+02
1.004000000000000000e+03
5.040000000000000000e+02
1.576000000000000000e+03
3.116000000000000000e+03
4.840000000000000000e+02
5.080000000000000000e+02
2.108000000000000000e+03
9.400000000000000000e+02
3.480000000000000000e+02
8.760000000000000000e+02
1.024000000000000000e+03
1.552000000000000000e+03
6.520000000000000000e+02
3.104000000000000000e+03
3.000000000000000000e+02
6.800000000000000000e+02
2.960000000000000000e+03
6.720000000000000000e+02
1.920000000000000000e+03
4.280000000000000000e+02
2.392000000000000000e+03
8.320000000000000000e+02
3.800000000000000000e+02
2.932000000000000000e+03
1.380000000000000000e+03
2.056000000000000000e+03
2.920000000000000000e+02
4.760000000000000000e+02
1.684000000000000000e+03
1.068000000000000000e+03
6.600000000000000000e+02
2.780000000000000000e+03
1.188000000000000000e+03
1.288000000000000000e+03
3.560000000000000000e+02
7.280000000000000000e+02
5.640000000000000000e+02
3.280000000000000000e+02
9.000000000000000000e+02
1.400000000000000000e+03
1.736000000000000000e+03
1.060000000000000000e+03
1.112000000000000000e+03
6.160000000000000000e+02
8.320000000000000000e+02
1.204000000000000000e+03
4.440000000000000000e+02
1.488000000000000000e+03
4.480000000000000000e+02
6.160000000000000000e+02
3.000000000000000000e+02
1.596000000000000000e+03
1.488000000000000000e+03
9.640000000000000000e+02
4.760000000000000000e+02
1.204000000000000000e+03
1.916000000000000000e+03
1.156000000000000000e+03
1.480000000000000000e+03
2.424000000000000000e+03
1.404000000000000000e+03
3.400000000000000000e+02
3.736000000000000000e+03
1.152000000000000000e+03
1.704000000000000000e+03
2.156000000000000000e+03
8.280000000000000000e+02
9.160000000000000000e+02
1.144000000000000000e+03
1.412000000000000000e+03
6.600000000000000000e+02
2.260000000000000000e+03
1.184000000000000000e+03
1.132000000000000000e+03
6.320000000000000000e+02
9.200000000000000000e+02
1.940000000000000000e+03
6.840000000000000000e+02
2.336000000000000000e+03
1.020000000000000000e+03
4.880000000000000000e+02
4.560000000000000000e+02
3.640000000000000000e+02
2.920000000000000000e+02
1.368000000000000000e+03
3.920000000000000000e+02
1.500000000000000000e+03
5.560000000000000000e+02
9.360000000000000000e+02
4.480000000000000000e+02
8.160000000000000000e+02
4.000000000000000000e+02
1.044000000000000000e+03
1.096000000000000000e+03
2.364000000000000000e+03
2.008000000000000000e+03
1.536000000000000000e+03
5.600000000000000000e+02
2.540000000000000000e+03
3.880000000000000000e+02
1.676000000000000000e+03
5.400000000000000000e+02
5.560000000000000000e+02
4.720000000000000000e+02
4.080000000000000000e+02
3.120000000000000000e+02
1.504000000000000000e+03
3.160000000000000000e+02
3.176000000000000000e+03
1.348000000000000000e+03
2.880000000000000000e+03
7.880000000000000000e+02
1.448000000000000000e+03
5.240000000000000000e+02
2.124000000000000000e+03
1.464000000000000000e+03
4.000000000000000000e+02
1.996000000000000000e+03
4.360000000000000000e+02
4.400000000000000000e+03
1.640000000000000000e+03
4.764000000000000000e+03
1.216000000000000000e+03
5.120000000000000000e+02
2.000000000000000000e+03
3.140000000000000000e+03
1.352000000000000000e+03
8.600000000000000000e+02
5.680000000000000000e+02
3.600000000000000000e+02
6.760000000000000000e+02
2.800000000000000000e+02
7.720000000000000000e+02
4.200000000000000000e+02
4.464000000000000000e+03
1.396000000000000000e+03
1.416000000000000000e+03
1.024000000000000000e+03
3.880000000000000000e+02
5.280000000000000000e+02
2.668000000000000000e+03
8.600000000000000000e+02
7.840000000000000000e+02
1.880000000000000000e+02
6.040000000000000000e+02
5.200000000000000000e+02
1.856000000000000000e+03
4.320000000000000000e+02
2.120000000000000000e+02
2.864000000000000000e+03
1.044000000000000000e+03
5.200000000000000000e+02
8.840000000000000000e+02
7.800000000000000000e+02
8.400000000000000000e+02
1.000000000000000000e+03
5.880000000000000000e+02
2.528000000000000000e+03
8.840000000000000000e+02
9.040000000000000000e+02
3.160000000000000000e+02
3.248000000000000000e+03
1.072000000000000000e+03
3.560000000000000000e+02
7.680000000000000000e+02
7.880000000000000000e+02
2.008000000000000000e+03
2.572000000000000000e+03
8.760000000000000000e+02
5.080000000000000000e+02
2.360000000000000000e+02
1.520000000000000000e+02
5.920000000000000000e+02
1.972000000000000000e+03
1.020000000000000000e+03
7.480000000000000000e+02
6.000000000000000000e+02
1.320000000000000000e+03
7.720000000000000000e+02
3.960000000000000000e+02
5.400000000000000000e+02
1.316000000000000000e+03
5.456000000000000000e+03
4.000000000000000000e+02
3.080000000000000000e+02
9.120000000000000000e+02
6.080000000000000000e+02
6.240000000000000000e+03
1.812000000000000000e+03
2.388000000000000000e+03
7.240000000000000000e+02
3.440000000000000000e+02
2.156000000000000000e+03
1.936000000000000000e+03
1.364000000000000000e+03
1.204000000000000000e+03
1.912000000000000000e+03
9.640000000000000000e+02
6.960000000000000000e+02
1.560000000000000000e+02
1.068000000000000000e+03
6.720000000000000000e+02
8.760000000000000000e+02
2.380000000000000000e+03
9.840000000000000000e+02
4.712000000000000000e+03
6.240000000000000000e+02
9.320000000000000000e+02
2.060000000000000000e+03
1.444000000000000000e+03
1.396000000000000000e+03
3.764000000000000000e+03
2.156000000000000000e+03
1.776000000000000000e+03
1.032000000000000000e+03
3.240000000000000000e+02
3.980000000000000000e+03
6.040000000000000000e+02
1.228000000000000000e+03
8.160000000000000000e+02
5.200000000000000000e+02
2.880000000000000000e+02
7.600000000000000000e+02
1.652000000000000000e+03
5.840000000000000000e+02
7.280000000000000000e+02
1.552000000000000000e+03
6.800000000000000000e+02
1.344000000000000000e+03
1.492000000000000000e+03
5.080000000000000000e+02
2.880000000000000000e+02
1.380000000000000000e+03
8.680000000000000000e+02
2.960000000000000000e+02
3.272000000000000000e+03
8.000000000000000000e+02
1.768000000000000000e+03
7.240000000000000000e+02
6.240000000000000000e+02
1.048000000000000000e+03
1.768000000000000000e+03
2.676000000000000000e+03
1.948000000000000000e+03
7.160000000000000000e+02
1.296000000000000000e+03
6.200000000000000000e+02
7.240000000000000000e+02
1.496000000000000000e+03
4.320000000000000000e+02
1.512000000000000000e+03
1.584000000000000000e+03
1.268000000000000000e+03
1.828000000000000000e+03
2.212000000000000000e+03
5.920000000000000000e+02
1.712000000000000000e+03
1.620000000000000000e+03
3.280000000000000000e+02
2.728000000000000000e+03
9.840000000000000000e+02
7.400000000000000000e+02
2.200000000000000000e+02
9.160000000000000000e+02
1.404000000000000000e+03
7.440000000000000000e+02
4.396000000000000000e+03
3.200000000000000000e+03
1.572000000000000000e+03
8.120000000000000000e+02
1.848000000000000000e+03
1.312000000000000000e+03
5.560000000000000000e+02
6.840000000000000000e+02
2.488000000000000000e+03
2.680000000000000000e+02
9.120000000000000000e+02
4.000000000000000000e+02
4.760000000000000000e+02
1.676000000000000000e+03
4.200000000000000000e+02
1.744000000000000000e+03
1.040000000000000000e+03
4.720000000000000000e+02
1.808000000000000000e+03
8.800000000000000000e+02
1.992000000000000000e+03
8.880000000000000000e+02
1.080000000000000000e+03
5.600000000000000000e+02
3.280000000000000000e+02
1.292000000000000000e+03
1.876000000000000000e+03
2.488000000000000000e+03
1.992000000000000000e+03
6.640000000000000000e+02
4.320000000000000000e+02
6.480000000000000000e+02
3.400000000000000000e+02
1.860000000000000000e+03
1.396000000000000000e+03
1.236000000000000000e+03
2.440000000000000000e+02
1.484000000000000000e+03
3.068000000000000000e+03
2.204000000000000000e+03
3.268000000000000000e+03
4.200000000000000000e+02
2.268000000000000000e+03
2.148000000000000000e+03
4.440000000000000000e+02
3.760000000000000000e+02
6.440000000000000000e+02
1.312000000000000000e+03
1.928000000000000000e+03
2.264000000000000000e+03
1.288000000000000000e+03
1.000000000000000000e+03
3.108000000000000000e+03
4.240000000000000000e+02
5.840000000000000000e+02
2.360000000000000000e+02
1.188000000000000000e+03
1.008000000000000000e+03
1.600000000000000000e+02
5.760000000000000000e+02
3.120000000000000000e+02
1.632000000000000000e+03
7.840000000000000000e+02
1.428000000000000000e+03
4.400000000000000000e+02
2.080000000000000000e+02
3.720000000000000000e+02
2.088000000000000000e+03
5.040000000000000000e+02
6.720000000000000000e+02
4.200000000000000000e+02
5.440000000000000000e+02
8.160000000000000000e+02
2.372000000000000000e+03
5.240000000000000000e+02
2.256000000000000000e+03
1.108000000000000000e+03
6.360000000000000000e+02
3.880000000000000000e+02
1.792000000000000000e+03
7.560000000000000000e+02
6.840000000000000000e+02
1.972000000000000000e+03
6.160000000000000000e+02
1.764000000000000000e+03
1.948000000000000000e+03
4.288000000000000000e+03
1.292000000000000000e+03
7.000000000000000000e+02
7.400000000000000000e+02
1.752000000000000000e+03
5.640000000000000000e+02
5.160000000000000000e+02
1.492000000000000000e+03
4.200000000000000000e+02
4.320000000000000000e+02
1.392000000000000000e+03
1.112000000000000000e+03
1.992000000000000000e+03
1.548000000000000000e+03
9.200000000000000000e+02
2.892000000000000000e+03
1.980000000000000000e+03
2.200000000000000000e+03
3.640000000000000000e+02
6.920000000000000000e+02
2.080000000000000000e+02
1.240000000000000000e+03
1.212000000000000000e+03
1.556000000000000000e+03
2.680000000000000000e+02
2.680000000000000000e+02
1.508000000000000000e+03
7.480000000000000000e+02
1.148000000000000000e+03
1.732000000000000000e+03
6.960000000000000000e+02
2.060000000000000000e+03
3.800000000000000000e+02
2.600000000000000000e+03
1.472000000000000000e+03
1.552000000000000000e+03
1.172000000000000000e+03
4.640000000000000000e+02
8.680000000000000000e+02
6.360000000000000000e+02
1.552000000000000000e+03
1.280000000000000000e+03
1.780000000000000000e+03
1.156000000000000000e+03
2.084000000000000000e+03
1.204000000000000000e+03
2.220000000000000000e+03
1.148000000000000000e+03
1.536000000000000000e+03
7.840000000000000000e+02
1.544000000000000000e+03
9.600000000000000000e+02
9.920000000000000000e+02
5.920000000000000000e+02
2.880000000000000000e+03
2.280000000000000000e+02
2.236000000000000000e+03
3.600000000000000000e+02
9.640000000000000000e+02
1.124000000000000000e+03
8.520000000000000000e+02
5.384000000000000000e+03
2.108000000000000000e+03
6.520000000000000000e+02
2.400000000000000000e+02
4.760000000000000000e+02
1.188000000000000000e+03
1.028000000000000000e+03
9.080000000000000000e+02
2.212000000000000000e+03
4.800000000000000000e+02
2.376000000000000000e+03
7.440000000000000000e+02
5.640000000000000000e+02
9.920000000000000000e+02
8.040000000000000000e+02
2.984000000000000000e+03
5.472000000000000000e+03
5.080000000000000000e+02
