1.521600000000000000e+04
3.348000000000000000e+03
2.912000000000000000e+03
1.945000000000000000e+03
2.394000000000000000e+03
2.951000000000000000e+03
9.550000000000000000e+02
1.431000000000000000e+03
7.350000000000000000e+02
1.167000000000000000e+03
8.820000000000000000e+02
6.260000000000000000e+02
8.460000000000000000e+02
6.780000000000000000e+02
9.930000000000000000e+02
6.970000000000000000e+02
1.014000000000000000e+03
9.650000000000000000e+02
6.280000000000000000e+02
1.065000000000000000e+03
6.620000000000000000e+02
1.063000000000000000e+03
1.027000000000000000e+03
5.750000000000000000e+02
2.039000000000000000e+03
1.223000000000000000e+03
7.820000000000000000e+02
5.560000000000000000e+02
6.620000000000000000e+02
5.690000000000000000e+02
4.970000000000000000e+02
6.980000000000000000e+02
6.610000000000000000e+02
7.350000000000000000e+02
1.239000000000000000e+03
6.290000000000000000e+02
2.870000000000000000e+02
5.720000000000000000e+02
4.920000000000000000e+02
1.728000000000000000e+03
1.814000000000000000e+03
2.902000000000000000e+03
6.070000000000000000e+02
6.010000000000000000e+02
7.530000000000000000e+02
3.570000000000000000e+02
8.750000000000000000e+02
6.140000000000000000e+02
6.690000000000000000e+02
6.300000000000000000e+02
3.520000000000000000e+02
6.680000000000000000e+02
6.410000000000000000e+02
6.580000000000000000e+02
1.139000000000000000e+03
4.190000000000000000e+02
4.020000000000000000e+02
6.430000000000000000e+02
3.990000000000000000e+02
5.350000000000000000e+02
3.260000000000000000e+02
4.910000000000000000e+02
6.620000000000000000e+02
7.310000000000000000e+02
4.380000000000000000e+02
3.990000000000000000e+02
4.160000000000000000e+02
5.710000000000000000e+02
3.270000000000000000e+02
5.740000000000000000e+02
3.280000000000000000e+02
3.380000000000000000e+02
5.260000000000000000e+02
1.050000000000000000e+03
5.530000000000000000e+02
4.310000000000000000e+02
4.890000000000000000e+02
5.930000000000000000e+02
8.020000000000000000e+02
5.090000000000000000e+02
3.200000000000000000e+02
3.770000000000000000e+02
3.230000000000000000e+02
4.370000000000000000e+02
6.410000000000000000e+02
5.060000000000000000e+02
3.210000000000000000e+02
3.750000000000000000e+02
4.170000000000000000e+02
5.060000000000000000e+02
4.550000000000000000e+02
3.990000000000000000e+02
2.340000000000000000e+02
2.330000000000000000e+02
2.360000000000000000e+02
4.340000000000000000e+02
4.190000000000000000e+02
3.180000000000000000e+02
3.290000000000000000e+02
4.100000000000000000e+02
1.980000000000000000e+02
4.710000000000000000e+02
4.940000000000000000e+02
4.730000000000000000e+02
3.750000000000000000e+02
3.580000000000000000e+02
3.400000000000000000e+02
2.700000000000000000e+02
3.220000000000000000e+02
3.150000000000000000e+02
2.720000000000000000e+02
2.700000000000000000e+02
2.540000000000000000e+02
2.650000000000000000e+02
2.630000000000000000e+02
4.200000000000000000e+02
2.700000000000000000e+02
4.080000000000000000e+02
2.760000000000000000e+02
3.710000000000000000e+02
3.820000000000000000e+02
2.590000000000000000e+02
2.320000000000000000e+02
3.160000000000000000e+02
2.350000000000000000e+02
2.170000000000000000e+02
6.000000000000000000e+02
2.270000000000000000e+02
2.360000000000000000e+02
3.650000000000000000e+02
4.400000000000000000e+02
3.310000000000000000e+02
3.150000000000000000e+02
2.980000000000000000e+02
3.970000000000000000e+02
3.250000000000000000e+02
3.880000000000000000e+02
3.290000000000000000e+02
3.130000000000000000e+02
3.470000000000000000e+02
2.320000000000000000e+02
1.580000000000000000e+02
2.630000000000000000e+02
2.690000000000000000e+02
2.450000000000000000e+02
2.610000000000000000e+02
2.750000000000000000e+02
3.320000000000000000e+02
2.290000000000000000e+02
2.300000000000000000e+02
1.970000000000000000e+02
2.600000000000000000e+02
2.300000000000000000e+02
2.340000000000000000e+02
2.420000000000000000e+02
2.270000000000000000e+02
2.310000000000000000e+02
2.040000000000000000e+02
2.480000000000000000e+02
2.270000000000000000e+02
3.130000000000000000e+02
1.920000000000000000e+02
2.800000000000000000e+02
2.210000000000000000e+02
2.280000000000000000e+02
1.610000000000000000e+02
1.960000000000000000e+02
1.570000000000000000e+02
2.460000000000000000e+02
1.880000000000000000e+02
1.740000000000000000e+02
1.530000000000000000e+02
1.580000000000000000e+02
1.570000000000000000e+02
1.920000000000000000e+02
1.620000000000000000e+02
1.510000000000000000e+02
1.560000000000000000e+02
1.510000000000000000e+02
1.620000000000000000e+02
1.500000000000000000e+02
2.380000000000000000e+02
1.900000000000000000e+02
1.580000000000000000e+02
1.880000000000000000e+02
2.280000000000000000e+02
2.330000000000000000e+02
2.330000000000000000e+02
2.260000000000000000e+02
2.230000000000000000e+02
2.070000000000000000e+02
2.280000000000000000e+02
2.360000000000000000e+02
1.950000000000000000e+02
2.270000000000000000e+02
2.340000000000000000e+02
2.360000000000000000e+02
2.520000000000000000e+02
2.390000000000000000e+02
1.970000000000000000e+02
1.990000000000000000e+02
2.270000000000000000e+02
2.300000000000000000e+02
1.560000000000000000e+02
1.940000000000000000e+02
1.980000000000000000e+02
2.270000000000000000e+02
2.400000000000000000e+02
2.370000000000000000e+02
2.320000000000000000e+02
2.360000000000000000e+02
2.310000000000000000e+02
2.320000000000000000e+02
1.950000000000000000e+02
1.920000000000000000e+02
1.950000000000000000e+02
2.250000000000000000e+02
2.380000000000000000e+02
2.320000000000000000e+02
2.320000000000000000e+02
2.400000000000000000e+02
2.410000000000000000e+02
2.300000000000000000e+02
1.640000000000000000e+02
1.640000000000000000e+02
1.710000000000000000e+02
1.700000000000000000e+02
2.970000000000000000e+02
1.990000000000000000e+02
3.760000000000000000e+02
3.860000000000000000e+02
2.710000000000000000e+02
2.520000000000000000e+02
6.170000000000000000e+02
1.950000000000000000e+02
1.730000000000000000e+02
2.590000000000000000e+02
5.620000000000000000e+02
1.690000000000000000e+02
1.760000000000000000e+02
7.700000000000000000e+02
5.190000000000000000e+02
2.600000000000000000e+02
2.440000000000000000e+02
2.800000000000000000e+02
5.050000000000000000e+02
8.220000000000000000e+02
2.660000000000000000e+02
3.230000000000000000e+02
4.780000000000000000e+02
2.760000000000000000e+02
2.990000000000000000e+02
1.640000000000000000e+02
2.690000000000000000e+02
2.380000000000000000e+02
4.460000000000000000e+02
4.820000000000000000e+02
3.180000000000000000e+02
2.330000000000000000e+02
3.090000000000000000e+02
3.230000000000000000e+02
1.680000000000000000e+02
2.530000000000000000e+02
1.930000000000000000e+02
1.600000000000000000e+02
1.610000000000000000e+02
1.680000000000000000e+02
2.180000000000000000e+02
1.630000000000000000e+02
5.410000000000000000e+02
3.700000000000000000e+02
3.940000000000000000e+02
2.450000000000000000e+02
4.630000000000000000e+02
5.520000000000000000e+02
1.764000000000000000e+03
5.460000000000000000e+02
1.105000000000000000e+03
8.930000000000000000e+02
4.390000000000000000e+02
2.480000000000000000e+02
3.550000000000000000e+02
2.580000000000000000e+02
2.360000000000000000e+02
2.410000000000000000e+02
3.250000000000000000e+02
3.270000000000000000e+02
3.100000000000000000e+02
2.350000000000000000e+02
2.260000000000000000e+02
2.070000000000000000e+02
2.330000000000000000e+02
2.320000000000000000e+02
2.180000000000000000e+02
2.360000000000000000e+02
1.920000000000000000e+02
3.260000000000000000e+02
2.160000000000000000e+02
2.170000000000000000e+02
1.890000000000000000e+02
2.290000000000000000e+02
2.210000000000000000e+02
2.220000000000000000e+02
2.480000000000000000e+02
2.300000000000000000e+02
2.450000000000000000e+02
2.390000000000000000e+02
2.410000000000000000e+02
2.260000000000000000e+02
2.390000000000000000e+02
2.320000000000000000e+02
2.400000000000000000e+02
2.340000000000000000e+02
2.240000000000000000e+02
2.340000000000000000e+02
2.350000000000000000e+02
2.250000000000000000e+02
2.210000000000000000e+02
2.370000000000000000e+02
2.190000000000000000e+02
2.300000000000000000e+02
2.320000000000000000e+02
2.340000000000000000e+02
2.240000000000000000e+02
2.340000000000000000e+02
2.310000000000000000e+02
2.350000000000000000e+02
2.250000000000000000e+02
2.250000000000000000e+02
2.120000000000000000e+02
2.180000000000000000e+02
2.290000000000000000e+02
3.300000000000000000e+02
3.020000000000000000e+02
2.980000000000000000e+02
2.970000000000000000e+02
3.010000000000000000e+02
3.210000000000000000e+02
2.390000000000000000e+02
2.330000000000000000e+02
3.010000000000000000e+02
2.220000000000000000e+02
2.330000000000000000e+02
2.280000000000000000e+02
2.160000000000000000e+02
2.200000000000000000e+02
3.060000000000000000e+02
2.400000000000000000e+02
2.230000000000000000e+02
2.170000000000000000e+02
3.040000000000000000e+02
2.200000000000000000e+02
2.990000000000000000e+02
2.340000000000000000e+02
2.300000000000000000e+02
2.180000000000000000e+02
2.280000000000000000e+02
2.220000000000000000e+02
2.160000000000000000e+02
3.030000000000000000e+02
2.170000000000000000e+02
2.930000000000000000e+02
2.180000000000000000e+02
1.520000000000000000e+02
1.460000000000000000e+02
2.250000000000000000e+02
1.490000000000000000e+02
1.920000000000000000e+02
1.550000000000000000e+02
1.560000000000000000e+02
1.620000000000000000e+02
1.510000000000000000e+02
2.270000000000000000e+02
1.510000000000000000e+02
1.570000000000000000e+02
1.470000000000000000e+02
2.280000000000000000e+02
1.940000000000000000e+02
2.150000000000000000e+02
2.140000000000000000e+02
2.740000000000000000e+02
2.090000000000000000e+02
1.910000000000000000e+02
2.050000000000000000e+02
3.580000000000000000e+02
2.440000000000000000e+02
2.210000000000000000e+02
2.340000000000000000e+02
2.200000000000000000e+02
1.650000000000000000e+02
1.560000000000000000e+02
3.020000000000000000e+02
2.350000000000000000e+02
2.190000000000000000e+02
3.970000000000000000e+02
2.720000000000000000e+02
2.220000000000000000e+02
4.040000000000000000e+02
1.880000000000000000e+02
2.800000000000000000e+02
2.190000000000000000e+02
1.820000000000000000e+02
3.950000000000000000e+02
2.450000000000000000e+02
5.920000000000000000e+02
2.180000000000000000e+02
1.800000000000000000e+02
4.800000000000000000e+02
2.140000000000000000e+02
3.770000000000000000e+02
2.120000000000000000e+02
2.110000000000000000e+02
5.160000000000000000e+02
2.220000000000000000e+02
3.520000000000000000e+02
2.280000000000000000e+02
2.140000000000000000e+02
3.450000000000000000e+02
2.170000000000000000e+02
2.110000000000000000e+02
1.870000000000000000e+02
1.580000000000000000e+02
3.980000000000000000e+02
2.860000000000000000e+02
1.520000000000000000e+02
2.850000000000000000e+02
2.540000000000000000e+02
1.520000000000000000e+02
2.030000000000000000e+02
1.910000000000000000e+02
2.700000000000000000e+02
1.970000000000000000e+02
1.610000000000000000e+02
2.010000000000000000e+02
1.580000000000000000e+02
2.400000000000000000e+02
1.990000000000000000e+02
1.870000000000000000e+02
1.550000000000000000e+02
1.610000000000000000e+02
2.750000000000000000e+02
1.600000000000000000e+02
1.530000000000000000e+02
3.590000000000000000e+02
2.470000000000000000e+02
2.530000000000000000e+02
1.930000000000000000e+02
2.820000000000000000e+02
2.420000000000000000e+02
2.830000000000000000e+02
2.530000000000000000e+02
1.550000000000000000e+02
2.680000000000000000e+02
1.670000000000000000e+02
1.580000000000000000e+02
1.600000000000000000e+02
1.650000000000000000e+02
1.870000000000000000e+02
2.430000000000000000e+02
2.140000000000000000e+02
1.600000000000000000e+02
1.560000000000000000e+02
1.880000000000000000e+02
2.080000000000000000e+02
1.590000000000000000e+02
1.570000000000000000e+02
1.570000000000000000e+02
1.560000000000000000e+02
1.150000000000000000e+02
1.530000000000000000e+02
1.590000000000000000e+02
1.590000000000000000e+02
1.310000000000000000e+02
2.350000000000000000e+02
1.780000000000000000e+02
2.330000000000000000e+02
2.630000000000000000e+02
2.090000000000000000e+02
1.540000000000000000e+02
1.500000000000000000e+02
1.630000000000000000e+02
2.570000000000000000e+02
1.470000000000000000e+02
1.550000000000000000e+02
2.690000000000000000e+02
2.240000000000000000e+02
2.530000000000000000e+02
2.420000000000000000e+02
2.030000000000000000e+02
1.880000000000000000e+02
2.330000000000000000e+02
1.970000000000000000e+02
1.860000000000000000e+02
2.300000000000000000e+02
1.610000000000000000e+02
2.340000000000000000e+02
2.320000000000000000e+02
3.090000000000000000e+02
1.510000000000000000e+02
5.050000000000000000e+02
