-3.004868971011006579e+04
-1.770158679919026326e+04
-8.153990760567848156e+03
-9.061535156024687240e+03
-3.033248718060142437e+03
-1.912367632444002766e+03
-1.757758183808165541e+03
-2.334072901678657217e+03
-2.414241269375938828e+03
-1.030473858287749636e+03
-1.463618513996686033e+03
-7.859985852568875089e+02
-6.383053234438081063e+02
-9.411009954375778079e+02
-8.230964475037582133e+02
-5.378797951176983361e+02
-4.284350632584559548e+02
-4.085178031796084497e+02
-4.145381252410955426e+02
-3.116720420366008284e+02
-3.736031111111111045e+02
-3.901068363844393616e+02
-2.451749116607773828e+02
-2.846606334841628723e+02
-2.871288808664260159e+02
-3.553684298348072730e+02
-2.380273873000484741e+02
-3.956984681984682197e+02
-1.894350328947368496e+02
-2.619949760219228097e+02
-2.209140569813986303e+02
-3.042389891696751079e+02
-2.877307110438729296e+02
-2.871532447224394105e+02
-2.933422239654834129e+02
-2.447150281507146019e+02
-2.167473196881091724e+02
-4.076428223844282002e+02
-1.708489771359807321e+02
-1.566133197417601082e+02
-1.997430709534368134e+02
-2.134088594704684283e+02
-1.565558872305140881e+02
-1.570987951807229024e+02
-2.051185647425897116e+02
-2.322111756168359875e+02
-1.465253164556962133e+02
-1.960588400112076215e+02
-1.876328299776286315e+02
-1.485942936673625638e+02
-1.702141453831041247e+02
-1.813065669700910405e+02
-1.449372197309417061e+02
-1.194902624894157555e+02
-1.149458612975391532e+02
-1.269715316760224511e+02
-1.169969217238346459e+02
-1.187312834224598959e+02
-1.432084844089920352e+02
-1.243745395006140058e+02
-1.447895506028498289e+02
-1.243240291262135884e+02
-1.346651463321930748e+02
-1.320214257888585792e+02
-1.567006484149855794e+02
-1.526992215145081389e+02
-1.455507900677201008e+02
-1.799207818930041185e+02
-1.457158852344296633e+02
-2.496163484486873472e+02
-1.449625000000000057e+02
-1.549291443850267456e+02
-2.536689655172413893e+02
-2.116717099628889400e+02
-1.112272515165655591e+02
-1.244445360824742295e+02
-1.186179431072210093e+02
-1.088874172185430496e+02
-1.339914496696463289e+02
-1.294853354760948037e+02
-1.725374256185405670e+02
-2.633569799270072735e+02
-1.422023809523809632e+02
-1.420640870616686868e+02
-1.452013201320131941e+02
-1.730776328348711388e+02
-1.671335671023270777e+02
-1.245618811881188179e+02
-1.372836213373403496e+02
-1.421250472232716220e+02
-1.261804573804573835e+02
-1.217079719124328818e+02
-1.189091680814940588e+02
-1.154559403770276163e+02
-1.120189189189189136e+02
-1.314712788259957961e+02
-1.267649828767123239e+02
-1.370847384349330014e+02
-1.121391263057929706e+02
-1.710157894736842081e+02
