-2.647371578625614802e+03
-2.347003991528184997e+03
-8.602910765366636952e+02
-2.377181682492298933e+03
-1.114790786258444768e+03
-8.047003662379695470e+02
-5.274184808329389398e+02
-4.979721202386415939e+02
-1.488954434604030212e+03
-3.774665193745751139e+02
-3.165497676219984555e+02
-1.013432618845500883e+03
-1.025491169237648137e+03
-2.128170285435471953e+02
-3.080433430515063264e+02
-1.637020537124802502e+02
-5.515650575839255225e+02
-8.829094127446896891e+02
-7.185277070687292280e+02
-2.373331667083229206e+02
-2.613476001979217926e+02
-2.259257511795381106e+02
-2.678490069394591728e+02
-1.956532438478747338e+02
-1.363431886227544965e+02
-2.106701853759011271e+02
-1.210252893270467212e+02
-1.199982927870251785e+02
-1.298995215311004756e+02
-1.170905829596412531e+02
-1.412893382352941103e+02
-2.268666472980825120e+02
-1.628337374437132041e+02
-1.110464015151515156e+02
-1.708354620586025590e+02
-1.653597094801223193e+02
-1.067828009828009783e+02
-2.027639375597323976e+02
-1.113391263503992548e+02
-1.787354596622889176e+02
-1.650780876494023914e+02
-1.715178757375911118e+02
-1.339036734693877690e+02
-1.482585478294275845e+02
-1.491927710843373518e+02
-1.476184162062615144e+02
-1.681823133611022172e+02
-1.315075541037157905e+02
-1.276852622814321450e+02
-1.307508130081300806e+02
-1.212689912826899103e+02
-1.181133844842284759e+02
-1.250710227272727337e+02
-1.287506947201270293e+02
-1.151567001309471863e+02
-1.245744421906693731e+02
-1.270145572179539073e+02
-1.171056247316444825e+02
-1.161147321428571360e+02
-1.280738955823293281e+02
-9.928601144045761373e+01
-8.694699646643110214e+01
-7.988398486759142259e+01
-7.977968253968253975e+01
-7.920025839793281364e+01
-7.851637764932561936e+01
-7.645872170439413651e+01
-7.961415816326530148e+01
-7.645466578424884574e+01
-7.594429708222811826e+01
-7.475897088693297121e+01
-7.301040221914009010e+01
-8.059564939219450252e+01
-6.936583577712609383e+01
-7.701122112211221804e+01
-7.881157556270096620e+01
-8.017315175097276381e+01
-7.811952971913781596e+01
-7.566444740346204867e+01
-8.296776232616940661e+01
-8.554773269689736992e+01
-7.251151430565248290e+01
-7.400751366120218222e+01
-7.405582028590877997e+01
-7.576406779661016344e+01
-7.688335517693316490e+01
-7.915518351577591716e+01
-7.929639175257732120e+01
-7.643114973262032663e+01
-7.837305699481865418e+01
-7.548343475321162543e+01
-7.223190442726634330e+01
-7.543125419181757252e+01
-8.809144893111638908e+01
-7.555200000000000671e+01
-7.591048764195056719e+01
-7.961898652982681313e+01
-7.842643229166667140e+01
-8.063747585318738231e+01
-7.714106789716545620e+01
