-1.847575035707296047e+04
-8.571297975821702494e+03
-7.452223395042721677e+03
-4.001007276687765170e+03
-2.858903166351606615e+03
-2.207391743037105698e+03
-3.853109107648089321e+03
-1.095214407502131280e+03
-1.855742651556035298e+03
-9.424546372877075555e+02
-9.322148541114058844e+02
-1.315680337078651746e+03
-7.970117513574843997e+02
-6.222639881228542436e+02
-7.168494211932323879e+02
-4.774152356805347495e+02
-5.639107069881487178e+02
-7.000758144126357365e+02
-4.681505389822010557e+02
-5.079210062893081954e+02
-3.643739863769056342e+02
-3.742815738098813654e+02
-3.608533218291630646e+02
-3.517850383860024976e+02
-2.253704296160877618e+02
-3.279514674536809480e+02
-2.689971562055657159e+02
-2.742159112281361786e+02
-2.588835197299007973e+02
-2.052831262939958492e+02
-3.226738181818182056e+02
-2.233646175504458142e+02
-2.318076485317550635e+02
-1.656997471554993808e+02
-1.820824596202890291e+02
-1.898361213495888933e+02
-1.720425857843137294e+02
-1.703836595215905447e+02
-2.707127046345399890e+02
-1.868760168302945317e+02
-1.414214022140221516e+02
-1.460634005763688776e+02
-1.965214643139320572e+02
-1.842701366676359385e+02
-2.195860172820109995e+02
-1.948205873800523307e+02
-1.703111328762651056e+02
-1.454749077490774880e+02
-1.552151006711409309e+02
-1.881213872832369987e+02
-1.413768557289683940e+02
-1.566760762173606167e+02
-1.256998784933171294e+02
-1.501561739130434887e+02
-1.790186509170034128e+02
-2.523267841011743542e+02
-2.132058201058200950e+02
-1.616690231362467784e+02
-2.102160493827160508e+02
-1.433356213872832257e+02
-1.312689141513131972e+02
-1.925053533190578037e+02
-2.693572563559321793e+02
-1.355921999242711138e+02
-1.244281573498964804e+02
-1.570627118644067934e+02
-1.672495170637475894e+02
-1.872419354838709751e+02
-1.859662004662004620e+02
-1.918229937393284104e+02
-1.549671052631578902e+02
-1.421363823650597453e+02
-1.719823774431272057e+02
-1.688088379705401110e+02
-2.842361845266698879e+02
-1.463755424063116379e+02
-1.236508547008546941e+02
-1.162076062639821004e+02
-1.274864536999595686e+02
-2.908118486012068047e+02
-1.413092430581970405e+02
-2.520410783055199033e+02
-1.328357170467723165e+02
-1.255134037367993471e+02
-1.281366508688783483e+02
-1.277170263788968896e+02
-2.674239502332815164e+02
-1.909544447959506499e+02
-1.409508562918838379e+02
-1.229612068965517295e+02
-1.761042333689078703e+02
-1.056707677165354369e+02
-3.185332492908918880e+02
-1.356183006535947584e+02
-1.602826086956521863e+02
-1.581784961349262062e+02
-1.222222685571309455e+02
-1.175938883968113373e+02
-1.110481533426834915e+02
-1.089046052631578902e+02
