0.000000000000000000e+00 0.000000000000000000e+00 0.000000000000000000e+00
0.000000000000000000e+00 0.000000000000000000e+00 0.000000000000000000e+00
0.000000000000000000e+00 -1.972900700115950645e+00 0.000000000000000000e+00
-1.006437165555153790e+01 -1.010723781235961383e+01 -1.032276456066362691e+01
-1.786736322027759272e+01 -1.786387675555206656e+01 -1.786608703730572500e+01
-1.793910051561085339e+01 -1.793349965511997368e+01 -1.794703142601570889e+01
-1.793936222517888623e+01 -1.795127254557369412e+01 -1.812752413620364678e+01
-1.809552209349302743e+01 -1.811375582006468221e+01 -1.810965938928535834e+01
-1.818467235280627747e+01 -1.804230610284645664e+01 -1.805057995746576793e+01
-1.790635905257797234e+01 -1.791742180954605601e+01 -1.790748648158270129e+01
-1.793936039213551226e+01 -1.795491494497164453e+01 -1.791583075343159592e+01
-1.777254518556862095e+01 -1.778923645266847942e+01 -1.772172504367426171e+01
-1.750900403438536301e+01 -1.750448713002893086e+01 -1.751798533108557621e+01
0.000000000000000000e+00 0.000000000000000000e+00 -3.622166476407468139e+00
0.000000000000000000e+00 0.000000000000000000e+00 0.000000000000000000e+00
-1.976125973503786826e+00 0.000000000000000000e+00 0.000000000000000000e+00
-1.972885801904539438e+00 0.000000000000000000e+00 0.000000000000000000e+00
-1.960089741633715299e+00 -1.969451272050182666e+00 -1.978708485048751076e+00
-1.979558120957807921e+00 0.000000000000000000e+00 -1.958870821778854854e+00
0.000000000000000000e+00 0.000000000000000000e+00 0.000000000000000000e+00
0.000000000000000000e+00 0.000000000000000000e+00 0.000000000000000000e+00
-1.980815255387316842e+00 -1.970678736855081103e+00 -1.981432524340776880e+00
-1.299325909564145176e+00 -1.000000000000000056e-01 -1.979669743152507211e+00
-1.610785154349642667e+01 -1.687626454333464210e+01 -1.655039532129647029e+01
-1.811433363907599414e+01 -1.809489503630006269e+01 -1.812230888905559212e+01
-1.816470243754219638e+01 -1.818412841801588797e+01 -1.818602254647858985e+01
-1.831532462518434912e+01 -1.829395482324332178e+01 -1.829651517881419664e+01
-1.828543569761599841e+01 -1.826293817112357232e+01 -1.831224107718433203e+01
-1.830163729465719769e+01 -1.829238329189556111e+01 -1.831922610526769546e+01
-1.811946191710864085e+01 -1.816533493309434988e+01 -1.818615343525830852e+01
-1.785808001477897733e+01 -1.779079626344618603e+01 -1.777183667473911655e+01
-1.756114104369319406e+01 -1.756625197543982608e+01 -1.756634522484132432e+01
-1.759230635388168196e+01 -1.752353608000510476e+01 -1.758845355486279161e+01
-1.725217628765530620e+01 -1.724592240185484826e+01 -1.725685999484129951e+01
-4.649940992076299295e+00 -3.730460883310779518e+00 -5.118389476334144206e+00
-1.968886876957591348e+00 -1.980901099226416440e+00 -1.969612155773382556e+00
-1.956984774975897956e+00 -2.038233202451483095e+00 0.000000000000000000e+00
-1.964378805074680656e+00 -3.736010824025609800e+00 0.000000000000000000e+00
-1.985245166203691625e+00 -1.973528709787890634e+00 -1.961899710118640172e+00
0.000000000000000000e+00 0.000000000000000000e+00 0.000000000000000000e+00
0.000000000000000000e+00 0.000000000000000000e+00 0.000000000000000000e+00
-1.969369036480139501e+00 0.000000000000000000e+00 0.000000000000000000e+00
-7.990274588403780243e+00 -6.710723092564306214e+00 -7.365858937934779860e+00
-1.756927710464374570e+01 -1.768160070319624211e+01 -1.766926641133874654e+01
-1.828275343217884696e+01 -1.831906125123593654e+01 -1.836186424041728316e+01
-1.846643613724511468e+01 -1.846606877832130067e+01 -1.846560115968579652e+01
-1.853447671226314597e+01 -1.841378569167900636e+01 -1.847930188114861494e+01
-1.854005299135707929e+01 -1.853737153876943111e+01 -1.853721423307408145e+01
-1.848451905714512122e+01 -1.848417364986132228e+01 -1.847763853244738641e+01
-1.839127217037745865e+01 -1.839273181314172945e+01 -1.838085255212131486e+01
-1.822199061434922740e+01 -1.823969235473274608e+01 -1.820669371437681860e+01
-1.809196671015242686e+01 -1.807833852734294311e+01 -1.805040493759710074e+01
-1.791057520349897558e+01 -1.789196646660798962e+01 -1.806845696086855568e+01
-1.721930738661101401e+01 -1.714551068748147600e+01 -1.712627486449729375e+01
-1.699117323039154215e+01 -1.698906095525400772e+01 -1.698020132666729864e+01
-8.139767174902120317e+00 -7.737143405812264341e+00 -9.699027901238970628e+00
0.000000000000000000e+00 0.000000000000000000e+00 -1.937950659600671033e+00
-1.967741635230945807e+00 -1.962985612327808882e+00 -1.974926733307611926e+00
-1.972581669121858727e+00 -1.983834470034872899e+00 -3.755550714623399955e+00
0.000000000000000000e+00 0.000000000000000000e+00 0.000000000000000000e+00
0.000000000000000000e+00 0.000000000000000000e+00 0.000000000000000000e+00
-1.954382499355051372e+00 -1.975110774797391500e+00 -1.971934088849600419e+00
-1.474196280690684624e+01 -1.471656521714312582e+01 -1.485662531143014675e+01
-1.809482851183606655e+01 -1.818705656751284039e+01 -1.816700373954700964e+01
-1.864600436848701648e+01 -1.853139168163961870e+01 -1.856992957260856159e+01
-1.860333833843585438e+01 -1.862532252884332351e+01 -1.865115032125732242e+01
-1.877372478013239032e+01 -1.881886582044879219e+01 -1.877547481181026967e+01
-1.879063672684184993e+01 -1.872409058502254453e+01 -1.880122802527588277e+01
-1.887552589647187773e+01 -1.887095070962126542e+01 -1.887361476167365737e+01
-1.889114253665976051e+01 -1.883027738558010356e+01 -1.891785402552478956e+01
-1.872779561116500702e+01 -1.874521790570876689e+01 -1.879084549300404205e+01
-1.859162045585363643e+01 -1.855669922424067408e+01 -1.856564246255294748e+01
-1.809528411401176129e+01 -1.802361173167030017e+01 -1.813527560712817532e+01
-1.784641129232768719e+01 -1.781836592686515885e+01 -1.781656198502792066e+01
-1.688780569331005310e+01 -1.688371287856116965e+01 -1.689831223660927506e+01
-1.678821966776915531e+01 -1.686701446420729056e+01 -1.678482531177124315e+01
-4.432783593543851097e+00 -3.738010856343037425e+00 -6.081578257308766666e+00
-1.967141998342955667e+00 0.000000000000000000e+00 0.000000000000000000e+00
-1.980388609603067396e+00 -1.973876329279086850e+00 -1.971713381628223294e+00
-1.974000780335225080e+00 0.000000000000000000e+00 0.000000000000000000e+00
0.000000000000000000e+00 0.000000000000000000e+00 0.000000000000000000e+00
0.000000000000000000e+00 0.000000000000000000e+00 0.000000000000000000e+00
-1.658387869654529823e+01 -1.660528468071887787e+01 -1.671782778140878278e+01
-1.825711269405253745e+01 -1.826626855394078319e+01 -1.828334473507467450e+01
-1.878530212823498502e+01 -1.873706202569740142e+01 -1.876162905593070462e+01
-1.887085974874191407e+01 -1.887996288002862855e+01 -1.888798359428338003e+01
-1.895541577332135219e+01 -1.901155337630252973e+01 -1.901791805965727278e+01
-1.911966965657255102e+01 -1.912236213946101770e+01 -1.909843142075689215e+01
-1.918326082576562186e+01 -1.918084290617874998e+01 -1.917611507892161526e+01
-1.915375423054967996e+01 -1.917814733446403253e+01 -1.909186673141915236e+01
-1.913813862104542807e+01 -1.910010304027952088e+01 -1.900574503297476170e+01
-1.896401828714016347e+01 -1.894138236986265156e+01 -1.896909791530244860e+01
-1.866686771592188165e+01 -1.867639688665438769e+01 -1.876817315029757083e+01
-1.819420996747165375e+01 -1.802010993913620496e+01 -1.812269823809831948e+01
-1.764483186410471305e+01 -1.764995978772291352e+01 -1.765307698068799525e+01
-1.683828863648583152e+01 -1.677521844482901869e+01 -1.683210102491444715e+01
-1.613279348130762259e+01 -1.631185093133188246e+01 -1.614923939189608149e+01
-3.745609235875784204e+00 -1.959905817041124099e+00 -3.744457232289104098e+00
-1.931159998031929836e+00 -1.972697842594852480e+00 -1.975976601960067747e+00
0.000000000000000000e+00 0.000000000000000000e+00 0.000000000000000000e+00
0.000000000000000000e+00 0.000000000000000000e+00 0.000000000000000000e+00
-1.396811468875631235e+00 -1.960068209051803123e+00 -1.962886345141947819e+00
-1.648220601897549287e+01 -1.661733520543873510e+01 -1.696678082155852607e+01
-1.848335422127729544e+01 -1.841034772747713077e+01 -1.858796517526907266e+01
-1.885329762919002761e+01 -1.893219261514305174e+01 -1.895170503545908147e+01
-1.906481245955640702e+01 -1.909714574621121841e+01 -1.904071732203058787e+01
-1.912427302899410719e+01 -1.912780841150242850e+01 -1.914928142647850606e+01
-1.928415317781428229e+01 -1.931683892836543492e+01 -1.934598382691581619e+01
-1.936613094376577848e+01 -1.938852473183912650e+01 -1.945871167983304417e+01
-1.950693740868235437e+01 -1.955127531399090302e+01 -1.955223256918379704e+01
-1.953771994241158794e+01 -1.949865334658059624e+01 -1.953497072928121625e+01
-1.945263686094282463e+01 -1.944605028976514660e+01 -1.911020039939175774e+01
-1.912843028605318452e+01 -1.928260410540474012e+01 -1.888200110389089659e+01
-1.872166186494898810e+01 -1.874126107273427166e+01 -1.874553811004978954e+01
-1.805580332412256084e+01 -1.803570545636341294e+01 -1.772923103098251474e+01
-1.707472804236248010e+01 -1.675791151130709267e+01 -1.700439693468500835e+01
-1.617057393647541019e+01 -1.616054618754060357e+01 -1.614566957722996676e+01
-6.785003719084907736e+00 -5.960999763609450497e+00 -6.102169913581676930e+00
-1.947253546101267663e+00 0.000000000000000000e+00 0.000000000000000000e+00
-1.985228760701109429e+00 -1.969125471412038753e+00 -1.931192870137825812e+00
0.000000000000000000e+00 0.000000000000000000e+00 0.000000000000000000e+00
-1.000000000000000056e-01 -2.233268328598369823e-01 0.000000000000000000e+00
-1.623555529574919376e+01 -1.626055694976686894e+01 -1.676455480349489235e+01
-1.819829662055321862e+01 -1.849576844486060168e+01 -1.844192559837611967e+01
-1.897392204512208025e+01 -1.903419620771037302e+01 -1.902480546576430953e+01
-1.914385075587664531e+01 -1.915679438266056422e+01 -1.916858472153588266e+01
-1.927079648565358383e+01 -1.925747041661006875e+01 -1.927389310321945359e+01
-1.937479912874612253e+01 -1.939487013992037845e+01 -1.943077491752826802e+01
-1.949137201133891395e+01 -1.952261024643725307e+01 -1.957637053360025448e+01
-1.984674185214363007e+01 -1.984528678015719549e+01 -1.984001418104076109e+01
-1.983554698239076686e+01 -1.983511257297541164e+01 -1.980814481843554375e+01
-1.973570462045219642e+01 -1.974249034301284667e+01 -1.973624815984148029e+01
-1.953374224026856254e+01 -1.952251454241201500e+01 -1.932089106824272307e+01
-1.912117829500293809e+01 -1.918526998935362826e+01 -1.906038745692934810e+01
-1.855623444152293544e+01 -1.853654503942908605e+01 -1.854003983423516289e+01
-1.753991234534250054e+01 -1.756072111544164116e+01 -1.739965014643562924e+01
-1.619851509755593710e+01 -1.614120161302482614e+01 -1.616473290420475095e+01
-1.536387966126826043e+01 -1.532743134699159349e+01 -1.533620015756767785e+01
-3.738806859914253877e+00 -3.758896906792635662e+00 -1.971594139560052472e+00
0.000000000000000000e+00 0.000000000000000000e+00 0.000000000000000000e+00
0.000000000000000000e+00 0.000000000000000000e+00 0.000000000000000000e+00
-1.974840008353166088e+00 -1.971786318894920287e+00 -1.498418315334483886e+00
-1.625180409209926324e+01 -1.641995948788321158e+01 -1.655499995272586133e+01
-1.819469075748706288e+01 -1.837174675354546238e+01 -1.844808340774164890e+01
-1.904225753642382557e+01 -1.904351695951273271e+01 -1.907100024917715331e+01
-1.917531104955462240e+01 -1.920679155657333581e+01 -1.920409784910330586e+01
-1.929601908919034514e+01 -1.931476341095263649e+01 -1.932138976969807942e+01
-1.942554747622677525e+01 -1.943368826787072123e+01 -1.943896312685399153e+01
-1.955518940330870237e+01 -1.959293372637580077e+01 -1.962782878954597265e+01
-1.969362580546163599e+01 -1.979985318364470359e+01 -1.977546610524767345e+01
-1.979755653678518357e+01 -1.984335551121981922e+01 -1.982523428030412660e+01
-1.979806066945573306e+01 -1.979408452400923579e+01 -1.979809076475504526e+01
-1.967130843493681169e+01 -1.967180694198538760e+01 -1.966997571574411907e+01
-1.951033407987669577e+01 -1.951030798155042234e+01 -1.909894022939836233e+01
-1.881818934741691152e+01 -1.885178066784119366e+01 -1.882515837906090894e+01
-1.778004826842392561e+01 -1.775368584166096042e+01 -1.780406128799728194e+01
-1.641052461623985792e+01 -1.631894680444789714e+01 -1.622062661438592457e+01
-1.558984600727693959e+01 -1.548308052091779707e+01 -1.544114997461793592e+01
0.000000000000000000e+00 0.000000000000000000e+00 -1.972233488692157755e+00
0.000000000000000000e+00 0.000000000000000000e+00 0.000000000000000000e+00
0.000000000000000000e+00 0.000000000000000000e+00 0.000000000000000000e+00
-3.731473701614842930e+00 -1.974342801259488356e+00 -3.733353087035854223e+00
-1.581429431864488144e+01 -1.581850522586684882e+01 -1.611178753058992896e+01
-1.832464307990267827e+01 -1.843064302102943230e+01 -1.833483329620047186e+01
-1.899538509524702690e+01 -1.899995695698857290e+01 -1.899170266203760349e+01
-1.914671814835669750e+01 -1.913894454447916971e+01 -1.915744781075497727e+01
-1.931608374786800653e+01 -1.934986607514342083e+01 -1.935045837122753198e+01
-1.943671958368787855e+01 -1.945342635295641998e+01 -1.945123631448235813e+01
-1.955644803953387267e+01 -1.958935343804112961e+01 -1.959182054981334531e+01
-1.973382169734149727e+01 -1.973449203068417290e+01 -1.973267735310417237e+01
-1.975086760223412341e+01 -1.974932274658628373e+01 -1.975035821438090977e+01
-1.975392204547167552e+01 -1.975753424351395537e+01 -1.975719354418759366e+01
-1.967285251989902051e+01 -1.967288176789413967e+01 -1.966217983606457409e+01
-1.949236672195529607e+01 -1.943422080762540816e+01 -1.948158081865600622e+01
-1.892550107520590785e+01 -1.889020431364353314e+01 -1.889224462762529910e+01
-1.781243034859920371e+01 -1.780172067393381496e+01 -1.780508770323923784e+01
-1.637320749090901018e+01 -1.640055449426964884e+01 -1.613199989358786723e+01
-1.551629635687705644e+01 -1.556703046096309784e+01 -1.512325980368653688e+01
-1.946022495135562913e+00 -1.968416067172555461e+00 -1.979311833768277573e+00
0.000000000000000000e+00 0.000000000000000000e+00 0.000000000000000000e+00
0.000000000000000000e+00 0.000000000000000000e+00 0.000000000000000000e+00
-1.949173259707196681e+00 -1.972764741016603596e+00 0.000000000000000000e+00
-1.302819171834090639e+01 -1.328339860311663934e+01 -1.323841444972992321e+01
-1.762637089809085467e+01 -1.783511516837991451e+01 -1.785033236967353787e+01
-1.844502796904569664e+01 -1.828062728626958489e+01 -1.842067387544871693e+01
-1.900592692494349478e+01 -1.903259568683403202e+01 -1.901804821367392151e+01
-1.919898754466093038e+01 -1.925153549846514167e+01 -1.928915615451162324e+01
-1.941932090843759084e+01 -1.937757996665090232e+01 -1.942463347209157831e+01
-1.951445003999164030e+01 -1.952085333386198940e+01 -1.952081939660152798e+01
-1.957325464728804931e+01 -1.960278212094046069e+01 -1.961195982858703957e+01
-1.965185995398686458e+01 -1.963294514247902356e+01 -1.964278066272756718e+01
-1.966262317573451668e+01 -1.966076201582809801e+01 -1.966315935693423711e+01
-1.961922773353532889e+01 -1.960057879074798493e+01 -1.960769270691036681e+01
-1.940683297695055387e+01 -1.933410494203161534e+01 -1.917434521084139121e+01
-1.894763102154012913e+01 -1.892841688160721603e+01 -1.887538558796418542e+01
-1.779365088079755353e+01 -1.779581909053030131e+01 -1.778188285684124281e+01
-1.613877112326615304e+01 -1.605756609646537569e+01 -1.583361743675184918e+01
-1.502287439523663970e+01 -1.493297024786416927e+01 -1.468459845006215225e+01
-1.970249013305698016e+00 -3.742980554629610879e+00 -1.975881012756826483e+00
-1.970185419583127207e+00 0.000000000000000000e+00 0.000000000000000000e+00
0.000000000000000000e+00 0.000000000000000000e+00 0.000000000000000000e+00
0.000000000000000000e+00 0.000000000000000000e+00 0.000000000000000000e+00
-1.980137119878860652e+00 -1.981864094055100445e+00 -1.968846801879911457e+00
-1.694210691987786177e+01 -1.697125112657499812e+01 -1.699883582877776433e+01
-1.778177851000586784e+01 -1.790517061506246677e+01 -1.796835400296657781e+01
-1.869398155959207841e+01 -1.872637801993290552e+01 -1.872117395602339940e+01
-1.897338456903012727e+01 -1.900946468931795863e+01 -1.902804526098102400e+01
-1.923689834332155968e+01 -1.927267125591795249e+01 -1.926573644806887486e+01
-1.942277240703471364e+01 -1.936619185635757034e+01 -1.942369943487737061e+01
-1.947138070050268155e+01 -1.947765823881115921e+01 -1.947664882717852208e+01
-1.949415782953444776e+01 -1.952732689611712757e+01 -1.949478177476865426e+01
-1.952015380781676868e+01 -1.951625347317890302e+01 -1.944366621174974341e+01
-1.944251107033265313e+01 -1.947869678201335475e+01 -1.944558274894386329e+01
-1.914115792565485918e+01 -1.912768575649802116e+01 -1.915062385932587219e+01
-1.856711525391791184e+01 -1.855131627254067084e+01 -1.849851435070352679e+01
-1.718233878798083936e+01 -1.728103389353399066e+01 -1.704908254437314241e+01
-1.579445923157225806e+01 -1.574871698816379784e+01 -1.579787985147275720e+01
-1.440471327942620050e+01 -1.430683618519123002e+01 -1.320064754313989752e+01
-1.970071765132337838e+00 0.000000000000000000e+00 0.000000000000000000e+00
0.000000000000000000e+00 0.000000000000000000e+00 0.000000000000000000e+00
0.000000000000000000e+00 0.000000000000000000e+00 0.000000000000000000e+00
-1.969824700875541401e+00 0.000000000000000000e+00 0.000000000000000000e+00
-1.976583677971263997e+00 0.000000000000000000e+00 0.000000000000000000e+00
-1.052667830004194727e+01 -9.322133370964222010e+00 -9.417090530259928371e+00
-1.739128852285256954e+01 -1.733428770909699068e+01 -1.734731060507225209e+01
-1.779579261769331922e+01 -1.794604348641412628e+01 -1.792123865111941328e+01
-1.868973795803453442e+01 -1.865769660275762121e+01 -1.867713185756587890e+01
-1.891923663710436188e+01 -1.889409728041447423e+01 -1.887970940167245004e+01
-1.900714167059748760e+01 -1.897444861408332883e+01 -1.901510006295515609e+01
-1.922322245035618948e+01 -1.917599005832245851e+01 -1.922529324333979517e+01
-1.923745030571987868e+01 -1.925474450833566209e+01 -1.925801704477943943e+01
-1.920041124109989994e+01 -1.922731691978015789e+01 -1.922686612286618413e+01
-1.910744047989584260e+01 -1.910874188680746855e+01 -1.908358415516250872e+01
-1.892523816507059209e+01 -1.893826290372778587e+01 -1.900816225874675780e+01
-1.839750061889318999e+01 -1.832289251456822754e+01 -1.822358900431433781e+01
-1.645416085935543649e+01 -1.604771784468054463e+01 -1.662862310198638838e+01
-1.523934805291739991e+01 -1.529307758776916337e+01 -1.541353935553775756e+01
-7.374920698327704471e+00 -7.735513993046332359e+00 -7.214045988450577873e+00
-1.959517703546590273e+00 -1.973779415059247588e+00 0.000000000000000000e+00
0.000000000000000000e+00 -1.927297997728840473e+00 0.000000000000000000e+00
0.000000000000000000e+00 0.000000000000000000e+00 0.000000000000000000e+00
-1.970034008168348727e+00 0.000000000000000000e+00 0.000000000000000000e+00
-5.338913146599283621e+00 -5.339819313968878767e+00 -3.754990959111609072e+00
-1.974582910338477548e+00 -1.972576035388337035e+00 0.000000000000000000e+00
-1.581032012410466692e+01 -1.576967115789331864e+01 -1.597269272532259876e+01
-1.747956734446817251e+01 -1.732536290475621144e+01 -1.748951853223585928e+01
-1.792769976972301649e+01 -1.808862594496174836e+01 -1.811797732294186503e+01
-1.848580126992711925e+01 -1.838891875595376391e+01 -1.841678745483067559e+01
-1.877786097662470866e+01 -1.877946122307717047e+01 -1.877208061075972267e+01
-1.887433574356147759e+01 -1.885676396895000551e+01 -1.884323502555245611e+01
-1.889755589461729812e+01 -1.889509216048673323e+01 -1.889935018105968467e+01
-1.892582893379217879e+01 -1.894743375762642401e+01 -1.895520745361011095e+01
-1.890012579327120434e+01 -1.890090964510103788e+01 -1.889333180247801280e+01
-1.862003929400311719e+01 -1.860488505369456647e+01 -1.842102001212422380e+01
-1.725257981038156530e+01 -1.683133790524790641e+01 -1.720007026878384693e+01
-1.548097987301349043e+01 -1.532946734703199709e+01 -1.528868212461788723e+01
-1.449806968851678590e+01 -1.418601769808604018e+01 -1.447784927934344346e+01
-1.964021772812960975e+00 -1.967952814657605076e+00 0.000000000000000000e+00
-1.964126742185610786e+00 -1.964513811022075451e+00 0.000000000000000000e+00
-1.967683995882201664e+00 0.000000000000000000e+00 0.000000000000000000e+00
0.000000000000000000e+00 0.000000000000000000e+00 0.000000000000000000e+00
-1.980219119308209264e+00 -1.972419863329820222e+00 -3.705216895788923992e+00
0.000000000000000000e+00 0.000000000000000000e+00 0.000000000000000000e+00
-3.737784603802432493e+00 -6.750714904823039042e+00 -1.961656906586825899e+00
-3.746360132938068244e+00 -1.969495557558120558e+00 -1.972757872283112945e+00
-1.689022226911702518e+01 -1.685242784239265035e+01 -1.684785320034754363e+01
-1.764012016698207574e+01 -1.762902801716250423e+01 -1.769471173302230582e+01
-1.786026436472969081e+01 -1.805253038457125925e+01 -1.805967271634843030e+01
-1.833164660242513122e+01 -1.830084304662373640e+01 -1.829373234376165058e+01
-1.858166495426083031e+01 -1.847246384490047433e+01 -1.851066145174806010e+01
-1.858252000261369474e+01 -1.861299202785984974e+01 -1.858955810470954972e+01
-1.864770365347530756e+01 -1.864728182930392464e+01 -1.864547164415811764e+01
-1.854904351520753281e+01 -1.845662117045286266e+01 -1.853998857439864878e+01
-1.766558482907636574e+01 -1.762659509467490793e+01 -1.683773262725848596e+01
-1.603353907502686937e+01 -1.560348856672265860e+01 -1.455910352835029897e+01
-1.460420923669806470e+01 -1.432092614342488091e+01 -1.407062964324411780e+01
-9.506097363242158593e+00 -9.668137698419540627e+00 -9.277796112073801282e+00
-1.974545399311221416e+00 -1.972918208239018867e+00 0.000000000000000000e+00
-1.961903748330643182e+00 -3.717022924450002375e+00 -3.753601442175885428e+00
0.000000000000000000e+00 0.000000000000000000e+00 0.000000000000000000e+00
0.000000000000000000e+00 0.000000000000000000e+00 0.000000000000000000e+00
-1.957452821521423081e+00 -1.943371072385146281e+00 0.000000000000000000e+00
-3.721580161049697466e+00 -1.974539235960130590e+00 -1.971505915713130497e+00
-3.741055314828042988e+00 -1.967179958983167554e+00 -3.739014163686270820e+00
-1.959891986253960994e+00 -1.950264264393674951e+00 -1.918480506067438363e+00
0.000000000000000000e+00 -1.570685928991429670e+00 -1.962867315742956142e+00
-1.698637042158814126e+01 -1.733046162394237300e+01 -1.702668126328444487e+01
-1.768325167478585414e+01 -1.768854527361131801e+01 -1.771476456800760602e+01
-1.792228028316222677e+01 -1.794975614213287685e+01 -1.794474466112707134e+01
-1.813397709313144546e+01 -1.831245899812899225e+01 -1.816734380570657592e+01
-1.829922094365089436e+01 -1.828750717010448668e+01 -1.830123516211931189e+01
-1.830461409084525215e+01 -1.828270545688240389e+01 -1.821389629786884612e+01
-1.788879925803220061e+01 -1.782709184175878292e+01 -1.773129011475779038e+01
-1.676752447363784881e+01 -1.551969461350970114e+01 -1.606534545607816256e+01
-1.432346139043765021e+01 -1.414016461016960591e+01 -1.395400706040948435e+01
-1.283890203373774241e+01 -1.274897892066755389e+01 -1.200324580014235920e+01
-4.318578670635820238e+00 -4.285012140138504400e+00 -5.198129937729445871e+00
-1.950405953955358429e+00 -1.944630355930495824e+00 -1.972418286209741911e+00
-1.961899710118640172e+00 0.000000000000000000e+00 -1.960049411338986580e+00
0.000000000000000000e+00 0.000000000000000000e+00 0.000000000000000000e+00
0.000000000000000000e+00 0.000000000000000000e+00 0.000000000000000000e+00
0.000000000000000000e+00 0.000000000000000000e+00 0.000000000000000000e+00
-1.969574501551204282e+00 -5.324688413704647516e+00 -3.754766271324524229e+00
-1.977763179200677790e+00 0.000000000000000000e+00 0.000000000000000000e+00
-1.944172390654517635e+00 -1.962525145253899428e+00 0.000000000000000000e+00
-1.980414703730192905e+00 -3.751765622291596269e+00 -3.725937238378040917e+00
-1.629744791339788224e+00 -3.745357586504948877e+00 -1.974546933487140610e+00
-1.744428934593835834e+01 -1.719785749981721779e+01 -1.721326982348771040e+01
-1.769927893871938451e+01 -1.769852289677791646e+01 -1.771565666684042739e+01
-1.797077587795364906e+01 -1.799467361353298145e+01 -1.799671838844057348e+01
-1.821291933538501340e+01 -1.819212832966403681e+01 -1.821277812687820230e+01
-1.793618433662950196e+01 -1.790186894920903171e+01 -1.790804821898435151e+01
-1.688022110412019927e+01 -1.676983061121770291e+01 -1.682493340582045249e+01
-1.439449646252173309e+01 -1.353204418932196518e+01 -1.297317169565530470e+01
-1.311707630072422681e+01 -1.231748175751507901e+01 -1.261143275322916679e+01
-8.509508276772038471e+00 -7.178786426728190229e+00 -7.832749919557722151e+00
-3.737675255127463458e+00 -3.738152326091075839e+00 -1.970173180232937860e+00
-1.963675324140131018e+00 -1.970195914404359705e+00 -1.969825139318666762e+00
-1.973004643250609424e+00 0.000000000000000000e+00 0.000000000000000000e+00
0.000000000000000000e+00 0.000000000000000000e+00 0.000000000000000000e+00
0.000000000000000000e+00 0.000000000000000000e+00 0.000000000000000000e+00
-1.980414703730192905e+00 -3.744157186458866970e+00 -1.976788111311139406e+00
0.000000000000000000e+00 0.000000000000000000e+00 0.000000000000000000e+00
-1.971724516575413588e+00 -1.980860847610822040e+00 -1.975309527501146079e+00
-1.970052901077831597e+00 -3.726189457710168185e+00 -3.734240558794991838e+00
-3.713164408086700785e+00 0.000000000000000000e+00 0.000000000000000000e+00
-3.746544597086002071e+00 -1.969563402100924510e+00 -1.965165554248960111e+00
0.000000000000000000e+00 0.000000000000000000e+00 0.000000000000000000e+00
-1.743143665490480387e+01 -1.742144764698460335e+01 -1.742215376226902990e+01
-1.785099352059462063e+01 -1.786241420672813263e+01 -1.764921480740663284e+01
-1.750492958254140419e+01 -1.747897814549629203e+01 -1.706843822723453030e+01
-1.655821478059137419e+01 -1.652560208294955046e+01 -1.642581049560713424e+01
-1.580798710258239481e+01 -1.571800926672490561e+01 -1.566060390283244352e+01
-1.255244688619787574e+01 -1.263618344936287308e+01 -1.157985133712398707e+01
-1.001517646327697797e+01 -9.715485287624785471e+00 -9.536148429445130859e+00
-3.481361711661458358e+00 -4.808925325902342784e+00 -3.156917173060719506e+00
-3.743220005263323547e+00 -1.968003509630250170e+00 -1.859397890902239725e+00
-3.737379882028764033e+00 -3.729755314925002008e+00 -1.972782702830758073e+00
0.000000000000000000e+00 0.000000000000000000e+00 0.000000000000000000e+00
0.000000000000000000e+00 0.000000000000000000e+00 0.000000000000000000e+00
0.000000000000000000e+00 0.000000000000000000e+00 0.000000000000000000e+00
0.000000000000000000e+00 0.000000000000000000e+00 0.000000000000000000e+00
0.000000000000000000e+00 -1.983489910388428701e+00 0.000000000000000000e+00
-1.965775197545164721e+00 -3.731208238538695987e+00 -1.980244136940763955e+00
-1.960711078673053498e+00 -3.731391238762959084e+00 -1.969909421469253630e+00
-3.727820966616001819e+00 -1.967233789409349676e+00 -1.987694447010362797e+00
-1.945547173002189822e+00 -1.973961675179741748e+00 0.000000000000000000e+00
0.000000000000000000e+00 0.000000000000000000e+00 0.000000000000000000e+00
0.000000000000000000e+00 0.000000000000000000e+00 -3.739659069113072221e+00
-1.547646995283294480e+01 -1.554005884675197002e+01 -1.529745057015940191e+01
-1.567251295275448086e+01 -1.566608620135321317e+01 -1.565398626622483569e+01
-1.546159116954239465e+01 -1.547118116619226313e+01 -1.545242871801513473e+01
-1.512103171278482527e+01 -1.551048765945668073e+01 -1.510126843457005208e+01
-1.122562995157199239e+01 -1.120266031826936093e+01 -1.030739053775976188e+01
-8.446743042812526525e+00 -8.323364135240291617e+00 -8.280564620955825461e+00
-2.448216614410099190e+00 -1.175859403155343541e+00 -1.951966590687401526e+00
-1.978468681876266677e+00 -1.977138149822034840e+00 0.000000000000000000e+00
-3.726279039858701569e+00 0.000000000000000000e+00 -1.949426042824034866e+00
-3.726754978612724312e+00 -1.970783195482641581e+00 -1.976810733212606586e+00
0.000000000000000000e+00 0.000000000000000000e+00 0.000000000000000000e+00
0.000000000000000000e+00 0.000000000000000000e+00 0.000000000000000000e+00
0.000000000000000000e+00 0.000000000000000000e+00 0.000000000000000000e+00
-1.956209008293373408e+00 -1.969584767050159613e+00 -1.974157233308504233e+00
-1.965097969381552678e+00 0.000000000000000000e+00 0.000000000000000000e+00
-1.969044466479747291e+00 -3.741850267572626620e+00 -1.973204812331362579e+00
0.000000000000000000e+00 0.000000000000000000e+00 0.000000000000000000e+00
0.000000000000000000e+00 -1.960954213147505731e+00 0.000000000000000000e+00
0.000000000000000000e+00 0.000000000000000000e+00 -1.971493276631859803e+00
-1.975975819742902040e+00 0.000000000000000000e+00 -1.919253659882141250e+00
-1.943101586250414847e+00 -1.972258174853312118e+00 0.000000000000000000e+00
-1.976533745535701492e+00 0.000000000000000000e+00 -1.957441483807624172e+00
-1.965447547622435565e+00 -3.701682796250091556e+00 -1.970825091619818004e+00
-1.964348453847004183e+00 0.000000000000000000e+00 0.000000000000000000e+00
0.000000000000000000e+00 -1.965358901769893141e+00 -1.935641951702508967e+00
-1.962518276787208471e+00 0.000000000000000000e+00 -3.762229609413363374e+00
-3.718191595010932993e+00 -3.732591831383152758e+00 -3.712947043154953164e+00
-1.953292863736275642e+00 -1.980093678229854381e+00 0.000000000000000000e+00
-1.984151741570145067e+00 0.000000000000000000e+00 0.000000000000000000e+00
-1.949873919765665153e+00 0.000000000000000000e+00 0.000000000000000000e+00
-1.971387034736205024e+00 0.000000000000000000e+00 0.000000000000000000e+00
0.000000000000000000e+00 0.000000000000000000e+00 0.000000000000000000e+00
0.000000000000000000e+00 0.000000000000000000e+00 0.000000000000000000e+00
0.000000000000000000e+00 0.000000000000000000e+00 0.000000000000000000e+00
0.000000000000000000e+00 0.000000000000000000e+00 0.000000000000000000e+00
0.000000000000000000e+00 0.000000000000000000e+00 0.000000000000000000e+00
0.000000000000000000e+00 0.000000000000000000e+00 0.000000000000000000e+00
0.000000000000000000e+00 0.000000000000000000e+00 0.000000000000000000e+00
0.000000000000000000e+00 0.000000000000000000e+00 0.000000000000000000e+00
0.000000000000000000e+00 0.000000000000000000e+00 0.000000000000000000e+00
0.000000000000000000e+00 0.000000000000000000e+00 0.000000000000000000e+00
0.000000000000000000e+00 0.000000000000000000e+00 0.000000000000000000e+00
0.000000000000000000e+00 0.000000000000000000e+00 0.000000000000000000e+00
0.000000000000000000e+00 0.000000000000000000e+00 0.000000000000000000e+00
0.000000000000000000e+00 0.000000000000000000e+00 0.000000000000000000e+00
0.000000000000000000e+00 0.000000000000000000e+00 0.000000000000000000e+00
0.000000000000000000e+00 0.000000000000000000e+00 0.000000000000000000e+00
0.000000000000000000e+00 0.000000000000000000e+00 0.000000000000000000e+00
0.000000000000000000e+00 0.000000000000000000e+00 0.000000000000000000e+00
0.000000000000000000e+00 0.000000000000000000e+00 0.000000000000000000e+00
0.000000000000000000e+00 0.000000000000000000e+00 0.000000000000000000e+00
