2.806000000000000000e+03
5.487000000000000000e+03
1.475000000000000000e+03
2.269000000000000000e+03
2.295000000000000000e+03
2.768000000000000000e+03
2.634000000000000000e+03
1.431000000000000000e+03
4.831000000000000000e+03
8.891000000000000000e+03
6.310000000000000000e+02
1.852000000000000000e+03
1.152000000000000000e+03
4.150000000000000000e+02
1.494000000000000000e+03
2.639000000000000000e+03
1.217000000000000000e+03
2.609000000000000000e+03
3.662000000000000000e+03
1.512000000000000000e+03
5.160000000000000000e+02
1.020000000000000000e+03
2.193000000000000000e+03
1.707000000000000000e+03
1.316000000000000000e+03
7.500000000000000000e+02
1.176000000000000000e+03
2.804000000000000000e+03
1.349000000000000000e+03
4.495000000000000000e+03
8.604000000000000000e+03
3.267000000000000000e+03
2.434000000000000000e+03
1.566000000000000000e+03
1.924000000000000000e+03
1.899000000000000000e+03
6.600000000000000000e+02
5.142000000000000000e+03
1.508000000000000000e+03
8.670000000000000000e+02
2.118000000000000000e+03
4.209000000000000000e+03
1.870000000000000000e+03
1.093000000000000000e+03
5.840000000000000000e+02
1.261000000000000000e+03
3.210000000000000000e+02
9.950000000000000000e+02
6.060000000000000000e+02
1.280000000000000000e+03
5.310000000000000000e+02
1.306000000000000000e+03
9.810000000000000000e+02
6.620000000000000000e+02
2.991000000000000000e+03
6.660000000000000000e+02
6.250000000000000000e+02
8.900000000000000000e+02
1.819000000000000000e+03
5.980000000000000000e+02
4.950000000000000000e+02
5.070000000000000000e+02
4.220000000000000000e+02
1.226000000000000000e+03
3.120000000000000000e+02
9.500000000000000000e+02
9.980000000000000000e+02
1.367000000000000000e+03
1.587000000000000000e+03
1.208000000000000000e+03
1.484000000000000000e+03
8.870000000000000000e+02
7.760000000000000000e+02
5.910000000000000000e+02
5.650000000000000000e+02
1.122000000000000000e+03
1.001000000000000000e+03
3.080000000000000000e+02
7.840000000000000000e+02
5.545000000000000000e+03
3.340000000000000000e+02
6.930000000000000000e+02
2.683000000000000000e+03
6.480000000000000000e+02
1.741000000000000000e+03
1.450000000000000000e+03
9.080000000000000000e+02
1.140000000000000000e+03
4.500000000000000000e+02
9.160000000000000000e+02
5.720000000000000000e+02
3.830000000000000000e+02
3.630000000000000000e+02
4.400000000000000000e+02
1.380000000000000000e+03
3.650000000000000000e+02
3.800000000000000000e+02
4.290000000000000000e+02
6.660000000000000000e+02
8.210000000000000000e+02
7.990000000000000000e+02
2.480000000000000000e+02
8.340000000000000000e+02
3.270000000000000000e+02
4.000000000000000000e+02
3.270000000000000000e+02
3.760000000000000000e+02
2.500000000000000000e+02
7.920000000000000000e+02
7.310000000000000000e+02
3.550000000000000000e+02
3.590000000000000000e+02
5.500000000000000000e+02
6.630000000000000000e+02
7.050000000000000000e+02
1.255000000000000000e+03
6.150000000000000000e+02
3.876000000000000000e+03
3.250000000000000000e+02
7.710000000000000000e+02
8.020000000000000000e+02
2.465000000000000000e+03
2.050000000000000000e+02
2.626000000000000000e+03
7.010000000000000000e+02
5.220000000000000000e+02
2.838000000000000000e+03
2.069000000000000000e+03
4.300000000000000000e+02
3.430000000000000000e+02
4.050000000000000000e+02
4.250000000000000000e+02
3.060000000000000000e+02
4.440000000000000000e+02
4.850000000000000000e+02
3.110000000000000000e+02
5.670000000000000000e+02
3.690000000000000000e+02
4.540000000000000000e+02
7.560000000000000000e+02
3.170000000000000000e+02
9.520000000000000000e+02
4.810000000000000000e+02
7.510000000000000000e+02
3.190000000000000000e+02
3.500000000000000000e+02
6.280000000000000000e+02
2.690000000000000000e+02
3.320000000000000000e+02
4.480000000000000000e+02
2.740000000000000000e+02
2.430000000000000000e+02
3.520000000000000000e+02
2.450000000000000000e+02
3.240000000000000000e+02
3.090000000000000000e+02
3.240000000000000000e+02
3.230000000000000000e+02
3.330000000000000000e+02
2.580000000000000000e+02
6.150000000000000000e+02
3.730000000000000000e+02
1.105000000000000000e+03
3.630000000000000000e+02
8.420000000000000000e+02
1.405000000000000000e+03
5.230000000000000000e+02
1.847000000000000000e+03
8.410000000000000000e+02
3.385000000000000000e+03
1.442000000000000000e+03
1.104000000000000000e+03
6.430000000000000000e+02
5.720000000000000000e+02
7.050000000000000000e+02
2.510000000000000000e+02
8.010000000000000000e+02
4.480000000000000000e+02
2.630000000000000000e+02
4.200000000000000000e+02
7.110000000000000000e+02
8.550000000000000000e+02
8.890000000000000000e+02
5.920000000000000000e+02
1.204000000000000000e+03
1.188000000000000000e+03
2.776000000000000000e+03
1.185000000000000000e+03
4.040000000000000000e+02
3.980000000000000000e+02
2.730000000000000000e+02
2.480000000000000000e+02
2.920000000000000000e+02
3.000000000000000000e+02
4.940000000000000000e+02
3.430000000000000000e+02
7.960000000000000000e+02
6.100000000000000000e+02
2.570000000000000000e+02
2.580000000000000000e+02
5.480000000000000000e+02
2.120000000000000000e+02
2.270000000000000000e+02
7.710000000000000000e+02
2.110000000000000000e+02
3.250000000000000000e+02
3.520000000000000000e+02
8.250000000000000000e+02
3.230000000000000000e+02
4.630000000000000000e+02
4.670000000000000000e+02
2.550000000000000000e+02
2.450000000000000000e+02
4.160000000000000000e+02
7.190000000000000000e+02
3.340000000000000000e+02
4.990000000000000000e+02
3.950000000000000000e+02
2.440000000000000000e+02
3.330000000000000000e+02
2.400000000000000000e+02
2.580000000000000000e+02
3.140000000000000000e+02
5.490000000000000000e+02
1.034000000000000000e+03
3.460000000000000000e+02
3.220000000000000000e+02
4.170000000000000000e+02
3.760000000000000000e+02
3.130000000000000000e+02
3.470000000000000000e+02
2.390000000000000000e+02
4.300000000000000000e+02
3.340000000000000000e+02
3.090000000000000000e+02
2.440000000000000000e+02
4.180000000000000000e+02
6.310000000000000000e+02
3.210000000000000000e+02
2.450000000000000000e+02
3.460000000000000000e+02
3.050000000000000000e+02
3.040000000000000000e+02
2.470000000000000000e+02
2.420000000000000000e+02
2.460000000000000000e+02
2.460000000000000000e+02
2.530000000000000000e+02
2.480000000000000000e+02
3.050000000000000000e+02
5.450000000000000000e+02
4.220000000000000000e+02
4.230000000000000000e+02
6.130000000000000000e+02
3.190000000000000000e+02
3.750000000000000000e+02
2.720000000000000000e+02
2.430000000000000000e+02
3.770000000000000000e+02
2.480000000000000000e+02
3.200000000000000000e+02
2.030000000000000000e+02
1.770000000000000000e+02
1.770000000000000000e+02
2.390000000000000000e+02
2.590000000000000000e+02
2.030000000000000000e+02
2.480000000000000000e+02
2.690000000000000000e+02
2.810000000000000000e+02
2.760000000000000000e+02
2.350000000000000000e+02
2.380000000000000000e+02
2.220000000000000000e+02
2.370000000000000000e+02
2.310000000000000000e+02
1.660000000000000000e+02
2.670000000000000000e+02
2.000000000000000000e+02
3.510000000000000000e+02
3.140000000000000000e+02
2.430000000000000000e+02
2.330000000000000000e+02
2.340000000000000000e+02
2.020000000000000000e+02
2.370000000000000000e+02
2.510000000000000000e+02
1.980000000000000000e+02
2.550000000000000000e+02
1.980000000000000000e+02
2.400000000000000000e+02
2.040000000000000000e+02
3.320000000000000000e+02
2.420000000000000000e+02
1.580000000000000000e+02
2.410000000000000000e+02
1.570000000000000000e+02
2.390000000000000000e+02
2.290000000000000000e+02
2.620000000000000000e+02
2.290000000000000000e+02
2.380000000000000000e+02
2.470000000000000000e+02
2.360000000000000000e+02
2.380000000000000000e+02
2.400000000000000000e+02
3.810000000000000000e+02
3.430000000000000000e+02
3.160000000000000000e+02
2.320000000000000000e+02
3.590000000000000000e+02
2.340000000000000000e+02
2.780000000000000000e+02
3.600000000000000000e+02
9.000000000000000000e+02
2.240000000000000000e+02
3.740000000000000000e+02
2.570000000000000000e+02
2.340000000000000000e+02
3.080000000000000000e+02
4.670000000000000000e+02
2.200000000000000000e+02
2.430000000000000000e+02
3.080000000000000000e+02
1.620000000000000000e+02
2.380000000000000000e+02
2.240000000000000000e+02
4.870000000000000000e+02
2.400000000000000000e+02
2.240000000000000000e+02
1.570000000000000000e+02
2.430000000000000000e+02
2.800000000000000000e+02
1.590000000000000000e+02
2.720000000000000000e+02
1.590000000000000000e+02
1.920000000000000000e+02
2.530000000000000000e+02
1.830000000000000000e+02
2.510000000000000000e+02
2.490000000000000000e+02
2.160000000000000000e+02
1.550000000000000000e+02
1.570000000000000000e+02
1.610000000000000000e+02
3.450000000000000000e+02
6.490000000000000000e+02
1.890000000000000000e+02
3.000000000000000000e+02
5.320000000000000000e+02
5.160000000000000000e+02
2.150000000000000000e+02
2.020000000000000000e+02
2.180000000000000000e+02
2.450000000000000000e+02
1.590000000000000000e+02
2.140000000000000000e+02
1.580000000000000000e+02
1.670000000000000000e+02
2.010000000000000000e+02
2.820000000000000000e+02
1.960000000000000000e+02
2.560000000000000000e+02
2.070000000000000000e+02
1.650000000000000000e+02
1.620000000000000000e+02
2.540000000000000000e+02
1.680000000000000000e+02
1.540000000000000000e+02
3.700000000000000000e+02
2.700000000000000000e+02
7.210000000000000000e+02
4.750000000000000000e+02
1.970000000000000000e+02
1.560000000000000000e+02
2.910000000000000000e+02
3.490000000000000000e+02
1.620000000000000000e+02
1.580000000000000000e+02
1.590000000000000000e+02
1.570000000000000000e+02
2.100000000000000000e+02
2.890000000000000000e+02
2.450000000000000000e+02
1.630000000000000000e+02
2.390000000000000000e+02
1.890000000000000000e+02
2.530000000000000000e+02
2.350000000000000000e+02
2.770000000000000000e+02
2.380000000000000000e+02
1.550000000000000000e+02
1.200000000000000000e+02
2.310000000000000000e+02
2.330000000000000000e+02
6.990000000000000000e+02
1.470000000000000000e+02
3.010000000000000000e+02
2.740000000000000000e+02
1.550000000000000000e+02
2.250000000000000000e+02
1.200000000000000000e+02
2.410000000000000000e+02
1.550000000000000000e+02
4.600000000000000000e+02
2.420000000000000000e+02
2.020000000000000000e+02
1.480000000000000000e+02
5.720000000000000000e+02
2.360000000000000000e+02
3.130000000000000000e+02
5.310000000000000000e+02
2.200000000000000000e+02
3.180000000000000000e+02
4.920000000000000000e+02
1.650000000000000000e+02
2.880000000000000000e+02
1.650000000000000000e+02
1.630000000000000000e+02
2.500000000000000000e+02
2.170000000000000000e+02
3.490000000000000000e+02
1.610000000000000000e+02
2.420000000000000000e+02
1.480000000000000000e+02
2.490000000000000000e+02
3.400000000000000000e+02
3.420000000000000000e+02
1.620000000000000000e+02
2.420000000000000000e+02
1.530000000000000000e+02
1.640000000000000000e+02
2.680000000000000000e+02
2.640000000000000000e+02
2.580000000000000000e+02
5.240000000000000000e+02
2.350000000000000000e+02
2.430000000000000000e+02
2.620000000000000000e+02
2.880000000000000000e+02
2.660000000000000000e+02
4.900000000000000000e+02
2.490000000000000000e+02
1.560000000000000000e+02
2.920000000000000000e+02
2.390000000000000000e+02
2.600000000000000000e+02
2.410000000000000000e+02
2.680000000000000000e+02
2.600000000000000000e+02
4.220000000000000000e+02
1.760000000000000000e+02
1.790000000000000000e+02
2.620000000000000000e+02
4.080000000000000000e+02
2.770000000000000000e+02
2.690000000000000000e+02
2.370000000000000000e+02
2.350000000000000000e+02
4.750000000000000000e+02
2.620000000000000000e+02
3.570000000000000000e+02
2.390000000000000000e+02
2.430000000000000000e+02
2.530000000000000000e+02
2.590000000000000000e+02
2.550000000000000000e+02
4.590000000000000000e+02
3.290000000000000000e+02
2.710000000000000000e+02
2.490000000000000000e+02
1.820000000000000000e+02
3.570000000000000000e+02
2.410000000000000000e+02
2.500000000000000000e+02
1.630000000000000000e+02
1.610000000000000000e+02
2.360000000000000000e+02
3.490000000000000000e+02
2.420000000000000000e+02
2.370000000000000000e+02
2.400000000000000000e+02
2.560000000000000000e+02
2.460000000000000000e+02
1.580000000000000000e+02
3.770000000000000000e+02
1.530000000000000000e+02
2.370000000000000000e+02
2.660000000000000000e+02
2.750000000000000000e+02
1.620000000000000000e+02
3.800000000000000000e+02
2.600000000000000000e+02
2.390000000000000000e+02
2.350000000000000000e+02
2.500000000000000000e+02
2.420000000000000000e+02
1.530000000000000000e+02
2.740000000000000000e+02
2.680000000000000000e+02
2.560000000000000000e+02
2.420000000000000000e+02
2.290000000000000000e+02
2.410000000000000000e+02
2.260000000000000000e+02
2.440000000000000000e+02
2.270000000000000000e+02
2.450000000000000000e+02
2.410000000000000000e+02
2.360000000000000000e+02
2.520000000000000000e+02
2.250000000000000000e+02
2.400000000000000000e+02
2.500000000000000000e+02
2.340000000000000000e+02
2.290000000000000000e+02
2.090000000000000000e+02
2.350000000000000000e+02
2.460000000000000000e+02
2.400000000000000000e+02
2.590000000000000000e+02
3.200000000000000000e+02
2.540000000000000000e+02
2.290000000000000000e+02
2.370000000000000000e+02
2.340000000000000000e+02
2.390000000000000000e+02
2.280000000000000000e+02
2.340000000000000000e+02
2.310000000000000000e+02
2.280000000000000000e+02
2.280000000000000000e+02
2.480000000000000000e+02
2.890000000000000000e+02
2.190000000000000000e+02
3.020000000000000000e+02
2.460000000000000000e+02
3.160000000000000000e+02
2.220000000000000000e+02
2.240000000000000000e+02
2.430000000000000000e+02
2.350000000000000000e+02
2.320000000000000000e+02
2.200000000000000000e+02
2.200000000000000000e+02
2.360000000000000000e+02
2.310000000000000000e+02
2.270000000000000000e+02
2.330000000000000000e+02
2.570000000000000000e+02
2.380000000000000000e+02
2.260000000000000000e+02
2.450000000000000000e+02
2.540000000000000000e+02
2.980000000000000000e+02
2.240000000000000000e+02
2.320000000000000000e+02
2.530000000000000000e+02
2.480000000000000000e+02
3.600000000000000000e+02
2.380000000000000000e+02
2.330000000000000000e+02
2.430000000000000000e+02
2.440000000000000000e+02
2.330000000000000000e+02
2.380000000000000000e+02
2.250000000000000000e+02
2.390000000000000000e+02
2.300000000000000000e+02
2.430000000000000000e+02
2.410000000000000000e+02
2.230000000000000000e+02
2.370000000000000000e+02
2.480000000000000000e+02
2.250000000000000000e+02
2.240000000000000000e+02
2.400000000000000000e+02
2.280000000000000000e+02
2.300000000000000000e+02
2.580000000000000000e+02
2.390000000000000000e+02
2.190000000000000000e+02
1.780000000000000000e+02
1.530000000000000000e+02
2.000000000000000000e+02
2.190000000000000000e+02
2.320000000000000000e+02
3.040000000000000000e+02
2.480000000000000000e+02
2.340000000000000000e+02
2.200000000000000000e+02
2.310000000000000000e+02
1.960000000000000000e+02
2.970000000000000000e+02
3.110000000000000000e+02
2.260000000000000000e+02
2.380000000000000000e+02
2.340000000000000000e+02
3.130000000000000000e+02
2.240000000000000000e+02
2.340000000000000000e+02
1.660000000000000000e+02
1.630000000000000000e+02
2.380000000000000000e+02
1.730000000000000000e+02
1.810000000000000000e+02
1.600000000000000000e+02
2.300000000000000000e+02
1.640000000000000000e+02
2.350000000000000000e+02
1.630000000000000000e+02
1.600000000000000000e+02
1.510000000000000000e+02
1.580000000000000000e+02
1.680000000000000000e+02
1.560000000000000000e+02
1.760000000000000000e+02
1.790000000000000000e+02
1.620000000000000000e+02
1.520000000000000000e+02
1.670000000000000000e+02
1.540000000000000000e+02
1.570000000000000000e+02
1.550000000000000000e+02
1.620000000000000000e+02
1.690000000000000000e+02
1.600000000000000000e+02
1.600000000000000000e+02
1.600000000000000000e+02
1.570000000000000000e+02
1.230000000000000000e+02
1.550000000000000000e+02
1.730000000000000000e+02
1.660000000000000000e+02
1.600000000000000000e+02
1.630000000000000000e+02
1.570000000000000000e+02
1.640000000000000000e+02
1.670000000000000000e+02
1.580000000000000000e+02
1.260000000000000000e+02
1.530000000000000000e+02
1.590000000000000000e+02
1.690000000000000000e+02
1.950000000000000000e+02
1.600000000000000000e+02
1.580000000000000000e+02
1.190000000000000000e+02
1.610000000000000000e+02
1.600000000000000000e+02
1.570000000000000000e+02
1.560000000000000000e+02
1.610000000000000000e+02
1.440000000000000000e+02
1.640000000000000000e+02
1.480000000000000000e+02
1.650000000000000000e+02
1.640000000000000000e+02
1.480000000000000000e+02
1.650000000000000000e+02
1.620000000000000000e+02
1.200000000000000000e+02
1.580000000000000000e+02
1.540000000000000000e+02
1.550000000000000000e+02
1.700000000000000000e+02
1.500000000000000000e+02
1.560000000000000000e+02
1.220000000000000000e+02
1.590000000000000000e+02
1.650000000000000000e+02
1.590000000000000000e+02
1.640000000000000000e+02
1.530000000000000000e+02
1.560000000000000000e+02
1.670000000000000000e+02
1.830000000000000000e+02
1.510000000000000000e+02
1.210000000000000000e+02
1.720000000000000000e+02
1.240000000000000000e+02
1.560000000000000000e+02
1.540000000000000000e+02
1.490000000000000000e+02
1.540000000000000000e+02
1.540000000000000000e+02
1.530000000000000000e+02
1.530000000000000000e+02
1.520000000000000000e+02
1.530000000000000000e+02
1.450000000000000000e+02
1.460000000000000000e+02
1.540000000000000000e+02
1.530000000000000000e+02
1.550000000000000000e+02
1.560000000000000000e+02
1.550000000000000000e+02
1.520000000000000000e+02
1.490000000000000000e+02
1.470000000000000000e+02
1.180000000000000000e+02
1.570000000000000000e+02
1.500000000000000000e+02
1.490000000000000000e+02
1.520000000000000000e+02
1.540000000000000000e+02
1.610000000000000000e+02
1.500000000000000000e+02
1.490000000000000000e+02
1.500000000000000000e+02
1.540000000000000000e+02
1.530000000000000000e+02
1.510000000000000000e+02
1.270000000000000000e+02
1.490000000000000000e+02
1.220000000000000000e+02
1.510000000000000000e+02
1.530000000000000000e+02
1.420000000000000000e+02
1.460000000000000000e+02
1.170000000000000000e+02
1.520000000000000000e+02
1.960000000000000000e+02
1.920000000000000000e+02
1.810000000000000000e+02
1.260000000000000000e+02
1.590000000000000000e+02
1.520000000000000000e+02
1.520000000000000000e+02
1.230000000000000000e+02
1.200000000000000000e+02
1.450000000000000000e+02
1.260000000000000000e+02
1.510000000000000000e+02
1.510000000000000000e+02
1.410000000000000000e+02
1.490000000000000000e+02
1.510000000000000000e+02
1.170000000000000000e+02
1.270000000000000000e+02
1.530000000000000000e+02
1.900000000000000000e+02
1.550000000000000000e+02
1.510000000000000000e+02
1.490000000000000000e+02
1.450000000000000000e+02
1.570000000000000000e+02
1.570000000000000000e+02
1.410000000000000000e+02
1.460000000000000000e+02
1.500000000000000000e+02
1.560000000000000000e+02
1.510000000000000000e+02
1.560000000000000000e+02
1.510000000000000000e+02
1.520000000000000000e+02
1.950000000000000000e+02
1.510000000000000000e+02
1.570000000000000000e+02
1.270000000000000000e+02
2.000000000000000000e+02
2.000000000000000000e+02
1.570000000000000000e+02
1.230000000000000000e+02
1.660000000000000000e+02
1.290000000000000000e+02
1.250000000000000000e+02
1.510000000000000000e+02
1.740000000000000000e+02
1.500000000000000000e+02
1.520000000000000000e+02
1.540000000000000000e+02
1.240000000000000000e+02
1.510000000000000000e+02
1.520000000000000000e+02
2.020000000000000000e+02
1.550000000000000000e+02
1.530000000000000000e+02
1.480000000000000000e+02
1.520000000000000000e+02
1.500000000000000000e+02
1.550000000000000000e+02
1.550000000000000000e+02
1.520000000000000000e+02
1.500000000000000000e+02
1.410000000000000000e+02
1.510000000000000000e+02
1.480000000000000000e+02
1.580000000000000000e+02
1.550000000000000000e+02
1.460000000000000000e+02
1.970000000000000000e+02
1.230000000000000000e+02
1.540000000000000000e+02
2.390000000000000000e+02
1.260000000000000000e+02
1.500000000000000000e+02
1.490000000000000000e+02
1.530000000000000000e+02
1.490000000000000000e+02
1.530000000000000000e+02
1.510000000000000000e+02
1.940000000000000000e+02
1.910000000000000000e+02
1.530000000000000000e+02
1.980000000000000000e+02
1.520000000000000000e+02
1.540000000000000000e+02
1.910000000000000000e+02
1.260000000000000000e+02
1.510000000000000000e+02
1.520000000000000000e+02
1.310000000000000000e+02
1.490000000000000000e+02
1.540000000000000000e+02
1.560000000000000000e+02
1.510000000000000000e+02
1.370000000000000000e+02
1.360000000000000000e+02
1.470000000000000000e+02
1.500000000000000000e+02
1.540000000000000000e+02
1.490000000000000000e+02
1.200000000000000000e+02
1.500000000000000000e+02
1.560000000000000000e+02
1.510000000000000000e+02
1.480000000000000000e+02
1.490000000000000000e+02
1.480000000000000000e+02
1.500000000000000000e+02
1.500000000000000000e+02
1.510000000000000000e+02
1.490000000000000000e+02
1.520000000000000000e+02
1.520000000000000000e+02
1.460000000000000000e+02
1.490000000000000000e+02
1.320000000000000000e+02
1.500000000000000000e+02
1.470000000000000000e+02
1.490000000000000000e+02
1.160000000000000000e+02
1.550000000000000000e+02
1.510000000000000000e+02
1.500000000000000000e+02
1.960000000000000000e+02
1.550000000000000000e+02
1.160000000000000000e+02
1.630000000000000000e+02
1.530000000000000000e+02
1.570000000000000000e+02
1.580000000000000000e+02
1.500000000000000000e+02
1.530000000000000000e+02
1.580000000000000000e+02
1.480000000000000000e+02
1.460000000000000000e+02
1.500000000000000000e+02
1.560000000000000000e+02
1.540000000000000000e+02
1.540000000000000000e+02
2.020000000000000000e+02
1.540000000000000000e+02
1.540000000000000000e+02
1.550000000000000000e+02
1.250000000000000000e+02
1.580000000000000000e+02
1.510000000000000000e+02
2.130000000000000000e+02
1.520000000000000000e+02
1.480000000000000000e+02
1.500000000000000000e+02
1.560000000000000000e+02
1.560000000000000000e+02
1.450000000000000000e+02
1.480000000000000000e+02
1.480000000000000000e+02
1.460000000000000000e+02
1.470000000000000000e+02
1.490000000000000000e+02
1.470000000000000000e+02
1.540000000000000000e+02
1.500000000000000000e+02
1.470000000000000000e+02
1.980000000000000000e+02
1.180000000000000000e+02
1.460000000000000000e+02
1.500000000000000000e+02
1.490000000000000000e+02
1.520000000000000000e+02
1.980000000000000000e+02
1.520000000000000000e+02
1.500000000000000000e+02
1.480000000000000000e+02
1.570000000000000000e+02
1.500000000000000000e+02
1.480000000000000000e+02
1.500000000000000000e+02
1.430000000000000000e+02
1.950000000000000000e+02
1.520000000000000000e+02
1.510000000000000000e+02
1.470000000000000000e+02
1.470000000000000000e+02
1.210000000000000000e+02
1.430000000000000000e+02
1.410000000000000000e+02
1.490000000000000000e+02
1.480000000000000000e+02
1.530000000000000000e+02
1.530000000000000000e+02
1.500000000000000000e+02
1.530000000000000000e+02
1.300000000000000000e+02
1.170000000000000000e+02
1.530000000000000000e+02
1.500000000000000000e+02
1.260000000000000000e+02
1.490000000000000000e+02
1.450000000000000000e+02
1.510000000000000000e+02
1.360000000000000000e+02
1.520000000000000000e+02
1.790000000000000000e+02
1.480000000000000000e+02
1.500000000000000000e+02
1.490000000000000000e+02
1.420000000000000000e+02
1.470000000000000000e+02
1.500000000000000000e+02
1.490000000000000000e+02
1.520000000000000000e+02
1.580000000000000000e+02
1.460000000000000000e+02
2.330000000000000000e+02
1.470000000000000000e+02
2.370000000000000000e+02
1.750000000000000000e+02
1.500000000000000000e+02
1.530000000000000000e+02
1.490000000000000000e+02
1.480000000000000000e+02
1.610000000000000000e+02
1.520000000000000000e+02
1.490000000000000000e+02
1.530000000000000000e+02
1.460000000000000000e+02
1.490000000000000000e+02
1.780000000000000000e+02
1.570000000000000000e+02
1.220000000000000000e+02
1.530000000000000000e+02
1.500000000000000000e+02
1.560000000000000000e+02
1.470000000000000000e+02
1.480000000000000000e+02
1.480000000000000000e+02
1.480000000000000000e+02
1.490000000000000000e+02
1.870000000000000000e+02
1.180000000000000000e+02
1.530000000000000000e+02
1.490000000000000000e+02
1.530000000000000000e+02
1.870000000000000000e+02
1.490000000000000000e+02
1.670000000000000000e+02
1.570000000000000000e+02
1.280000000000000000e+02
2.050000000000000000e+02
1.560000000000000000e+02
1.460000000000000000e+02
1.510000000000000000e+02
1.520000000000000000e+02
1.450000000000000000e+02
1.510000000000000000e+02
1.580000000000000000e+02
1.540000000000000000e+02
1.550000000000000000e+02
1.480000000000000000e+02
1.520000000000000000e+02
1.240000000000000000e+02
1.500000000000000000e+02
1.530000000000000000e+02
2.360000000000000000e+02
1.480000000000000000e+02
1.490000000000000000e+02
1.480000000000000000e+02
1.520000000000000000e+02
1.550000000000000000e+02
1.540000000000000000e+02
1.510000000000000000e+02
1.500000000000000000e+02
1.470000000000000000e+02
1.910000000000000000e+02
1.520000000000000000e+02
1.520000000000000000e+02
1.230000000000000000e+02
